avutil:0.5822222222222222
avcodec:0.5822222222222222
avformat:0.4583333333333333
FFmpegFrameRecorder:0.39666666666666667
AVCodecContext:0.36333333333333334
avdevice:0.32066666666666666
AVFilterPad:0.29833333333333334
AVSubtitleRect:0.29833333333333334
FFmpegFrameGrabber:0.2966666666666667
avfilter:0.2833333333333333
AVFilterBufferRef:0.27726190476190476
AVFormatContext:0.27726190476190476
swresample:0.24666666666666667
AVOptionRange:0.23
AVOptionRanges:0.22333333333333333
postproc:0.22166666666666668
AVClass:0.205
AVFrame:0.205
AVFilterGraph:0.185
AVFilterBufferRefAudioProps:0.17333333333333334
