DataDefinitionImpl:0.5855555555555555
MddTest:0.5033333333333333
MDDAnalyzeWalker:0.37333333333333335
