Text:0.4866666666666667
Resource:0.43333333333333335
DefaultFileSystemStore:0.35333333333333333
SimulatorModel:0.32
SystemStore:0.29333333333333333
ResourceDisplay:0.21333333333333335
CtrlLoader:0.20333333333333334
TextTab:0.20333333333333334
CompositeControlModel:0.2
SaveAction:0.19333333333333333
ConfigDialog:0.18666666666666668
DefaultArchiveSystemStore:0.18
NativePorter:0.17333333333333334
Importers:0.16666666666666666
CopyAction:0.1511111111111111
GrooveEnvironment:0.14
NewAction:0.12333333333333334
TextBasedEdit:0.11333333333333333
PrologModel:0.11
TextArea:0.09666666666666666
GroovyDisplay:0.09666666666666666
MyEdit:0.09333333333333334
ControlModel:0.09
LoadGrammarAction:0.08666666666666667
GroovyModel:0.05333333333333334
ConfigModel:0.0425
TextBasedModel:0.028333333333333332
