ClassExecution:0.6166666666666667
IntermediateExecutionBuilder:0.5366666666666666
