EntityReader:0.4033333333333333
FunctionalTest:0.3233333333333333
EntityWriter:0.2966666666666667
EntityDataStore:0.25666666666666665
BatchUpdateOperation:0.19777777777777777
EntityResultReader:0.14666666666666667
