AbstractQueryTestCase:0.43
FilterFunctionBuilder:0.30333333333333334
FunctionScoreQueryBuilder:0.23666666666666666
SearchSourceBuilderTests:0.23
FunctionScoreQueryBuilderTests:0.19
FunctionScoreQueryParser:0.17666666666666667
