DataType:0.8633333333333333
Val:0.5133333333333333
AbstractDataType:0.34
