Mongo:0.6733333333333333
MongoOptions:0.43666666666666665
DBPort:0.3
WriteResult:0.19
GSSAPIAuthenticator:0.14666666666666667
MongoClient:0.1
CRAMMD5Authenticator:0.08333333333333333
SaslAuthenticator:0.08
