DocumentManager:0.5066666666666667
LayoutFrame:0.37
AddScaletextAction:0.15444444444444444
ModificationCallback:0.15276190476190485
ElementVisitor:0.15276190476190485
ExtraData:0.13
MatrixTools:0.10666666666666667
Decomposition:0.06333333333333334
ScaleUpdater:0.06333333333333334
MapData:0.04
