ShadowDisplayManager:0.4766666666666667
Bootstrap:0.3433333333333333
ShadowDisplayManagerTest:0.32666666666666666
ShadowDisplayManagerGlobal:0.31
