ClientWiredStatelessChronicleSet:0.6133333333333333
ClientWiredStatelessChronicleMap:0.4666666666666667
MapStatelessClient:0.3174444444444445
