RandomSequenceGenerator:0.47
TypeReference:0.41
EuropeanOptionTest:0.2966666666666667
SequenceGenerator:0.17
GenericLowDiscrepancy:0.10333333333333333
TypeToken:0.043333333333333335
GenericPseudoRandom:0.043333333333333335
TypeReferenceTest:0.03333333333333333
