PlugInManager:0.6733333333333333
Extension:0.2733333333333333
WFSExtension:0.17
ExtensionsAboutPanel:0.14333333333333334
OracleDataStoreExtension:0.14
