TpchMetadata:0.5694444444444444
TestTpchMetadata:0.3159444444444444
