MultiMapProxyImpl:0.6366666666666667
IndexAwarePredicate:0.4922222222222223
HazelcastClientMultiMapTest:0.44666666666666666
FactoryImpl:0.39
TopicProxy:0.33555555555555555
ManagementConsoleService:0.30666666666666664
MapIndexService:0.268
QueryContext:0.26666666666666666
Node:0.2577777777777778
CMap:0.25333333333333335
EqualPredicate:0.25333333333333335
InPredicate:0.25333333333333335
QueryTest:0.20666666666666667
SqlPredicate:0.20333333333333334
QProxyImpl:0.19333333333333333
HazelcastClientMapTest:0.19333333333333333
TopicProxyImpl:0.1761111111111111
UDPListener:0.16333333333333333
MapIterateKeysHandler:0.15
MapIterateEntriesHandler:0.15
MapUnlockHandler:0.14666666666666667
AndOrPredicate:0.14
MapIndexServiceTest:0.12
PredicateBuilder:0.12
QProxy:0.10666666666666667
MapGetHandler:0.07333333333333333
MapRemoveMultiHandler:0.07333333333333333
GroupProperties:0.056666666666666664
ClusterLockTest:0.05555555555555556
MapLockHandler:0.02
StatsInstanceFilter:0.0
