WebUrlUtil:0.7366666666666667
WebKeys:0.4997222222222222
FileUrlTag:0.2628888888888889
AbstractReadFileController:0.16
ReadFileController:0.15333333333333332
