PurgeService:0.4766666666666667
ParameterConstants:0.46907142857142875
ClusterService:0.35
ClusterConstants:0.02
