Template:0.4672222222222222
ModelGenerator:0.42333333333333334
FileUtils:0.31666666666666665
UpdatedAreaUtils:0.27666666666666667
UpdatedAreaHolder:0.08
