MEFConstants:0.6586666666666667
Exporter:0.48
Visitor:0.2833333333333333
MEFLib:0.13
MEFVisitor:0.12833333333333333
