AsyncDataSetIterator:0.5266666666666666
JointParallelDataSetIterator:0.3566666666666667
Builder:0.3466666666666667
AsyncMultiDataSetIterator:0.30666666666666664
BaseParallelDataSetIterator:0.29333333333333333
