WebEjbcaHealthCheckTest:0.5633333333333334
WebOcspHealthCheckTest:0.5633333333333334
WebEjbcaHealthRunner:0.22166666666666668
