Word2Vec:0.4033333333333333
ParagraphVectors:0.3561111111111111
InMemoryLookupTable:0.3433333333333333
WeightLookupTable:0.22337301587301586
WindowConverter:0.22333333333333333
Builder:0.22
Word2VecDataSetIterator:0.2
WordVectorSerializer:0.19
Word2VecDataFetcher:0.18
WordConverter:0.15666666666666668
WordVectorSerializerTest:0.14333333333333334
