Tds:0.5733333333333334
Logger:0.32
TdsComm:0.29888888888888887
TdsResultSet:0.27666666666666667
TdsDefinitions:0.03333333333333333
