NetUtil:0.6266666666666667
NetUtilTest:0.2866666666666667
ServerLifecycleListener:0.2633333333333333
