Function:0.4511111111111111
GroupByAnalyzerTest:0.36666666666666664
RelationSplitterTest:0.31
LogicalPlannerTest:0.23333333333333334
ExpressionAnalyzerTest:0.23333333333333334
