ExecutionLogic:0.43333333333333335
DefinitionLogic:0.33666666666666667
WFCommonLogic:0.23
