RWorkspace:0.5233333333333333
Vocabulary:0.4266666666666667
Concordance:0.4166666666666667
Cooccurrence:0.3933333333333333
Repartition:0.37
Lexicon:0.3566666666666667
Referencer:0.35
CorporaView:0.2
DeleteObject:0.17666666666666667
RVariablesLabelProvider:0.09666666666666666
SendToR:0.02
