TypeLiteral:0.41
Key:0.38333333333333336
BinderTest:0.36
CompositeType:0.3272804232804233
MoreTypes:0.30333333333333334
TypeLiteralTypeResolutionTest:0.2966666666666667
InjectionPoint:0.24
InjectorImpl:0.21666666666666667
InjectsT:0.2063968253968254
HasTypeParameters:0.2063968253968254
KeyTest:0.18944444444444442
Annotations:0.18
ProviderMethodsModule:0.16333333333333333
WildcardTypeImpl:0.15333333333333332
GenericArrayTypeImpl:0.15166666666666667
TypeLiteralTest:0.13666666666666666
ParameterizedTypeImpl:0.10833333333333334
GenericInjectionTest:0.06361111111111112
