TiledMapTileLayer:0.6766666666666666
SuperKoalio:0.3233333333333333
TmxMapLoader:0.26666666666666666
OrthogonalTiledMapRenderer:0.2566666666666667
Koala:0.19666666666666666
TideMapLoader:0.17333333333333334
OrthogonalTiledMapRenderer2:0.16777777777777778
TiledMapBench:0.14333333333333334
IsometricTiledMapRenderer:0.10333333333333333
LwjglDebugStarter:0.1
