HiveUtil:0.31666666666666665
TestVarbinaryFunctions:0.30666666666666664
AbstractTestOrcReader:0.30333333333333334
VarbinaryFunctions:0.2833333333333333
SliceDictionaryJsonReader:0.19666666666666666
QueryResults:0.18333333333333332
MapUnnester:0.13666666666666666
