ComponentTester:0.6566666666666666
ComponentRecorderTest:0.30666666666666664
MouseReset:0.27
ComponentRecorder:0.2633333333333333
