FirstStep:0.35333333333333333
CustomGoogleMap:0.34
SecondStep:0.33666666666666667
TreeView:0.2733333333333333
ConnectionConfiguration:0.26
PopupConnectionWizardView:0.22
ConnectionPolyline:0.14
GoogleMapsGISView:0.12333333333333334
GoogleMapWrapper:0.10610846560846562
NodeMarkerOld:0.08
NodeMarkerClickListener:0.07666666666666666
NodeMarker:0.07100000000000001
KuwaibaConstants:0.006666666666666667
