ApolloPanel:0.72
StrandedZoomableApolloPanel:0.5033333333333333
NavigatorManager:0.3016666666666667
