RecordingFragmentReader:0.7952777777777779
RecordingWriter:0.5736666666666667
