Options:0.43333333333333335
DebugASTPrinter:0.2833333333333333
TreeVisitor:0.28
JdtParser:0.25333333333333335
StatementGenerator:0.2419285714285714
TreeConverter:0.23
ArrayType:0.1577777777777778
