ReadMDLRXNFileTest:0.36333333333333334
ReadSMILESFromFileTest:0.36333333333333334
FileReaderTest:0.3566666666666667
WriteCMLToFileTest:0.3233333333333333
