Price:0.63
ShopVariant:0.4533333333333333
ShopContent:0.37333333333333335
