Function:0.5966666666666667
Native:0.5775
CallbackReference:0.4066666666666667
