ARBOcclusionQuery:0.7041666666666667
NVFragmentProgram:0.4166666666666667
