ObjectId:0.53
BSONException:0.29333333333333333
JsonWriterTest:0.29
BSONBinaryWriterTest:0.2633333333333333
ByteBufferInput:0.22666666666666666
CodeWScope:0.22166666666666668
BasicOutputBuffer:0.21916666666666668
JsonWriter:0.21666666666666667
BSONWriter:0.21333333333333335
BSONBinaryReader:0.21
BSONBinaryWriter:0.21
Context:0.19
Base64Codec:0.17166666666666666
StringUtils:0.16333333333333333
BinaryWriterSettings:0.043333333333333335
BsonWriterSettings:0.043333333333333335
