PluginType:0.51
PropertiesPlugin:0.43333333333333335
ProjectConfig:0.38666666666666666
Gendoc:0.36666666666666664
CruiseControlConfig:0.2733333333333333
ProjectXMLHelper:0.24666666666666667
PluginRegistry:0.22333333333333333
Main:0.20083333333333334
DefaultPropertiesPlugin:0.09
ThreadsPlugin:0.06333333333333334
PluginPlugin:0.03333333333333333
IncludeProjectsPlugin:0.02666666666666667
ConfigurationPlugin:0.0
SystemPlugin:0.0
