MockExchangeRequestProcessor:0.31666666666666665
TestQueryResourceServer:0.2833333333333333
TaskResource:0.26
TestExchangeClient:0.26
HttpPageBufferClient:0.25666666666666665
PageResponseHandler:0.23666666666666666
RequestLocation:0.14333333333333334
