ExecutionService:0.6825000000000001
AjaxActorsList:0.3433333333333333
DelegationGroup:0.26
ExecutionServiceDelegate:0.22333333333333333
TaskDelegationLog:0.20333333333333334
ProcessLogVisitor:0.19416666666666665
UpdateAggregatedLogOperation:0.19416666666666665
ExecutionServiceBean:0.16333333333333333
TaskLogic:0.13
DelegateTaskServlet:0.12
