NeuralNetConfiguration:0.4766666666666667
Builder:0.41
SubsamplingLayer:0.37
ConvolutionLayer:0.36666666666666664
ConvolutionParamInitializer:0.1761111111111111
ConvolutionUtils:0.12666666666666668
