QueryParameters:0.5833333333333334
QueryHints:0.43
AbstractProducedQuery:0.38666666666666666
Loader:0.3233333333333333
