Mesh:0.41
ShaderProgram:0.38333333333333336
Matrix:0.37
Quaternion:0.36666666666666664
Color:0.2633333333333333
ObjLoader:0.15666666666666668
