TreeLayoutAlgorithm:0.5866666666666667
Branch:0.5066666666666667
