View:0.7333333333333333
SellersTest:0.35333333333333333
AddElementsToCollectionAction:0.19666666666666666
GoAddElementsToCollectionAction:0.19666666666666666
ReferenceSearchAction:0.19333333333333333
SaveElementInCollectionAction:0.12
SellersCannotCreateCustomerTest:0.05333333333333334
CancelFromCustomListAction:0.05277777777777778
