CacheTestSupport:0.6566666666666666
OptimisticTransactionalExtraAPITestCase:0.29
AbstractGeneralDataRegionTestCase:0.26666666666666666
QueryRegionImplTestCase:0.26
AbstractJBossCacheTestCase:0.25
JBossCacheComplianceTest:0.22666666666666666
