DriverPublication:0.5766666666666667
DriverConductor:0.4666666666666667
LogReader:0.3566666666666667
