Index:0.6533333333333333
SingleResultSet:0.2966666666666667
MapIndexServiceTest:0.14655555555555555
