CalendarAppointment:0.5733333333333334
GwtTeamingMessages:0.31333333333333335
CalendarFolderView:0.27666666666666667
GwtCalendarHelper:0.2733333333333333
CalendarRecurrence:0.07166666666666667
