SharedTrainingMaster:0.7266666666666667
Builder:0.32666666666666666
SharedTrainingWorker:0.2733333333333333
