SqlPredicate:0.52
XmlConfigBuilder:0.42
HttpPostCommandProcessor:0.17666666666666667
MulticastJoiner:0.16
EnumConverter:0.11666666666666667
