IndexAliasesIT:0.5351666666666666
GetIndexIT:0.45666666666666667
