PartitionManager:0.5366666666666666
Node:0.4066666666666667
PartitionStateGenerator:0.39
ConnectionManager:0.26333333333333336
PartitionStateGeneratorImpl:0.25666666666666665
MapEntryListenerTest:0.24666666666666667
MigrationRequestTask:0.24333333333333335
ClusterBackupTest:0.22666666666666666
ListenerManager:0.21916666666666668
ConcurrentMapManager:0.21333333333333335
NodeIOService:0.21166666666666667
FactoryImpl:0.20333333333333334
ExecutorManager:0.20166666666666666
ClientHandler:0.19
PartitionStateGeneratorTest:0.18666666666666668
GroupProperties:0.15333333333333332
UDPSender:0.14333333333333334
ConnectionMonitor:0.13111111111111112
PartitionStateGeneratorFactory:0.12
UDPListener:0.11333333333333333
TCPListener:0.08666666666666667
InitRepartitioningTask:0.04666666666666667
MigrationService:0.04
MemberLeftException:0.03888888888888889
