DriverDataSource:0.5133333333333333
MavenTestCase:0.4
AbstractFlywayMojo:0.3233333333333333
