Robot:0.64
TaskSchedule:0.42333333333333334
TaskManager:0.24666666666666667
RobotWindow:0.22333333333333333
ScheduleTableModel:0.19777777777777777
TabPanelSchedule:0.15666666666666668
