ForeignKey:0.7482777777777778
H2DdlReader:0.4238888888888889
