CMapEntry:0.4866666666666667
CMap:0.4033333333333333
TestApp:0.30666666666666664
Record:0.29333333333333333
DefaultPacketProcessor:0.27666666666666667
MProxyImpl:0.26
ConcurrentMapManager:0.24
IMap:0.22166666666666668
MGetMapEntry:0.22055555555555562
MulticastService:0.20666666666666667
ConcurrentMapOperations:0.0
