AbstractTestQueries:0.4
TupleInfo:0.38666666666666666
TestExpressionCompiler:0.30333333333333334
Visitor:0.26000000000000006
FunctionAssertions:0.25666666666666665
OperatorCacheKey:0.22444444444444447
ChannelIndex:0.20666666666666667
TestJsonFunctions:0.20666666666666667
ExpressionCompiler:0.17333333333333334
