TransactionImpl:0.46
TransactionManagerServiceImpl:0.42333333333333334
ReplicateTxOperation:0.29
TransactionContextImpl:0.22333333333333333
TxBackupLog:0.15666666666666668
