ContextManager:0.5688888888888889
CodeCompiler:0.54
Lock:0.31666666666666665
Condition:0.27
ContextGuard:0.17333333333333334
GeneratorContextManager:0.07666666666666666
