RowTransformingBatchIterator:0.63
RowTransformingBatchIteratorTest:0.5633333333333334
InputRowProjector:0.36333333333333334
