GeneEditPanel:0.4166666666666667
Commentator:0.37
AnnotationUpdateEvent:0.355
CannedListItemListener:0.18
UpdateDetailsI:0.14416666666666667
AnnotationAddEvent:0.09
