QueryVisitorTest:0.43333333333333335
Setup:0.43
GroupByAggregateTest:0.27
SQLGroupingCollector:0.23333333333333334
SQLModule:0.11
AggExprFactory:0.09666666666666666
