ElementUtil:0.6033333333333334
NameTable:0.56
EnumRewriter:0.3
CaptureInfo:0.27
Functionizer:0.23
ObjectiveCHeaderGeneratorTest:0.22
InnerClassExtractor:0.18
TranslationEnvironment:0.17666666666666667
