PrincipalBean:0.38666666666666666
StudyBean:0.36
PatientBean:0.29
InstanceBean:0.2733333333333333
SeriesBean:0.24666666666666667
BaseQueryCmd:0.11333333333333333
DatasetQueryCmd:0.10666666666666667
QueryBean:0.016666666666666666
