ParserATNFactory:0.5933333333333334
ATNFactory:0.5863888888888888
