SesameRDFContainer:0.6066666666666667
RepositoryAccessData:0.4866666666666667
TestRDFContainers:0.25666666666666665
TestAccessors:0.25666666666666665
TestRepositoryAccessData:0.22111111111111115
TestSesameRDFContainer:0.19333333333333333
RepositoryUtil:0.11666666666666667
