HttpUtil:0.44333333333333336
HttpBase:0.38333333333333336
HttpRequest:0.35083333333333333
HttpResponse:0.2805555555555555
HttpRequestTest:0.2
HttpBrowser:0.19666666666666666
RawTest:0.1766666666666667
