BooleanGrid:0.6533333333333333
PrintTabFrame:0.42333333333333334
iRectangle:0.35333333333333333
