Controller2DHub:0.5991666666666666
ReaderFactory:0.39
JCPActionChangeMode:0.24333333333333335
