CallDisposable:0.49333333333333335
CallArbiter:0.47333333333333333
CallCallback:0.47
CallExecuteObservable:0.23
