WfServiceTestHelper:0.5416666666666666
ExecutionContext:0.3466666666666667
FormatCommons:0.33666666666666667
VariableDAO:0.32
