Darcs:0.9933333333333333
DarcsXmlParserTest:0.0033333333333333335
