InternalResourceGroup:0.9005555555555554
InternalResourceGroupManager:0.16333333333333333
