ScheduledFutureProxy:0.5966666666666667
ScheduledExecutorServiceProxy:0.35333333333333333
ScheduledExecutorTaskGetResultMessageTask:0.2833333333333333
ClientScheduledFutureProxy:0.27
