StaticHeadersWriter:0.7433333333333333
HeadersBeanDefinitionParser:0.43
StaticHeaderWriterTests:0.13333333333333333
