WebSocket:0.5633333333333334
CloseFrame:0.5583888888888888
WebSocketClient:0.30333333333333334
WebSocketServer:0.24333333333333335
