JsonProvider:0.5664444444444444
Criteria:0.46166666666666667
JacksonJsonNodeJsonProvider:0.3
GsonJsonProvider:0.3
AbstractJsonProvider:0.2966666666666667
EvaluationContextImpl:0.2633333333333333
