OptionsView:0.6866666666666666
JUTestOptionsView:0.4666666666666667
