HazelcastHttpSession:0.4666666666666667
WebFilter:0.43333333333333335
RequestWrapper:0.30333333333333334
HazelcastInstanceLoader:0.14333333333333334
