AnnotationSet:0.7630555555555555
AnnotationSetImpl:0.7333333333333333
