DelayQueueJMHBenchmark:0.4766666666666667
SingleConsumerNonblockingProducerDelayQueueTest:0.33
DelayQueueBenchmark:0.30666666666666664
Q:0.28977777777777775
