AccessControlSessionBean:0.36333333333333334
AccessControlSession:0.3529007936507936
AccessSets:0.32666666666666666
AccessTreeCache:0.24333333333333335
AccessSet:0.22333333333333333
AccessControlSessionBeanTest:0.10333333333333333
AccessSetTest:0.08333333333333333
