AstBuilder:0.30666666666666664
ExpressionRewriter:0.29
Formatter:0.29
DefaultTraversalVisitor:0.2633333333333333
Context:0.25666666666666665
BytecodeExpressionVisitor:0.24333333333333335
Signatures:0.23
RewritingVisitor:0.18666666666666668
AstVisitor:0.1761111111111111
Visitor:0.16666666666666666
TestLambdaExpression:0.14666666666666667
