ClassPathScanner:0.7886111111111112
GradleLargeTest:0.5597222222222222
