Retrofit:0.4666666666666667
RetrofitTest:0.45
Platform:0.25666666666666665
ProtoConverterFactoryTest:0.15333333333333332
WireConverterFactoryTest:0.15333333333333332
ScalarsConverterFactoryTest:0.14
