InformationSchemaServiceTest:0.5209444444444442
InformationSchemaTableExecutionContext:0.4533333333333333
