KerasWeightSettingTests:0.69
KerasInitilizationTest:0.4033333333333333
KerasYolo9000PredictTest:0.23666666666666666
