Materialisation:0.6416666666666667
ShapePreviewDialog:0.45916666666666667
