XmlMetaEntity:0.5688888888888889
TestUtil:0.4622222222222222
CompilationTest:0.33
