ClassNode:0.7266666666666667
RegionMaker:0.3466666666666667
Decompiler:0.31
BlockUtils:0.23333333333333334
