Z3950Result:0.4666666666666667
AbstractHarvester:0.4633333333333333
Z3950Params:0.31
Z3950Harvester:0.30666666666666664
Harvester:0.22333333333333333
