GeneTable:0.7233333333333334
AnnotationTable:0.3933333333333333
