BasicModelUtils:0.36
VPTree:0.32666666666666666
DeepLearning4jDistributed:0.3233333333333333
ParameterAveragingTrainingMasterStats:0.30333333333333334
FlowIterationListener:0.30333333333333334
StateTrackerDropWizardResource:0.3
BaseHazelCastStateTracker:0.29333333333333333
ParameterAveragingTrainingWorkerStats:0.2833333333333333
ModelSerializer:0.27
CommonSparkTrainingStats:0.27
ConvolutionLayerSetup:0.24666666666666667
DeepLearning4jDistributedApp:0.22
LSTMHelpers:0.13666666666666666
NearestNeighborsResource:0.12666666666666668
