DefaultRealmAwareIdentityProvider:0.49333333333333335
CoreWsSecurityIdentityProviderConfiguration:0.38333333333333336
CoreWsSecuritySecurityTokenServiceConfiguration:0.2966666666666667
DefaultIdentityProviderConfigurationService:0.29333333333333333
DefaultAuthenticationEventExecutionPlan:0.27
AbstractAuthenticationManager:0.25666666666666665
InetAddressUtils:0.14
AuthenticationEventExecutionPlan:0.12666666666666668
