AbstractTraversableOnceTest:0.6566666666666666
AbstractIntMap:0.4666666666666667
StreamTest:0.31333333333333335
IteratorTest:0.2866666666666667
