QedeqLog:0.6657777777777777
ModuleEventLog:0.4766666666666667
