HighLevelEventReader:0.46
HighLevelEventWriter:0.26
DispatcherCollector:0.25
OpcodeEvent:0.23333333333333334
GridEventCollector1:0.2
PrintThroughCollector:0.19416666666666665
LocalCollector:0.17
ILogCollector:0.14416666666666667
DummyCollector:0.14416666666666667
