DatabaseCorpusImpl:0.8733333333333333
DatabaseCorpusIterator:0.31666666666666665
