OverrideModuleTest:0.6366666666666667
ExampleModule:0.3933333333333333
ModulesTest:0.2733333333333333
RealPrivateOverriddenModuleBuilder:0.24666666666666667
