DaoX509AuthoritiesPopulator:0.6216666666666667
DaoX509AuthoritiesPopulatorTests:0.11666666666666667
