GasteigerMarsiliPartialCharges:0.33
SigmaElectronegativityDescriptorTest:0.30666666666666664
PartialSigmaChargeDescriptorTest:0.28833333333333333
PartialSigmaChargeDescriptor:0.24666666666666667
SigmaElectronegativityDescriptor:0.24666666666666667
ProtonTotalPartialChargeDescriptor:0.2071111111111111
QSARDescriptorTests:0.13666666666666666
