NoValueOracle:0.38666666666666666
ValueOracle:0.38
BasicEvent:0.37666666666666665
DialogValueOracle:0.32666666666666666
OracleParser:0.26
RandomValueOracle:0.25666666666666665
UnitParTest:0.19333333333333333
DefaultValueOracle:0.013333333333333334
ReaderValueOracle:0.01
