ScientificStudy:0.58
Settlement:0.5
ScienceUtil:0.4266666666666667
ScientificStudyManager:0.27666666666666667
ObserveAstronomicalObjects:0.14666666666666667
PerformLaboratoryResearch:0.14666666666666667
ScientificStudyUtil:0.14333333333333334
ProposeScientificStudy:0.13333333333333333
StudyFieldSamples:0.12333333333333334
PerformMathematicalModeling:0.11333333333333333
PerformLaboratoryExperiment:0.11333333333333333
