ReturnPiCollectionMergePolicy:0.6533333333333333
ReturnPiMergePolicy:0.4666666666666667
ListSplitBrainTest:0.31333333333333335
SetSplitBrainTest:0.31333333333333335
MultiMapSplitBrainTest:0.2966666666666667
SplitBrainTestSupport:0.27
MergeIntegerValuesMergePolicy:0.15333333333333332
