LogOrRethrowExceptionHandlerTests:0.5066666666666667
RethrowOnThresholdExceptionHandlerTests:0.503611111111111
DefaultExceptionHandlerTests:0.33
