RedissonMap:0.4066666666666667
RedissonLocalCachedMap:0.3
RedissonMapCache:0.2966666666666667
RedissonMapCacheTest:0.29333333333333333
Redisson:0.2733333333333333
RedissonLocalCachedMapTest:0.23666666666666666
RedissonClient:0.224484126984127
LocalCachedMapOptions:0.22
RedissonBatch:0.21333333333333335
RedissonMapTest:0.21
MapWriterPromise:0.023333333333333334
