Config:0.7233333333333334
HazelcastCachingProvider:0.4033333333333333
HazelcastClientInstanceImpl:0.26666666666666666
HazelcastClientCacheManager:0.22666666666666666
HazelcastClient:0.20666666666666667
LifecycleServiceImpl:0.1988888888888889
CacheGetConfigOperation:0.19833333333333333
HazelcastServerCacheManager:0.18666666666666668
HazelcastServerCachingProvider:0.16
CacheConfigTest:0.09333333333333334
HazelcastClientCachingProvider:0.08
