ShadowSQLiteDatabase:0.49666666666666665
RobolectricTestRunner:0.33
ShadowSQLiteCursor:0.30666666666666664
SQLiteDatabaseTest:0.2833333333333333
DBConfig:0.23666666666666666
