ShowStoredQueriesQueryTest:0.5333333333333333
EbrimGenericSearchDao:0.503611111111111
SearchEngineFactoryTest:0.22277777777777777
