JCPAction:0.5466666666666666
PopUpListener:0.53
EditAction:0.29
DrawingPanel:0.18666666666666668
JChemPaintPopupMenu:0.02666666666666667
ChangeAtomSymbolAction:0.006666666666666667
