RubyThread:0.45666666666666667
RubyStackFrame:0.37666666666666665
RubyDebugTarget:0.335
RubyDebuggerProxy:0.28
RubyDebugCommandFactory:0.2633333333333333
