TestComponentSerialization:0.8633333333333333
TestRendering:0.5646666666666667
