LibraryDef:0.7233333333333334
Helper:0.3333333333333333
ProjectSetup:0.32666666666666666
ProjectUpdate:0.25666666666666665
AdvancedSettingsPanel:0.21416666666666667
ResultTree:0.15333333333333332
BaseProjectConfiguration:0.0
