MongoTicketRepository:0.51
MongoBank:0.43666666666666665
MongoTicketRepositoryTest:0.2833333333333333
ConsoleLottery:0.24666666666666667
MongoBankTest:0.22
