FileUtil:0.6066666666666667
PropsParser:0.32666666666666666
Props:0.28
PropsTest:0.25333333333333335
