Query:0.44333333333333336
QueryPlanner:0.30666666666666664
RelationPlanner:0.26666666666666666
StatementAnalyzer:0.23333333333333334
TestDistributedQueries:0.22666666666666666
TestAnalyzer:0.2
LogicalPlanner:0.18
