Config:0.5066666666666667
FeatureTypes:0.36666666666666664
GAMEXMLAdapter:0.34
ApolloFrame:0.29333333333333333
AdapterRegistry:0.29
