Cookie:0.5233333333333333
AsyncHttpProviderUtils:0.43666666666666665
NettyAsyncHttpProvider:0.29333333333333333
AsyncProvidersBasicTest:0.20333333333333334
AsyncHttpClientEventFilter:0.18666666666666668
GrizzlyResponse:0.1827777777777778
RemoteSiteTest:0.16333333333333333
NettyResponse:0.15
ApacheResponse:0.10333333333333333
JDKResponse:0.10333333333333333
