PDBStructureTest:0.41333333333333333
ChemSequenceTest:0.32
StrandTest:0.29
PDBPolymerTest:0.2866666666666667
NNPDBPolymerTest:0.10666666666666667
NNStrandTest:0.10666666666666667
NNChemSequenceTest:0.10666666666666667
DebugChemSequenceTest:0.09333333333333334
DebugStrandTest:0.09333333333333334
DebugPDBStructureTest:0.09333333333333334
DebugPDBPolymerTest:0.09333333333333334
NNPDBStructureTest:0.09333333333333334
