GraphDefinition:0.30333333333333334
DataSourceDaoSimple:0.20333333333333334
NodeInterfaceServiceImpl:0.13666666666666666
ServiceDaoSimple:0.13666666666666666
NodeDaoSimple:0.11
NodeInterfaceDaoSimple:0.11
MemberServiceImpl:0.10666666666666667
