Options:0.3933333333333333
UCropActivity:0.36333333333333334
TransformImageListener:0.35594444444444445
BitmapLoadUtils:0.34
TransformImageView:0.2833333333333333
BitmapLoadCallback:0.25166666666666665
UCrop:0.25
BitmapWorkerResult:0.19666666666666666
BitmapWorkerTask:0.15
SampleActivity:0.14333333333333334
