DbResourceGroupConfigurationManager:0.5366666666666666
AbstractResourceConfigurationManager:0.4666666666666667
FileResourceGroupConfigurationManager:0.36666666666666664
