Fragmenter:0.5533333333333333
VerifyNoFilteredAggregations:0.16333333333333333
VerifyOnlyOneOutputNode:0.16333333333333333
NoDuplicatePlanNodeIdsChecker:0.14
