HazelcastClient:0.6716666666666666
HazelcastInstanceFactory:0.5533333333333333
ServiceLoader:0.36666666666666664
