Node:0.7833333333333333
Element:0.45
DomTreeTest:0.38333333333333336
Attribute:0.3233333333333333
