KeyStateMarker:0.6433333333333333
AbstractClientCacheProxy:0.28
AbstractClientInternalCacheProxy:0.24
KeyStateMarkerImpl:0.22666666666666666
InvalidationAwareWrapper:0.21333333333333335
NearCachedMapProxyImpl:0.20333333333333334
NearCachedClientMapProxy:0.20333333333333334
