TreeDisplayVertical:0.4533333333333333
MainMenuControl:0.44666666666666666
BinderExpander:0.20333333333333334
WorkspaceTreeControl:0.19
MyTeamsMenuPopup:0.16666666666666666
RecentPlacesMenuPopup:0.16666666666666666
MyFavoritesMenuPopup:0.12333333333333334
FavoriteClickHandler:0.08666666666666667
