JFXRippler:0.6566666666666666
CachedTransition:0.31333333333333335
InDrawerTransition:0.12
OutDrawerTransition:0.12
