ShadowArscAssetManager:0.48
ShadowAssetManagerTest:0.2833333333333333
ResTable:0.26166666666666666
Util:0.2
