CA:0.4666666666666667
CertTools:0.4166666666666667
RevokedCertInfo:0.37
X509CA:0.2633333333333333
LocalPublisherSessionBean:0.24666666666666667
LocalCertificateStoreSessionBean:0.22333333333333333
CertificateDataUtil:0.19666666666666666
CRLDataBean:0.16333333333333333
CreateCRLSessionBean:0.15666666666666668
RSASignSessionBean:0.15
