AbstractPatternGraph:0.515
TransSystemChecker:0.3433333333333333
TestPatternGraphGenerator:0.31333333333333335
