ForModernVm:0.31666666666666665
ForLoadedType:0.27666666666666667
Dispatcher:0.2
ForLoadedConstructor:0.19666666666666666
ForLoadedMethod:0.19666666666666666
