AppResource:0.6372222222222222
ConfigService:0.30666666666666664
PasswordPage:0.27
DatabaseConfigPage:0.26666666666666666
ConfigSummaryPage:0.24666666666666667
DatabasePage:0.23333333333333334
LocalePage:0.21333333333333335
ClusteringPage:0.21333333333333335
LocalDatabaseConfigPage:0.21333333333333335
InitialConfigPage:0.21
NetworkInformationPage:0.18
