SDFIndexEditorModel:0.6266666666666667
MultiPageMoleculesEditorPart:0.41111111111111115
ExtractMolecules:0.21
