APanel:0.5933333333333334
ALogin:0.3566666666666667
PosModel:0.33
MPosPrintFormatElement:0.24333333333333335
