PatientBean:0.32
InstanceBean:0.32
StudyBean:0.23666666666666666
HPDefinitionBean:0.20333333333333334
MWLItemBean:0.19416666666666665
MPPSBean:0.19416666666666665
HPBean:0.12333333333333334
HPLevel:0.11
