SVNLogXMLParser:0.8266666666666667
SVNTest:0.3333333333333333
