Printer:0.7610555555555556
GCodeRepRap:0.41
XYZTabPanel:0.2833333333333333
Simulator:0.2633333333333333
