JglfwFileHandle:0.42333333333333334
LwjglFileHandle:0.42333333333333334
LwjglFiles:0.3566666666666667
JglfwFiles:0.3566666666666667
