SessionSettingRegistry:0.6666666666666666
SessionContext:0.6133333333333333
SemiJoinsTest:0.43666666666666665
Visitor:0.3433333333333333
