ParamDef:0.3383333333333333
BotServiceBean:0.27
EmailConfigParser:0.20333333333333334
ParamBasedActionHandler:0.19333333333333333
AlfHandler:0.18333333333333332
AssignSwimlaneActionHandler:0.18
Settings:0.15833333333333333
FilesSupplierConfigParser:0.14333333333333334
