Table_both:0.5361111111111111
FuncGoose:0.49666666666666665
