Grammar:0.54
CollectSymbols:0.38666666666666666
BasicSemanticTriggers:0.34
SymbolChecks:0.20111111111111113
BasicSemanticChecks:0.19333333333333333
DFA1:0.15888888888888889
SemanticPipeline:0.13833333333333334
