Lang:0.67
JsonModule:0.42
MockHttpServletResponse:0.24
JsonInjector:0.18611111111111112
MvcBaseTest:0.18333333333333332
NutMap:0.15833333333333333
JsonAdaptor:0.14666666666666667
JsonAdaptorTest:0.06666666666666667
Pet:0.013333333333333334
