ColumnUtils:0.6566666666666666
SemanticReferenceConvention:0.37633333333333335
EntityContentTypeConvention:0.34
PresentationUtils:0.22666666666666666
