RegisterAction:0.4033333333333333
AdministrationAction:0.4033333333333333
RestoreTodoListAction:0.07333333333333333
RecoverPasswordAction:0.07333333333333333
LogoutAction:0.02666666666666667
MyInfoAction:0.0033333333333333335
BackupTodoListAction:0.0
ShowTodosAction:0.0
ShowRssFeedAction:0.0
WelcomeAction:0.0
