GeonetParams:0.8066666666666666
Geonet20Harvester:0.6733333333333333
