Printer:0.7366666666666667
Reprap:0.38333333333333336
Preferences:0.3
NullCartesianMachine:0.2966666666666667
LinePrinter:0.24333333333333335
Producer:0.20444444444444446
LayerProducer:0.18
SquareTest:0.16666666666666666
LineTest:0.12
ShapePanel:0.11
