Workbench:0.49333333333333335
SaveOptionsWidget:0.4533333333333333
FilterProperties:0.35333333333333333
FilterByType:0.2833333333333333
