TestDiscoveryRequestBuilder:0.7336666666666667
ExecutionListenerAdapter:0.5833333333333334
