DataStore:0.6433333333333333
ScheduleItem:0.4508333333333333
EmailSender:0.41333333333333333
SystemDataRes:0.31666666666666665
EpgDataRes:0.2277777777777778
SchGuideLoaderTread:0.2111111111111111
CaptureTask:0.19333333333333333
