BeanFactory:0.53
Terms:0.22666666666666666
PubDatabaseReferenceBean:0.21
BulkTermLoader:0.17666666666666667
ArticleBeanFactory:0.17
TermBeanFactory:0.14666666666666667
TairAnnotationStrategy:0.14333333333333334
SqlSearcher:0.13333333333333333
BeanMakerI:0.10666666666666667
UserBeanFactory:0.023333333333333334
SimpleBeanSubfactory:0.013333333333333334
GeneBeanFactory:0.013333333333333334
HitBeanFactory:0.01
