EjbcaWS:0.6211111111111111
EditUserCommand:0.31333333333333335
JobData:0.31
Pkcs10RequestCommand:0.23133333333333336
MultipleCertsRequestsForAUserCommand:0.2
JobRunner:0.15333333333333332
RevokeCertCommand:0.15
ListCertsCommand:0.15
FindUserCommand:0.15
BaseCommand:0.07666666666666666
