AbstractBundleXmlApplicationContext:0.5033333333333333
ServiceDependentBundleXmlApplicationContext:0.4
OsgiBundleXmlApplicationContext:0.20666666666666667
OsgiBundleXmlApplicationContextFactory:0.19077777777777777
DefaultOsgiBundleXmlApplicationContextFactory:0.13333333333333333
