Layer:0.6666666666666666
LongestPathLA:0.38333333333333336
