SoloServletListener:0.6833333333333333
Skins:0.2866666666666667
PreferenceMgmtService:0.2733333333333333
Starter:0.14
CaptchaProcessor:0.11333333333333333
