Favorites:0.4
EditFavoritesDlg:0.36
GwtTeamingMessages:0.32666666666666666
DoMoveUp:0.30053174603174604
DoMoveDown:0.30053174603174604
GwtTeamingMainMenuImageBundle:0.2833333333333333
GwtRpcServiceImpl:0.28
MenuBarPopup:0.26666666666666666
DlgMenuItem:0.2485800865800865
DlgLabel:0.21
DoDelete:0.20125793650793652
MenuBarBox:0.19
ManageClickHandler:0.13327777777777777
FavoritesMenuPopup:0.08
