SunshineRaytracer:0.8733333333333333
Sunshine:0.36333333333333334
