Interaction:0.5183888888888888
Mappings:0.4533333333333333
ProcessDefinition:0.3333333333333333
SystemUtils:0.21
WSConnectionSettings:0.19666666666666666
CacheSettings:0.1827777777777778
InitializerLogic:0.16666666666666666
ParamBasedSettings:0.16333333333333333
