HtmlFileInput:0.43333333333333335
HTMLInputElement:0.4033333333333333
FileList:0.29333333333333333
FileTest:0.18333333333333332
