ELExpressionParser:0.62
SimpleExpressionTests:0.49666666666666665
DefaultELResolver:0.41333333333333333
ELExpressionParserTests:0.32
