PointerBuffer:0.58
MemoryUtil:0.5733333333333334
APIUtil:0.31333333333333335
MemoryUtilSun:0.27051984126984113
JavaMethodsGenerator:0.21
NativeMethodStubsGenerator:0.21
JNITypeTranslator:0.20666666666666667
CLMemUtil:0.19333333333333333
SpriteRenderer:0.14333333333333334
SpriteRendererPlain:0.14333333333333334
SpriteRendererMapped:0.12333333333333334
CLContextUtil:0.11333333333333333
StreamVBO:0.09
MappedObjectTests3:0.056666666666666664
SpriteRendererTF:0.04
