FeatureType:0.3233333333333333
WFS:0.25
Search:0.22
ExtentManager:0.21
Add:0.20666666666666667
Update:0.15444444444444444
ExtentHelper:0.12
