Record:0.6827777777777778
jOOQAbstractTest:0.39666666666666667
RecordTests:0.36666666666666664
AbstractRecord:0.2866666666666667
