NondirectBufferWrapper:0.8866666666666667
JavaMethodsGenerator:0.2966666666666667
