GwtServerHelper:0.42
ConfigData:0.37333333333333335
ListConfig:0.3233333333333333
ContentControl:0.26
ListWidget:0.15666666666666668
