Metadata:0.6205555555555555
TestSemanticAnalyzer:0.37666666666666665
TestingMetadata:0.3466666666666667
ColumnMetadata:0.23666666666666666
TableMetadata:0.21666666666666667
QualifiedName:0.18333333333333332
TestRewriter:0.18
TestMaterializeImplicitAliases:0.14666666666666667
MoreFunctions:0.08333333333333333
