AnalyzerGuru:0.6
PlainAnalyzerFactory:0.17333333333333334
Matcher:0.16833333333333333
CAnalyzerFactory:0.14333333333333334
JarAnalyzerFactory:0.14
ZipAnalyzerFactory:0.14
AnalyzerGuruTest:0.08666666666666667
