ProcessDefinitionGraphImageAction:0.4866666666666667
DefinitionGraphFormTag:0.37666666666666665
