StatelessChronicleMap:0.59
StatelessChronicleMapTest:0.43333333333333335
TimeoutRuntimeException:0.3692222222222223
