Binder:0.62
BaseService:0.4033333333333333
WSClientBase:0.3933333333333333
