RecordingOutputStream:0.44333333333333336
FetchHTTP:0.4
HttpRecorder:0.35333333333333333
HeritrixGetMethod:0.21333333333333335
