CachingAuthenticator:0.5483333333333333
BasicAuthInjectable:0.2122222222222222
OAuthInjectable:0.2122222222222222
