FileModule:0.58
AbstractEntryProcessor:0.49666666666666665
FileAttachment:0.37666666666666665
DefaultProfileCoreProcessor:0.29333333333333333
AbstractBinderProcessor:0.28
AbstractFolderCoreProcessor:0.19666666666666666
FileModuleImpl:0.175
