NBrowseApplet:0.5766666666666667
NbrowseToolbar:0.34
StatusLis:0.2
DatabaseList:0.13666666666666666
NbrowseDatabase:0.12
SelListener:0.11
DatabaseConnection:0.07666666666666666
Taxon:0.056666666666666664
