Build:0.6933333333333334
BuildDetail:0.3333333333333333
BuildCommand:0.30333333333333334
BuildCommandTest:0.29333333333333333
BuildSummary:0.25333333333333335
BuildDetailTest:0.13
BuildSummaryTest:0.09
