LoggedStatement:0.8133333333333334
LoggedConnection:0.37333333333333335
