Dataset:0.7233333333333334
DcmObjectImpl:0.5333333333333333
BaseDatasetImpl:0.28444444444444444
FutureRSPImpl:0.27666666666666667
DatasetImpl:0.19333333333333333
FilterDataset:0.17
FutureRSP:0.15833333333333333
