UIRepeatListComponent:0.71
MakumbaELResolver:0.22666666666666666
PointerConverter:0.1511111111111111
ExpressionPathPlaceholder:0.1161111111111111
SetIterationContext:0.09777777777777777
MakumbaValidator:0.08
ReadExpressionPathPlaceholder:0.07333333333333333
