AndroidFragment:0.4633333333333333
BigAndroidViewModel:0.46
WelfareFragment:0.36333333333333334
EverydayFragment:0.29
