MetaProperty:0.6166666666666667
TagPathSelector:0.28
Parser:0.23666666666666666
ActionBookmark:0.19333333333333333
Model:0.14666666666666667
