SimpleCycleBasis:0.5966666666666667
MinimalPathIterator:0.43666666666666665
AuxiliaryGraph:0.2611111111111111
SimpleCycleBasisTest:0.24333333333333335
MinimalPathIteratorTest:0.07777777777777778
