FeatureCollection:0.5933333333333334
FeatureCollectionWrapper:0.5033333333333333
FeatureDataset:0.44666666666666666
ImageryLayerDataset:0.23
ShapefileWriter:0.23
JoinTable:0.19666666666666666
LayerNameRenderer:0.18333333333333332
MapToolTipPlugIn:0.16666666666666666
ExportLayerableEnvelopeAsGeometryPlugIn:0.16
FeatureDatasetFactory:0.15
IndexedFeatureCollection:0.13333333333333333
ExtractLayersByAttribute:0.13
FeatureUtil:0.07
