XMLHttpRequest:0.3233333333333333
XMLDocument:0.3
XMLHttpRequestTest:0.2866666666666667
XMLDOMParseError:0.13166666666666665
XMLDocumentTest:0.13
XMLSerializerTest:0.07
XMLSerializer:0.06666666666666667
XMLAttr:0.0
