BinderHelper:0.5083333333333332
WebKeys:0.426626984126984
EntryVersionController:0.37333333333333335
