twoDJframe:0.5633333333333334
Structure2DView:0.38333333333333336
