View:0.55
ModelMapping:0.39666666666666667
ModuleTestBase:0.31333333333333335
WebEditors:0.27
