AnalysisFilter:0.5633333333333334
AnalysisInput:0.5366666666666666
TwilightFilter:0.5108333333333334
