CMap:0.43666666666666665
ThreadContext:0.35
ManagementCenterService:0.29
BlockingQueueManager:0.29
ClusterTest:0.27666666666666667
ConcurrentMapManager:0.22333333333333333
BQ:0.21
FactoryImpl:0.2
HazelcastClient:0.18666666666666668
PartitionManager:0.18
ClientThreadContext:0.1511111111111111
QueueItemListener:0.10166666666666667
MBackupAwareOp:0.08333333333333333
GetValueKeysCallable:0.07833333333333334
Integers:0.03
