GrammarView:0.55
Groove:0.525
DefaultGxl:0.4866666666666667
AspectGraph:0.38666666666666666
GenericGrammarView:0.30789682539682545
SystemProperties:0.2633333333333333
Aut:0.26
ExplorationDialog:0.255
GenericSystemStore:0.24666666666666667
Test:0.2377777777777778
DefaultFileSystemStore:0.23666666666666666
DefaultGrammarView:0.22
AspectGxl:0.21333333333333335
RuleJTree:0.21
AspectualViewGps:0.20333333333333334
ExplorationTest:0.19666666666666666
DefaultArchiveSystemStore:0.19333333333333333
LayedOutXml:0.18666666666666668
ScenarioChecker:0.18166666666666667
StoredGrammarView:0.17333333333333334
DefaultGxlIO:0.11333333333333333
ControlView:0.11
CalculatorTest:0.09
