ArticleBean:0.66
NullArticleBean:0.38333333333333336
CachedConnectionSource:0.24666666666666667
ArticleBeanFactory:0.19333333333333333
