DBPort:0.4
DBConnector:0.3641111111111111
DBTCPConnector:0.3433333333333333
MongoException:0.3333333333333333
Input:0.28055555555555556
Result:0.27666666666666667
MyCollection:0.235
SingleResult:0.18
MyDoneHook:0.013333333333333334
