Wallet:0.8366666666666667
PeerGroup:0.31333333333333335
AbstractBlockChain:0.28555555555555556
FullPrunedBlockChain:0.22333333333333333
MemoryPool:0.22277777777777777
