MultiLayerNetwork:0.4766666666666667
BaseRecurrentLayer:0.3775396825396825
GravesLSTM:0.30666666666666664
GRU:0.22333333333333333
