SeqFeatureI:0.67
FeatureSetI:0.551111111111111
AnalysisInput:0.51
AnalysisPanel:0.44333333333333336
AnalysisFilter:0.37333333333333335
bop:0.31666666666666665
SeqFeature:0.2947619047619048
RangeI:0.2833333333333333
AnalysisAdapter:0.23666666666666666
AnalysisAdapterGUI:0.23
DrawableSeqFeature:0.225
DrawableFeatureSet:0.21333333333333335
Sim4FilterPanel:0.15666666666666668
Coverage:0.14444444444444443
BlastFilterPanel:0.1211111111111111
Compress:0.06
FastaHeader:0.06
