TransportMoreLikeThisAction:0.15666666666666668
TransportBulkAction:0.12
TransportGetFieldMappingsAction:0.08666666666666667
TransportMultiSearchAction:0.07333333333333333
TransportSearchAction:0.07333333333333333
TransportSearchScrollAction:0.07333333333333333
TransportMultiGetAction:0.07333333333333333
TransportMultiTermVectorsAction:0.07333333333333333
TransportClearScrollAction:0.07333333333333333
TransportMultiPercolateAction:0.07333333333333333
