TestJournalRoundTrip:0.43
TestLockingFollowingJournalReader:0.33666666666666667
JournalEntryContext:0.31
MultiValueMap:0.29
MockServerForJournalTesting:0.2633333333333333
TestContextXmlWriterAndReader:0.23
LockAfterSecondIngest:0.20666666666666667
JournalCreator:0.20472222222222225
JournalReader:0.20333333333333334
MockManagementDelegate:0.18666666666666668
ConsumerJournalEntry:0.14333333333333334
MockJournalReader:0.14
ManagementMethod:0.09666666666666666
AllUnitTests:0.054444444444444455
MockJournalRecoveryLog:0.02666666666666667
MockJournalWriter:0.016666666666666666
MyMockManagementDelegate:0.01
AddRelationshipMethod:0.0033333333333333335
PurgeRelationshipMethod:0.0
