PyObject:0.6366666666666667
PyList:0.41
PySequence:0.4066666666666667
