BaseForm:0.55
StudyListPage:0.4066666666666667
InfoPanel:0.33466666666666667
MWLItemListView:0.32883333333333337
InstanceListView:0.26666666666666666
TrashListPage:0.2633333333333333
MoveEntitiesPage:0.25333333333333335
SeriesListView:0.2028888888888889
StudyListView:0.2028888888888889
PatientListView:0.2028888888888889
ModalityWorklistPanel:0.19
ExportResult:0.18166666666666667
FormVisitor:0.17166666666666666
FilePanel:0.165
DicomEchoPanel:0.165
StudyListHeader:0.16
TrashListHeader:0.16
EditAETPanel:0.15333333333333332
ExportPage:0.14166666666666666
PPSListView:0.12
PpsInfoModel:0.11666666666666667
FileModel:0.10666666666666667
Mpps2MwlLinkPanelM:0.07666666666666666
FileListView:0.06
