IndexMetaData:0.7
Builder:0.5066666666666667
CreateIndexIT:0.29
FilterAllocationDecider:0.26
MetaDataCreateIndexServiceTests:0.23333333333333334
