ErrorHandler:0.42
ClientClusterServiceImpl:0.41333333333333333
EventServiceImpl:0.36
EventResponseHandler:0.19666666666666666
ClientPacketProcessor:0.14666666666666667
