Configuration:0.9533333333333334
DevelUtils:0.33666666666666667
MakumbaToolsControllerHandler:0.2866666666666667
MakumbaINIFileReader:0.22
