DataTypeDefinition:0.5136666666666667
DefaultDataTypeDefinition:0.47333333333333333
JavaGenerator:0.38333333333333336
AbstractTypedElementDefinition:0.2
