DatastreamReferencedContent:0.7833333333333333
DefaultExternalContentManager:0.6544444444444445
