HopEndMatcher:0.44666666666666666
FileMatcher:0.4392777777777779
EndMatcherSupport:0.4266666666666667
MatchSuffix:0.25666666666666665
CompilerCodeMatcher:0.25187301587301586
CodeMatcher:0.25187301587301586
HopCompilerCodeMatcher:0.11
MatchPrefix:0.09
HopCodeMatcher:0.08666666666666667
CompilerMatcher:0.0
