InvokeUserShareRightsDlgEvent:0.45
GwtTeamingMessages:0.31333333333333335
UserPropertiesDlg:0.31
UserShareRightsDlg:0.2966666666666667
GwtViewHelper:0.21333333333333335
EventHelper:0.18511111111111112
ManageUsersDlg:0.16666666666666666
