ListTemplate:0.5133333333333333
SetTemplate:0.4066666666666667
ListAddAllMessageTask:0.3566666666666667
