LatexMathParserTest:0.4766666666666667
AsciiMathParserTest:0.4766666666666667
SimpleMathParserTest:0.4266666666666667
