AtomContainer:0.37
MDLReader:0.28
SetOfMolecules:0.22666666666666666
ChemSequence:0.19
ChemModel:0.19
ChemFile:0.18333333333333332
MDLReaderTest:0.09
MDLWriter:0.05
