Packet:0.5633333333333334
StandardMemoryAccessor:0.27
DefaultSerializationServiceBuilder:0.25333333333333335
AsyncInboundResponseHandler:0.23333333333333334
EventServiceImpl:0.20666666666666667
TcpIpConnectionManager:0.20666666666666667
OperationServiceImpl:0.20333333333333334
TcpIpConnection_BaseTest:0.19666666666666666
PacketTest:0.19333333333333333
PacketDispatcherImplTest:0.19333333333333333
OutboundResponseHandler:0.18666666666666668
HazelcastTestSupport:0.18333333333333332
OperationThreadTest:0.16666666666666666
OperationExecutorImpl_HandlePacketTest:0.15666666666666668
MemberReadHandlerTest:0.14
WriteThread:0.13
AsyncInboundResponseHandlerTest:0.13
PacketDispatcherImpl:0.12
BroadcastOperationControlTask:0.10666666666666667
