KuwaibaService:0.4658333333333333
CommunicationsStub:0.4033333333333333
ObjectFactory:0.39
Utils:0.38666666666666666
DeviceLayoutTopComponent:0.37
DeviceLayoutRenderer:0.3466666666666667
Constants:0.22944444444444437
ShowDeviceLayoutTopComponent:0.20666666666666667
ShowDeviceLayoutView:0.14
EditLayoutAction:0.13666666666666666
HasAttribute:0.075
HasAttributeResponse:0.0
