DataSet:0.5966666666666667
BaseNeuralNetwork:0.31333333333333335
AdaGrad:0.29
DenoisingAutoEncoder:0.25666666666666665
MnistDataFetcher:0.16
MnistExampleMultiThreaded:0.13
RBMMnistExample:0.10666666666666667
Distributions:0.1
