ScepRequestMessage:0.7533333333333333
ScepResponseMessage:0.45666666666666667
ScepPkiOpHelper:0.25777777777777783
ClientToolBox:0.2377777777777778
SCEPTest:0.22333333333333333
ScepRequestGenerator:0.03333333333333333
