SpdyConnection:0.52
SpdyReader:0.45666666666666667
SpdyWriter:0.3333333333333333
Connection:0.29333333333333333
Builder:0.2733333333333333
MockWebServer:0.25
MockSpdyPeer:0.12666666666666668
