RequestBeanMirror:0.7633333333333333
ControllerMethodConfiguration:0.45666666666666667
Mirror:0.4352380952380952
BundleMirror:0.05055555555555556
ServiceRequestMirror:0.05055555555555556
