Dictionary:0.5
DictionaryHandler:0.31333333333333335
DescriptorCalculator:0.29333333333333333
HybridizationMatcher:0.18222222222222223
MMFF94PartialCharges:0.18222222222222223
InductivePartialCharges:0.13833333333333334
