ObjectFactory:0.5766666666666667
KuwaibaService:0.43333333333333335
RemoteActivityDefinition:0.19333333333333333
GetObjectsWithFilter:0.09666666666666666
GetObjectsWithFilterLight:0.09666666666666666
GetObjectsWithFilterLightResponse:0.024722222222222222
GetObjectsWithFilterResponse:0.024722222222222222
