Button:0.4033333333333333
MAboutDialog:0.39666666666666667
Pager:0.37333333333333335
NoteWidgetPlugin:0.25
