PetiteBeans:0.38
AutomagicPetiteConfigurator:0.2952222222222222
ManualTest:0.27666666666666667
FullTypeTest:0.22333333333333333
MiscTest:0.21
WireTest:0.19666666666666666
ScopeTest:0.16
PetiteShutdownTest:0.13333333333333333
