Trace:0.43333333333333335
CodeSwitcher:0.36333333333333334
Database:0.36333333333333334
Column:0.2866666666666667
DatabaseManager:0.27666666666666667
DatabaseCommandInterpreter:0.26666666666666666
Session:0.22333333333333333
RowOutputBase:0.21666666666666667
Log:0.21333333333333335
ScriptWriterBase:0.20666666666666667
RowInputBase:0.20666666666666667
DataFileCache:0.19
DataFileDefrag:0.18666666666666668
HsqlSocketFactorySecure:0.18666666666666668
DatabaseInformation:0.17333333333333334
ScriptReaderBinary:0.13666666666666666
