Cooking:0.58
Person:0.45666666666666667
PhysicalCondition:0.37666666666666665
CookMeal:0.24666666666666667
TaskManager:0.19138888888888891
CookMealMeta:0.14333333333333334
EatMealMeta:0.11333333333333333
