HTMLElement:0.5641666666666667
HTMLBodyElement:0.4785952380952381
HTMLTextAreaElement:0.21333333333333335
HTMLSpanElement:0.17833333333333334
HTMLDivElement:0.06
