TomcatServerXML:0.3433333333333333
FedoraUsers:0.33
FedoraAccessServlet:0.3227777777777778
TestRESTAPI:0.30666666666666664
GenericFileSystem:0.225
FieldSearchServlet:0.17666666666666667
TestTomcatServerXML:0.04
TestFedoraUsers:0.021666666666666667
