SubnetEngine:0.5366666666666666
SubnetNode:0.22333333333333333
ReleaseFromVlanAction:0.22333333333333333
AddIPAddressFrame:0.20666666666666667
ReleaseFromDeviceAction:0.18666666666666668
SubnetPoolNode:0.18166666666666667
AddIPAddressAction:0.16333333333333333
IpNode:0.14
IpamRootNode:0.13333333333333333
CreateSubnetFrame:0.07
CreateSubnetPoolAction:0.06333333333333334
DeleteSubnetAction:0.056666666666666664
RelateToVlanAction:0.043333333333333335
SubnetChildren:0.02
RelateToDeviceAction:0.006666666666666667
