FrameBuffer:0.8133333333333334
PurchaseManagerConfig:0.38
FrameBufferTest:0.15333333333333332
Usage:0.02
