AsyncRequestLog:0.6033333333333334
AsyncRequestLogTest:0.5433333333333333
RequestLogHandlerFactory:0.35
