GraphJGraph:0.5933333333333334
ZoomMenu:0.5666666666666667
