IsotopePatternRule:0.8016666666666666
IsotopePatternRuleTest:0.3466666666666667
