AddTerm:0.47333333333333333
UpdateAnnotation:0.45555555555555555
BulkArticleLoader:0.45
