AbstractWebServerIntegrationTests:0.73
InMemoryProviderWebAppTests:0.3933333333333333
LdapWebAppTests:0.2733333333333333
