MapService:0.5533333333333333
PostJoinMapOperation:0.26666666666666666
MapEvictTask:0.23444444444444448
MapEvictionTest:0.10666666666666667
MapDeathTest:0.08666666666666667
