Formula:0.7033333333333334
FormulaParser:0.4266666666666667
Input:0.29444444444444445
LTL2BuchiGraphTest:0.21
FormulaTest:0.17666666666666667
CheckCTLAction:0.11
CheckLTLAction:0.11
EncodedLtlProperty:0.11
FormulaHandler:0.09333333333333334
