IMoleculeSet:0.7566666666666667
MoleculeSet:0.44333333333333336
HydrogenAdder:0.37666666666666665
RingSet:0.35
AtomContainerSet:0.33666666666666667
AtomContainerSetManipulator:0.2966666666666667
Renderer2D:0.29333333333333333
Convertor:0.29
DebugAtomContainerSet:0.29
ReactionManipulator:0.2733333333333333
ValidatorEngine:0.26666666666666666
DebugMoleculeSet:0.25
MDLWriter:0.24666666666666667
MDLRXNReader:0.2425
RingSetManipulator:0.23666666666666666
IAtomContainerSet:0.23444444444444448
BasicValidator:0.22666666666666666
JChemPaintPanel:0.22333333333333333
SmilesGenerator:0.22333333333333333
SmilesParser:0.22
MoleculeSetTest:0.22
AtomContainerSetTest:0.22
JChemPaintEditorPanel:0.22
ReactionTest:0.21666666666666667
JChemPaintAbstractApplet:0.20666666666666667
IDCreator:0.205
PiContactDetectionDescriptor:0.205
SMILESWriter:0.20333333333333334
HueckelAromaticityDetectorTest:0.20166666666666666
AbstractController2D:0.2
FileConvertor:0.2
DescriptorCalculator:0.18833333333333332
IsProtonInConjugatedPiSystemDescriptor:0.18166666666666667
IUPACNameGenerator:0.17
MDLRXNReaderTest:0.16
ConnectivityCheckerTest:0.16
DrawingPanel:0.15933333333333333
AlphaRenderer2D:0.14666666666666667
CreateAction:0.10666666666666667
SimpleRenderer2D:0.09666666666666666
AddHydrogenAction:0.09333333333333334
CleanupAction:0.09333333333333334
OpenAction:0.08
AtomContainerIterator:0.06333333333333334
