SubjectFactory:0.8566666666666667
SubjectFactoryTest:0.48333333333333334
