StaxEventItemReader:0.7666666666666667
StaxEventItemReaderTests:0.36333333333333334
CommonItemReaderTests:0.21
