SignificanceHeuristic:0.6766666666666666
Bucket:0.5
InternalSignificantTerms:0.2866666666666667
SignificantStringTerms:0.24
SignificantLongTerms:0.22
SignificanceHeuristicTests:0.21333333333333335
SignificantTermsSignificanceScoreTests:0.15666666666666668
CustomSignificanceHeuristicPlugin:0.10333333333333333
SignificantTermsHeuristicModule:0.03333333333333333
TransportSignificantTermsHeuristicModule:0.03333333333333333
