Interpreter:0.5733333333333334
Jolie:0.37666666666666665
CommandLineParser:0.3566666666666667
