ShadowContext:0.5566666666666666
RobolectricTestRunner:0.5088888888888888
ContextTest:0.285
