ShadowView:0.5616666666666665
ViewNode:0.4866666666666667
ShadowTextView:0.29
