JobOperator:0.8112698412698413
SimpleJobOperator:0.655
SimpleJobOperatorTests:0.3466666666666667
