AuditableExecutionResult:0.5366666666666666
AuditableContext:0.48
DefaultCentralAuthenticationService:0.20666666666666667
DelegatedClientAuthenticationAction:0.19333333333333333
InitialAuthenticationAttemptWebflowEventResolver:0.13666666666666666
OAuth20AuthorizeEndpointController:0.13
SurrogateAuthenticationPostProcessor:0.12
ServiceTicketRequestWebflowEventResolver:0.10333333333333333
AccessTokenPasswordGrantRequestExtractor:0.10333333333333333
RegisteredServiceAccessStrategyAuditableEnforcer:0.08666666666666667
Pac4jServiceTicketValidationAuthorizer:0.08666666666666667
SurrogateAuthorizationAction:0.08666666666666667
RegisteredServiceDelegatedAuthenticationPolicyAuditableEnforcer:0.08666666666666667
