PagedResultsRequestControl:0.61
LdapContextSourceTest:0.26666666666666666
LdapContextSource:0.21666666666666667
PagedResultsRequestControlTest:0.20666666666666667
