Comment:0.51
LagartoDomBuilderConfig:0.2866666666666667
LagartoDOMBuilderTagVisitor:0.2544444444444444
LagartoDOMBuilder:0.19333333333333333
JerryCustomTest:0.17
LagartoNodeHtmlRenderer:0.16
DomTreeTest:0.12
