MobyViewObject:0.55
IMobyViewListener:0.4322222222222223
refreshRunnable:0.3611111111111111
MobyViewContentProvider:0.3333333333333333
