MarsClock:0.45166666666666666
SettlementMapPanel:0.4066666666666667
TendGreenhouse:0.2777777777777778
SettlementWindow:0.27
TendGreenhouseMeta:0.15333333333333332
