InMemoryHashAggregationBuilder:0.44666666666666666
BigintGroupByHash:0.39
MultiChannelGroupByHash:0.37666666666666665
GroupByHash:0.30333333333333334
TestGroupByHash:0.24
GroupByHashPageIndexer:0.11666666666666667
