TimestampDiff:0.5432936507936508
DateDiff:0.5432936507936508
