Vector:0.6233333333333333
Matrix4:0.4066666666666667
Vector3:0.37333333333333335
Camera:0.29
Vector2:0.2633333333333333
