DrawableFeatureSet:0.6666666666666666
DrawableSeqFeature:0.576111111111111
