Value:0.36666666666666664
Either:0.35333333333333333
AbstractValueTest:0.2833333333333333
OptionTest:0.25666666666666665
Try:0.25666666666666665
LeftProjection:0.23333333333333334
Option:0.22333333333333333
RightProjection:0.20333333333333334
