MainScene:0.5283333333333333
Cooking:0.5233333333333333
MealConfig:0.4266666666666667
MarsProjectStarter:0.12
