ReportPhonetics:0.5033333333333333
ReportTrees:0.37666666666666665
ReportExec:0.37666666666666665
