FileModule:0.5066666666666667
AjaxController:0.4266666666666667
FileModuleImpl:0.20666666666666667
WebKeys:0.016666666666666666
