DataTypes:0.53
DocIndexMetaData:0.47333333333333333
AnalyzedTableElements:0.4066666666666667
CreateAlterPartitionedTableAnalyzerTest:0.26666666666666666
