HtmlElement:0.5933333333333334
DomNode:0.48333333333333334
HtmlPageTest:0.34
JavaScriptConfigurationTest:0.2733333333333333
HtmlAttributeChangeListenerTestImpl:0.10888888888888888
