Tds:0.4266666666666667
Columns:0.42333333333333334
DatabaseMetaData:0.30666666666666664
PacketRowResult:0.24666666666666667
CursorResultSet:0.24333333333333335
TdsResultSetMetaData:0.24333333333333335
TdsConnection:0.19666666666666666
TdsStatement:0.18666666666666668
AbstractResultSet:0.18333333333333332
Microsoft7MetaData:0.17166666666666666
