LabelIncrementer:0.6147222222222223
CVSLabelIncrementer:0.12666666666666668
DefaultLabelIncrementerTest:0.12
CVSLabelIncrementerTest:0.12
DefaultLabelIncrementer:0.11
