NDArray:0.7366666666666667
NDArrays:0.6366666666666667
NDArrayTests:0.18333333333333332
TestNDArrayCreation:0.15666666666666668
