MapService:0.52
MapContainer:0.44666666666666666
SecondsBasedEntryTaskScheduler:0.28
RecordStore:0.2775396825396825
PartitionRecordStore:0.25916666666666666
MapProxySupport:0.22
EntryProcessorExecutor:0.21333333333333335
MapRecordStateOperation:0.20833333333333334
Merger:0.18
MapRecordTask:0.18
EntryTaskSchedulerFactory:0.08
ScheduledEntryProcessor:0.0
