LocalCertificateStoreSessionBean:0.42333333333333334
CertificateInfo:0.37
Adapter:0.3595555555555555
OCSPServletStandAlone:0.32666666666666666
TestCertificateRetrival:0.29
StoreCertPreparer:0.27
JDBCUtil:0.26
OCSPServletBase:0.23666666666666666
TableVerifyResult:0.23666666666666666
CertificateDataUtil:0.22
LocalCertificateStoreOnlyDataSessionBean:0.19666666666666666
Preparer:0.16666666666666666
TestProtect:0.15666666666666668
ExternalOCSPPublisher:0.14333333333333334
ProtectPreparer:0.08
TableProtectSessionBean:0.07666666666666666
MyAdapter:0.06
SelectProtectPreparer:0.03666666666666667
