RealExpression:0.9666666666666667
FADD:0.15666666666666668
FMUL:0.15666666666666668
FNEG:0.15
FDIV:0.15
FSUB:0.14666666666666667
