DomNode:0.5116666666666667
WebResponse:0.37666666666666665
WebResponseWrapper:0.23666666666666666
NetworkErrorWebResponse:0.20666666666666667
DummyWebResponse:0.20666666666666667
