Robot:0.5433333333333333
ActionFailedException:0.41333333333333333
AbstractSemanticRecorderFixture:0.37
FailedException:0.18
CallTimoutFailedException:0.05564814814814814
