Resolver:0.5666666666666667
Jeeves:0.5334444444444444
