HomeFragment:0.28
HomeViewState:0.25
HomeAdapter:0.24583333333333332
AdditionalItemsLoadable:0.22333333333333333
GroupedPagedFeedLoader:0.21666666666666667
MviBasePresenter:0.14666666666666667
Product:0.12666666666666668
Builder:0.10666666666666667
SectionHeader:0.07666666666666666
HomePresenter:0.04
