GeneBean:0.6566666666666666
ConnectionFactory:0.3983333333333333
CachingBrokerConnectionSource:0.22111111111111115
UserBeanFactory:0.16
GeneSaxReaderTest:0.14666666666666667
