Grammar:0.54
ActionSplitterListener:0.5166666666666667
BlankActionSplitterListener:0.5166666666666667
Rule:0.3333333333333333
AttributeChecks:0.2633333333333333
Target:0.2622222222222222
Alternative:0.25777777777777783
ActionTranslator:0.25666666666666665
TestASTStructure:0.24666666666666667
SymbolChecks:0.22833333333333333
AttributeResolver:0.215
ScopeParser:0.20866666666666667
SymbolCollector:0.18
ParserATNFactory:0.18
RuleFunction:0.13333333333333333
TestScopeParsing:0.056666666666666664
