EventBus:0.5933333333333334
SubscriberMethod:0.3
EventBusBasicTest:0.2733333333333333
EventBusMethodModifiersTest:0.23
SubscriberMethodFinder:0.19333333333333333
EventBusStickyEventTest:0.18
EventBusSubscriberLegalTest:0.13
EventBusNoSubscriberEventTest:0.13
