CharSeqTest:0.4533333333333333
Seq:0.34
QueueTest:0.33666666666666667
AbstractSeqTest:0.31333333333333335
CharSeq:0.28
StringTest:0.21
Collections:0.17138888888888887
