AbstractTicketRegistry:0.3433333333333333
IgniteTicketRegistry:0.24666666666666667
EhCacheTicketRegistry:0.21916666666666668
HazelcastTicketRegistry:0.21916666666666668
DefaultTicketRegistry:0.20083333333333334
