Materialisation:0.6733333333333333
EquationSystem:0.44555555555555554
TestMaterialisation:0.19
