UnbufferedCharStream:0.7633333333333333
LexerInterpreter:0.4271666666666667
TestUnbufferedCharStream:0.31666666666666665
