Record:0.5266666666666666
Boundary:0.43333333333333335
ModelChecking:0.36666666666666664
LTLStrategy:0.22666666666666666
BoundedLTLStrategy:0.17333333333333334
RuleSetBoundary:0.15
CycleAcceptor:0.13666666666666666
GraphNodeSizeBoundary:0.13
LTLTest:0.04666666666666667
