Node:0.43666666666666665
PageData:0.37666666666666665
SimpleLogger:0.3466666666666667
ComponentWrapper:0.30666666666666664
EchoInterceptor:0.3
DateTimeStamp:0.2633333333333333
JtxTransactionMode:0.2633333333333333
BCrypt:0.25333333333333335
HtmlStaplerBundlesManager:0.24333333333333335
