RepositoryUtil:0.5133333333333333
FileModuleImpl:0.39
RepositorySession:0.372
FileAttachment:0.3333333333333333
Converter:0.26777777777777784
FileRepositorySession:0.26666666666666666
WebdavRepositorySession:0.20666666666666667
JCRDataSource:0.19
JCRRepositorySession:0.14
MimeHelper:0.1
