FileCharsetDetectorUtil:0.5966666666666667
QueryBuilder:0.59
Converter:0.43333333333333335
