User:0.52
Principal:0.44333333333333336
Group:0.32666666666666666
ApplicationGroup:0.09333333333333334
