ConnectionSettingsPanel:0.6766666666666666
AuthenticationPanel:0.43166666666666664
Installer:0.26666666666666666
