DefaultWindowManager:0.55
LightweightWindowManager:0.29333333333333333
Init:0.2833333333333333
Startup:0.21666666666666667
