WinUser:0.4442619047619048
WinDef:0.4442619047619048
User32:0.24
