HiveClientConfig:0.8966666666666666
TestHiveClientConfig:0.2733333333333333
AuthenticationModules:0.19666666666666666
