NodeService:0.5066666666666667
MasterAwareService:0.26666666666666666
TransportNodesListShardStoreMetaData:0.25666666666666665
TransportNodesRestartAction:0.25
TransportNodesHotThreadsAction:0.21333333333333335
MetaDataCreateIndexService:0.19666666666666666
AsyncShardOperationAction:0.19666666666666666
MetaDataMappingService:0.19666666666666666
NodeOperationResponse:0.19
DumpMonitorService:0.19
TransportMasterNodeOperationAction:0.18333333333333332
PublishRiverClusterStateAction:0.16666666666666666
LocalAllocateDangledIndices:0.11333333333333333
MetaDataIndexAliasesService:0.11333333333333333
