MainWindow:0.47333333333333333
JadxCLIArgs:0.4166666666666667
SearchDialog:0.4
JadxGUI:0.24666666666666667
