TypeDescriptor:0.37333333333333335
HopSymbolTableWalker:0.2925
HopParser:0.2658333333333333
HopLexer:0.2633333333333333
StepFactory:0.25333333333333335
Result:0.2277777777777778
DFA16:0.2111111111111111
AntlrTokenReader:0.17666666666666667
DFA44:0.14444444444444443
DFA31:0.14444444444444443
