MetaEntity:0.45
MetaAggregateForReference:0.4266666666666667
MetaModel:0.42
MetaEJB:0.4166666666666667
MetaProperty:0.39666666666666667
MapFacadeBean:0.38
ModelMapping:0.35
MetaComponent:0.33
HibernatePersistenceProvider:0.31333333333333335
View:0.25666666666666665
IMapFacadeImpl:0.24666666666666667
IPersistenceProvider:0.23753968253968252
EntityTab:0.2180952380952381
PropertyPG:0.21666666666666667
MapFacade:0.21
EJBPersistenceProvider:0.19833333333333333
DescriptionsCalculator:0.19333333333333333
MethodsPG:0.18666666666666668
MetaTab:0.18333333333333332
ModelParser:0.17666666666666667
DefaultValueIdentifierGenerator:0.17666666666666667
EntityReferenceEJBPG:0.16333333333333333
AggregateReferencePG:0.16333333333333333
EJBeanPG:0.15666666666666668
EntityReferencePG:0.15444444444444444
EJBCodeGenerator:0.13666666666666666
HCodeGenerator:0.13333333333333333
CalculatorsPG:0.13
PojoPG:0.13
MetaAggregateForCollection:0.12666666666666668
CalculatedCollectionPG:0.12333333333333334
InterfacePG:0.11333333333333333
HibernatePG:0.11
InitMembersPG:0.09333333333333334
