Messaging:0.85
Publisher:0.6766666666666666
JMSManager:0.64
APIMMessage:0.55
Subscriber:0.4666666666666667
ExecUtility:0.3466666666666667
TestCommandLineUtilities:0.32
Listener:0.31666666666666665
DefaultManagement:0.2833333333333333
ServerConfiguration:0.2821666666666667
MessagingListener:0.27051984126984113
TestAPIM:0.24333333333333335
InstallOptions:0.23333333333333334
AtomAPIMMessage:0.23333333333333334
TestIngestDemoObjects:0.20333333333333334
FedoraHome:0.19333333333333333
ManagementModule:0.18666666666666668
MessagingException:0.18333333333333332
TestServerConfiguration:0.18
TestMessagingClient:0.17
JMSManagerTest:0.16666666666666666
FedoraMethod:0.12666666666666668
ObserverQueue:0.12666666666666668
TestManagementNotifications:0.12333333333333334
RelsExtValidatorTest:0.11666666666666667
MockContext:0.10666666666666667
MessagingImpl:0.08
AbstractInvocationHandler:0.07285714285714284
NotificationInvocationHandlerTest:0.05333333333333334
FedoraTypes:0.05333333333333334
ProxyFactoryTest:0.03783333333333333
MessagingClient:0.03666666666666667
AtomAPIMMessageTest:0.03666666666666667
ProxyFactory:0.03
AllSystemTestsConfigB:0.02666666666666667
Constants:0.02666666666666667
MessagingModule:0.02666666666666667
JmsMessagingClient:0.023333333333333334
NotificationInvocationHandler:0.019444444444444445
FedoraViewNamespace:0.016666666666666666
FedoraMessage:0.006666666666666667
AllUnitTests:0.0033333333333333335
JNDITest:0.0025
AtomApiM1_0Format:0.0
