Operation:0.595
HdfsRepository:0.4766666666666667
HdfsBlobContainer:0.32666666666666666
HdfsBlobStore:0.25833333333333336
HdfsPlugin:0.16333333333333333
