Mongo:0.84
DefaultConnectionPool:0.35
AsynchronousSocketChannelStreamFactory:0.24
BaseCluster:0.08
ServerHelper:0.04055555555555556
SocketStreamFactory:0.03333333333333333
