Element:0.4722222222222222
Attributes:0.39666666666666667
Attribute:0.37666666666666665
ElementTest:0.15333333333333332
Dataset:0.043333333333333335
