MapReduceTest:0.3
AbstractAggregationTest:0.2733333333333333
ClientMapReduceTest:0.21666666666666667
ListSetMapReduceTest:0.15666666666666668
DistributedMapperMapReduceTest:0.13333333333333333
DistributedMapperClientMapReduceTest:0.06
CustomDataSourceMapReduceTest:0.023333333333333334
MapReduceManagedContextTest:0.023333333333333334
MultiMapMapReduceTest:0.023333333333333334
