MPayment:0.7066666666666667
MBPartner:0.5
MBOEConfirm:0.36333333333333334
