VanillaChronicleMap:0.4533333333333333
MapEntryStages:0.4066666666666667
SegmentStages:0.4
QueryContextInterface:0.346
HashEntryStages:0.2633333333333333
ModificationIterator:0.25333333333333335
IterationContextInterface:0.22609523809523813
QuerySegmentStages:0.0
