DesktopFile:0.49
EditorPlugin:0.45666666666666667
Group:0.32666666666666666
MArrayList:0.27666666666666667
TestMArrayList:0.17833333333333334
