Utils:0.8533333333333334
InChI:0.5133333333333333
WWMMCDKPlugin:0.4066666666666667
CreateInChIEvent:0.19444444444444445
LookupWWMMEvent:0.16333333333333336
AddWWMMEvent:0.16333333333333336
CreateCMLEvent:0.1511111111111111
AddWWMMFromFileEvent:0.10333333333333333
