Display:0.7482777777777778
BaseReferences:0.4016666666666666
