WorkerConfiguration:0.416984126984127
ParameterAveragingTrainingMaster:0.4066666666666667
ExecuteWorkerPathFlatMap:0.20666666666666667
ExecuteWorkerPathMDSFlatMap:0.20666666666666667
