CommunicationsStub:0.63
LocalObjectLightImpl:0.5366666666666666
LocalStuffFactory:0.30666666666666664
ClassMetadataNode:0.30333333333333334
HierarchyCustomizerService:0.16
