Constants:0.9604444444444444
GankFragment:0.6133333333333333
