ShadowPackageManager:0.49666666666666665
ShadowApplicationPackageManager:0.4533333333333333
ShadowPackageManagerTest:0.3933333333333333
ActivityWithFilters:0.09666666666666666
