KeyChainGroup:0.35
LevelDBFullPrunedBlockStore:0.33
DeterministicKeyChainTest:0.33
ScriptBuilder:0.33
WalletTest:0.33
BitcoinURITest:0.28
KeyChainGroupTest:0.23333333333333334
WalletTool:0.22444444444444447
LegacyAddressTest:0.18333333333333332
