GraphicFactory:0.7166666666666667
ExtensionManager:0.49333333333333335
ExtensionLoader:0.49333333333333335
ServerExtensionLoader:0.31
AbstractGraphicFactory:0.29
SwingServerWrapper:0.26666666666666666
AbstractServerEngine:0.25
AbstractConfigurationParser:0.24666666666666667
SwingFactory:0.21333333333333335
ServerConfigurationParser:0.17388888888888887
ExtensionLoaderCreator:0.006666666666666667
