AbstractHandler:0.89
NioThread:0.6133333333333333
NioThreadAbstractTest:0.36333333333333334
