AbstractJPPFClient:0.4866666666666667
AbstractGenericClient:0.48
JPPFMulticastReceiverThread:0.25
ToggleLayoutAction:0.20333333333333334
ConnectionFailedTask:0.15666666666666668
