AbstractDelegatingMetadataBuildingOptions:0.7866666666666666
AnnotationMetadataSourceProcessorImpl:0.571388888888889
