INetworkService:0.5566666666666666
ProjectNegotiation:0.5133333333333333
InvitationProcess:0.4266666666666667
SarosSession:0.4166666666666667
RosterEntryElement:0.37
IncomingSessionNegotiation:0.2966666666666667
SarosSessionManager:0.28
OutgoingSessionNegotiation:0.23666666666666666
Router:0.22666666666666666
IPacketDispatcher:0.22333333333333333
IncomingProjectNegotiation:0.20142857142857143
SarosUI:0.2
EnterProjectNamePage:0.19666666666666666
ActivityQueue:0.19305555555555554
OutgoingProjectNegotiation:0.18476190476190477
StreamServiceTest:0.18333333333333332
ActivitySequencer:0.18333333333333332
RosterContentProvider:0.17333333333333334
ActivityFlushTask:0.17
StfRemoteObject:0.15666666666666668
StreamServiceImpl:0.14666666666666667
AddProjectToSessionWizard:0.12
TransmitterStub:0.11333333333333333
VersionManager:0.11
NetworkServiceImpl:0.1
RosterComparatorTest:0.07333333333333333
DataTransferCollector:0.07333333333333333
LeaveHandler:0.05333333333333334
UserListHandler:0.05333333333333334
ConsistencyWatchdogServer:0.05
CancelHandler:0.04805555555555555
ActivitiesHandler:0.01
InvitationHandler:0.006666666666666667
IPacketListener:0.0
