AbstractView:0.6763888888888889
AbstractMapProvider:0.41002777777777777
GoogleMapsMapProvider:0.34
ObjectView:0.25666666666666665
OutsidePlantView:0.16333333333333333
ViewEventListener:0.0011111111111111111
