AllRecordingTests:0.894626984126984
Activator:0.7533333333333333
