Log:0.46
ConsoleLog:0.35444444444444445
SQLiteSqlTemplate:0.31666666666666665
SQLiteSqlTransaction:0.20333333333333334
LogFactory:0.18333333333333332
AndroidLog:0.016666666666666666
