SqlProviderTest:0.49333333333333335
ErrorMapper:0.2812222222222222
ProviderSqlSource:0.2733333333333333
MapperAnnotationBuilder:0.26666666666666666
OurSqlBuilder:0.10333333333333333
ErrorSqlBuilder:0.08333333333333333
GenericTokenParser:0.02666666666666667
