ContextGL:0.5266666666666666
LinuxContextImplementation:0.2733333333333333
MacOSXContextImplementation:0.2733333333333333
ContextImplementation:0.2728730158730158
WindowsContextImplementation:0.26666666666666666
