DrawableSeqFeature:0.43333333333333335
DrawableFeatureSet:0.37666666666666665
ApolloPanel:0.3016666666666667
PropertyPanel:0.3
ScrollableTierView:0.26
AnnotationView:0.24666666666666667
SiteView:0.1811111111111111
