ControllerHub:0.49
JChemPaintPanel:0.42
JChemPaint:0.4166666666666667
AddBondDragModule:0.2957777777777778
JChemPaintAbstractApplet:0.2866666666666667
SingleSelection:0.28
AddAtomModule:0.257
ReactionHub:0.25622222222222224
RemoveAtomsAndBondsEdit:0.24472222222222223
MakeReactantOrProductInExistingReactionEdit:0.2397222222222222
MakeReactantOrProductInNewReactionEdit:0.23638888888888887
BasicBondGenerator:0.23583333333333334
LogicalSelection:0.23
TemplateBrowser:0.23
JCPEditorAppletMenuTest:0.22
ShapeSelection:0.21916666666666668
JCPEditorAppletBugsTest:0.21833333333333332
AtomAtomMappingModule:0.19666666666666666
JcpSelection:0.19
MultiSelection:0.19
EnterElementSwingModule:0.19
SaveAsAction:0.18333333333333332
JChemPaintEditorApplet:0.16888888888888887
CopyPasteAction:0.16666666666666666
AbstractAppletTest:0.15666666666666668
ReactionArrowModule:0.15333333333333332
InsertTextPanel:0.15333333333333332
AddRingModule:0.13333333333333333
TemplateImagesMaker:0.07333333333333333
CreateReactionAction:0.07333333333333333
ConvertToPseudoAtomAction:0.07333333333333333
