JerseyClientConfiguration:0.44666666666666666
JerseyClientBuilder:0.38666666666666666
JerseyClientBuilderTest:0.27
