CollectionUtils:0.46
Generator:0.31
ClassesKey:0.22333333333333333
Source:0.043333333333333335
