ClassTestDescriptor:0.37666666666666665
ExtendWithOnMethodTestCase:0.24
AfterEachMethodAdapter:0.1211111111111111
BeforeEachMethodAdapter:0.1211111111111111
