ResourceTestResourceConfig:0.36333333333333334
PersonResource:0.24333333333333335
PersonResourceTest:0.202
