Native:0.7133333333333334
NativeTest:0.3933333333333333
LibraryLoadTest:0.2833333333333333
DirectTest:0.24333333333333335
