EventManager:0.4866666666666667
Event:0.4766666666666667
App:0.26
EventAsynchronousTest:0.2
