CommunicationsStub:0.42
LocalSyncFinding:0.33666666666666667
LocalSyncResult:0.19166666666666668
AbstractSyncRunnable:0.09333333333333334
