ContactManagerTopComponent:0.47
ContactsTable:0.39666666666666667
ShowContactsAction:0.37666666666666665
SyncActionsFrame:0.29
