StandardLoggerFactory:0.21666666666666667
Slf4jFactory:0.21666666666666667
Log4jFactory:0.21666666666666667
