Configuration:0.6633333333333333
Starter:0.5
ConfirmationsTab:0.22666666666666666
