ClusterManager:0.5666666666666667
ClusterService:0.35333333333333333
MasterConfirmation:0.32
MemberListTest:0.27666666666666667
ExecutionOperationHandler:0.24
