Configuration:0.6822222222222223
NestedResultSetHandler:0.49833333333333335
XMLConfigBuilder:0.3233333333333333
