SkipLimitStepFactoryBean:0.5433333333333333
ItemSkipPolicyItemHandler:0.5333333333333333
ItemSkipPolicyItemHandlerTests:0.18
