Mapper:0.6477777777777778
MapperAnnotationBuilder:0.4033333333333333
ParametrizedListTest:0.25
