ShadowDrawable:0.3233333333333333
ViewLoaderTest:0.27666666666666667
ShadowContextWrapper:0.2733333333333333
ShadowWranglerTest:0.25833333333333336
ShadowBitmapDrawable:0.23333333333333334
BitmapDrawableTest:0.22
