Http1xTest:0.47
TimerTest:0.43213888888888885
InternalTimerHandler:0.3805555555555556
