InvokeDynamic:0.7633333333333333
TerminationHandler:0.31666666666666665
