ModelSerializer:0.5966666666666667
EarlyStoppingParallelTrainer:0.26
KerasModel:0.26
ParallelWrapperMainTest:0.18666666666666668
ParameterAveragingElementAddFunction:0.08666666666666667
