App:0.47333333333333333
ScreenResolutionScale:0.30333333333333334
Ruler:0.21666666666666667
PrintTask:0.21
LookNFeelPanel:0.17333333333333334
PrintRenderer:0.12833333333333333
PrintManager:0.06566666666666666
PrintableImpl:0.04
TestRenderer:0.013333333333333334
