JSONLexer:0.7013333333333334
JSONScanner:0.5666666666666667
AbstractJSONParser:0.24
SerializeConfig:0.21666666666666667
LongSerializer:0.17211111111111113
DoubleSerializer:0.11592063492063491
FloatSerializer:0.11592063492063491
