LockService:0.49
MapService:0.39
QueueService:0.23083333333333333
TopicService:0.22333333333333333
SemaphoreService:0.22333333333333333
AtomicLongService:0.22333333333333333
CountDownLatchService:0.22333333333333333
DistributedExecutorService:0.22333333333333333
ProxyRegistry:0.22166666666666668
CollectionService:0.18333333333333332
RemoteService:0.05
