Actor:0.8833333333333333
ActorGestureListener:0.31666666666666665
ScrollPane:0.31
Scene2dTest:0.17
