StringUtils:0.5433333333333333
JFlexXref:0.5066666666666667
StringUtilsTest:0.09666666666666666
