MessagingImpl:0.5566666666666666
MessagingModule:0.35
NotificationInvocationHandlerTest:0.2833333333333333
