BeanDefinition:0.5444444444444444
PetiteRegistry:0.45111111111111113
PetiteBeans:0.17
