ServerUpdateThread:0.25666666666666665
GameUpdateThread:0.24333333333333335
GamesMasterRemote:0.23666666666666666
