ReportKML:0.4633333333333333
PlacemarkWriter:0.3566666666666667
