SimplePriorityHeuristic:0.49333333333333335
RandomHeuristic:0.06333333333333334
DFSHeuristic:0.06333333333333334
BFSHeuristic:0.05333333333333334
ChooseFree:0.05333333333333334
MostBlocked:0.03
UserHeuristic:0.03
PreferThreads:0.023333333333333334
GlobalSwitchThread:0.023333333333333334
Interleaving:0.016666666666666666
