QueryResultTableModel:0.35
AuditTrailTableModel:0.34
AuditTrailTopComponent:0.27
ComplexQueryResultTopComponent:0.25333333333333335
AuditTrailService:0.16444444444444445
ObjectAuditTrailTopComponent:0.14333333333333334
