Settlement:0.7833333333333333
Manufacture:0.31
ManufactureGood:0.25333333333333335
ToggleResourceProcess:0.19555555555555557
ManufactureBuildingPanel:0.16
ManufactureTabPanel:0.15666666666666668
ResourceProcessesTabPanel:0.07333333333333333
