JandexHelper:0.6966666666666667
MetadataImpl:0.29
FetchProfile:0.25
AnnotationBinder:0.22333333333333333
TypeDef:0.22
MetadataImplementor:0.215
HibernateMappingBinder:0.19666666666666666
TableBinder:0.18
IdGenerator:0.17333333333333334
QueryBinder:0.16666666666666666
JandexHelperTest:0.11
FetchProfileBinder:0.07666666666666666
