WebRequest:0.585
HttpWebConnection:0.4816666666666667
WebRequestTest:0.24333333333333335
DefaultCredentialsProvider2Test:0.23333333333333334
