Util:0.9066666666666666
MetadataEntityManagerImpl:0.4633333333333333
