ClientMapProxy:0.47222222222222227
ClusterListenerThread:0.47144444444444444
ClientClusterServiceImpl:0.39666666666666667
