WellFormedCheckerExecutor:0.4533333333333333
RuleKey:0.35333333333333333
FormulaCheckerContextTest:0.33
EverythingExists:0.20333333333333334
RuleExistenceChecker:0.06333333333333334
