SearchSourceBuilder:0.57
QueryRescorerBuilder:0.5033333333333333
RescoreBuilder:0.32666666666666666
QueryRescoreBuilderTests:0.27
QueryRescorerIT:0.23333333333333334
