CompressCmd:0.42
StoreScp:0.34222222222222226
CodecCmd:0.2605555555555556
JpegLossy:0.20666666666666667
FileSystemMgt2Bean:0.12333333333333334
LossyCompressionService:0.07333333333333333
