Sequence:0.43
AlignSequence:0.31333333333333335
AbstractSequence:0.25333333333333335
GAMESequence:0.18166666666666667
CacheSeqIdLoader:0.13
EnsCGISequence:0.11888888888888888
