AtomContainerManipulator:0.5
ModelBuilder3D:0.38
RingSetManipulator:0.31666666666666665
TemplateHandler3D:0.2966666666666667
TemplateExtractor:0.22666666666666666
ModelBuilder3DTest:0.20666666666666667
AtomContainerManipulatorTest:0.2
RingSetManipulatorTest:0.19833333333333333
Mbuilder3dTests:0.09666666666666666
TemplateHandler3DTest:0.028333333333333332
AtomPlacer3DTest:0.0
