DebugChemObjectBuilder:0.7566666666666667
DebugBond:0.41333333333333333
