WYSIWYGHTMLEditor:0.6933333333333334
FreemarkerUtil:0.33666666666666667
BaseHtmlFormType:0.2711111111111111
FtlTagSupportServlet:0.10333333333333333
EditorHashModel:0.07666666666666666
