Trade:0.6433333333333333
TradeUtil:0.4533333333333333
NegotiateTrade:0.39
