PJOperation:0.4866666666666667
EPSG:0.4666666666666667
SimpleCitation:0.38133333333333336
Projection:0.3021624579124578
Projected:0.20666666666666667
PJCRS:0.14333333333333334
SimpleDirectPosition:0.10666666666666667
PJAxis:0.10333333333333333
PJDatum:0.07666666666666666
PJTest:0.05
AuthorityFactoryTest:0.0033333333333333335
