ServerDescription:0.49333333333333335
ReplicaSetDescription:0.36666666666666664
ReadPreference:0.2733333333333334
ReplicaSetServerStateListener:0.19666666666666666
PrimaryReadPreference:0.16333333333333333
ReadPreferenceTest:0.16333333333333333
DefaultReplicaSetCluster:0.16
DefaultServer:0.15333333333333332
ReplicaSetStatus:0.15
IsMasterServerStateNotifier:0.14
Builder:0.13333333333333333
PrimaryPreferredReadPreference:0.07333333333333333
SecondaryPreferredReadPreference:0.07333333333333333
NearestReadPreference:0.056666666666666664
SecondaryReadPreference:0.056666666666666664
ServerSelector:0.025833333333333333
ReadPreferenceServerSelector:0.02
PrimaryServerSelector:0.016666666666666666
ServerDescriptionTest:0.006666666666666667
