Loader:0.3466666666666667
Model:0.31
Vertex:0.14
Frame:0.09666666666666666
Renderer:0.05416666666666667
BoneFrame:0.03666666666666667
Weight:0.03
MeshedModel:0.017388888888888888
MeshFrame:0.0033333333333333335
BonedVertex:0.0033333333333333335
BonedModel:0.0033333333333333335
