Qedeq2LatexExecutor:0.8166666666666667
PluginPreferencesDialog:0.38333333333333336
Qedeq2LatexPlugin:0.2122222222222222
