DecoraTag:0.82
DecoratorTagVisitor:0.31333333333333335
DecoraParser:0.24333333333333335
