ChadoXmlWrite:0.6766666666666666
ChadoXmlAdapter:0.5866666666666667
