IDatabasePlatform:0.6866666666666666
SqlScript:0.56
AbstractDbDialect:0.2966666666666667
SymmetricLauncher:0.2733333333333333
AbstractJdbcDdlReader:0.22
TestSetupUtil:0.21333333333333335
ConfigurationService:0.20333333333333334
AbstractDatabasePlatform:0.18
JdbcDatabasePlatformFactory:0.16333333333333333
Db2v9DbDialect:0.13666666666666666
SqlScriptUnitTest:0.12
IDdlReader:0.043333333333333335
