RobolectricTestRunner:0.5283333333333333
ShadowContextImpl:0.5283333333333333
ShadowLocaleDataTest:0.18333333333333332
ShadowLocaleData:0.18
