ComponentTest:0.51
PortletUrlHelperTest:0.44333333333333336
AbstractTagTest:0.24833333333333332
