Mirror:0.65
Lang:0.49666666666666665
AopMethodAdapter:0.24666666666666667
MultiLineProperties:0.17333333333333334
ComboIocLoader:0.16666666666666666
ServerRedirectView:0.16333333333333333
LoggingMethodInterceptor:0.16
