QueueConfig:0.38333333333333336
PollOperation:0.36
ObjectQueueProxy:0.35333333333333333
OfferOperation:0.3
WaitingOp:0.20666666666666667
QueueProxySupport:0.14333333333333334
