MapProxySupport:0.5166666666666667
ClientMapProxy:0.43333333333333335
NearCacheTest:0.24
