Canvas:0.5766666666666667
SinglePlayerPanel:0.5066666666666667
PanelContainer:0.37
NewPanel:0.19555555555555557
DefaultPreGameNetworkListener:0.17444444444444446
PlayersTableModel2:0.14
PlayersTableCellRenderer2:0.043333333333333335
