DatabaseHandler:0.4766666666666667
DefaultQueryHandler:0.4666666666666667
Environment:0.4633333333333333
DB2QueryHandler:0.24333333333333335
DatabaseUpgrades:0.17
