WxCpMessageHandler:0.45166666666666666
WxMpMessageHandler:0.45166666666666666
WxCpMessageRouter:0.29333333333333333
Rule:0.26
InternalSessionFacade:0.25083333333333335
WxMpMessageRouter:0.25
SessionImpl:0.21333333333333335
InternalSessionManager:0.20833333333333334
WxMpMessageRouterTest:0.11
WxCpMessageRouterTest:0.11
WxMpDemoServer:0.09666666666666666
WxCpDemoServer:0.09
WxMpMessageInterceptor:0.09
WxCpMessageInterceptor:0.09
WxEchoCpMessageHandler:0.043333333333333335
WxEchoMpMessageHandler:0.043333333333333335
