Meta:0.8205555555555555
MetaImpl:0.35333333333333333
InformationSchemaMetaImpl:0.33
