Preferences:0.5733333333333334
SearchForUpdates:0.3933333333333333
ISphereUpdates:0.31
