InMemoryJoinHash:0.5333333333333333
PagesIndex:0.4066666666666667
LookupSourceFactory:0.29333333333333333
JoinCompiler:0.16333333333333333
JoinFilterFunctionFactory:0.07611111111111112
