IDbDialect:0.6646666666666667
AbstractDbDialect:0.48333333333333334
SimpleIntegrationTest:0.2833333333333333
DataLoaderServiceTest:0.27476190476190476
AbstractIntegrationTest:0.23666666666666666
AbstractDatabaseTest:0.18333333333333332
AbstractTest:0.17
