SenderChannel:0.5333333333333333
BasicBufferManagementStrategy:0.3433333333333333
MediaDriverAdminThread:0.33666666666666667
SenderThread:0.1625
BufferManagementStrategy:0.12416666666666666
