CommunicationsStub:0.49666666666666665
LocalQueryLightImpl:0.2733333333333333
Constants:0.26777777777777784
Cache:0.26
ClassNodeWidget:0.21
AttributePinWidget:0.19166666666666668
ConnectionWizardWizardPanel1:0.18666666666666668
LocalQueryImpl:0.18
PhysicalConnectionProvider:0.13666666666666666
QueryBuilderService:0.12666666666666668
NavigationTreeService:0.12
SwitchClassNodeWidgetFilterAction:0.11333333333333333
