Lifecycle:0.8666666666666667
LifecycleJAXBTasks:0.2833333333333333
