QueryLabelProvider:0.4
BiomartQueryEditor:0.36333333333333334
FiltersPage:0.35
AttributesPage:0.27666666666666667
ValueEditingSupport:0.18666666666666668
ConnectionTest:0.09
IBiomartEditorPage:0.03
