SharedProject:0.49666666666666665
TimedActivity:0.4533333333333333
ActivityQueue:0.24444444444444446
ActivitySequencer:0.24
ActivityQueuesManager:0.15555555555555556
