ViewDockable:0.6022222222222222
ToolBar:0.42380555555555555
Tools:0.4166666666666667
