JCell:0.6633333333333333
JVertex:0.62
JGraph:0.44
JModel:0.2633333333333333
AJCell:0.23666666666666666
AJVertex:0.22666666666666666
StateDisplay:0.22333333333333333
LayoutAction:0.2038888888888889
AbstractLayouter:0.16
