WebUrlUtil:0.5633333333333334
WebKeys:0.5496507936507937
GwtViewHelper:0.36666666666666664
ReadFileController:0.33444444444444443
