AbstractJdbcExpert:0.2833333333333333
HttpTest:0.20666666666666667
OracleJdbcExpert:0.17666666666666667
Db2JdbcExpert:0.16
MysqlJdbcExpert:0.16
PsqlJdbcExpert:0.16
DerbyJdbcExpert:0.16
Sqlserver2005JdbcExpert:0.16
GBaseJdbcExpert:0.16
HsqldbJdbcExpert:0.16
SQLiteJdbcExpert:0.13
