MvcView:0.5166666666666667
MvcViewTests:0.2833333333333333
BindBean:0.2833333333333333
RequestParameterExpression:0.22
NestedBean:0.16333333333333333
