BackendBean:0.45666666666666667
BackendBeanRemote:0.39666666666666667
KuwaibaWebservice:0.34
PhysicalContainerNodeAdapter:0.3333333333333333
ConfigurationItem:0.25333333333333335
ViewableObject:0.19333333333333333
DefaultView:0.06333333333333334
ObjectViewAdapter:0.012222222222222223
