EditorManager:0.53
Util:0.33666666666666667
EditorAPI:0.3
ActivitySequencer:0.29
OutgoingInvitationProcess:0.26666666666666666
