AtomPlacer:0.36
AbstractRenderer2D:0.29
AbstractController2D:0.2866666666666667
StructureDiagramGeneratorTest:0.26
MDLV2000ReaderTest:0.25083333333333335
PharmacophoreMatcher:0.25
WWMMatrixReader:0.24555555555555553
GeometryToolsTest:0.22333333333333333
ArrowRenderer2D:0.19666666666666666
DataFeaturesTool:0.1
