MapConfig:0.7930555555555554
SortedHashMap:0.4033333333333333
CMap:0.38666666666666666
Config:0.35333333333333333
