CreoleRegister:0.6333333333333333
MainFrame:0.5433333333333333
CreoleRegisterImpl:0.455
SinglePhaseTransducer:0.3233333333333333
