ExportHelper:0.59
DefinitionModuleImpl:0.43333333333333335
ExportImportController:0.13477777777777777
