HighLevelEncodeTestCase:0.6027777777777777
C40Encoder:0.24
X12Encoder:0.20666666666666667
Base256Encoder:0.19666666666666666
