Repartition:0.64
OpenSVGGraph:0.4066666666666667
CorporaView:0.37666666666666665
ComputeRepartition:0.18444444444444444
VocabularyToConcordance:0.16
