FolderUtils:0.4633333333333333
AbstractEntryProcessor:0.4066666666666667
AjaxController:0.27666666666666667
Problem:0.25
AbstractFolderCoreProcessor:0.22666666666666666
WebKeys:0.22033333333333333
AddEntryController:0.15666666666666668
