NonLinearIntegerExpression:0.6586666666666667
PathCondition:0.43333333333333335
NonLinearIntegerConstraint:0.37333333333333335
SymbolicConstraintsChoco:0.35333333333333333
LinearIntegerConstraint:0.14333333333333334
