ShareResource:0.41333333333333333
BinderChange:0.34
ShareItem:0.33
DefinableEntity:0.33
AuditTrail:0.29444444444444445
ResourceUtil:0.24
BinderModuleImpl:0.2
AbstractResource:0.19
Pair:0.056666666666666664
