ClientContext:0.6133333333333333
RemoteNodeIO:0.33
PeerNodeResultSender:0.2866666666666667
