WebsocketTest:0.4633333333333333
KeyStoreHelper:0.44
HttpTLSTest:0.42333333333333334
KeyCert:0.17577777777777778
ClusteredEventBusWithSSLTest:0.16
