UserProcessor:0.49666666666666665
ArticleProcessor:0.4446666666666667
ChatRoomProcessor:0.22
