SelectorTest:0.4033333333333333
HttpConnectionTest:0.26666666666666666
TagTest:0.24333333333333335
ParserSettingsTest:0.24
CleanerTest:0.16
