Res_value:0.52
ShadowResourcesTest:0.4633333333333333
ResValue:0.2833333333333333
ShadowXmlBlock:0.25666666666666665
ResXMLTree_attribute:0.14333333333333334
XmlPullParserTest:0.14333333333333334
