MediaDTO:0.5933333333333334
MCMScuService:0.43
MediaComposerBean:0.36666666666666664
MediaBean:0.2733333333333333
