ReactMolDrawingComposite:0.78
NewAquisitionWizard:0.4583333333333333
MyAbstractObjectEditPart:0.29333333333333333
