ActionExceptionHelper:0.54
SelectFromListTag:0.2966666666666667
MultipleSelectFromListTag:0.24333333333333335
