InsertBenchmark:0.4866666666666667
SelectBenchmark:0.36
BenchmarkBase:0.3333333333333333
UpdateBenchmark:0.3
DeleteBenchmark:0.2966666666666667
