DSL:0.8633333333333333
jOOQAbstractTest:0.39
JoinTests:0.3433333333333333
