TypeLiteral:0.5233333333333333
InjectionPoint:0.3933333333333333
Factory:0.36922222222222223
MoreTypes:0.33
InjectionPointTest:0.28
AllTests:0.20333333333333334
ProviderMethodsModule:0.1788888888888889
