DriverManagerConnectionProviderImpl:0.5158333333333334
ProxoolConnectionProvider:0.4266666666666667
CoreMessageLogger:0.3822222222222222
ProxoolMessageLogger:0.24744444444444444
