PyFrozenSetDerived:0.5266666666666666
BaseSet:0.42333333333333334
PySet:0.27666666666666667
PyFrozenSet:0.27666666666666667
PySetIterator:0.26611111111111113
ConcurrentHashSet:0.11666666666666667
