Shape:0.64
MyHashMap:0.5666666666666667
Materialisation:0.4666666666666667
TestMaterialisation:0.26666666666666666
GraphNeighEquiv:0.19
ShapeJModel:0.19
