DoubanTopActivity:0.61
OneFragment:0.3433333333333333
OneRepository:0.23333333333333334
