AbstractCacheRecordStore:0.58
CacheDataRecord:0.26666666666666666
CacheObjectRecord:0.26666666666666666
