TriggerRouterService:0.47
HsqlDbSymmetricDialect:0.3433333333333333
OracleSymmetricDialect:0.29
AbstractSymmetricDialect:0.27
HsqlDb2SymmetricDialect:0.2
ISymmetricDialect:0.19583333333333333
MySqlSymmetricDialect:0.19333333333333333
AseSymmetricDialect:0.19333333333333333
MsSqlSymmetricDialect:0.19333333333333333
SqlAnywhereSymmetricDialect:0.19333333333333333
H2SymmetricDialect:0.19
PostgreSqlSymmetricDialect:0.14666666666666667
