ExtractMethodConfig:0.6166666666666667
ExtractMethodConditionChecker:0.48833333333333334
