CommandLineOptions:0.7666666666666667
JOptSimpleCommandLineOptionsParserTests:0.36333333333333334
DiscoveryRequestCreatorTests:0.25333333333333335
AvailableOptions:0.20333333333333334
