ModelViewGenerator:0.33666666666666667
AbstractDomainObject:0.25666666666666665
QuerySelectInit:0.20666666666666667
QuerySelectDistinctInit:0.20666666666666667
DataAccessObjectUtils:0.12
QueryWhatInit:0.065
QueryBlankInit:0.04666666666666667
QuerySelectCountInit:0.03333333333333333
