MultibinderTest:0.5266666666666666
Multibinder:0.36666666666666664
RealMultibinder:0.28
SpiUtils:0.19
