Value:0.65
OOITBuilder:0.3933333333333333
Interpreter:0.29333333333333333
CommCore:0.25
CommListenerFactory:0.24672222222222218
JolieClassLoader:0.16666666666666666
OutputPort:0.16
CommListener:0.16
SocketListener:0.056666666666666664
PipeListener:0.02
SocketListenerFactory:0.006666666666666667
