MustacheScriptEngineService:0.48333333333333334
MustacheScriptEngineTests:0.33666666666666667
JsonEscapingMustacheFactory:0.25499999999999995
MustacheTests:0.09333333333333334
