MapperMurmur3RestIT:0.06666666666666667
MapperSizeRestIT:0.06666666666666667
CloudGCERestIT:0.06666666666666667
AnalysisPhoneticRestIT:0.06666666666666667
DeleteByQueryRestIT:0.06666666666666667
CloudAzureRestIT:0.06666666666666667
RepositoryS3RestIT:0.06666666666666667
DiscoveryEc2RestIT:0.06666666666666667
LangJavaScriptRestIT:0.06666666666666667
LangPythonScriptRestIT:0.06666666666666667
AnalysisKuromojiRestIT:0.06666666666666667
MulticastDiscoveryRestIT:0.06666666666666667
AnalysisPolishRestIT:0.06666666666666667
AnalysisSmartChineseRestIT:0.06666666666666667
AnalysisICURestIT:0.06666666666666667
JvmExampleRestIT:0.06666666666666667
