Table:0.49666666666666665
BaseTableLayout:0.46
FlickScrollPane:0.41194444444444445
FlickScrollPaneTest:0.15666666666666668
