DefaultStepFactoryBean:0.6033333333333334
BatchListenerFactoryHelper:0.5166666666666667
DefaultStepFactoryBeanTests:0.34
