Window:0.6291666666666667
JavaScriptEngineTest:0.2633333333333333
WindowTest:0.14
CountingJavaScriptEngine:0.13333333333333333
