Toolbar:0.43
Datepicker:0.37333333333333335
BuildDefinitionDivs:0.29
SAbstractForumController:0.22666666666666666
WorkflowUtils:0.16
