CommandLineOptions:0.59
OpenGrokLogger:0.3566666666666667
Indexer:0.24666666666666667
