ConfigAttributeEditorTests:0.5466666666666666
ConfigAttributeEditor:0.48111111111111116
