FilePool:0.44333333333333336
SimpleFilePool:0.23
NutFilePool:0.17666666666666667
