Rewriter:0.64
ClassConverter:0.4766666666666667
RewriterTest:0.38666666666666666
