PluginInfo:0.42333333333333334
RaptorPlugin:0.4033333333333333
RaptorConnectorFactory:0.3433333333333333
