WorkspaceResource:0.5566666666666666
WebdavResource:0.39666666666666667
FolderResource:0.26
