Dictionary:0.6166666666666667
SWMCQueryBuilder:0.13333333333333333
Monitor:0.11833333333333333
Sleep:0.1
IKAnalzyerDemo:0.1
LuceneIndexAndSearchDemo:0.1
