DeleteWarmerRequest:0.45166666666666666
PutWarmerRequest:0.45
AcknowledgedRequest:0.28
PutWarmerResponse:0.19
DeleteWarmerResponse:0.19
AcknowledgedResponse:0.17333333333333334
