ConstructBuildingMeta:0.31
DigLocalIceMeta:0.22
DigLocalRegolithMeta:0.20333333333333334
SalvageBuildingMeta:0.18333333333333332
UnloadVehicleEVAMeta:0.13333333333333333
MaintenanceEVAMeta:0.13333333333333333
LoadVehicleEVAMeta:0.13333333333333333
