LateralJoinNode:0.47333333333333333
PlanBuilder:0.30333333333333334
Rewriter:0.27666666666666667
SubqueryPlanner:0.26666666666666666
TransformExistsApplyToLateralNode:0.12666666666666668
