GestureDetector:0.5966666666666667
ActorGestureListener:0.5366666666666666
Scene2dTest:0.3933333333333333
