ViewManager:0.4633333333333333
ViewWidget:0.4066666666666667
SettingsWidget:0.27
ActionReset:0.22444444444444447
ActionApply:0.22444444444444447
ActionOpenSettings:0.1511111111111111
