WebXMLReader:0.17333333333333334
Reader:0.16833333333333333
SimpleResource:0.15666666666666668
