DATE:0.6233333333333333
VARIANT:0.6055555555555555
DATEbyReference:0.15
