ReflectionUtils:0.5966666666666667
ReflectionUtilsTests:0.44
MethodFinder:0.3284444444444445
PublicClass:0.2701111111111111
DiscoverySelectorsTests:0.24
DiscoveryRequestCreator:0.19666666666666666
