Generator:0.7833333333333333
JavaGenerator:0.35333333333333333
GeneratorWriter:0.35
GenerationTool:0.2277777777777778
JavaWriter:0.20333333333333334
AbstractGenerator:0.19666666666666666
