ProofFinder:0.5166666666666667
SimpleProofFinderExecutor:0.38
Substitute:0.36
ProofFinderImpl2:0.2966666666666667
ProofFinderImpl:0.2966666666666667
SubstituteBase:0.11277777777777777
ProofException:0.06
FinderErrors:0.03631746031746032
ProofNotFoundException:0.023333333333333334
ProofFoundException:0.023055555555555555
