TaskFormTag:0.6627777777777778
WFFormTag:0.37666666666666665
