ResourceIndexIntegrationTest:0.42333333333333334
MockManagementDelegateForJournalTesting:0.41333333333333333
ResourceIndexAddDelDissIntegrationTest:0.38
TestAPIM:0.35400000000000004
MockRepositoryReader:0.3286666666666667
ResourceIndexModDissIntegrationTest:0.32816666666666666
