LocalExecutionPlanner:0.47
TestingPrestoServer:0.4166666666666667
TestJsonTableHandle:0.35333333333333333
MetadataUtil:0.28
LocalQueryRunner:0.265
TestDriver:0.25333333333333335
TestDistributedQueries:0.24333333333333335
CoordinatorModule:0.22333333333333333
RebindSafeMBeanServer:0.21333333333333335
ServerMainModule:0.21333333333333335
BenchmarkQueryRunner:0.18666666666666668
TestDistributedQueriesIndexed:0.18333333333333332
PrestoNode:0.15577777777777777
TestSqlTaskManager:0.13666666666666666
TestSqlTaskExecution:0.11666666666666667
DropTableExecutionFactory:0.04666666666666667
