TcpIpConnectionManager:0.47
IOService:0.44116666666666665
TcpIpConnection:0.38333333333333336
WriteHandler:0.3466666666666667
NodeIOService:0.2866666666666667
SocketAcceptor:0.2633333333333333
ReadHandler:0.25
SocketConnector:0.22444444444444447
AbstractSelectionHandler:0.06333333333333334
