CruiseControlTagSupport:0.78
StatusHelper:0.4633333333333333
CruiseControlTagSupportTest:0.3233333333333333
StatusHelperTest:0.22
