ColorThemingStylePanel:0.38666666666666666
ColorThemingStyle:0.35
ColorThemingTableModel:0.3466666666666667
RangeColorThemingState:0.25666666666666665
DiscreteColorThemingState:0.25333333333333335
OKCancelPanel:0.22111111111111115
AttributeMapping:0.18
ColorThemingValue:0.15333333333333332
LayerTreeModel:0.10666666666666667
