JCPCellPainter:0.6713888888888889
IRenderer2DConfigurator:0.3830555555555556
