DrawableSeqFeature:0.6866666666666666
DrawableFeatureSet:0.3933333333333333
FeatureView:0.33666666666666667
DetailInfo:0.31333333333333335
AnnotationView:0.23666666666666666
FeatureTreePanel:0.22333333333333333
GAMEAdapter:0.20583333333333337
