BSONBinaryWriter:0.8372222222222222
BSONBinaryWriterTest:0.3933333333333333
