AbstractTestQueries:0.5444444444444444
FunctionRegistry:0.30666666666666664
TestWindowOperator:0.15666666666666668
TestWindowFunctions:0.14
