style:0.5040555555555557
attr:0.5040555555555557
XmlResourceParserImpl:0.35333333333333333
XmlResourceParserImplTest:0.26666666666666666
AttributeSetBuilderTest:0.20333333333333334
ShadowThemeTest:0.18
