Variable:0.6166666666666667
ParContentProvider:0.44333333333333336
VariableEditorPage:0.19333333333333333
VariableFormatRegistry:0.1791666666666667
SwimlaneEditorPage:0.15916666666666668
RemoveAttributeSelectionListener:0.14333333333333334
