AzureStorageSettings:0.5566666666666666
Storage:0.416984126984127
AzureStorageServiceImpl:0.4066666666666667
AzureStorageServiceTest:0.11666666666666667
