Protocol:0.54
HttpProtocol:0.4266666666666667
UpgradeCallback:0.25666666666666665
