ConnectionSettings:0.5566666666666666
ConnectionDescriptor:0.2733333333333333
ManagementNode:0.24666666666666667
JBossInstall:0.23333333333333334
ConnectAction:0.23
JBossLoader:0.14333333333333334
