CVS:0.5166666666666667
CVSTest:0.3466666666666667
ModificationSet:0.3
ModificationSetTest:0.25666666666666665
