AbstractFieldDataImplTests:0.7044444444444444
AbstractStringFieldDataTests:0.28583333333333333
AbstractRandomAccessOrds:0.2833333333333333
