InstallOptions:0.47333333333333333
Distribution:0.3131111111111111
Database:0.2733333333333333
FieldSearchResultSQLImpl:0.25
DDLConverter:0.22888888888888886
FedoraHome:0.2225
Installer:0.20333333333333334
ConnectionPool:0.2
McKoiDDLConverter:0.15333333333333332
PostgresDDLConverter:0.10666666666666667
OracleDDLConverter:0.10666666666666667
MySQLDDLConverter:0.09333333333333334
DerbyDDLConverterIntegrationTest:0.09333333333333334
DerbyDDLConverter:0.06666666666666667
AllIntegrationTests:0.05
MockTableSpec:0.028888888888888895
