jq_Class:0.48
jq_Member:0.4166666666666667
jq_Type:0.3466666666666667
jq_Field:0.32
jq_Method:0.2855555555555555
