Function:0.49
Context:0.37333333333333335
TestModule:0.31333333333333335
ImplementationSymbolVisitor:0.25333333333333335
EvaluatingNormalizer:0.23666666666666666
Routing:0.21666666666666667
RemoteCollectTask:0.19
LocalDataCollectOperation:0.19
LocalDataCollectorTest:0.18555555555555558
SimpleShardCollector:0.17722222222222223
TestGlobalSysExpressions:0.10666666666666667
