NodeOptions:0.508611111111111
AlignNodeOptions:0.49
NodeLayout:0.44333333333333336
DefaultNodeOptions:0.12333333333333334
