WebClientTest:0.5991666666666666
CSSStyleSheet:0.5716666666666667
XMLHttpRequestTest:0.4266666666666667
