UserDao:0.6854603174603175
User:0.5466666666666666
UserDaoImpl:0.32
UpperCaseMd5PasswordEncoder:0.15055555555555558
Authentication:0.06555555555555556
UserDaoImplTest:0.03333333333333333
OpenNMSUserDaoImpl:0.03
AuthenticationIntegrationTest:0.02
OpenNMSUserDaoImplTest:0.02
UpperCaseMd5PasswordEncoderTest:0.0
