XContentGenerator:0.4533333333333333
ParsedStatement:0.31666666666666665
TransportSQLActionTest:0.25
QueryVisitor:0.2141111111111111
InsertVisitor:0.20111111111111113
QueryVisitorTest:0.19666666666666666
