TypeLabel:0.5333333333333333
Sharp:0.3933333333333333
AbstractLabel:0.32
Wildcard:0.31333333333333335
RuleLabel:0.3
AspectLabel:0.28833333333333333
LabelStore:0.2866666666666667
RegExpr:0.2633333333333333
GraphJVertex:0.21666666666666667
LabelVar:0.21333333333333335
RelabelDialog:0.21333333333333335
MatrixAutomaton:0.21333333333333335
AutomatonTest:0.20333333333333334
TypeNode:0.2
TypeGraph:0.19
TypeFactory:0.18
TypeEdge:0.1761111111111111
HostEdge:0.17277777777777778
RegAutCalculator:0.15666666666666668
AspectParser:0.15333333333333332
AntlrGrapher:0.11666666666666667
ColConverter:0.11666666666666667
MyTransferHandler:0.11333333333333333
RuleEdge:0.08333333333333333
