AcceptorPolicy:0.45261111111111113
DcmRcv:0.42333333333333334
AcceptorPolicyImpl:0.4033333333333333
DcmImageReader:0.27666666666666667
AAssociateRQAC:0.26916666666666667
FsmImpl:0.23333333333333334
AAssociateRQACImpl:0.23
ColorModelFactoryImpl:0.15
