MessageDispatcher:0.7066666666666667
Telegram:0.5727142857142856
