ActiveXObject:0.66
XMLDocument:0.59
DOMImplementation:0.25666666666666665
XMLDocumentTest:0.10666666666666667
