AnnotatedAction:0.5430555555555556
MultiAction:0.5133333333333333
AbstractFlowBuilder:0.43
XmlFlowBuilder:0.27666666666666667
AbstractBeanInvokingAction:0.20333333333333334
DefaultActionExecuteMethodKeyResolver:0.17
