Workbench:0.5966666666666667
ActionOpen:0.37
StatusBar:0.3566666666666667
Menu:0.32
ActionSave:0.29333333333333333
ActionNew:0.29333333333333333
ActionClose:0.25333333333333335
ActionExit:0.25333333333333335
ContextHook:0.18666666666666668
LayoutPlugin:0.12333333333333334
Toolbar:0.08666666666666667
ActionAbout:0.013333333333333334
ActionOptions:0.006666666666666667
ActionLog:0.0033333333333333335
