NutResource:0.65
Scans:0.39
PropertiesProxy:0.35
FileResource:0.24333333333333335
JsonLoader:0.17666666666666667
