Euler:0.9066666666666666
EulerRunner:0.18666666666666668
