TestClass:0.56
TestWithNonStaticClassRule:0.3819047619047619
TestClassTest:0.13333333333333333
ParentRunnerTest:0.12333333333333334
