ClickableElementTest:0.36666666666666664
HtmlAnchorTest:0.3233333333333333
HtmlNoScriptTest:0.31
HtmlInlineFrameTest:0.30666666666666664
HtmlSubmitInputTest:0.30666666666666664
HtmlFrame2Test:0.2733333333333333
HtmlAnchor2Test:0.25
MalformedHtmlTest:0.21333333333333335
HtmlPasswordInputTest:0.17333333333333334
HtmlHiddenInputTest:0.06666666666666667
HtmlSubmitInput2Test:0.04
HtmlNoScript2Test:0.01
HtmlInlineFrame2Test:0.009166666666666667
HtmlHiddenInput2Test:0.006666666666666667
ClickableElement2Test:0.006666666666666667
MalformedHtml2Test:0.0033333333333333335
HtmlPasswordInput2Test:0.0
