WordAlert:0.5
Analysis:0.42
SplitWord:0.32
GetWordsImpl:0.2833333333333333
TestError:0.14333333333333334
Test:0.14
