HttpProtocol:0.4866666666666667
MultiPartFormDataParser:0.32
PartProperties:0.21333333333333335
Parameters:0.04666666666666667
