RenderState:0.7833333333333333
GLDisplay:0.42333333333333334
WireframeCanvas:0.36
GLSLVolumeBuilder:0.33666666666666667
GL20DisplayVisitor:0.2733333333333333
VolumeBuilder:0.23666666666666666
PointCloud:0.21
