DetectInfo:0.5188888888888888
StepFactory:0.46388888888888885
AbstractVirtualMachine:0.31333333333333335
