SpdyStream:0.36333333333333334
SpdySource:0.24111111111111114
SpdyDataSink:0.23333333333333334
HttpOverSpdyTest:0.21666666666666667
SpdyDataSource:0.21
SpdyTransport:0.18666666666666668
SpdyConnectionTest:0.13666666666666666
SpdyTimeout:0.0
