Metadata:0.7166666666666667
PlanVisitor:0.26
MetadataManager:0.23333333333333334
RaptorMetadata:0.22
Fragmenter:0.20333333333333334
Visitor:0.19666666666666666
PlanOptimizersFactory:0.19
ConnectorMetadata:0.18666666666666668
ClassLoaderSafeConnectorMetadata:0.14333333333333334
