AudioPlayer:0.43333333333333335
AudioDecoder:0.32666666666666666
AudioReceiverAction:0.22666666666666666
AudioEncoder:0.18
