Utils:0.8666666666666667
SelectQueryImpl:0.36333333333333334
InsertQueryImpl:0.24666666666666667
