LandingPageProperties:0.39
LandingPagePropertiesDlgBox:0.3433333333333333
GwtTeamingMessages:0.31666666666666665
GwtServerHelper:0.2
ColorCtrl:0.15
VibeGlassPanel:0.008981481481481483
