AbstractFlowBuilder:0.6474444444444445
DefaultFlowAttributeMapper:0.3293333333333333
