Robolectric:0.5566666666666666
ShadowView:0.4533333333333333
ViewTest:0.29333333333333333
ShadowTextView:0.16833333333333333
TestOnEditorActionListener:0.11166666666666666
ShadowActivityGroup:0.04666666666666667
TextViewTest:0.023333333333333334
