PLutPanel:0.5166666666666667
ImagePanel:0.36666666666666664
PLutGUIPanel:0.35333333333333333
PLutGUIFrame:0.28
