WebSocketClient:0.6166666666666667
FragmentedFramesExample:0.2677777777777778
ExampleClient:0.2633333333333333
ChatServer:0.23
ServerRejectHandshakeExample:0.1877777777777778
