Messages:0.8666666666666667
VocabularyEditor:0.30333333333333334
CorporaView:0.2633333333333333
Referencer:0.23194444444444448
ReferencerEditor:0.2
ComplexSubcorpusPanel:0.16444444444444445
ViewPropertySelectionDialog:0.16333333333333333
ExportPreferencePage:0.15666666666666668
QueryItem:0.15
ExecuteScriptImport:0.14666666666666667
ComputeFrequencyList:0.11
ImportSelectedText:0.09
