AdminModule:0.72
AbstractZoneModule:0.4
DefinitionModuleImpl:0.37333333333333335
AbstractAdminModule:0.24666666666666667
ObjectKeys:0.22033333333333333
ImportDefinitionController:0.13
