MultiInputDialog:0.5033333333333333
MultiInputDialogInfoPanel:0.33666666666666667
DualPaneInputDialog:0.27
ValidateSelectedLayersPlugIn:0.2175
AffineTransformationPlugIn:0.18666666666666668
AbstractMultiInputDialog:0.17333333333333334
MultiTabInputDialog:0.08944444444444445
AttributeTypeFilter:0.06666666666666667
MultiInputDialogConsole:0.06333333333333334
