Euler:0.7266666666666667
Data:0.26111111111111107
