GwtRpcService:0.49366666666666664
ActivityStreamParams:0.42
GwtActivityStreamHelper:0.37333333333333335
GwtRpcServiceImpl:0.36333333333333334
GwtRpcServiceAsync:0.27166666666666667
ASSearchResults:0.01
