ParameterConstants:0.8033333333333333
FileSyncService:0.5633333333333334
AbstractSymmetricEngine:0.36666666666666664
NodeCommunicationService:0.27444444444444444
IFileSyncService:0.2
FileSyncPushJob:0.17666666666666667
FileSyncPullJob:0.17666666666666667
FileSyncBatchDataWriter:0.16333333333333333
