Robolectric:0.59
ShadowContentResolver:0.31333333333333335
ShadowMediaStore:0.12666666666666668
Reflection:0.12
