FetchProjection:0.5233333333333333
PlannerTest:0.38333333333333336
NodeFetchRequest:0.31
FetchProjector:0.31
NodeFetchOperation:0.19333333333333333
TransportExecutorTest:0.19333333333333333
FetchOperationIntegrationTest:0.17
FetchProjectorTest:0.14
NodeFetchOperationTest:0.13
