KeyRing:0.66
KeyRingPreferencePage:0.3
PassWordPromptDialog:0.20666666666666667
CreateSuperUserDialog:0.19
LoginAction:0.14666666666666667
KeyRingLoginDialog:0.14333333333333334
EditSuperUserDialog:0.11333333333333333
