AspectValue:0.7533333333333333
ContentAspectValue:0.48444444444444446
AspectParser:0.31666666666666665
