WindowsSysImplementation:0.6369444444444444
LinuxSysImplementation:0.44
MacOSXSysImplementation:0.29333333333333333
