LdapModuleImpl:0.5633333333333334
ObjectKeys:0.33644444444444443
ConfigureLdapController:0.2733333333333333
UserCoordinator:0.26555555555555554
WebKeys:0.01
