Aspect:0.5266666666666666
JModel:0.38
JEdgeLayout:0.31666666666666665
Simulator:0.31666666666666665
AbstractAspect:0.22666666666666666
RefreshListener:0.22
LayedOutXml:0.20666666666666667
StatePanel:0.20333333333333334
NamedAspectValue:0.17999999999999997
RulePanel:0.17333333333333334
NestingAspect:0.10333333333333333
AttributeAspect:0.07333333333333333
NumberedAspectValue:0.04666666666666667
OperationLabelParser:0.043333333333333335
NumberLabelParser:0.0033333333333333335
