PeakTableViewer:0.7416666666666667
SpectrumUtils:0.5977777777777779
