QSARRModelTests:0.533611111111111
MlibiocmlTests:0.42333333333333334
MextraTests:0.13777777777777778
