RegisteredService:0.8066666666666666
AbstractServicesManager:0.31666666666666665
OAuth20Utils:0.2833333333333333
AbstractRegisteredService:0.21
OAuthRegisteredService:0.2
OidcRegisteredService:0.19666666666666666
OAuth20ClientAuthenticator:0.18333333333333332
SamlRegisteredService:0.14333333333333334
AbstractRegisteredServiceTests:0.13
OAuthRegisteredServiceTests:0.09333333333333334
