CommonConfiguration:0.5433333333333333
FrameworkConfiguration:0.3433333333333333
ARINC661App:0.3233333333333333
