MissedShow2:0.569555315055315
MissedShow1:0.569555315055315
Platform:0.3333333333333333
EventWatcher:0.3177777777777778
ComponentTestFixture:0.31
BugTest:0.29
AbstractSemanticRecorderFixture:0.26
NamedTimerTest:0.2519444444444444
AbstractRecorderFixture:0.22333333333333333
ComponentTestFixtureTest:0.20666666666666667
WindowTrackerTest:0.2
OSXTest:0.18166666666666667
ExceptionCatcher:0.18
ResolverFixture:0.06
RobotVerifier:0.023333333333333334
