ItemOrientedStepTests:0.42333333333333334
ItemOrientedStep:0.39666666666666667
FatalException:0.28
CommitException:0.20666666666666667
