EndLine:0.43666666666666665
Dot:0.3933333333333333
MozillaTestGenerator:0.2966666666666667
BeginLine:0.25333333333333335
CharacterClass:0.15333333333333332
Everything:0.1
Compile:0.016666666666666666
