PubSubConnectionEntry:0.38333333333333336
RTopic:0.2678730158730158
PubSubPatternMessageListener:0.23
PubSubMessageListener:0.23
RedissonTopicTest:0.16
RPatternTopic:0.15833333333333333
RedissonTopic:0.11
RedissonPatternTopic:0.05333333333333334
