BackupAlg:0.6666666666666666
CodeSurvey:0.4533333333333333
