Failure:0.5633333333333334
Success:0.445
TryTest:0.33666666666666667
Try:0.18805555555555556
CheckedConsumer:0.07611111111111112
