TermHelper:0.5733333333333334
DriverConnectedSubscription:0.31666666666666665
Publication:0.27666666666666667
