Edge:0.71
AbstractGraph:0.2833333333333333
AspectJEdge:0.27666666666666667
AbstractEdge:0.24666666666666667
GraphTest:0.24666666666666667
GraphShapeCache:0.23666666666666666
GraphJModel:0.23666666666666666
MatrixAutomaton:0.23
Edge2SearchItem:0.21
RichDeltaGraph:0.21
SwingTarget:0.20666666666666667
NewDeltaGraph:0.20333333333333334
AspectJModel:0.2
BinaryEdgeTest:0.2
PlanData:0.19666666666666666
GraphJEdge:0.19666666666666666
NodeTypeSearchItem:0.1880952380952381
ControlJModel:0.18333333333333332
LTSJModel:0.18
AbstrGraphCreator:0.14
GraphCreationTest:0.13833333333333334
VarEdgeSearchItem:0.13142857142857142
RegExprEdgeSearchItem:0.11
TransitionJEdge:0.08666666666666667
WildcardEdgeSearchItem:0.06833333333333333
DataTarget:0.043333333333333335
NodeEdgeHashMap:0.043333333333333335
Edge2MultipleRecord:0.043333333333333335
