BroadcasterCache:0.6633333333333333
BroadcasterConfig:0.40222222222222226
UUIDBroadcasterCache:0.38
BroadcasterCacheTest:0.34
AbstractBroadcasterCache:0.2866666666666667
UUIDBroadcasterCacheTest:0.16666666666666666
DefaultBroadcasterCache:0.09805555555555555
