Renderer2D:0.5133333333333333
JChemPaintPanel:0.44333333333333336
JChemPaintEditorPanel:0.3566666666666667
AppCloser:0.11111111111111109
ReallyPaintPanel:0.04
