CreateAlterTableStatementAnalyzerTest:0.43333333333333335
TimestampType:0.2964285714285714
ExtractFunctionResolver:0.2796111111111111
ShowIntegrationTest:0.2733333333333333
TypeConversionTest:0.25333333333333335
LongType:0.23633333333333334
TypeInferenceTest:0.18333333333333332
ExtractFunctions:0.18
