ConfigurationFactoryTest:0.6427777777777778
JacksonMessageBodyProviderTest:0.4766666666666667
JsonProcessingExceptionMapper:0.37666666666666665
