Server:0.4422222222222223
Supervisor:0.44
Message:0.41
LocalGenServer:0.3
GenServerTest:0.2733333333333333
LocalGenEvent:0.21
SupervisorTest:0.135
RequestReplyHelper:0.12916666666666668
