KrbSupportResources:0.30333333333333334
TabHeaderResource:0.09
Resources:0.09
NTLMSupportResources:0.09
MainPageResources:0.08666666666666667
