ConfigurationProcessorTests:0.4066666666666667
AspectJConfigurationProcessorTests:0.39
SpringAopConfigurationProcessorTests:0.19666666666666666
AspectTests:0.14666666666666667
Sjc57Tests:0.13
