JavaScriptConfiguration:0.48
ClassConfiguration:0.46
BrowserVersion:0.4166666666666667
SimpleScriptable:0.36333333333333334
ClickableElementTest:0.27666666666666667
JavaScriptEngineTest:0.20666666666666667
JavaScriptConfigurationTest:0.05
ClassConfigurationTest:0.05
LocalTest:0.023333333333333334
