IngestActionFilter:0.9266666666666666
IngestActionFilterTests:0.2633333333333333
