TestQueries:0.47333333333333333
Visitor:0.2866666666666667
Input:0.26
SourceHashProviderFactory:0.241
LocalExecutionPlanner:0.23333333333333334
PhysicalOperation:0.03666666666666667
IdentityProjectionInfo:0.02666666666666667
