SQLiteDatabaseTest:0.55
ShadowAbstractCursor:0.3383333333333333
AbstractCursorTest:0.27666666666666667
