VectorClock:0.49666666666666665
ReplicatedMapTest:0.3433333333333333
ReplicatedRecord:0.34
WatchedOperationExecutor:0.22333333333333333
ReplicationPublisher:0.22333333333333333
AbstractReplicatedRecordStore:0.21666666666666667
RemoteProvisionTask:0.19444444444444445
