EditorManager:0.6022222222222223
ChangeColorManager:0.32
ChangeColorActivityDataObject:0.30333333333333334
ChangeColorAction:0.23666666666666666
