JobParametersFactory:0.5633333333333334
JobParametersBuilderTests:0.3433333333333333
DefaultJobParametersFactoryTests:0.15666666666666668
