JCPToolBar:0.5466666666666666
JCPMenuTextMaker:0.5066666666666667
