Asset:0.595
TrapQueueProcessor:0.36
EventWriter:0.27566666666666667
NrpeMonitor:0.15333333333333332
NsclientPlugin:0.15333333333333332
NrpePlugin:0.12666666666666668
NsclientMonitor:0.03
