Markdowns:0.6266666666666667
UserQueryService:0.3566666666666667
ArticleProcessor:0.25666666666666665
CommentQueryService:0.23333333333333334
UserBlockCheck:0.19333333333333333
CommentNotifier:0.18694444444444444
MarkdownsTestCase:0.1755
PointTransferValidation:0.1
