Validator:0.49
MessageDescriptionDetail:0.30666666666666664
ISphereSpooledFiles:0.18666666666666668
ISphereLibrary:0.17222222222222225
FieldFormatDetail:0.15666666666666668
BindingDirectoryEntryDetail:0.15333333333333332
DecimalDataAreaEditorDelegate:0.12333333333333334
