Robot:0.6466666666666666
ListTester:0.27666666666666667
