ClientNearCache:0.43333333333333335
ClientMapProxy:0.41
ClientClusterServiceImpl:0.33
ListenerSupport:0.32666666666666666
