Grammar:0.5666666666666667
NFABuilder:0.4
ParserNFAFactory:0.37666666666666665
FASerializer:0.24666666666666667
BaseTest:0.22333333333333333
DFA7:0.16666666666666666
Target:0.08333333333333333
DFA11:0.02666666666666667
DFA8:0.02666666666666667
DFA18:0.02666666666666667
RuleStopState:0.016666666666666666
LexerNFAFactory:0.01
