Entity:0.7666666666666667
Property:0.5116666666666667
Fam:0.37666666666666665
Indi:0.37
TagPath:0.35
PropertyForeignXRef:0.32666666666666666
Note:0.23333333333333334
Submitter:0.23
PropertyNote:0.21
PropertyMedia:0.21
PropertySubmitter:0.20333333333333334
GedcomWriter:0.19
Media:0.19
PropertyTree:0.17333333333333334
PropertyAssociation:0.16666666666666666
Source:0.16666666666666666
PropertyXRef:0.16666666666666666
Repository:0.16666666666666666
PropertyRepository:0.15333333333333332
PropertySource:0.14
CreateRelationship:0.11333333333333333
LinkedBy:0.056666666666666664
ChildOf:0.04666666666666667
AssociatedWith:0.04666666666666667
ParentOf:0.04666666666666667
SpouseOf:0.04666666666666667
ParentIn:0.04666666666666667
SiblingOf:0.04666666666666667
ChildIn:0.04666666666666667
