GeonetWorkReusableAnalyzerBase:0.8233333333333334
GeoNetworkAnalyzer:0.4522222222222223
