InstallerWebappTest:0.5533333333333333
InstallerJniTest:0.48
InstallerSQLTest:0.38666666666666666
DbTest:0.35
