Generator:0.48333333333333334
ParserTestMethod:0.29
TestFile:0.27666666666666667
CompositeParserTestMethod:0.18333333333333332
