ValidationAction:0.6855555555555555
RangeValidatorSupport:0.3466666666666667
FieldValidatorSupport:0.22333333333333333
IntRangeFieldValidatorTest:0.18666666666666668
