OrderedFilterDecorator:0.5583333333333333
SpringSecurityFilter:0.4033333333333333
AntUrlPathMatcher:0.38333333333333336
