SystemTestBase:0.34
JobListCommand:0.29
ZooKeeperUpdatingPersistentDirectoryTest:0.24666666666666667
PersistentPathChildrenCacheTest:0.22666666666666666
ZooKeeperMasterModelIntegrationTest:0.22166666666666668
ClusterDeploymentTest:0.22166666666666668
ZooKeeperHeliosFailoverTest:0.22166666666666668
QueueingHistoryWriterTest:0.20666666666666667
ZooKeeperCuratorFailoverTest:0.20666666666666667
ZooKeeperHealthCheckerTest:0.2
AgentStateDirConflictTest:0.2
ZooKeeperRestoreTest:0.16166666666666665
JobListTest:0.10666666666666667
