FilterChainProxy:0.5433333333333333
FIDSToFilterChainMapConverter:0.36
FilterChainProxyTests:0.2966666666666667
FilterChainMap:0.18333333333333332
VirtualFilterChain:0.17666666666666667
PathBasedFilterInvocationDefinitionMap:0.16111111111111112
UrlMatcher:0.15666666666666668
RegexUrlPathMatcher:0.081
RegExpBasedFilterInvocationDefinitionMap:0.07416666666666667
FilterChainMapBeanDefinitionDecorator:0.005277777777777778
AntUrlPathMatcher:0.0033333333333333335
