LossFunctions:0.6166666666666667
BaseNeuralNetwork:0.38666666666666666
ConvolutionalRBM:0.36333333333333334
BackPropOptimizer:0.22
BaseLayer:0.19722222222222222
Log:0.16
DBNTest:0.13
LossFunctionTests:0.12666666666666668
Tanh:0.1
