QueryPlanner:0.4666666666666667
PlanBuilder:0.44
TranslationMap:0.36
RelationPlanner:0.3233333333333333
