InternalEngine:0.5866666666666667
ReplicationOperation:0.38333333333333336
InternalEngineTests:0.25333333333333335
TransportShardBulkAction:0.22333333333333333
