MultiLayerNetwork:0.4716666666666667
DefaultLayerFactory:0.42
LayerFactories:0.35333333333333333
