StaxStreamXmlReader:0.27
StaxEventXmlReader:0.24666666666666667
AxiomResult:0.21333333333333335
AxiomSoapBody:0.20333333333333334
AxiomSoapHeaderElement:0.20333333333333334
AxiomSoapFaultDetailElement:0.20333333333333334
AxiomSoapFaultDetail:0.2
AxiomSoapHeader:0.18666666666666668
AxiomHandler:0.11
CopyingLexicalHandler:0.035
AbstractStaxXmlReaderTestCase:0.02666666666666667
StaxStreamPayloadEndpointTest:0.023333333333333334
AxiomHandlerTest:0.0
