Grammar:0.6233333333333333
DecisionState:0.5577777777777777
ParserATNSimulator:0.35
TestATNSerialization:0.27666666666666667
TestASTStructure:0.27
ATNSimulator:0.22444444444444447
ParserATNFactory:0.20666666666666667
ATNSerializer:0.19777777777777777
BasicSemanticChecks:0.19
