DroolsCorrelationEngine:0.6433333333333333
DroolsEngineFactoryBean:0.33666666666666667
RuleSetConfiguration:0.32
DroolsEngineFactoryBeanTest:0.2633333333333333
CorrelationRulesTestCase:0.23333333333333334
ConfigFileResourceLoader:0.1943968253968254
LocationMonitorRulesTest:0.05333333333333334
NodeParentRulesTest:0.0
