ServiceMonitor:0.7766666666666666
HttpMonitor:0.39666666666666667
MockNetworkTest:0.37333333333333335
StatusChecker:0.31666666666666665
MockMonitor:0.2683333333333333
IPv4LatencyMonitor:0.22916666666666666
IPv4Monitor:0.14
MockPollConfig:0.13
