TreeInfo:0.49
GwtRpcServiceImpl:0.3933333333333333
GwtRpcServiceAsync:0.35034523809523804
GwtRpcService:0.35034523809523804
GwtServerHelper:0.3433333333333333
MiscUtil:0.23666666666666666
WorkspaceTreeControl:0.15666666666666668
RequestInfo:0.09166666666666666
ObjectKeys:0.08333333333333333
TreeInfoComparator:0.07333333333333333
