ObjectFactory:0.4666666666666667
CommonEjbcaWSTest:0.3333333333333333
TestEjbcaWS:0.32
LocalRaAdminSessionBean:0.2833333333333333
EjbcaWS:0.26666666666666666
IEjbcaWS:0.26666666666666666
EjbRemoteHelper:0.25666666666666665
CrmfRequest:0.19666666666666666
SpkacRequest:0.19666666666666666
CreateCRL:0.08
CrmfRequestResponse:0.033650793650793646
SpkacRequestResponse:0.033650793650793646
CreateCRLResponse:0.0033333333333333335
