VocabularyClass:0.51
VocabularyClassGeneratorImpl:0.44333333333333336
Ontology:0.3333333333333333
VocabularyClassGenerator:0.3146666666666667
OntologyReader:0.27
OntProperty:0.18333333333333332
OntElement:0.17
VocabularyClassGeneratorMainTest:0.08611111111111111
OntInstance:0.04
VelocityClassWriter:0.03333333333333333
OntClass:0.03138888888888889
VocabularyClassGeneratorMain:0.03
OntologyReaderTest:0.006666666666666667
VocabularyClassGeneratorImplTest:0.0061111111111111106
VocabularyClassGeneratorMojo:0.0016666666666666668
