Create2DActionDelegate:0.41333333333333333
Create3DActionDelegate:0.41333333333333333
