ManagerImpl:0.4666666666666667
Manager:0.42333333333333334
ImmutableManagerImpl:0.30666666666666664
ImmutableManager:0.13944444444444443
UpdatableManager:0.03
UpdatableManagerImpl:0.02666666666666667
CreatableManagerImpl:0.006666666666666667
CreatableManager:0.0011111111111111111
