TestUtil:0.4287619047619048
ShadowEditTextTest:0.3433333333333333
ShadowResourcesTest:0.2966666666666667
ShadowTypedArrayTest:0.2966666666666667
ShadowContextTest:0.28
AttributeSetBuilderTest:0.27666666666666667
ShadowViewTest:0.26
ShadowPreferenceGroupTest:0.25
ShadowProgressBarTest:0.21666666666666667
ViewStubTest:0.15
