JsfFlowExecutionManager:0.8133333333333334
ExternalEvent:0.39666666666666667
FlowNavigationHandler:0.23
