ReferencesSearchGroup:0.6466666666666666
FindReferencesInHierarchyAction:0.3466666666666667
SearchMessages:0.06333333333333334
RdtActionConstants:0.06333333333333334
IRubyEditorActionDefinitionIds:0.06333333333333334
