ProfileModule:0.8083333333333333
ProfileModuleImpl:0.6511111111111111
MiscUtil:0.44666666666666666
ConfigureUserAccessController:0.16666666666666666
