ShadowContextImpl:0.5533333333333333
ShadowRestrictionsManagerTest:0.4
xml:0.014071428571428572
