AuditLoggerDelegate:0.58
StudyModel:0.3566666666666667
StudyUpdateCtrl:0.2833333333333333
FolderSubmitCtrl:0.25333333333333335
PatientUpdateCtrl:0.22
SeriesUpdateCtrl:0.19333333333333333
StudyEditCtrl:0.17333333333333334
SeriesEditCtrl:0.17
AEEditSubmitCtrl:0.14
AENewSubmitCtrl:0.14
AEDeleteCtrl:0.09333333333333334
PatientMergeCtrl:0.08666666666666667
