StreamUtil:0.52
FileUtil:0.4633333333333333
URLCoder:0.36
CharUtil:0.3466666666666667
Base64:0.25666666666666665
MultipartRequest:0.2225
EmailMessage:0.20666666666666667
JoddJspFunctions:0.18666666666666668
AdaptiveFileUpload:0.16333333333333333
ReceiveMailSession:0.16333333333333333
PropsUtil:0.13
CharacterEncodingFilter:0.13
StringOutputStream:0.12666666666666668
URLDecoder:0.11
StringConverter:0.09
