TestOrder:0.6033333333333334
TestAddress:0.5033333333333333
TestExtraCharge:0.5016666666666667
