NoderPlugIn:0.7966666666666666
SplitFeaturesPlugIn:0.15333333333333332
SplitLinesNodePolygonsPlugIn:0.15333333333333332
NodeFeaturesPlugIn:0.15333333333333332
SplitPolygonsNodeLinesPlugIn:0.15333333333333332
NodeLinesPlugIn:0.15333333333333332
NodePolygonsPlugIn:0.15333333333333332
