DatabaseLocalStorageManager:0.48161111111111105
DatabaseLocalStorageManagerConfig:0.42333333333333334
TestDatabaseLocalStorageManagerConfig:0.35333333333333333
