Ehcache3Settings:0.3333333333333333
BasicSettings:0.30333333333333334
CacheEvictionTest:0.30333333333333334
Ehcache3Policy:0.18666666666666668
Ehcache2Policy:0.16
