Connection:0.49
ClientConductor:0.38333333333333336
DriverListener:0.37666666666666665
Publication:0.3566666666666667
LogBufferDescriptor:0.29
Context:0.22333333333333333
Subscription:0.21333333333333335
MappedRawLog:0.19666666666666666
PublicationTest:0.18
SubscriptionTest:0.17916666666666667
ConnectionTest:0.16916666666666666
ClientConductorTest:0.15333333333333332
Aeron:0.15333333333333332
DriverListenerAdapter:0.10666666666666667
