ServerCockpit:0.5633333333333334
WindowManager:0.5166666666666667
Selector:0.51
Constant:0.43
Property:0.4
ValuedElement:0.3751190476190476
Litteral:0.3233333333333333
JFXRendererBridge:0.30333333333333334
SwingServerCockpit:0.2911111111111111
EmbeddedWindowsManager:0.26666666666666666
TextureKey:0.26611111111111113
SymbolsEditor:0.2633333333333333
RenderingLayerImpl:0.25
UIComponentsFactory:0.24666666666666667
SwingFactory:0.24
LayerRendererBridge:0.23333333333333334
SynthLookGenerator:0.23333333333333334
SwingLayerRenderer:0.23333333333333334
SwingRendererBridge:0.23333333333333334
CursorOverRenderer:0.22666666666666666
PropertyGenerator:0.225
MyMouseAdapter:0.22083333333333333
AbstractServerEngine:0.22
AbstractWindowManager:0.21
JXLayer:0.20888888888888887
TableGenerator:0.20333333333333334
JFXServerCockpit:0.19666666666666666
EditorEngine:0.19333333333333333
DependenciesHandler:0.19
LookDefinitionHandler:0.19
WindowsWindowManager:0.18333333333333332
LookCapacitiesWriter:0.18333333333333332
AbstractLookHandler:0.18333333333333332
LayerEventController:0.165
JFXMapItemPaint:0.16333333333333333
LookDefinitionWriter:0.15833333333333333
LookCapacitiesHandler:0.15
AbstractLookWriter:0.14666666666666667
LookCapacitiesDialog:0.13
MapItemShapes:0.12833333333333333
ConvertToSynth2Dialog:0.12666666666666668
ConvertFromSynth2Dialog:0.12666666666666668
LookDefinitionDialog:0.12666666666666668
FrameworkManager:0.12333333333333334
AbstractLegendRenderer:0.1
PropertyParser:0.09
MyJWindow:0.08
SwingMapItemColor:0.06666666666666667
SwingMapItemTexture:0.06
JFXMapItemColor:0.02
KeyboardDispatcher:0.02
JFXMapItemTexture:0.01
MyFrame:0.0025
MyFocusTraversalPolicy:0.0
