ReflectUtils:0.5233333333333333
EmitUtils:0.47333333333333333
DebuggingClassWriter:0.30666666666666664
FastClassEmitter:0.20333333333333334
TestAll:0.16777777777777778
