WrappedByteChannel:0.6665555555555556
SSLSocketChannel2:0.5333333333333333
WebSocketServer:0.46
SocketChannelIOHelper:0.17111111111111113
SSLWebSocketServerFactory:0.13
