FlowIterationListener:0.7066666666666667
LayerInfo:0.4166666666666667
FlowIterationListenerTest:0.18
