Operation:0.63
Jupiter:0.4033333333333333
Algorithm:0.3675
InsertOperation:0.34
Document:0.32666666666666666
FileActivity:0.31333333333333335
JupiterActivity:0.31
User:0.31
ClientSynchronizedDocument:0.30333333333333334
ServerSynchronizedDocument:0.2866666666666667
TextEditActivity:0.28
ChecksumActivity:0.27666666666666667
EditorManager:0.2733333333333333
DeleteOperation:0.2633333333333333
SharedProject:0.2605555555555556
PingPongActivity:0.25333333333333335
TextSelectionActivityDataObject:0.21666666666666667
PingPongActivityDataObject:0.21666666666666667
ViewportActivityDataObject:0.21666666666666667
ChecksumActivityDataObject:0.21666666666666667
StopActivityDataObject:0.21666666666666667
FileActivityDataObject:0.21666666666666667
StopManager:0.215
TextSelectionActivity:0.21333333333333335
ResourceDeltaVisitor:0.20333333333333334
ViewportActivity:0.20333333333333334
TwoWayJupiterServerDocument:0.20166666666666666
TimestampOperation:0.19666666666666666
SplitOperation:0.19666666666666666
StopActivity:0.19
SimulateNetzwork:0.18666666666666668
UndoManager:0.18333333333333332
CounterExampleTest:0.18
ConsistencyWatchdogHandler:0.17666666666666667
ActivitiesExtensionProviderTest:0.17666666666666667
JupiterDocumentServer:0.175
JupiterClient:0.17
SharedResourcesManager:0.16333333333333333
IActivityDataObject:0.16055555555555556
SimpleServerProxyTest:0.16
RoleActivity:0.16
EditorActivity:0.15666666666666668
FolderActivity:0.15666666666666668
SplitOperationTest:0.15444444444444444
NoOperation:0.15333333333333332
RemoteEditorManager:0.15333333333333332
Peer:0.14333333333333334
FolderActivityDataObject:0.14333333333333334
SimpleClientServerTest:0.14
TextEditActivityDataObject:0.13333333333333333
RoleActivityDataObject:0.13
JupiterServer:0.1297777777777778
ProxySynchronizedQueue:0.12666666666666668
TwoWayJupiterClientDocument:0.12666666666666668
DOptPuzzleTest:0.12666666666666668
EditorActivityDataObject:0.12333333333333334
JupiterActivityDataObject:0.12333333333333334
RoleManager:0.11
ConsistencyWatchdogServer:0.09666666666666666
JupiterTestCase:0.08
SimpleJupiterDocumentTest:0.07333333333333333
NetworkRequest:0.06666666666666667
AbstractActivity:0.05333333333333334
NetworkEventHandler:0.02
