Connection:0.7733333333333333
Transport:0.3
AbstractStaticConnectionPool:0.22333333333333333
SnifferTask:0.16333333333333336
TransportTests:0.15333333333333332
ConnectionPool:0.13731746031746034
SniffingConnectionPool:0.10666666666666667
StaticConnectionPool:0.056666666666666664
RestClient:0.03
