Descriptor:0.5722222222222222
MethodDescriptor:0.5033333333333333
FieldDescriptor:0.3566666666666667
CtorDescriptor:0.2733333333333333
