LogBufferDescriptor:0.4511111111111111
DriverConnection:0.3433333333333333
SystemCounters:0.32666666666666666
TermHelper:0.31
LogBuffer:0.25333333333333335
DriverPublication:0.22333333333333333
PublicationTest:0.22
Publication:0.19111111111111112
