AbstractBytesReferenceTestCase:0.36
BytesArrayTests:0.23333333333333334
BytesReferenceStreamInput:0.20666666666666667
PagedBytesReferenceTests:0.19666666666666666
ByteBufBytesReferenceTests:0.13666666666666666
CompositeBytesReferenceTests:0.07
