LdapModule:0.755
WebHelper:0.44333333333333336
AuthenticationManagerImpl:0.32
LdapModuleImpl:0.31333333333333335
NullLdapModuleImpl:0.15333333333333332
