CrawlURI:0.6733333333333333
FetchStatusCodes:0.25594227994228
