RuntimeClass:0.4666666666666667
Definition:0.36083333333333334
Method:0.3566666666666667
Field:0.24333333333333335
LField:0.24
BasicAPITests:0.2
LCall:0.15
Constructor:0.07333333333333333
