ServerCockpit_OverrideTest:0.6333333333333333
AbstractCockpitConfigurationHandler:0.6
PropertyOverride:0.3416666666666667
