SocketIOEncoder:0.6333333333333333
XHRPollingClient:0.42333333333333334
SocketIOChannelInitializer:0.31666666666666665
