Path:0.560484126984127
OgcWxSParams:0.43666666666666665
Info:0.35333333333333333
Harvester:0.27666666666666667
OgcWxSHarvester:0.22666666666666666
