JdbcChadoAdapter:0.5555555555555555
TigrAnnotNameAdapter:0.38
ChadoFeatureLoc:0.31666666666666665
ChadoFeature:0.2866666666666667
PureJDBCTransactionWriter:0.28
TableColumn:0.1425
