LocalMapStats:0.4233333333333333
PartitionRecordStore:0.32666666666666666
ObjectRecord:0.30666666666666664
MapService:0.3
LocalMapStatsImpl:0.2966666666666667
DataRecord:0.2833333333333333
MapContainer:0.28
NearCache:0.26
ClearBackupOperation:0.22611111111111115
MapEvictTask:0.22333333333333333
RecordStatistics:0.21666666666666667
PutBackupOperation:0.12777777777777777
CacheRecord:0.11277777777777777
RemoveBackupOperation:0.08583333333333333
