JVMHandler:0.6677777777777778
ExecutionTracker:0.5133333333333333
DefaultExecutionTracker:0.4
ClassInformationProvider:0.3466666666666667
DefaultJVMHandler:0.32666666666666666
TypeUtils:0.2733333333333333
RequestQueueManager:0.2633333333333333
TODSessionImpl:0.24
DefaultActionHandler:0.21333333333333335
JVMEventManager:0.19111111111111112
DefaultTODHandler:0.16
SearchResult:0.16
ExecutionListener:0.09666666666666666
ProgramStepFactory:0.09333333333333334
SourceInfo:0.04666666666666667
TestConditionalStep:0.04666666666666667
JVMEventDispatcher:0.04
ConditionalScope:0.023333333333333334
NullClassInformationProvider:0.0
