ParameterHandler:0.7233333333333334
CaActivateCACommandTest:0.37166666666666665
