PropertyEvent:0.8533333333333334
ProxyEvent:0.30666666666666664
