EndToEndViewScene:0.7733333333333333
EndToEndViewTopComponent:0.45666666666666667
