JointIteratorTest:0.8066666666666666
JointIterator:0.72
AllJUnitTests:0.19333333333333333
