PipelineAggregatorBuilders:0.6608333333333334
AggregationModule:0.42333333333333334
TransportAggregationModule:0.33
