ModuleManager:0.8166666666666667
XSystem:0.3233333333333333
