AdviceWeaver:0.56
InvokeTraceable:0.42267857142857146
ReflectAdviceTracingListenerAdapter:0.35333333333333333
AgentLauncher:0.26
TraceCommand:0.14666666666666667
AsmMethod:0.14416666666666667
AsmMethodMatcher:0.14
