ServerConnection:0.62
HttpServerImpl:0.4773333333333333
VertxHttpHandler:0.22333333333333333
ServerHandler:0.21666666666666667
ServerHandleWithWebSockets:0.16666666666666666
