ConcreteLayer:0.41
SliderRenderer:0.33166666666666667
EditBoxTextRenderer:0.2725
SynthSliderUI:0.26694444444444443
EmbeddedWindowsManager:0.265
SynthLabelUI:0.25333333333333335
ServerDisplay:0.24666666666666667
AbstractMapRenderer:0.20333333333333334
MapHorzContainerRendererTest:0.2
EditBoxTextRendererTest:0.18333333333333332
EmbeddedWindowsManagerTest:0.14
