ClassFinder:0.44333333333333336
DefaultActionInvocation:0.28
DefaultActionInvocationTest:0.27
ClassInfo:0.2633333333333333
CookieInterceptorTest:0.23333333333333334
CookieInterceptor:0.22333333333333333
PackageBasedActionConfigBuilder:0.20333333333333334
CdiObjectFactory:0.15666666666666668
SimpleAction:0.14083333333333334
AbstractUITagBeanInfo:0.09333333333333334
PackageInfo:0.05333333333333334
