Conversion:0.7305555555555555
TemporalDatum:0.55
CoordinateOperationFactory:0.31333333333333335
ProjectedCRS:0.25
