WorkflowModule:0.8044444444444445
DefinitionModuleImpl:0.43333333333333335
NullWorkflowModuleImpl:0.43213888888888885
