ClippableComponentUI:0.72
MultiLineLabelUI:0.38333333333333336
SynthMultiLineLabelUI:0.36666666666666664
ScenarioViewer:0.31666666666666665
MutuExclRendererTest:0.2280555555555555
ProtocolInputDecoder:0.21333333333333335
EditBoxTextRendererTest:0.2125
RotationContainerRenderer:0.20666666666666667
LabelRenderer:0.20333333333333334
NumericReadoutRenderer:0.20333333333333334
DecorationPainterTest:0.20166666666666666
RendererOffsetLayoutTest:0.17666666666666667
LoggerViewer:0.15333333333333332
UnclippingPanel:0.11666666666666667
ARINCClippableRenderer:0.095
OverlayRenderer2Test:0.056666666666666664
AbstractMultilineLabelUI:0.0
