MapCodecTemplate:0.38666666666666666
QueueCodecTemplate:0.3525
CacheCodecTemplate:0.3525
ClientMembershipListener:0.3233333333333333
ClientMessageTemplate:0.3196666666666667
ClientEventProcessor:0.28833333333333333
ClientListenerServiceImpl:0.23333333333333334
MultiMapCodecTemplate:0.18916666666666668
