DevelUtils:0.5366666666666666
Configuration:0.51
ReferenceChecker:0.2633333333333333
mddViewer:0.25666666666666665
javaViewer:0.25333333333333335
jspViewer:0.25
PaginationTag:0.24333333333333335
ptrEditor:0.21666666666666667
LineViewer:0.21666666666666667
ConfigurationDTO:0.2063968253968254
ErrorLogViewerServlet:0.2
DataQueryServlet:0.2
DataPointerValueConverter:0.2
GeneratedCodeViewer:0.19
charEditor:0.16333333333333333
MakumbaResponseWrapper:0.16
SourceViewControllerHandler:0.15444444444444444
logicViewer:0.15
DataServlet:0.14666666666666667
AnalysisInitControllerHandler:0.14333333333333334
DataObjectViewerServlet:0.13333333333333333
DataTypeListerServlet:0.11666666666666667
MakumbaResourceServlet:0.10666666666666667
DataToolsControllerHandler:0.09333333333333334
MakumbaToolsControllerHandler:0.09
FilterConditionControllerHandler:0.08333333333333333
