ObjectType:0.54
ExprTypeAST:0.48
MddObjectTypeAST:0.3233333333333333
ObjectTypeFactory:0.3027420634920635
HqlAnalyzeWalker:0.26
HqlAnalyzer:0.15
HibernateObjectTypeAST:0.050833333333333335
