QueryTag:0.51
MultipleKey:0.43333333333333335
ListGroupTag:0.38
ValueTag:0.18666666666666668
