OracleTest:0.6816666666666666
GenerationTool:0.35333333333333333
SchemaDefinition:0.25333333333333335
