DatastreamsPane:0.38333333333333336
TripleEditDialog:0.37333333333333335
RDFTupleEditor:0.36666666666666664
CurrentVersionPane:0.35
TupleArrayTripleIterator:0.31
DatastreamPane:0.3
PriorVersionPane:0.15580952380952381
NewDatastreamPane:0.13199999999999998
NewRelsExtDatastreamPane:0.03333333333333333
