WfeScriptRunner:0.57
CustomWfeScriptJob:0.40944444444444444
JbpmCommonLogic:0.28
WfeScriptClient:0.22666666666666666
WfeScriptServiceBean:0.13666666666666666
