BasicMapTest:0.37666666666666665
WebFilter:0.2866666666666667
EntryProcessorTest:0.2866666666666667
MultiMapTestsFrom2X:0.21
QueryListenerTest:0.14666666666666667
