Main:0.6716666666666666
VersionPrinter:0.46172222222222215
