Configuration:0.47333333333333333
MediaGridFragment:0.3566666666666667
BaseFragment:0.2733333333333333
RxGalleryFinalApi:0.21
MediaPreviewFragment:0.2088888888888889
MediaGridAdapter:0.19333333333333333
PicassoImageLoader:0.17444444444444446
RxGalleryFinal:0.17333333333333334
GridViewHolder:0.17
RxGalleryListener:0.15333333333333332
