AbstractGenerator:0.6466666666666666
QueryPivot:0.5533333333333333
ModelGenerator:0.5366666666666666
