Form:0.82
TestAction:0.42333333333333334
FormTest:0.3566666666666667
