RepositoryData:0.3933333333333333
SnapshotInfo:0.24333333333333335
RepositoryDataTests:0.24
SnapshotId:0.22666666666666666
BlobStoreRepositoryTests:0.17666666666666667
SnapshotsService:0.17583333333333334
RestoreOnlyRepository:0.17333333333333334
GetSnapshotsRequest:0.14333333333333334
TransportGetSnapshotsAction:0.14
SharedClusterSnapshotRestoreIT:0.11
RestoreBackwardsCompatIT:0.1
GetSnapshotsRequestBuilder:0.07666666666666666
