Tsne:0.6477777777777778
TsneCalculation:0.5502222222222222
TsneExample:0.15666666666666668
