QueryTest:0.5333333333333333
PartitionRecordStore:0.36333333333333334
RecordStore:0.3233333333333333
TryRemoveOperation:0.24333333333333335
Student:0.09
