PropertyImpl:0.55
JenaOntologyImpl:0.44333333333333336
OntologyResourceImpl:0.28
DetailsTableModel:0.23333333333333334
