Config:0.7033333333333334
Style:0.6633333333333333
