SubscriptionManager:0.6533333333333333
SubscriptionManagerListener:0.4928809523809524
IncomingSubscriptionEvent:0.12333333333333334
