ThriftTpchService:0.39
ThriftConnector:0.35333333333333333
PrestoThriftService:0.32599999999999996
SplitInfo:0.31666666666666665
ThriftQueryRunner:0.27
RetryingService:0.20666666666666667
ThriftModule:0.19
ThriftQueryRunnerWithServers:0.17666666666666667
TestThriftConnectorConfig:0.13333333333333333
ThriftConnectorConfig:0.12666666666666668
ThriftTpchServerModule:0.10666666666666667
ThriftMetadata:0.10333333333333333
ThriftHandleResolver:0.08666666666666667
