LearnTool:0.7805555555555556
NlpDemo:0.16333333333333333
NlpTest:0.11666666666666664
