AdminGroupData:0.8055555555555555
UpgradeSessionBean:0.43666666666666665
