CreateTableAnalysis:0.5
TransportSQLActionTest:0.48333333333333334
CreateTableStatementAnalyzer:0.3333333333333333
AlterTableAddColumnAnalyzer:0.27666666666666667
DocIndexMetaData:0.27666666666666667
CreateAlterTableStatementAnalyzerTest:0.21333333333333335
DocIndexMetaDataTest:0.20666666666666667
AddColumnAnalysis:0.18
