AbstractAuthenticationToken:0.8366666666666667
OpenIdAuthenticationTokenTests:0.25333333333333335
