DataService:0.6033333333333334
SimpleIntegrationTest:0.43666666666666665
Constants:0.39533333333333337
