StrutsModels:0.6405555555555557
DefaultTagLibrary:0.36
UIComponentTest:0.35
SimpleTheme:0.12333333333333334
