JvmInfo:0.45
BootstrapCheck:0.4066666666666667
BootstrapCheckTests:0.26666666666666666
UseSerialGCCheck:0.18
