GrpcUtil:0.47333333333333333
CensusStatsModule:0.30666666666666664
AbstractManagedChannelImplBuilder:0.27666666666666667
AbstractServerImplBuilder:0.24333333333333335
Http2NettyTest:0.19
ClientCallTracer:0.17
Http2NettyLocalChannelTest:0.11666666666666667
AutoWindowSizingOnTest:0.11666666666666667
Http2OkHttpTest:0.11333333333333333
TransportCompressionTest:0.11333333333333333
CensusModulesTest:0.09333333333333334
