Messages:0.6883888888888889
ConcordancesEditor:0.47333333333333333
CompositeComparator:0.2733333333333333
ComplexSortSelector:0.18
ImportSelectedText:0.1511111111111111
