RTools:0.4633333333333333
UniversalIsomorphismTester:0.4633333333333333
ChemModelTest:0.3480952380952381
ControllerTest:0.335
GaussiansCalculationTest:0.158
