BroadcastEventProcessor:0.3433333333333333
LocationStatusComparator:0.32666666666666666
SnmpUtilsTest:0.32
PropertiesBackedManagedObject:0.3
Snmp4JStrategyTest:0.29
Snmp4JValue:0.26
MockSnmpAgentTestCase:0.23
Main:0.195
SnmpMonitorStrategyTest:0.17666666666666667
DistributedStatusService:0.11
StringSnmpValue:0.09333333333333334
DistributedStatusSummaryController:0.08666666666666667
Integer32SnmpValue:0.02
Counter32SnmpValue:0.02
Counter64SnmpValue:0.02
Gauge32SnmpValue:0.02
