ParserContext:0.7766666666666666
ELExpressionParserTests:0.31666666666666665
OgnlExpressionParser:0.31
OgnlExpressionParserTests:0.3
ParserContextImpl:0.29333333333333333
ParserELContext:0.16666666666666669
NullParserContext:0.15666666666666668
RequiredMappingTests:0.14
ELExpressionParser:0.09166666666666666
