LdapServiceRegistryDaoTests:0.641904761904762
LdapContinuousIntegrationServiceRegistryDaoTests:0.4089285714285714
