GspsEncode:0.4
JSTemplateTest:0.4
MinMaxPixelInfo:0.21166666666666667
StringSafeRenderer:0.2
GspsDiscover:0.2
StringTemplateTest:0.15333333333333332
StringTemplateServlet:0.14
ImageServletResponseItem:0.07
XeroServlet:0.02666666666666667
