MathUtils:0.6766666666666666
Vector3:0.4266666666666667
Quaternion:0.31333333333333335
Vector2:0.24333333333333335
