HopParser:0.61
HopSymbolTableWalker:0.42933333333333334
DFA32:0.26416666666666666
