BinderModuleImpl:0.48333333333333334
BuildDefinitionDivs:0.425
LicenseChecker:0.26438888888888895
DefinitionConfigurationBuilder:0.21
