AbstractSessionTest:0.4533333333333333
AbstractEntityTest:0.44666666666666666
AbstractOneSessionTest:0.41
