AsyncHttpClientConfig:0.7266666666666667
Builder:0.38
DefaultAsyncHttpClientConfig:0.3566666666666667
AsyncHttpClientConfigDefaults:0.2633333333333333
SslEngineFactoryBase:0.09
