JnetManager:0.39666666666666667
StepManager:0.3933333333333333
NBEdge:0.35
FileDialog:0.3
GraphViewManager:0.21
