IndexFieldData:0.89
AbstractIndexFieldData:0.5116666666666667
NoOrdinalsStringFieldDataTests:0.20666666666666667
