MenuHelper:0.5333333333333333
ViewWidget:0.3433333333333333
EntityPopupMouseListener:0.2537777777777778
ActionCreate:0.20333333333333334
EditViewFactory:0.135
