WanReplicationTest:0.58
NodeEngineImpl:0.43666666666666665
WanReplicationService:0.3233333333333333
FutureSend:0.08666666666666667
