HiveMetastoreClient:0.6
SimpleHiveCluster:0.3433333333333333
HiveMetastoreClientFactory:0.22666666666666666
