Segment:0.4066666666666667
ChronicleMapBuilderI:0.37123412698412694
ChronicleMapBuilder:0.3233333333333333
ReplicationHubFindByName:0.28444444444444444
AbstractChronicleMapBuilder:0.26
ReplicatedChronicleMap:0.24666666666666667
NodeDiscovery:0.2362222222222222
ModificationIterator:0.22222222222222224
MapByNameTest:0.19
