Visit:0.5233333333333333
StatisticsServer:0.3466666666666667
DataAggregationJoblet:0.21333333333333335
HitCounter:0.21333333333333335
AbstractRegexVersionedCounter:0.21333333333333335
AbstractRegexVersionedCounterAggregation:0.19666666666666666
DataAggregationJobletConfiguration:0.18166666666666667
PathTreeAggregation:0.16666666666666666
PathTreeAggregator:0.16
UserAgentPerVisitAggregator:0.13666666666666666
ReferrerPerVisitAggregator:0.13666666666666666
OperatingSystemPerVisitAggregator:0.13666666666666666
PathTreeAggregationUtil:0.12666666666666668
CountryPerVisitAggregator:0.11666666666666667
ScreenResolutionPerVisitAggregator:0.11666666666666667
AverageTimePerVisitAggregator:0.095
ReferrerVersionCounter:0.043333333333333335
OperatingSystemVersionCounter:0.043333333333333335
UserAgentVersionCounter:0.043333333333333335
ScreenResolutionPerVisitAggregation:0.043333333333333335
AverageTimePerVisitAggregation:0.04
CountryPerVisitAggregation:0.023333333333333334
UserAgentPerVisitAggregation:0.02
ReferrerPerVisitAggregation:0.02
OperatingSystemPerVisitAggregation:0.02
CountryHitCounter:0.01
ThreeBool:0.0
