HtmlPage:0.5566666666666666
HtmlElement:0.3933333333333333
Window:0.3275
Node:0.31333333333333335
HtmlImage:0.23
HTMLElementTest:0.21333333333333335
EventListenersContainer:0.20666666666666667
HTMLFormElementTest:0.1
