RobolectricPackageManager:0.75
StubPackageManager:0.47333333333333333
DefaultPackageManager:0.3466666666666667
DefaultPackageManagerTest:0.21
