ConvolutionLayer:0.49666666666666665
SubsamplingLayer:0.49333333333333335
ConvolutionHelper:0.41125000000000006
CudnnConvolutionHelper:0.30333333333333334
SubsamplingHelper:0.2983928571428572
CudnnSubsamplingHelper:0.27666666666666667
