JChemPaintGlobalPropertiesManager:0.6566666666666666
IJChemPaintGlobalPropertiesManager:0.5291666666666667
PreferenceConstants:0.33644444444444443
JChemPaintPreferencePage:0.23666666666666666
PreferenceInitializer:0.05
