Dispatcher:0.5266666666666666
Latent:0.36666666666666664
TypeDescriptionArrayProjectionTest:0.36
AnnotationAppenderDefaultTest:0.32666666666666666
AbstractDynamicTypeBuilderForInliningTest:0.32
TypeDescriptionGenericBuilderTest:0.32
ForJava8CapableVm:0.27
AbstractDynamicTypeBuilderTest:0.27
MethodCallProxy:0.23333333333333334
SubclassDynamicTypeBuilderTest:0.22666666666666666
AbstractAnnotationDescriptionTest:0.17666666666666667
ForLoadedSuperClass:0.14333333333333334
ForLoadedFieldType:0.14333333333333334
TypeDescriptionGenericAnnotationReaderTest:0.07666666666666666
