JobExplorer:0.9066666666666666
SimpleJobOperator:0.37666666666666665
SimpleJobOperatorTests:0.21333333333333335
SimpleJobExplorer:0.1
JobExplorerFactoryBean:0.07333333333333333
SimpleJobExplorerTests:0.03666666666666667
JobExplorerFactoryBeanTests:0.02666666666666667
MapJobExplorerFactoryBean:0.013333333333333334
AbstractJobExplorerFactoryBean:0.006666666666666667
MapJobExplorerFactoryBeanTests:0.0033333333333333335
