TransportDeleteAction:0.375
SimpleRoutingTests:0.32666666666666666
TransportIndexAction:0.32
BasicBackwardsCompatibilityTest:0.28
AsyncShardOperationAction:0.26633333333333337
ShardInfoTests:0.2577777777777778
AliasRoutingTests:0.23583333333333334
DocumentActionsTests:0.21916666666666668
TransportShardReplicationOperationAction:0.2
ActionModule:0.16
