PrivateTags:0.38166666666666665
QueryCmd:0.38
SeriesBean:0.35333333333333333
StudyBean:0.3466666666666667
WadoQueryCmd:0.21944444444444447
PatientBean:0.21
InstanceBean:0.18
MPPSQueryCmd:0.15666666666666668
MWLQueryCmd:0.13333333333333333
QueryStudiesCmd:0.06666666666666667
