MatchResult:0.79
GraphTransition:0.61
MatchSetCollector:0.5133333333333333
RuleJTree:0.2833333333333333
CtrlTransition:0.23333333333333334
AbstractEvent:0.22333333333333333
MatchApplier:0.22
ShapeStateGenerator:0.215
ClosingStrategy:0.19666666666666666
CtrlCall:0.19333333333333333
ExploreStateStrategy:0.19094444444444444
ConditionalBFSStrategy:0.16666666666666666
AbstractStrategy:0.15666666666666668
LinearStrategy:0.13333333333333333
ConfluentMatchSetCollector:0.12666666666666668
AltMatchApplier:0.12
LinearConfluentRules:0.10666666666666667
ShapeBFSStrategy:0.1
AltMatchSetCollector:0.09333333333333334
ExploreListener:0.09333333333333334
MatchTreeNode:0.09
RandomLinearStrategy:0.08
BranchingStrategy:0.08
MatchResultSet:0.06988095238095239
RuleEventApplier:0.04666666666666667
BFSStrategy:0.016666666666666666
DFSStrategy:0.016666666666666666
AltRuleEventApplier:0.006666666666666667
AltConfluentMatchSetCollector:0.0
