Utils:0.43
jOOQAbstractTest:0.41
AbstractRecord:0.2633333333333333
UpdatableRecordImpl:0.2633333333333333
CRUDTests:0.20333333333333334
SettingsTools:0.11944444444444442
