CropBoundsChangeListener:0.6816666666666666
CropImageView:0.5
TransformImageView:0.3433333333333333
UCropActivity:0.3233333333333333
GestureCropImageView:0.14666666666666667
