Cfg:0.62
NLogger:0.4166666666666667
UploadEngine:0.35
AlternateLocation:0.3106666666666667
AltLocContainer:0.30666666666666664
LogBuffer:0.30666666666666664
UploadState:0.25
UploadManager:0.25
ShareFile:0.19166666666666668
SharedFilesTableModel:0.18666666666666668
DownloadEngine:0.18333333333333332
TestAlternateLocation:0.17666666666666667
UrnCalculationWorker:0.11
UploadTab:0.09
LogRecord:0.04
UploadStateLogAction:0.015
