Delta:0.7566666666666667
PropertyAge:0.44
EventBean:0.18666666666666668
AgeBean:0.16333333333333333
