CMap:0.8333333333333334
AbstractRecord:0.48
MBackupAwareOp:0.26
TransactionRecord:0.20444444444444446
