RetryTests:0.38666666666666666
HttpSmokeTestCase:0.32666666666666666
CorsRegexIT:0.26
ESSmokeClientTestCase:0.26
