AbstractS3SnapshotRestoreTest:0.33
AwsS3Service:0.30666666666666664
S3Repository:0.26666666666666666
DefaultS3OutputStream:0.19333333333333333
InternalAwsS3Service:0.18
RepositoryS3SettingsTests:0.16
Repositories:0.11333333333333333
Repository:0.11333333333333333
S3RepositoryPlugin:0.11333333333333333
TestAwsS3Service:0.09194444444444444
