ProcessLauncher:0.4666666666666667
IdleTimeDetectorFactoryImpl:0.2380952380952381
IdleDetector:0.23333333333333334
SubstitutionsHandler:0.13333333333333333
NodeLauncher:0.11333333333333333
DriverLauncher:0.11333333333333333
WindowsIdleTimeDetector:0.08416666666666667
MacIdleTimeDetector:0.06632936507936509
X11IdleTimeDetector:0.049166666666666664
JPPFTask:0.0
