Graph:0.6333333333333333
Tree:0.30333333333333334
DnDIdle:0.29
