Mirror:0.5266666666666666
Response:0.4
Mapl:0.30666666666666664
MaplTest:0.17
