RippleDrawable:0.5533333333333333
RippleManager:0.3466666666666667
SnackBar:0.3233333333333333
CheckedTextView:0.2522222222222222
Spinner:0.24333333333333335
FloatingActionButton:0.24333333333333335
Slider:0.22666666666666666
Switch:0.21
Button:0.20666666666666667
TextView:0.20666666666666667
TabPageIndicator:0.17666666666666667
CompoundButton:0.17333333333333334
ImageButton:0.17
