Script:0.69
ScriptEditor:0.44666666666666666
AssertEditor:0.24
ForkedScript:0.23666666666666666
TesterMethodAction:0.19444444444444445
ScriptEditorFrame:0.18472222222222223
EditorActions:0.09666666666666666
EditorConstants:0.0
Tags:0.0
