GEFActionBarContributor:0.44333333333333336
ProcessEditorContributor:0.44
DiagramEditorPage:0.4066666666666667
DeleteElementFeature:0.39
DiagramActionBarContributor:0.14666666666666667
