Tools:0.7166666666666667
DefaultRenderContext:0.6833333333333333
Identifiers:0.014071428571428572
