WebserviceBean:0.46
SNMPDataProcessor:0.45666666666666667
SyncAction:0.3433333333333333
HTMLReport:0.28
