VehicleMission:0.7066666666666667
RoverMission:0.3566666666666667
CollectResourcesMission:0.3
