InformationSchemaInfo:0.5984444444444444
DocTableInfo:0.2966666666666667
SysNodesTableInfo:0.2966666666666667
SysShardsTableInfo:0.2966666666666667
TestingTableInfo:0.2966666666666667
InformationTableInfo:0.2966666666666667
InformationTablesExpression:0.26666666666666666
InformationCollectorExpression:0.21
HandlerSideLevelCollectTest:0.17333333333333334
InformationDocLevelReferenceResolver:0.15866666666666668
ColumnsIterator:0.14666666666666667
SysClusterTableInfo:0.09083333333333334
InformationSchemaCollectService:0.0425
