HttpClientRequestImpl:0.6
HttpClientImpl:0.35333333333333333
ConnQueue:0.31133333333333335
ConnectionManager:0.2
