State:0.6266666666666667
ViewState:0.49333333333333335
TransitionableState:0.42333333333333334
