AtmosphereRequest:0.7433333333333333
JettyWebSocketHandler:0.41
DefaultAsyncSupportResolver:0.29333333333333333
AtmosphereServlet:0.26
