ExplorePoint:0.7933333333333333
ExploreInstance:0.33266666666666667
