TypeCheckTest:0.6233333333333333
ZipTest:0.3233333333333333
