PollerConfig:0.5733333333333334
PollOutagesConfig:0.42333333333333334
PollableService:0.4033333333333333
PollConfig:0.3678888888888889
PollerConfigFactory:0.3466666666666667
PollableServiceConfig:0.2733333333333333
Poller:0.25333333333333335
PollOutagesConfigManager:0.21444444444444447
PollOutagesConfigFactory:0.21333333333333335
PollerEventProcessor:0.17333333333333334
MockPollerConfig:0.15416666666666667
MockPollConfig:0.11
