Robolectric:0.56
ShadowPreference:0.38
ResourceLoader:0.27
ShadowDialogPreference:0.18083333333333335
PreferenceTest:0.14
TestPreference:0.11944444444444442
xml:0.10838095238095237
ShadowListActivity:0.06555555555555555
ShadowPowerManager:0.05
