TestUtils:0.5766666666666667
BasicAuthTest:0.39666666666666667
AuthTimeoutTest:0.37
EchoSocket:0.22333333333333333
DigestAuthTest:0.19
