Stack:0.3933333333333333
LinkedList:0.3333333333333333
Node:0.30611111111111117
DataStructures:0.14666666666666667
