jEdit:0.17077744
View:0.15808097
VFSBrowser:0.14295807
EditAction:0.12542908
Macros:0.10504669
EditPlugin:0.103502706
MiscUtilities:0.09669904
Buffer:0.092499785
SyntaxUtilities:0.09135599
VFSFileChooserDialog:0.08791144
VFSManager:0.08487918
PanelWindowContainer:0.08451649
JEditTextArea:0.08328799
ManagePanel:0.08271556
EditPane:0.07911722
AbstractContextOptionPane:0.07860595
BeanShell:0.072272874
HyperSearchResults:0.07036039
InstallPanel:0.06913458
ServiceManager:0.06673374
SearchAndReplace:0.06595968
FloatingWindowContainer:0.065861724
BrowserView:0.06525184
GrabKeyDialog:0.064343356
OperatingSystem:0.064036675
ActionContext:0.06156123
HistoryText:0.060397457
VFSDirectoryEntryTable:0.059594676
Log:0.055757318
HistoryTextField:0.05504789
OptionsDialog:0.0525981
RegisterViewer:0.050725035
HelpViewer:0.05019648
InputHandler:0.04984331
AboutDialog:0.0485435
ToolBarOptionPane:0.048432518
QuickNotepadOptionPane:0.04833393
AppearanceOptionPane:0.04755445
JEditAbstractEditAction:0.046897933
CompletionPopup:0.045209218
EnhancedCheckBoxMenuItem:0.04518969
ToolBarEditDialog:0.044727374
BeanShellAction:0.04461334
SearchDialog:0.043868918
EnhancedMenu:0.043363135
EnhancedMenuItem:0.042794485
ColorWellButton:0.041655924
StatusBarOptionPane:0.040939324
BrowserCommandsMenu:0.040422615
ErrorsWidgetFactory:0.040139936
QuickNotepad:0.03929033
ActionBar:0.03800389
PluginManager:0.037020642
VariableGridLayout:0.036338713
SplashScreen:0.035364415
FileCellRenderer:0.035330288
RecentFilesProvider:0.03262986
ContextAddDialog:0.032544803
FilePropertiesDialog:0.032283768
MarkerViewer:0.03218022
DynamicContextMenuService:0.032111246
CloseDialog:0.03160438
RecentDirectoriesProvider:0.031271387
QuickNotepadToolPanel:0.029887699
HistoryTextArea:0.029825183
EnhancedButton:0.029768648
PasteFromListDialog:0.02933839
BufferPrintable:0.029225808
TextAreaMouseHandler:0.028418254
ShortcutsOptionPane:0.027973834
TextAreaDialog:0.027300708
Debug:0.027073668
HelpSearchPanel:0.026945217
ReloadWithEncodingProvider:0.0265854
SearchBar:0.026300993
HistoryButton:0.026246391
FontSelector:0.026069373
EditAbbrevDialog:0.025929783
DirectoryProvider:0.024739763
AbbrevsOptionPane:0.02468362
SyntaxHiliteOptionPane:0.024203451
PluginManagerOptionPane:0.0232229
TextAreaTransferHandler:0.022541808
ViewOptionPane:0.020957783
Roster:0.020805182
MarkersProvider:0.020659415
FilesChangedDialog:0.01873996
BrowserColorsOptionPane:0.017973466
MacOSXPlugin:0.0178812
GutterOptionPane:0.01744885
EditingOptionPane:0.014955425
FavoritesProvider:0.014879825
BufferOptionPane:0.01371712
AddAbbrevDialog:0.011566209
IconTheme:0.010780343
HyperSearchRequest:0.009381499
IOProgressMonitor:0.008733145
SelectLineRange:0.00847968
SyntaxStyle:0.008163713
SaveBackupOptionPane:0.006071268
LatestVersionPlugin:0.004230563
