MapByNameTest:0.41
ReplicationHubFindByName:0.4033333333333333
ReplicationHub:0.35
Builder:0.33666666666666667
FindByName:0.21333333333333335
NodeDiscovery:0.13
ChronicleMapBuilderWithChannelId:0.10838095238095237
