GaapGetService:0.3333333333333333
GetRequestFactory:0.1897777777777778
UnknownRequest:0.05
BaseGetRequest:0.043333333333333335
DeleteUserRequest:0.043333333333333335
GetGroupRequest:0.043333333333333335
DeleteGroupRequest:0.043333333333333335
GetUserRequest:0.03666666666666667
GetGroupsRequest:0.02
GetUsersRequest:0.02
