Simulator:0.49333333333333335
Options:0.45666666666666667
Editor:0.3333333333333333
ShowHideMenu:0.24
EditorDialog:0.20666666666666667
History:0.19666666666666666
ZoomMenu:0.15
AllAction:0.03
ContextAction:0.03
SelectedAction:0.03
EmphasizedAction:0.03
RegExprAction:0.023333333333333334
VerifyMenu:0.016666666666666666
