Field:0.93
Table:0.6508730158730158
AbstractTable:0.2633333333333333
AbstractField:0.24333333333333335
