TypeUtil:0.6866666666666666
Types:0.48
NameTable:0.38888888888888884
CastResolver:0.29333333333333333
Import:0.23666666666666666
TranslationEnvironment:0.18666666666666668
