Tab:0.6233333333333333
TabSheetTag:0.55
TabRowTag:0.24333333333333335
TabSheetTagTest:0.17333333333333334
