PerforceHistoryParser:0.7066666666666667
PerforceRepository:0.6633333333333333
PerforceHistoryParserTest:0.25666666666666665
