FeaturesConfig:0.5
MapBlockBuilder:0.38
MapBlock:0.32666666666666666
MapType:0.31
MapSubscriptOperator:0.25
TestColumnarMap:0.20388888888888887
TypeRegistry:0.19666666666666666
FunctionRegistry:0.18666666666666668
TestFeaturesConfig:0.14666666666666667
TestRowType:0.13
TestMapType:0.11333333333333333
MapParametricType:0.10666666666666667
