RedisHandleResolver:0.3566666666666667
RedisMetadata:0.31333333333333335
RedisRecordCursor:0.2866666666666667
RedisInternalFieldDescription:0.22
RedisTableFieldDescription:0.22
RedisTestUtils:0.17244444444444446
RedisConnector:0.15
RedisLoadingSession:0.14
RedisSplitManager:0.14
