JavaWriter:0.6733333333333333
CodeGen:0.44
SetBinding:0.22444444444444447
ModuleGenerator:0.21666666666666667
JavaWriterTest:0.21333333333333335
InjectProcessor:0.21333333333333335
AtInjectBinding:0.19333333333333336
ProvidesProcessor:0.19333333333333333
ProviderMethodBinding:0.19
