MappedFieldType:0.6433333333333333
DateFieldType:0.2866666666666667
NumberFieldType:0.2866666666666667
IpFieldType:0.22
TextFieldType:0.21333333333333335
KeywordFieldType:0.14555555555555555
TextFieldTypeTests:0.125
DateFieldTypeTests:0.125
KeywordFieldTypeTests:0.115
NumberFieldTypeTests:0.08166666666666667
BooleanFieldTypeTests:0.065
