GceComputeEngineTest:0.43333333333333335
GceComputeService:0.36892857142857144
GceComputeServiceZeroNodeMock:0.20666666666666667
GceComputeServiceAbstractMock:0.16666666666666666
GceComputeServiceImpl:0.05
GceUnicastHostsProvider:0.03
GceDiscovery:0.0
