Interpreter:0.5
CommandLineParser:0.4
JavaDocumentCreator:0.29333333333333333
GetOLStreamResult:0.08333333333333333
