JButtonReader:0.4866666666666667
JToggleButtonReader:0.47111111111111104
