CommMessage:0.7316666666666667
SOAPProtocol:0.6166666666666667
