OLParser:0.37
SemanticValidator:0.25833333333333336
OLVisitor:0.25833333333333336
Scanner:0.2553333333333333
OptimizerVisitor:0.21333333333333335
ForStatement:0.14
ForEachStatement:0.14
PostDecrementStatement:0.11666666666666667
PreIncrementStatement:0.11666666666666667
ValueVectorSizeExpressionNode:0.11666666666666667
PostIncrementStatement:0.11666666666666667
PreDecrementStatement:0.11666666666666667
UndefStatement:0.11666666666666667
