Order:0.6933333333333334
PPECheckoutController:0.5166666666666667
PPEPayment:0.29
PPECheckoutResult:0.26166666666666666
PPECheckoutState:0.23666666666666666
ExpressShipment:0.23
PPECheckoutConfiguration:0.01
