ClassContext:0.6
PeerNode:0.30666666666666664
ResourceRequest:0.3
RemotePeerConnection:0.2833333333333333
NodeServerFactory:0.14333333333333334
AcceptorContext:0.13666666666666666
WaitingNodeRequestState:0.13666666666666666
P2PRunner:0.11394444444444446
SendingProviderRequestState:0.08666666666666667
WaitingProviderResponseState:0.08666666666666667
P2PTask:0.02666666666666667
