MultiLayerNetwork:0.6166666666666667
GradientAdjustment:0.42
ConvexOptimizer:0.37133333333333335
BaseLayer:0.3333333333333333
BaseOptimizer:0.21333333333333335
MultiLayerTest:0.19333333333333333
