Function:0.5638055555555556
FeatureFactory:0.51
Attribute:0.23666666666666666
