SQLRequest:0.6433333333333333
TransportSQLActionTest:0.4033333333333333
RestSQLAction:0.18666666666666668
SQLRequestBuilder:0.18333333333333332
SQLXContentSourceContext:0.07333333333333333
RestSqlActionTest:0.06
Fields:0.0
