LoadedSuperclassDynamicTypeBuilder:0.4072222222222222
Invocation:0.3233333333333333
ClassFormatVersion:0.27666666666666667
SuperMethodCallAppender:0.2633333333333333
MethodCallProxy:0.17805555555555558
LoadedSuperclassDynamicTypeBuilderTest:0.07
