NioServer:0.41333333333333333
AbstractSocketWrapper:0.41333333333333333
SocketChannelClient:0.3566666666666667
JPPFServer:0.2866666666666667
