Query:0.56
StatementAnalyzer:0.3433333333333333
RewritingVisitor:0.32666666666666666
DefaultTraversalVisitor:0.3
Formatter:0.23666666666666666
TestSqlParser:0.19666666666666666
TreePrinter:0.13666666666666666
