MongoCollectionImpl:0.6183333333333333
CreateIndexesOperation:0.3983333333333333
IndexesPrimer:0.21
QuickTourAdmin:0.2
