IInternal:0.4066666666666667
InternalTest:0.39666666666666667
InternalImpl:0.33666666666666667
