GroupByKey:0.5933333333333334
SQLReduceJobStatus:0.5066666666666667
SQLReduceJobResponse:0.21666666666666667
RecievePartialResultHandler:0.17
SQLReduceJobStatusTest:0.11
