ESIndexNode:0.36333333333333334
TransportSQLActionTest:0.3566666666666667
TransportExecutorTest:0.32666666666666666
ESCreateTemplateNode:0.2966666666666667
Planner:0.26
TransportExecutorDDLTest:0.19333333333333333
ESCreateTemplateTask:0.18333333333333332
