PropertyDate:0.8833333333333333
PropertyDateTest:0.07333333333333333
