ForLoadedParameter:0.4633333333333333
ForLoadedExecutable:0.22
OfConstructor:0.20666666666666667
OfMethod:0.20666666666666667
OfLegacyVmConstructor:0.17333333333333334
OfLegacyVmMethod:0.17333333333333334
ParameterDescriptionForLoadedParameterDispatcherTest:0.13333333333333333
ParameterListForLoadedExectutableDispatcherTest:0.09
OfConstructorParameter:0.02
OfMethodParameter:0.02
