BaseManager:0.7533333333333333
ClientEndpoint:0.31416666666666665
ClientService:0.2633333333333333
ClientRequestHandler:0.19111111111111112
