SnmpAgentConfig:0.77
SnmpPeerFactory:0.42333333333333334
SnmpUtils:0.37
IfSnmpCollector:0.25666666666666665
SnmpStrategy:0.22977777777777775
SnmpCollector:0.2125
SnmpIfCollectorTest:0.21
Snmp4JStrategy:0.16333333333333333
OpenNMSTestCase:0.15
SnmpNodeCollectorTest:0.14
Snmp4JWalker:0.12333333333333334
SnmpPeerFactoryTest:0.11916666666666667
SnmpUtilsTest:0.11666666666666667
JoeSnmpWalker:0.08
JoeSnmpStrategy:0.03333333333333333
