ISharedProject:0.7
ActivitySequencer:0.47333333333333333
SharedProject:0.29
ConcurrentDocumentManager:0.27
ConsistencyWatchdogHandler:0.2
HostSideProjectListener:0.19777777777777777
QueueItem:0.11583333333333333
