Field:0.7466666666666667
Factory:0.4866666666666667
jOOQAbstractTest:0.4166666666666667
AbstractField:0.32
F:0.21333333333333335
jOOQTest:0.18666666666666668
