ISharedProject:0.49366666666666664
ActivitySequencer:0.38
TimedActivity:0.29
ActivityQueue:0.24
ActivityQueuesManager:0.23
SharedProject:0.22333333333333333
