GwtRpcService:0.5881666666666666
GwtProfileHelper:0.33944444444444444
GwtTeamingMessages:0.31666666666666665
GwtRpcServiceAsync:0.3111507936507936
GwtServerHelper:0.3
ProfileSidePanel:0.29333333333333333
GwtRpcServiceImpl:0.22333333333333333
ProfileGroupsPanel:0.13666666666666666
GroupInfo:0.11333333333333333
GroupInfoComparator:0.11333333333333333
