VocabCache:0.65
SequenceElement:0.5166666666666667
VocabWord:0.41
VectorsConfiguration:0.4
Huffman:0.39166666666666666
WordVectorSerializer:0.38666666666666666
InMemoryLookupCache:0.28
AbstractCache:0.2633333333333333
VocabularyHolder:0.24
WordVectorSerializerTest:0.18666666666666668
Blogger:0.14
