ComponentParser:0.35
MetadataFactory:0.29
SpringComponentDefinitionRegistry:0.2519444444444444
SpringServiceExportComponentMetadata:0.20944444444444443
SpringServiceReferenceComponentMetadata:0.20944444444444443
BeanMetadataElementFactory:0.2
LocalComponentMetadataTest:0.17666666666666667
SpringModuleContext:0.17666666666666667
ValueFactory:0.17555555555555555
SpringLocalComponentMetadata:0.17
SimpleMapValue:0.15333333333333332
SpringComponentMetadata:0.14
BeanDefinitionFactory:0.11
SpringParserContext:0.10333333333333333
SimpleSetValue:0.09
SimpleListValue:0.09
ComponentMetadataFactory:0.03
MetadataConstants:0.0
