ActionMapper:0.7733333333333333
DefaultActionMapperTest:0.34
DefaultActionMapper:0.31333333333333335
ServletRedirectResult:0.19416666666666665
FilterDispatcher:0.17666666666666667
TagUtils:0.07666666666666666
StrutsXmlConfigurationProvider:0.056666666666666664
RestfulActionMapper:0.023333333333333334
NullActionMapper:0.006666666666666667
InnerActionMapper:0.006666666666666667
