QedeqController:0.4633333333333333
CheckWellFormedAction:0.44333333333333336
QedeqMenuBar:0.29333333333333333
CheckFormallyProvedAction:0.19333333333333333
QedeqTreeContextMenu:0.09333333333333334
