MaxCore:0.6533333333333333
MaxStarterTest:0.24666666666666667
TwoOldTests:0.2447777777777778
AllTests:0.15611111111111112
Version:0.15
RememberingListener:0.08333333333333333
