Listener:0.8133333333333334
OkHttpClientTransportTest:0.44
InProcessTransport:0.3233333333333333
OkHttpClientTransport:0.195
TransportListener:0.17
ChannelImplTest:0.16666666666666666
NettyClientTransport:0.13333333333333333
