XJBGUITab:0.6116666666666667
Unmarshaller:0.23666666666666666
XJBGUITabImpl:0.23333333333333334
XMLBuilder:0.13333333333333333
