Layer:0.47333333333333333
NeuralNetConfiguration:0.4066666666666667
Builder:0.39666666666666667
MultiLayerNetwork:0.38333333333333336
GravesLSTM:0.24666666666666667
ConvolutionLayer:0.24333333333333335
GRU:0.22666666666666666
ImageLSTM:0.22666666666666666
BaseOptimizer:0.21666666666666667
BaseLayer:0.19333333333333333
TestUpdaters:0.19
NeuralNetConfigurationTest:0.17666666666666667
LayerConfigTest:0.15
RmsPropUpdater:0.15
SgdUpdater:0.15
BaseUpdater:0.13333333333333333
AdaGradUpdater:0.12
NesterovsUpdater:0.12
AdamUpdater:0.08666666666666667
AdaDeltaUpdater:0.08666666666666667
GradientAdjustment:0.07666666666666666
