TestXQueueParameters:0.26666666666666666
TestHostAddress:0.19333333333333333
TestHTTPProcessor:0.12333333333333334
PhexTestSuite:0.08666666666666667
