StreamingServiceRegistryProperties:0.6266666666666667
DefaultRegisteredServiceReplicationStrategy:0.46
CasServicesStreamingHazelcastConfiguration:0.3433333333333333
StreamServicesHazelcastProperties:0.29333333333333333
