AbstractTestQueries:0.6027777777777777
TestAnalyzer:0.35
StatementAnalyzer:0.33444444444444443
RelationType:0.3333333333333333
