Result:0.8533333333333334
ResultImpl:0.49333333333333335
LoaderImpl:0.29333333333333333
LoaderTests:0.22
LoaderCSVOptionsStep:0.06
