KuwaibaService:0.4658333333333333
CommunicationsStub:0.3933333333333333
ObjectFactory:0.39
TemplateElementNode:0.35333333333333333
CreateTemplateElementAction:0.33666666666666667
DeviceLayoutRenderer:0.25666666666666665
DeviceLayoutScene:0.24666666666666667
SyncConfigurationNode:0.21166666666666667
SyncGroupNode:0.20666666666666667
SyncManagerTopComponent:0.20666666666666667
DeleteSyncDataSourceConfigurationAction:0.2
DeleteSyncGroupAction:0.19666666666666666
DeleteTemplateElementAction:0.19
CreateTemplateElementSpecialAction:0.18444444444444444
SyncManagerActionFactory:0.16666666666666666
SpecialChildren:0.16666666666666666
GeneralPurposeDeletePhysicalLink:0.16333333333333333
GeneralPurposeDeletePhysicalContainer:0.16333333333333333
DeleteBusinessObjectAction:0.15333333333333332
DeleteSyncAction:0.15
SyncConfigurationNativeTypeProperty:0.125
TemplatesTopComponent:0.11
NewSyncDataSourceConfigurationAction:0.1
CreateBulkTemplateElement:0.09666666666666666
CreateBulkSpecialTemplateElement:0.09666666666666666
TemplateActionsFactory:0.09
CreateBulkSpecialTemplateElementResponse:0.03333333333333333
CreateBulkTemplateElementResponse:0.03333333333333333
CreateMultipleSpecialTemplateElementAction:0.023333333333333334
CreateMultipleTemplateElementAction:0.02
