AuthorizeTag:0.6766666666666666
AuthorizeTagAttributeTests:0.34333333333333327
