WebCfgService:0.37833333333333335
TCUtilities:0.33666666666666667
TCObject:0.32
TCViewOverviewTab:0.32
WebCfgDelegate:0.2833333333333333
TCEditableObject:0.2113888888888889
