SearchDialog:0.2633333333333333
MapsDFLoaderListener:0.2325
SizableArea:0.22
GenericDialog:0.21
ApplyScriptAction:0.14333333333333334
SearchAction:0.14
