DatasetSerializerTest:0.48
DcmStreamHandlerImpl:0.45666666666666667
DcmParserTest:0.29333333333333333
DirBuilderImpl:0.16666666666666666
DirBuilder:0.06
