StrutsTestCaseTest:0.503611111111111
StrutsSpringJUnit4TestCaseTest:0.503611111111111
StrutsSpringTestCaseTest:0.22277777777777777
