DiskLruCache:0.5666666666666667
DiskLruCacheTest:0.4066666666666667
Editor:0.27666666666666667
StrictLineReader:0.2633333333333333
Snapshot:0.26
StrictLineReaderTest:0.11
