Ruler:0.7758333333333334
RulerRenderer:0.4504444444444444
