DocumentManager:0.6733333333333333
PostProcessor:0.6466666666666666
IncoreImageProtocolHandler:0.33
PrintLayoutPlugin:0.2644444444444444
PreviewData:0.18666666666666668
PreviewMapReplacer:0.09333333333333334
PreviewMap:0.06
