SimpleEntryView:0.4866666666666667
DefaultPortableReader:0.44166666666666665
DefaultPortableWriter:0.44166666666666665
