UURIFactory:0.8205555555555555
UURIFactoryTest:0.6333333333333333
