Connection:0.6233333333333333
MapPolygon:0.4033333333333333
ControlPointMarker:0.31666666666666665
Measure:0.23
ControlPointMarkerDragListener:0.18333333333333332
PolygonMarkerClickListener:0.18333333333333332
NodeMarker:0.18
ControlPointInfoWindowClosedListener:0.17333333333333334
ConnectionButton:0.17294444444444446
GISView:0.16
ConnectionUtils:0.16
MeasureButton:0.14294444444444446
MarkerButton:0.14294444444444446
NodeMarkerDragListener:0.12833333333333333
ControlPointMarkerClickListener:0.12833333333333333
PolygonMarker:0.11365079365079366
DrawPolygonButton:0.10793650793650793
PolygonMapClickListener:0.10138888888888889
MapFileWritter:0.055
VertexMarkerClickListener:0.05
RootView:0.04833333333333333
NodeMarkerClickListener:0.041944444444444444
MapFileReader:0.04
UploadMapButton:0.02666666666666667
PolygonMarkerDragListener:0.02
TreeView:0.02
PropertyView:0.013333333333333334
SaveButton:0.006666666666666667
DropMapUI:0.0
