JsonPath:0.6433333333333333
JsonReader:0.6233333333333333
