FeatureProperty:0.6666666666666666
PropertyScheme:0.47333333333333333
TiersIO:0.2966666666666667
