EMPIAdapter:0.35333333333333333
PIXUpdateNotificationHandler:0.35333333333333333
BaseHandler:0.2733333333333333
UpdateSubjectHandler:0.21
