ClassUtil:0.5866666666666667
ClassLoaderUtil:0.4266666666666667
ClassUtilTest:0.28
AnnTest:0.27666666666666667
ProxettaAsmUtil:0.26666666666666666
ObjectUtil:0.22666666666666666
WebRunner:0.14666666666666667
