RWorkspace:0.6933333333333334
Base:0.3922222222222222
Cooccurrence:0.32666666666666666
AsciiUtils:0.23611111111111113
MatrixImpl:0.2125
BuildCwbEncodeArgs:0.056666666666666664
