ScriptConfiguration:0.6283333333333333
ScriptSettings:0.41333333333333333
ScriptPlugin:0.38
