UserQuota:0.5066666666666667
UserQuotaException:0.43333333333333335
AbstractFileResource:0.3933333333333333
FileModuleImpl:0.37666666666666665
