AsyncDataSetIterator:0.4766666666666667
ConvolutionalIterationListener:0.27777777777777773
ModelSerializer:0.27
SPTreeTest:0.24666666666666667
VPTree:0.20333333333333334
Trainer:0.18333333333333332
BarnesHutTsneTest:0.15
IterableWithException:0.1186111111111111
AsyncDataSetIteratorTest:0.07333333333333333
ManualTests:0.05333333333333334
