ClusteredMessage:0.4083333333333333
MessageImpl:0.4083333333333333
FakeEventBusMetrics:0.24333333333333335
EventBusMetrics:0.16972222222222222
DummyEventBusMetrics:0.16805555555555554
