NotCondition:0.38333333333333336
ConditionVisualizer:0.3011111111111111
FilterWizardDialog:0.2833333333333333
ExceptionPanel:0.25666666666666665
ExceptionTableModel:0.24666666666666667
ConditionPanel:0.18
BackBtnListener:0.17333333333333334
RuleDescriptionPanel:0.14
NextBtnListener:0.13666666666666666
ExceptionCellRenderer:0.04666666666666667
