TautomerizationMechanism:0.4866666666666667
RadicalSiteRearrangementMechanism:0.32666666666666666
RearrangementRadical3Reaction:0.22666666666666666
RadicalSiteIonizationMechanism:0.2088888888888889
RearrangementCharge2Mechanism:0.20333333333333334
ElectronImpactPDBReaction:0.18833333333333332
RadicalSiteInitiationHReaction:0.18166666666666667
RadicalSiteInitiationReaction:0.18166666666666667
CarbonylEliminationReaction:0.18166666666666667
HydrogenRearrangementGammaReaction:0.18166666666666667
ElectronImpactSDBReaction:0.18166666666666667
BreakingBondMechanism:0.17666666666666667
CleavageBondReaction:0.16666666666666666
RearrangementCation2Reaction:0.16666666666666666
DisplacementChargeFromAcceptorReaction:0.16666666666666666
HydrogenRearrangementBetaReaction:0.16666666666666666
HydrogenRearrangementAlphaReaction:0.16666666666666666
RearrangementRadical1Reaction:0.16666666666666666
RearrangementAnion3Reaction:0.16666666666666666
RearrangementAnion2Reaction:0.16666666666666666
RearrangementRadical2Reaction:0.16666666666666666
ElectronImpactNBEReaction:0.16666666666666666
BreakingBondReaction:0.16666666666666666
HydrogenRearrangementDeltaReaction:0.16666666666666666
RearrangementCation3Reaction:0.16666666666666666
TautomerizationReaction:0.16666666666666666
SharingChargeMechanism:0.15333333333333332
RemovingSEofBMechanism:0.14555555555555555
ReactionMechanismTest:0.12666666666666668
CleavageBondMechanism:0.10555555555555554
SharingElectronMechanism:0.10555555555555554
RemovingSEofNBMechanism:0.07555555555555554
IReactionMechanism:0.025833333333333333
