FunctionScoreQuery:0.47111111111111104
ExtractQueryTermsService:0.3466666666666667
ExtractQueryTermsServiceTests:0.32666666666666666
PercolatorHighlightSubFetchPhase:0.30666666666666664
