ServerBinaryDFHandler:0.6413333333333333
DefaultBinaryExporter:0.5961111111111111
