Document:0.41944444444444445
HTMLElement:0.3933333333333333
HTMLElementTest:0.21
DocumentTest:0.16333333333333333
