QueryRetrieveScpService:0.5766666666666667
RetrieveInfo:0.4033333333333333
MoveTask:0.38333333333333336
MoveScu:0.3233333333333333
