ChannelRouterContext:0.83
DataGapRouteReader:0.36666666666666664
DataGapRouteReaderTest:0.33666666666666667
