ShardStats:0.625
OrcStorageManager:0.4533333333333333
OrcTestingUtil:0.4166666666666667
