Duo:0.7933333333333333
BaseDuoAuthenticationService:0.3433333333333333
DefaultDuoMultifactorAuthenticationProvider:0.2733333333333333
BasicDuoAuthenticationService:0.22666666666666666
