Harvester:0.44333333333333336
SelfRegister:0.2966666666666667
FragmentHarvester:0.29
MetadataFragmentsParams:0.23333333333333334
MetadataFragmentsHarvester:0.17
NetLib:0.16333333333333333
SendLink:0.15
Change:0.1391111111111111
MetadataFragmentsResult:0.07333333333333333
