Flow:0.54
FlowExecutionImpl:0.39666666666666667
StateException:0.36666666666666664
StateMapperFlowExceptionHandler:0.195
EnterStateVetoException:0.15
NoMatchingTransitionException:0.14333333333333334
CannotExecuteTransitionException:0.14
ActionExecutionException:0.13666666666666666
NoSuchFlowStateException:0.07
StateMapperExceptionHandlerTests:0.02
