HttpTest:0.5627777777777778
HttpUtils:0.3933333333333333
