Robot:0.8366666666666667
RobotAWTModeTest:0.2966666666666667
InputState:0.27944444444444444
