CMap:0.4255555555555556
ExecutorThreadFactory:0.4033333333333333
Node:0.2733333333333333
ExecutorManager:0.26666666666666666
Serializer:0.21666666666666667
ClassSerializer:0.14333333333333334
ManagementService:0.14333333333333334
ObjectSerializer:0.14333333333333334
DataSerializer:0.14333333333333334
SerializationHelper:0.11666666666666667
