Graph:0.5533333333333333
DirectedGraph:0.5233333333333333
UndirectedGraph:0.38333333333333336
BFS:0.2
PrimsMST:0.15333333333333332
