EditAbbrevDialog:0.04963032
AddAbbrevDialog:0.026869545
jEdit:0.01690207
