AbstractInputHandler:0.017299537
TextAreaInputHandler:0.012389755
Log:0.011260874
DefaultInputHandler:0.008318675
