BeanShellErrorDialog:0.12648857
GUIUtilities:0.084050775
SearchAndReplace:0.07082058
jEdit:0.05382682
EnhancedDialog:0.025300523
MiscUtilities:0.019485544
