BasicApplicationProfile:0.44444444444444436
DicomInputStream:0.3933333333333333
IntHashtable:0.2966666666666667
SAXWriter:0.21666666666666667
Exclude:0.13666666666666666
Include:0.13666666666666666
