TestDate:0.41
JSONTest:0.31666666666666665
ServerDescriptionTest:0.30333333333333334
StubTransformer:0.2516296296296296
ClusterFixture:0.23
BasicDBObjectTest:0.22333333333333333
SingleConnectionBindingTest:0.19666666666666666
AsyncSingleConnectionBindingTest:0.19666666666666666
TestDateTransformer:0.17310449735449732
BSONTest:0.15666666666666668
LazyDBEncoderTest:0.11333333333333333
ChangeEventTest:0.09333333333333334
DBObjectMatchers:0.04
