SessionImpl:0.4266666666666667
ActionQueue:0.4
EventSource:0.2678730158730158
Cascade:0.23666666666666666
DefaultDeleteEventListener:0.18333333333333332
DeleteEvent:0.155
DeleteOneToOneOrphansTest:0.10666666666666667
