AndroidManifest:0.6433333333333333
ManifestIdentifier:0.41
BuckManifestFactory:0.3044444444444444
ManifestFactoryTest:0.1877777777777778
MavenManifestFactory:0.18
BuckManifestFactoryTest:0.15666666666666668
