jq_NativeThread:0.8366666666666667
JoeqVM:0.3566666666666667
