Gedcom:0.8033333333333333
Undo:0.3244444444444444
Monitor:0.2180952380952381
Callback:0.20833333333333334
Stats:0.2
Redo:0.18531746031746033
GedcomMetaListener:0.18116666666666667
GedcomListenerAdapter:0.15833333333333333
Model:0.11083333333333334
