HL7ServerService:0.71
ADTService:0.32
ORMService:0.27666666666666667
AbstractHL7Service:0.19333333333333333
