NutLoading:0.5133333333333333
Loadings:0.5006666666666666
AbstractNutConfig:0.36666666666666664
