Table:0.5466666666666666
DateWidget:0.49666666666666665
DateBean:0.31333333333333335
