SimilarRects:0.31333333333333335
opencv_core:0.31333333333333335
HOGDescriptor:0.24666666666666667
opencv_imgproc:0.235
Feature2D:0.17833333333333334
