CalendarInterval:0.6283333333333333
AlfExecuteWebScriptHandler:0.30666666666666664
TypeConversionUtil:0.17666666666666667
