ClassInfoLight:0.4033333333333333
RemoteObjectLight:0.2633333333333333
UserInfo:0.26
ClassInfo:0.25666666666666665
Query:0.25
RemoteSession:0.25
AttributeInfo:0.24666666666666667
ObjectList:0.22666666666666666
RemoteQueryLight:0.21
RemoteObject:0.20333333333333334
UserGroupInfo:0.19166666666666668
ViewInfoLight:0.18
CategoryInfo:0.12333333333333334
Validator:0.11
UserGroupInfoLight:0.07333333333333333
