SWDownloadCandidate:0.41333333333333333
HTTPProcessor:0.3233333333333333
ConnectionRequest:0.2966666666666667
DownloadEngine:0.22
HTTPMessageException:0.14
