CommonConfiguration:0.575
DefaultARINCUtils:0.45666666666666667
AbstractConfigurationParser:0.24333333333333335
ARINCLayer:0.19416666666666665
ARINCComUtils:0.13
ConfigProperties:0.0
