Redisson:0.465
RedisPubSubTopicListener:0.3333333333333333
RedissonTopic:0.30333333333333334
RedissonCountDownLatch:0.2688888888888889
RedissonLock:0.23666666666666666
RedissonCountDownLatchTest:0.14
