SearchPanel:0.36666666666666664
SiteLib:0.2866666666666667
ComboInfo:0.26666666666666666
MainPanel:0.19
