Vss:0.6905555555555556
VssTest:0.36333333333333334
