gdxBulletJNI:0.8066666666666666
btDefaultMotionState:0.39
btCollisionObject:0.32666666666666666
