Flyweight:0.8316666666666667
HeaderFlyweight:0.6379761904761905
FlyweightTest:0.09666666666666666
