AbstractFieldMapper:0.38666666666666666
Defaults:0.3765555555555556
CompletionFieldMapper:0.21333333333333335
VersionFieldMapper:0.20333333333333334
TypeFieldMapper:0.19
Builder:0.18933333333333333
IndexFieldMapper:0.17666666666666667
CompletionPostingsFormatTest:0.17333333333333334
AllFieldMapper:0.16333333333333333
UidFieldMapper:0.15333333333333332
ExternalMapper:0.14666666666666667
GeoShapeFieldMapper:0.14666666666666667
BinaryFieldMapper:0.06666666666666667
