CorpusPage:0.5133333333333333
OpenEdition:0.24844444444444444
DeleteObject:0.22283333333333333
RestartTXM:0.21
ExecuteScriptR:0.19482323232323231
ExecuteRText:0.19482323232323231
ComputeCorrespondanceAnalysis:0.14854545454545454
ConvertCorpus:0.12
ExecuteGroovyScript:0.11333333333333333
ExecuteText:0.11333333333333333
PurgeCorpora:0.024166666666666666
