GwtMusic:0.5433333333333333
SMSound:0.49333333333333335
SoundManager:0.4906111111111111
GwtSound:0.29
SoundManagerCallback:0.1418333333333333
SMSoundCallback:0.0011111111111111111
