Sender:0.5966666666666667
Http:0.5766666666666667
ProxySwitcher:0.5186666666666666
