OpenAL:0.5133333333333333
Test:0.2993650793650794
Speed:0.06666666666666667
OpenGL:0.06666666666666667
AppletTest:0.05333333333333334
Optional:0.02
