MetricsImpl:0.6533333333333333
AgentService:0.2966666666666667
MasterService:0.2966666666666667
