INodeService:0.6977777777777778
NodeService:0.45666666666666667
RouterService:0.32
PullResourceHandler:0.23666666666666666
MockNodeService:0.20666666666666667
