ChannelManager:0.5333333333333333
WebSocketUpgradeHandler:0.47333333333333333
UpgradeCallback:0.3233333333333333
WebSocketHandler:0.27666666666666667
