PPTGraphics2D:0.96
PPTExporter:0.2833928571428571
PPTSwingExporter:0.12
SavePPTAction:0.09333333333333334
PPTJFXExporter:0.05333333333333334
