BindingUtil:0.43666666666666665
ObjectiveCImplementationGenerator:0.38
JavaToIOSMethodTranslatorTest:0.3233333333333333
ObjectiveCImplementationGeneratorTest:0.2966666666666667
ObjectiveCSourceFileGenerator:0.2966666666666667
