RedissonMap:0.63
RedissonMapIterator:0.30522222222222223
RedissonMapCache:0.26
RedissonBaseMapIterator:0.22333333333333333
