Matrix2f:0.5466666666666666
Matrix4f:0.4166666666666667
Matrix3f:0.35
