DefaultRenderContext:0.53
OnlyAuthorIDEqual1:0.24
VisitContext:0.21527777777777776
CustomQueryPart:0.1927777777777778
VisitListenerTests:0.18666666666666668
CustomCondition:0.18
CustomField:0.18
DefaultVisitContext:0.17333333333333334
SQLTemplateQueryPart:0.14
