ValueAttribute:0.7333333333333333
ValueType:0.55
AccessorAttributesCollector:0.26666666666666666
ValuesTest:0.2633333333333333
Context:0.25
FactoryMethodAttributesCollector:0.14666666666666667
ValueTypeComposer:0.09333333333333334
