DbCustomerDao:0.5133333333333333
InMemoryCustomerDao:0.44666666666666666
ConnectivityIssue:0.25
App:0.23666666666666666
NonExistingCustomer:0.22666666666666666
ExistingCustomer:0.20333333333333334
DbCustomerDaoTest:0.19333333333333333
InMemoryCustomerDaoTest:0.13333333333333333
