QuorumXMLParser:0.5305555555555556
TestConditionalAction:0.38
AudioActionMap:0.2866666666666667
