JSONSerializer:0.52
JavaBeanSerializer:0.38
ASMSerializerFactory:0.33666666666666667
FieldInfo:0.32666666666666666
