ParcelerModule:0.5633333333333334
TestParcelerModule:0.4411111111111111
ParcelableGenerator:0.3933333333333333
