TypeLabel:0.64
RegExpr:0.47333333333333333
AspectEdge:0.33666666666666667
Predicate_label:0.13
