SinglePatientViewContainer:0.47333333333333333
DocViewerController:0.43666666666666665
AuthenticationContext:0.3333333333333333
DocumentViewContainer:0.30333333333333334
DocumentDetail:0.26666666666666666
PatientBanner:0.22333333333333333
PatientIDValueCallback:0.22333333333333333
PatientList:0.17200000000000001
DocumentListObserver:0.16333333333333333
DocViewer:0.11333333333333333
SinglePatientDemographicsView:0.013333333333333334
