Variable:0.9033333333333333
VariablesDateDialog:0.3566666666666667
VariablesUtils:0.3566666666666667
VariablesManageDialog:0.19333333333333333
