HiveClient:0.5991666666666666
CachingHiveMetastore:0.5583333333333333
TestCachingHiveMetastore:0.31333333333333335
