CommunicationsStub:0.44333333333333336
ClassManagerFrame:0.42333333333333334
ClassManagerTopComponent:0.39666666666666667
AuthenticationFrame:0.2866666666666667
ClassManagerService:0.20333333333333334
QueryBuilderFrame:0.16333333333333333
Installer:0.14666666666666667
ShowClassManager:0.12666666666666668
