Gedcom:0.8566666666666667
PropertyChange:0.4166666666666667
Monitor:0.30333333333333334
