CDKManager:0.6166666666666667
AbstractCDKManagerPluginTest:0.36333333333333334
ICDKManager:0.3333333333333333
CDKManagerTest:0.27
NewSdfWizard:0.18
