ConfigurationClass:0.7066666666666667
CglibConfigurationEnhancer:0.31333333333333335
ConfigurationEnhancingBeanFactoryPostProcessor:0.2783333333333333
ReflectiveConfigurationParser:0.21666666666666667
ConfigurationModelBeanDefinitionReader:0.21666666666666667
ExternalValueMethodInterceptor:0.12666666666666668
