Indi:0.55
Fam:0.39666666666666667
PropertyHusband:0.19388888888888892
PropertyFamilyChild:0.19388888888888892
PropertyWife:0.19388888888888892
PropertyChild:0.19388888888888892
PropertyFamilySpouse:0.18
