Customer:0.5033333333333333
DragonSlayingStrategyTest:0.27
CustomerDao:0.26666666666666666
MeleeStrategy:0.24
App:0.23
