TableTest:0.7816666666666666
HibernateTableTest2:0.43666666666666665
