CORBAAdapter:0.8333333333333334
DrawableAnnotatedFeatureSet:0.395
SiteView:0.2733333333333333
