ClientContext:0.48333333333333334
DefaultClientConnectionStrategy:0.4066666666666667
ConfiguredBehaviourTest:0.36666666666666664
