TransformWriter:0.6433333333333333
DataLoaderService:0.3433333333333333
TransformService:0.2733333333333333
DataExtractorService:0.25333333333333335
ITransformService:0.15833333333333333
TransformWriterTest:0.14333333333333334
ExtensionPointManager:0.14333333333333334
TransformDatabaseWriter:0.07333333333333333
