PublisherExtension:0.5783333333333334
JPF:0.5033333333333333
Publisher:0.43333333333333335
ConsolePublisher:0.33
XMLPublisher:0.22
Reporter:0.2
Coverage:0.16
