Filter:0.4033333333333333
AtmosphereServlet:0.39666666666666667
JSONPTransportFilter:0.17
FrameworkConfig:0.12111111111111111
HeaderConfig:0.12111111111111111
