DataObjectFactory:0.6797222222222223
AbstractApertureInOsgiTest:0.5493333333333332
