Lang:0.7766666666666666
Files:0.73
NutPluginManagement:0.17333333333333334
FilesTest:0.11666666666666667
