Script:0.4083333333333333
Robot:0.36
DefaultComponentFinderTest:0.35333333333333333
JComboBoxTesterTest:0.30111111111111116
JComponentTesterTest:0.30111111111111116
Step:0.3
JTabbedPaneTesterTest:0.2977777777777778
JListTesterTest:0.22666666666666666
Sequence:0.21
FrameTesterTest:0.21
AbstractButtonTesterTest:0.14
ComponentReferenceTest:0.12666666666666668
MouseWatcher:0.017388888888888888
ButtonWatcher:0.017388888888888888
