FastResultSetHandler:0.5844444444444444
MapperAnnotationBuilder:0.47388888888888897
