JCPPropertyHandler:0.6233333333333333
JChemPaintPanel:0.41
GeneralSettingsEditor:0.2966666666666667
SwingAddAtomsAndBondsEdit:0.19333333333333333
