EmbeddedTest:0.6233333333333333
AccessMappingTest:0.36666666666666664
JpaIntegrator:0.27666666666666667
