ParquetHiveRecordCursor:0.5141666666666667
ParquetPrimitiveConverter:0.48333333333333334
ParquetPrimitiveColumnConverter:0.32
ParquetRecordCursorProvider:0.21
