BuildDetailController:0.43666666666666665
GetActiveBuildInfoControllerTest:0.37333333333333335
SeleniumTestCase:0.35333333333333333
FailedBuildDetailStub:0.2618888888888889
BuildDetailTest:0.16333333333333333
ActiveBuildPageTest:0.15333333333333332
SingleQuoteTest:0.13666666666666666
