Builder:0.47333333333333333
BasicModelUtils:0.39499999999999996
Word2VecTests:0.21333333333333335
