Content:0.6824603174603174
ContentGroup:0.4866666666666667
