OAuthConfig:0.6
AbstractRequest:0.38333333333333336
ServiceBuilder:0.2733333333333333
OAuthRequestAsync:0.20722222222222222
OAuthRequest:0.19666666666666666
OAuthService:0.18
