VCSActivity:0.6233333333333333
VCSActivityDataObject:0.2733333333333333
FolderActivityDataObject:0.26666666666666666
FileActivityDataObject:0.26666666666666666
