Euler:0.7333333333333333
Codd:0.44333333333333336
EulerRunner:0.11
