UserData:0.7533333333333333
TxmI18N:0.31666666666666665
AuthenticationServiceImpl:0.30666666666666664
SubscribeForm:0.2733333333333333
ProfileForm:0.19333333333333333
LoginForm:0.17666666666666667
ManageUserTab:0.16
RecorverPasswordForm:0.15
