AppWidgetHostViewTest:0.38333333333333336
ShadowAppWidgetHostView:0.18333333333333332
ShadowAppWidgetHost:0.13666666666666666
AppWidgetHostTest:0.11666666666666667
