Column:0.6566666666666666
QueryUtils:0.5466666666666666
DbTableFixture:0.44
DbInsertUpdateDeleteFixture:0.20666666666666667
MyProjectFactory:0.15833333333333333
DbInsertFixture:0.15666666666666668
IsNullCriterion:0.02666666666666667
