Wallet:0.6422222222222222
WalletTest:0.37333333333333335
AbstractBlockChain:0.3433333333333333
BlockChainListener:0.32666666666666666
AbstractBlockChainListener:0.233
