PropertyBean:0.7766666666666666
BeanPanel:0.31
DateBean:0.2833333333333333
