ClassPathResource:0.5513333333333333
ClassUtils:0.4841666666666667
SparkFilter:0.33
