RuntimeEnvironment:0.7333333333333333
Configuration:0.7066666666666667
Indexer:0.27666666666666667
