InjectionTest:0.5666666666666667
ModuleIncludesTest:0.3433333333333333
Parameterized:0.043055555555555555
SingletonLinkedFromExtension:0.043055555555555555
RootModule:0.043055555555555555
ExtensionModule:0.043055555555555555
