RunCommandTest:0.5333333333333333
StartCommand:0.3433333333333333
StartStopListCommandsTest:0.31333333333333335
