PercolatorFieldMapper:0.8516666666666667
PercolatorPlugin:0.31333333333333335
PercolatorQuerySearchTests:0.2733333333333333
