JPPFManagementInfo:0.6766666666666666
ChannelWrapperLocal:0.3244444444444445
WaitInitialBundleState:0.17
