Request:0.53
SearchResponse:0.475
MultiSearchRequest:0.43
RequestTests:0.3
RestMultiSearchAction:0.19333333333333333
TransportMultiSearchAction:0.17333333333333334
RestHighLevelClient:0.145
MultiSearchResponse:0.1175
SearchIT:0.11333333333333333
MultiSearchRequestTests:0.08
