HopParser:0.5966666666666667
Descriptor:0.27166666666666667
HopVirtualMachineTest:0.19333333333333333
DFA27:0.13666666666666666
DFA7:0.12
IntermediateStep:0.0
