BatchTool:0.5666666666666667
BatchIngest:0.4533333333333333
BatchXforms:0.39666666666666667
