RemoteTask:0.6633333333333333
OutputBuffer:0.6533333333333333
TestNodeScheduler:0.3
HttpRemoteTask:0.25333333333333335
SqlStageExecution:0.25
OutputBufferManager:0.2475
BenchmarkNodeScheduler:0.23333333333333334
MockRemoteTask:0.16
BroadcastOutputBufferManager:0.04666666666666667
PartitionedOutputBufferManager:0.03333333333333333
