TextureHandler:0.36
Sunshine:0.34
SunshineSceneVisitor:0.32666666666666666
SunshineRaytracer:0.2783333333333333
CountVisitor:0.23666666666666666
SunshineParalellogram:0.19333333333333333
SunshineObject:0.15833333333333333
