SaveOnAccessCsrfToken:0.28
Directory:0.25
PortResolverImplTests:0.24277777777777781
OAuth2LoginConfigurer:0.22333333333333333
ThymeleafConfig:0.18333333333333332
SecurityContextImplTests:0.17465079365079367
DelegatingEvaluationContext:0.16333333333333333
HpkpHeaderWriter:0.16333333333333333
HstsHeaderWriter:0.14
OrderedObjectPostProcessor:0.11
HttpHeaderWriterWebFilter:0.10333333333333333
Contact:0.10333333333333333
