Mission:0.6266666666666667
SalvageBuilding:0.36333333333333334
BuildingConstructionMission:0.35333333333333333
ConstructBuilding:0.3
GoodsManager:0.28
UnitManager:0.23
MissionDataBean:0.18666666666666668
TradeMeta:0.185
TravelToSettlementMeta:0.185
BuildingConstructionMissionMeta:0.14333333333333334
SalvageBuildingMeta:0.14333333333333334
MetaMissionUtil:0.11333333333333333
Constructionbot:0.09
MetaTaskUtil:0.08666666666666667
