DefinitionModule:0.6866666666666666
WebKeys:0.48611111111111116
DefinitionModuleImpl:0.39666666666666667
BuildDefinitionDivs:0.32666666666666666
ViewController:0.21
ManageDefinitionsController:0.16
