MapContainer:0.6366666666666667
MapService:0.4988888888888889
PutBackupOperation:0.32111111111111107
RemoveBackupOperation:0.23333333333333334
MapEvictTask:0.21000000000000002
