TypeSpecTest:0.38666666666666666
FieldSpec:0.28400000000000003
TypesTest:0.25666666666666665
WildcardTypeName:0.21066666666666667
Builder:0.15333333333333332
