MaterialCalendarView:0.8233333333333334
CalendarUtils:0.29333333333333333
BasicActivity:0.23333333333333334
