Element:0.7538888888888889
HTMLElementTest:0.47333333333333333
Sarissa099Test:0.2833333333333333
SimpleScriptableTest:0.27
