JEditBuffer:0.14364089
IndentRule:0.09673957
IndentAction:0.053614646
Mode:0.049425673
TextUtilities:0.047630258
TokenMarker:0.040231112
TokenHandler:0.021689283
Token:0.01252467
