AL:0.7566666666666667
OpenALCreationTest:0.32
BasicTest:0.30666666666666664
