InsertVisitor:0.6766666666666666
ParsedStatement:0.3516666666666667
TransportSQLAction:0.15333333333333332
