ExpressionInterpreter:0.47333333333333333
NodeRewriter:0.29333333333333333
RewritingVisitor:0.28
Visitor:0.26
Formatter:0.23333333333333334
AstVisitor:0.21666666666666667
TestExpressionInterpreter:0.10666666666666667
