WorkflowModule:0.6866666666666666
AbstractFolderCoreProcessor:0.45
WorkflowModuleImpl:0.39666666666666667
