VARIANT:0.43333333333333335
TlbImp:0.37333333333333335
TlbCoClass:0.37
TlbCmdlineArgs:0.2733333333333333
TlbBase:0.24
COMUtils:0.20333333333333334
MSOfficeDemo:0.18
TlbFunctionDispId:0.15833333333333333
COMException:0.14666666666666667
COMEarlyBindingObject:0.11666666666666667
USHORT:0.11333333333333333
TlbConst:0.0
