CondensedAlignment:0.5233333333333333
AlignFrame:0.47388888888888886
PercentIdentityAction:0.22333333333333333
