Convertor:0.6333333333333333
JOELibPlugin:0.4766666666666667
JOELibDescriptorProvider:0.35333333333333333
