TxnCommitBackupOperation:0.3233333333333333
MultiMapDataSerializerHook:0.31666666666666665
TxnCommitOperation:0.21583333333333332
TxnRemoveAllOperation:0.1861111111111111
TxnRemoveOperation:0.1861111111111111
TxnPutOperation:0.1861111111111111
TxnMultiMapTest:0.056666666666666664
CountingEntryListener:0.04416666666666667
