MultiLayerNetwork:0.6666666666666666
ComputationGraph:0.38333333333333336
ModelSerializer:0.3433333333333333
MultiLayerTest:0.25666666666666665
RastriginFunctionModel:0.20666666666666667
RosenbrockFunctionModel:0.20666666666666667
TestComputationGraphNetwork:0.20333333333333334
