EMPIConfig:0.5233333333333333
FieldConfig:0.5033333333333333
CrossReferenceConsumerConfig:0.36666666666666664
MatchFieldConfig:0.11333333333333333
IdentitySourceConfig:0.10666666666666667
BlockingPassConfig:0.07
