CliMode:0.6266666666666667
GuiMode:0.49666666666666676
Main:0.3053333333333333
