CrawlScope:0.4066666666666667
CredentialStore:0.39666666666666667
OrFilter:0.3933333333333333
RobotsHonoringPolicy:0.27
Processor:0.20166666666666666
URIRegExpFilter:0.15333333333333332
PathologicalPathFilter:0.13666666666666666
TransclusionFilter:0.13333333333333333
CredentialStoreTest:0.06
