DBCursor:0.62
Result:0.3333333333333333
Response:0.2886111111111111
DBCursorTest:0.2866666666666667
