TestCertTools:0.6327777777777778
TestDnComponents:0.4033333333333333
