ActivityStreamCache:0.41
GwtActivityStreamHelper:0.35333333333333333
TreeDisplayBase:0.32
MainMenuControl:0.31666666666666665
TreeDisplayVertical:0.2833333333333333
ContextLoadInfo:0.2733333333333333
GwtMainPage:0.27
WorkspaceTreeControl:0.25333333333333335
TreeDisplayHorizontal:0.16
ActivityStreamData:0.08666666666666667
