HtmlElement:0.6033333333333334
HtmlPage:0.5733333333333334
HtmlForm:0.39666666666666667
SimpleScriptable:0.36666666666666664
ClassConfiguration:0.24166666666666667
JavaScriptConfiguration:0.22666666666666666
DocumentNavigator:0.18666666666666668
HtmlFormTest:0.18333333333333332
HtmlAnchorTest:0.17666666666666667
FailingHttpStatusCodeExceptionTest:0.14
HtmlButtonTest:0.13
InputElementFactory:0.12
FunctionContextWrapper:0.04
