AbstractParser:0.3566666666666667
AnalysisAdapter:0.31333333333333335
Sim4Parser:0.30666666666666664
BlastParser:0.3
AlignmentParser:0.23666666666666666
FgeneshGFFParser:0.19666666666666666
FgeneshParser:0.19666666666666666
RpMaskerParser:0.19666666666666666
tRNA_Parser:0.19
GenscanParser:0.18333333333333332
