InternalPartitionService:0.55
NodeExtension:0.54
ClusterServiceImpl:0.4633333333333333
ExceptionUtil:0.35
InternalPartitionServiceImpl:0.2966666666666667
DefaultPortableReaderSpecTest:0.27666666666666667
InternalPartitionImpl:0.27666666666666667
Node:0.24333333333333335
FinalizeJoinOperation:0.24333333333333335
ClusterHeartbeatManager:0.22333333333333333
MigrateTask:0.22
MemberInfoUpdateOperation:0.21
ClusterJoinManager:0.2
DefaultNodeExtension:0.19
CacheDestroyTest:0.18333333333333332
TestHazelcastInstanceFactory:0.18
PartitionStateManager:0.17
CacheClearTest:0.16
InternalPartitionServiceImplTest:0.15666666666666668
FetchMostRecentPartitionTableTask:0.15666666666666668
