MultiLayerNetwork:0.5416666666666666
GravesLSTM:0.53
GRU:0.39666666666666667
