SeqFeatureI:0.61
SeqFeature:0.5966666666666667
FeaturePairI:0.5616666666666666
OverlapI:0.5533333333333333
FeatureSetI:0.5533333333333333
SequenceI:0.54
FeaturePair:0.38666666666666666
Sequence:0.3433333333333333
Exon:0.18666666666666668
FeatureSet:0.16333333333333333
Transcript:0.08
