JobListener:0.809484126984127
CompositeJobListener:0.30666666666666664
JobListenerSupport:0.23666666666666666
