FileSystemUtils:0.58
FileSystemMgtService:0.54
WADOCacheImpl:0.30666666666666664
CompressionService:0.2866666666666667
