DataStoreDriver:0.7866666666666666
WritableDataStoreDataSource:0.2733333333333333
JUMPConfiguration:0.2475
SaveToPostGISDataSource:0.23
H2DataStoreDriver:0.20333333333333334
SpatialiteDataStoreDriver:0.20333333333333334
PostgisDSDriver:0.2
PostGISDataStoreDataSource:0.15
SpatialiteDataStoreExtension:0.09083333333333334
MysqlDataStoreExtension:0.06
MariadbDataStoreExtension:0.06
OracleDataStoreExtension:0.06
AbstractSpatialDatabasesDSDriver:0.04666666666666667
H2DataStoreExtension:0.04444444444444444
AbstractSpatialDatabasesDSExtension:0.03666666666666667
PostgisDSExtension:0.0
