Receiver:0.44333333333333336
TransmitterTest:0.4166666666666667
BufferDescriptor:0.36577777777777787
Transmitter:0.17333333333333334
ReceiverTest:0.07
