Matcher:0.6866666666666666
TransitiveTraversal:0.38666666666666666
