EcoreToInstance:0.7616666666666667
GraphvizToInstance:0.5019444444444445
