ParsedTag:0.7166666666666667
SriptEscape:0.4592619047619047
CharScanner:0.33
LagartoParser2:0.25333333333333335
