PrinterService:0.6283333333333333
PrinterCalibration:0.5303333333333333
PrintableImageBox:0.25333333333333335
