MapStoreWithCounter:0.46
AbstractMultipleEntryOperation:0.43666666666666665
EntryOperation:0.4266666666666667
MapStoreTest:0.24333333333333335
