ClientProperties:0.6033333333333334
ApplicationRegistratorTest:0.37
SpringBootAdminClientEnabledCondition:0.21333333333333335
