StrutsJarURLConnection:0.38
DefaultHttpHeadersTest:0.36666666666666664
PackageBasedActionConfigBuilder:0.35
PackageBasedActionConfigBuilderTest:0.2866666666666667
SessionLocaleHandler:0.24666666666666667
JarEntryRevisionTest:0.24333333333333335
JasperReportsResult:0.24333333333333335
I18nInterceptorTest:0.24333333333333335
StrutsJUnit4TestCase:0.24333333333333335
FileUploadInterceptorTest:0.21166666666666667
JarEntryRevision:0.20333333333333334
AnnotationUtils:0.2
AbstractMatcher:0.19666666666666666
Debug:0.14666666666666667
AnnotationUtilsTest:0.006666666666666667
StrutsJUnit4TestCaseTest:0.0
