MURLButton:0.4266666666666667
Net:0.38
OS:0.37666666666666665
LinkAction:0.27666666666666667
MAbout:0.18666666666666668
FeedsFSPlugin:0.1775
