TermUtil:0.465
NlpAnalysis:0.45666666666666667
Graph:0.29333333333333333
MathUtil:0.18
AnsjTokenizer:0.18
TestError:0.12
