JsonSerializer:0.6233333333333333
JsonContext:0.5566666666666666
JoddJson:0.03
