StructureDiagramGenerator:0.37
XLogPDescriptor:0.35333333333333333
InductivePartialCharges:0.31333333333333335
SmilesGenerator:0.31333333333333335
GaussiansBasis:0.31
CML2Test:0.3062777777777778
HueckelAromaticityDetectorTest:0.3062777777777778
MACiEReader:0.29883333333333334
CDKSourceCodeWriter:0.2986111111111111
JChemPaintPanel:0.29066666666666674
Convertor:0.2833333333333333
FileConvertor:0.28
ValencyCheckerTest:0.27711111111111114
IsotopeFactoryTest:0.276
PDBWriter:0.2688888888888889
RDFCalculatorTest:0.2683333333333333
QueryAtomContainerCreator:0.26
CDKDictionaryReferences:0.26
SmilesParserTest:0.2541111111111111
MDLRXNReader:0.25
InductiveAtomicSoftnessDescriptor:0.24638888888888885
TPSADescriptor:0.24638888888888885
PDBReaderTest:0.24638888888888885
AromaticAtomsCountDescriptor:0.24638888888888885
InductiveAtomicHardnessDescriptor:0.24638888888888885
RemoveAtomsAndBondsEditTest:0.24037878787878791
RebondToolTest:0.24037878787878791
Renderer3D:0.2397222222222222
GaussianInputWriter:0.23883333333333334
RDFCalculator:0.235
GENMDeterministicGenerator:0.23333333333333334
HydrogenAdder:0.23
CrystalGeometryTools:0.23
MDLWriter:0.23
EditAction:0.21826767676767678
EquivalentClassPartitioner:0.21333333333333335
KabschAlignment:0.21
PathTools:0.20944444444444443
HBondDonorCountDescriptor:0.20944444444444443
HBondAcceptorCountDescriptor:0.20883333333333332
HINWriter:0.20883333333333332
XYZWriter:0.20883333333333332
AminoAcids:0.20661111111111108
BasicValidator:0.20333333333333334
ConnectivityOrderZeroDescriptor:0.19666666666666666
CarbonConnectivityOrderZeroDescriptor:0.19666666666666666
APolDescriptor:0.19666666666666666
ValenceCarbonConnectivityOrderZeroDescriptor:0.19666666666666666
ZagrebIndexDescriptor:0.19666666666666666
AtomCountDescriptor:0.19666666666666666
ValenceConnectivityOrderZeroDescriptor:0.19666666666666666
WeightDescriptor:0.19666666666666666
KappaShapeIndicesDescriptor:0.19666666666666666
IDCreator:0.19
CleanUpEditTest:0.18355555555555556
Rule2dot1:0.18333333333333332
FlipEditTest:0.18050000000000002
GaussiansCalculationTest:0.17777777777777778
ProblemMarker:0.15666666666666668
MMFF94PartialCharges:0.14
BrokenBond:0.13666666666666666
CreateReactionAction:0.13666666666666666
AtomContainerAtomPermutor:0.13666666666666666
AddHydrogenAction:0.11666666666666667
ProteinBuilderTool:0.11666666666666667
MoleculeGraphs:0.11333333333333333
CleanupAction:0.10666666666666667
FlipAction:0.09333333333333334
SimpleBasisSet:0.09
DictionaryAction:0.08333333333333333
PDBValidator:0.08333333333333333
ValidateAction:0.08333333333333333
ValencyValidator:0.05
RDFWeightFunction:0.0033333333333333335
