MetaModel:0.6566666666666666
MetaProperty:0.3333333333333333
ModuleTestBase:0.29
MapFacadeBean:0.23333333333333334
IPersistenceProvider:0.22337301587301586
Objects:0.22
POJOPersistenceProviderBase:0.21666666666666667
MetaTab:0.1875
Assert:0.17666666666666667
DeliveriesTest:0.17333333333333334
EJBPersistenceProvider:0.16333333333333333
