Trigger:0.57
TriggerRouterService:0.39
TriggerHistory:0.3566666666666667
FormatUtils:0.32
Constants:0.21255555555555553
