HttpSecurityBeanDefinitionParser:0.43666666666666665
AuthenticationConfigBuilder:0.37333333333333335
HttpConfigurationBuilder:0.275
AbstractUserDetailsServiceBeanDefinitionParser:0.20333333333333334
RememberMeBeanDefinitionParser:0.19580952380952382
InMemoryXmlApplicationContext:0.18
GlobalMethodSecurityBeanDefinitionParser:0.16666666666666666
AuthenticationManagerBeanDefinitionParser:0.15333333333333332
FilterInvocationSecurityMetadataSourceParser:0.13666666666666666
