TaskRunner:0.33666666666666667
TaskRunnerFactory:0.24333333333333335
Supervisor:0.22666666666666666
HostInfoReporter:0.22666666666666666
Stop:0.2111111111111111
Builder:0.19
Reaper:0.17666666666666667
SupervisorFactory:0.17666666666666667
AgentService:0.15333333333333332
SupervisorTest:0.15
GracePeriodTest:0.13333333333333333
TaskRunnerTest:0.06666666666666667
