BackupAlg:0.47333333333333333
SelectTargetMsg:0.25666666666666665
