ParserFactory:0.5766666666666667
RewriteTokenRef:0.08333333333333333
RewriteAction:0.08333333333333333
RewriteLabelRef:0.08333333333333333
RewriteRuleRef:0.08333333333333333
RewriteImagTokenRef:0.06333333333333334
RewriteSelfRuleLabelRef:0.06333333333333334
