WriteBehindStore:0.67
MapDataStores:0.37666666666666665
EmptyStoreHolder:0.12166666666666667
