PartitionServiceImpl:0.43
MapService:0.37
QueueService:0.2
ClusterServiceImpl:0.19
ClientCommandService:0.10666666666666667
ClientProtocolService:0.0011111111111111111
