ClusterRebalanceAllocationDecider:0.4166666666666667
BalanceConfigurationTests:0.24333333333333335
AddIncrementallyTests:0.12
AwarenessAllocationTests:0.11333333333333333
FailedNodeRoutingTests:0.0881111111111111
RoutingIteratorTests:0.05
ClusterRebalanceRoutingTests:0.05
ClusterDynamicSettingsModule:0.04722222222222223
FailedShardsRoutingTests:0.04666666666666667
DiskThresholdDeciderTests:0.04666666666666667
RebalanceAfterActiveTests:0.04505555555555556
TenShardsOneReplicaRoutingTests:0.04505555555555556
ShardVersioningTests:0.04338888888888889
NodeVersionAllocationDeciderTests:0.043333333333333335
DeadNodesAllocationTests:0.025555555555555557
SingleShardNoReplicasRoutingTests:0.023333333333333334
RoutingNodesIntegrityTests:0.023333333333333334
IndexBalanceTests:0.02
