Term:0.56
CssTokenizer:0.4033333333333333
CssParser:0.36
Declaration:0.31
StyleRule:0.2733333333333333
Stylesheet:0.18666666666666668
StyleableStyleManager:0.14
AtRule:0.12666666666666668
RectangleFigureNGTest:0.11333333333333333
DocumentStyleManager:0.11333333333333333
CssTokenizerNGTest:0.10666666666666667
CssParserNGTest:0.05333333333333334
PseudoClassSelector:0.02666666666666667
SimplePseudoClassSelector:0.01
FunctionPseudoClassSelector:0.006666666666666667
