DataStreamProvider:0.532888888888889
FunctionAssertions:0.3566666666666667
ConnectorDataStreamProvider:0.16922222222222222
InformationSchemaDataStreamProvider:0.13666666666666666
NativeDataStreamProvider:0.13
DualDataStreamProvider:0.13
TpchDataStreamProvider:0.13
SystemDataStreamProvider:0.11
JmxDataStreamProvider:0.10666666666666667
DataStreamManager:0.07
RecordSetDataStreamProvider:0.04
