SerializeWriter:0.78
ASMSerializerFactory:0.30333333333333334
MediaSerializer:0.13333333333333333
