AbstractFlywayTask:0.7466666666666667
AntLargeTest:0.25333333333333335
