TypeConverterManagerBean:0.33
MutableDoubleConverter:0.24666666666666667
MutableFloatConverter:0.24666666666666667
MutableByteConverter:0.24666666666666667
MutableLongConverter:0.24666666666666667
MutableShortConverter:0.24666666666666667
MutableIntegerConverter:0.24666666666666667
