CacheState:0.7333333333333333
CacheStateMachineAudit:0.545
ChangeListener:0.5116666666666667
DirtyTransactions:0.4766666666666667
CacheStateMachine:0.31333333333333335
CachingLogic:0.2966666666666667
ExecutorCacheImpl:0.25666666666666665
DirtyCacheState:0.24666666666666667
EmptyCacheState:0.23
ProcessDefCacheImpl:0.22833333333333333
CacheInitializingState:0.22666666666666666
CompletedCacheState:0.22666666666666666
TestLazyCacheCtrl:0.20333333333333334
StaticCacheFactoryImpl:0.2
LazyCacheFactoryImpl:0.18333333333333332
SubstitutionCacheStateCtrl:0.13333333333333333
CacheStateMachineAuditStub:0.125
ChangeListenerGuard:0.125
SubstitutionCacheFactory:0.1075
DefaultCacheStateFactory:0.1
BaseCacheCtrl:0.09666666666666666
DirtyTransactionSynchronization:0.085
TestCacheStateMachineAudit:0.08
TaskCacheStateCtrl:0.08
DirtyLazyCacheTest:0.07666666666666666
CacheStateFactory:0.058333333333333334
BeforeTransactionCompleteAuditStub:0.0
TestBeforeTransactionCompleteAudit:0.0
