Adaptor:0.8933333333333333
Files:0.5183333333333333
Streams:0.5
PsqlJdbcExpert:0.23333333333333334
Jdbcs:0.21
