ClassLoaderUtil:0.7466666666666667
AutoSuspendablesScanner:0.5466666666666666
ClassLoaderUtilTKB:0.12666666666666668
Ref:0.05333333333333334
