URLWizardPanel:0.4666666666666667
AddWmsLayerWizard:0.36333333333333334
WizardDialog:0.30333333333333334
DataSourceQueryChooserOpenWizard:0.22
AddWMSQueryPlugIn:0.21333333333333335
CancelNextException:0.06666666666666667
InvokeMethodKeyTypedListener:0.03333333333333333
InvokeMethodItemListener:0.03333333333333333
