LexerATNSimulator:0.48
ParserATNSimulator:0.4
Transition:0.24166666666666667
SimState:0.18844444444444444
WildcardTransition:0.13555555555555557
RuleTransition:0.13555555555555557
PredicateTransition:0.09666666666666666
ActionTransition:0.09666666666666666
AtomTransition:0.08666666666666667
SetTransition:0.08666666666666667
RangeTransition:0.08666666666666667
EpsilonTransition:0.08666666666666667
NotSetTransition:0.06666666666666667
