RequestContextPropertyAccessor:0.4766666666666667
WebFlowOgnlExpressionParser:0.4033333333333333
ELExpression:0.22666666666666666
MessageSourcePropertyAccessor:0.12933333333333333
WebFlowOgnlExpressionParserTests:0.11
WebFlowELExpressionParserTests:0.11
