HealpixIndex:0.5966666666666667
SpatialVector:0.5733333333333334
AngularPosition:0.2783333333333333
