TestApp:0.5266666666666666
MapReduceService:0.36
ClientTxnMultiMapTest:0.35333333333333333
ClientTxnMapTest:0.33666666666666667
QueryAdvancedTest:0.31
TestPredicate:0.30666666666666664
ClientTxnListTest:0.28
WebFilter:0.23138888888888887
AllTest:0.2280555555555555
EntryProcessorTest:0.21333333333333335
SetCommandParser:0.11333333333333333
