AbstractDomainObject:0.38
PaginationCriteria:0.14
ValidationError:0.10666666666666667
ValidationModelError:0.09785714285714286
AbstractValidationError:0.08666666666666667
ValidationHolder:0.08
AbstractModelValidator:0.02666666666666667
