Incollector:0.35
MApplication:0.35
Wizard:0.26
AbstractBeanInfo:0.25666666666666665
TagsUtils:0.24111111111111114
Tester:0.2327777777777778
Feed:0.19611111111111112
ImportExport:0.19333333333333333
Armor:0.17777777777777778
