CriterionTag:0.8433333333333334
SearchFieldTag:0.30666666666666664
MatchModeTag:0.30666666666666664
