Building:0.45
BuildingConfig:0.44
Administration:0.3566666666666667
BuildingManager:0.33233333333333337
Teach:0.2833333333333333
CompileScientificStudyResults:0.16666666666666666
InviteStudyCollaborator:0.16666666666666666
RespondToStudyInvitation:0.16666666666666666
ProposeScientificStudy:0.10666666666666667
