State:0.62
Errors:0.5066666666666667
ElementVisitor:0.45366666666666666
DefaultElementVisitor:0.25
MembersInjectorImpl:0.24
Builder:0.23666666666666666
RecordingBinder:0.23333333333333334
ElementsTest:0.22333333333333333
InheritingState:0.22
TypeEncounter:0.2105952380952381
EncounterImpl:0.19666666666666666
ModuleWriter:0.18666666666666668
MembersInjectorStore:0.16666666666666666
AbstractProcessor:0.15333333333333332
AllTests:0.09666666666666666
