Preconditions:0.56
ReflectionUtils:0.52
ExceptionUtils:0.2633333333333333
StringUtils:0.185
LifecycleMethodUtils:0.13833333333333334
FunctionUtils:0.1162777777777778
CollectionUtils:0.1162777777777778
AnnotationUtils:0.11416666666666667
