UserPropertiesDlg:0.5633333333333334
GwtTeamingMessages:0.4205555555555555
ActionMenuCell:0.2253492063492063
