TextInput:0.8266666666666667
TextInputTest:0.43666666666666665
