TutorialTopComponent:0.47333333333333333
SelectionWindow:0.38
TutorialsRemote:0.36333333333333334
Tutorial:0.31666666666666665
MainWindow:0.31333333333333335
SelectionWindowSingleton:0.3044444444444444
SearchDialog:0.2966666666666667
LoadTutorialAction:0.09333333333333334
Installer:0.09333333333333334
SearchDialogSingleton:0.09333333333333334
