XPathAirlineEndpoint:0.8033333333333333
XPathAirlineEndpointTest:0.23333333333333334
