PyString:0.6733333333333333
PyArray:0.36666666666666664
JavaDateFactory:0.36444444444444446
