ValueAttribute:0.48833333333333334
Constitution:0.36
Annotations:0.3161111111111111
