Formula:0.7333333333333333
Groove:0.5775
CTLModelChecker:0.29333333333333333
