FileBean:0.38666666666666666
FileSystemDTO:0.32666666666666666
MWLItemBean:0.2866666666666667
PatientBean:0.2833333333333333
DTOFactory:0.2833333333333333
SqlBuilder:0.28
StorageBeanTest:0.28
StorageBean:0.2633333333333333
FileDTO:0.24333333333333335
FileSystemBean:0.22333333333333333
StudyBean:0.20083333333333334
SeriesBean:0.20083333333333334
PatientUpdateBean:0.19666666666666666
MWLManagerBean:0.18
FileBeanTest:0.15666666666666668
FileInfo:0.11
MWLQueryCmd:0.06333333333333334
FileSystemMgtBean:0.06
