PointInTime:0.5666666666666667
Delta:0.37
Calendar:0.305
PropertyAge:0.28
WordBuffer:0.16166666666666665
FrenchRCalendar:0.16
ActionUpdate:0.15333333333333332
ReportAges:0.06
