FolderCtrl:0.66
ContentManagerBean:0.4166666666666667
FolderSubmitCtrl:0.4033333333333333
AEEditCtrl:0.2733333333333333
