EventBus:0.64
SubscriberMethodFinder:0.3233333333333333
Post:0.22
TestSetupActivity:0.19666666666666666
EventBusBuilder:0.19666666666666666
PerfTestEventBus:0.14
TestParams:0.13666666666666666
RegisterFirstTime:0.11666666666666667
RegisterAll:0.11666666666666667
RegisterOneByOne:0.11666666666666667
