PetiteContainer:0.5333333333333333
BeanDefinition:0.48333333333333334
PetiteBeans:0.26
AutomagicPetiteConfigurator:0.19
BeanRegister:0.19
ProxettaBeanDefinition:0.1
ProxettaAwarePetiteContainer:0.013333333333333334
