SimStateMachine:0.6066666666666667
SCEvent:0.5927777777777778
