CharSeqTest:0.5284444444444444
AbstractSeqTest:0.4166666666666667
