TaskManager:0.4633333333333333
MCalendar:0.33666666666666667
DayButton:0.28
CalendarWidget:0.18666666666666668
Summary:0.17805555555555558
CalendarComponent:0.07944444444444444
