SearchFilter:0.6233333333333333
SearchObject:0.25333333333333335
SearchFilterToSearchBooleanConverter:0.24
LuceneProvider:0.20666666666666667
VibeAnalyzer:0.19333333333333333
TypeToFindAjaxController:0.14666666666666667
