Config:0.6233333333333333
FeatureTreePanel:0.38333333333333336
TestLoader:0.26277777777777783
FileMenu:0.13
