Future:0.5444444444444445
ScopesCompiler:0.4866666666666667
CodeCompiler:0.37
