MongoCollection:0.5266666666666666
MongoOperations:0.47711904761904766
MongoClient:0.46
MongoDatabase:0.44166666666666665
WriteConcern:0.31666666666666665
SingleServerMongoOperations:0.22
MongoCollectionImpl:0.21333333333333335
MongoCursor:0.21333333333333335
MongoDocument:0.16333333333333333
SingleChannelMongoClient:0.16
SingleServerMongoClient:0.14666666666666667
SingleChannelMongoClientTest:0.14
MongoDatabaseImpl:0.11333333333333333
SingleChannelMongoOperations:0.09333333333333334
DropCollectionCommand:0.08333333333333333
InsertResult:0.02
UpdateResult:0.02
MongoResult:0.0
