DSL:0.6433333333333333
DateDiff:0.35333333333333333
