MultiLayerConfiguration:0.4766666666666667
BaseTextVectorizer:0.3433333333333333
VocabActor:0.30666666666666664
ActivationFunctionSerializer:0.14666666666666667
LayerFactorySerializer:0.14666666666666667
StepFunctionSerializer:0.14666666666666667
DistributionSerializer:0.14666666666666667
RandomGeneratorSerializer:0.14666666666666667
