AddShareFolderAction:0.5166666666666667
FileDialogHandler:0.5033333333333333
