Choice:0.6166666666666667
TestSetInline:0.4533333333333333
LL1OptionalBlockSingleAlt:0.3933333333333333
OutputModelObject:0.2188888888888889
