DiskRange:0.7516666666666667
AbstractOrcDataSource:0.35
StripeInformation:0.2633333333333333
