StringTermsTests:0.41444444444444445
TermsAggregatorFactory:0.25666666666666665
BucketsAggregator:0.22666666666666666
GlobalOrdinalsStringTermsAggregator:0.17666666666666667
LowCardinality:0.16333333333333333
WithHash:0.13
GlobalOrdinalsBenchmark:0.12866666666666665
