EditableVertex:0.5333333333333333
DefaultGraphRenderer:0.30333333333333334
CircularLayoutAlgorithm:0.27666666666666667
RadialLayoutAlgorithm:0.25333333333333335
TreeLayoutAlgorithm:0.23666666666666666
Recursion:0.205
DefaultLayout:0.17
Layout2D:0.15833333333333333
EditableLayout:0.13
DnDResizeVertex:0.10333333333333333
