BasicAuthTest:0.7466666666666667
SimpleAsyncHttpClientTest:0.37333333333333335
