PrintPreview:0.5733333333333334
PrintDialog:0.35333333333333333
Flags:0.3
