TaskStub:0.5233333333333333
TaskStubFactory:0.42333333333333334
JbpmExecutionLogic:0.3933333333333333
ExecutionBean:0.23333333333333334
