UrlPattern:0.45888888888888885
ConfigurationUtil:0.4
TestDataSources:0.2633333333333333
DomainBoundaries:0.21333333333333335
SubstringCondition:0.1706111111111111
TestConfigurationUtil:0.07666666666666666
RegExpPattern:0.07333333333333333
SubstringPattern:0.03666666666666667
