AwesomeTextView:0.59
Builder:0.4633333333333333
FontAwesomeTextExample:0.2866666666666667
BootstrapThumbnail:0.255
