PlanPrinter:0.5433333333333333
LogicalPlanner:0.4266666666666667
CoefficientBasedCostCalculator:0.14
CostCalculator:0.12333333333333334
