Ctags:0.3566666666666667
RuntimeEnvironmentTest:0.35
Context:0.32666666666666666
