OAuth2LoginAuthenticationToken:0.48333333333333334
OidcAuthorizationCodeAuthenticationProvider:0.2833333333333333
OAuth2LoginAuthenticationProvider:0.22666666666666666
OidcAuthorizationCodeAuthenticationToken:0.19333333333333333
