QueryEditorScene:0.6433333333333333
SwitchClassNodeWidgetFilterAction:0.42333333333333334
