UITest:0.47
StageTest:0.4583333333333333
ActionTest:0.27555555555555555
