AsyncProvidersBasicTest:0.5266666666666666
RedirectConnectionUsageTest:0.18666666666666668
NettyRedirectConnectionUsageTest:0.056666666666666664
NettyAsyncProviderBasicTest:0.056666666666666664
GrizzlyAsyncProviderBasicTest:0.056666666666666664
GrizzlyRedirectConnectionUsageTest:0.056666666666666664
