ClassInfo:0.6633333333333333
ClassGen:0.4533333333333333
RenameVisitor:0.19666666666666666
