TradeFieldSetMapper:0.6733333333333333
TradeFieldSetMapperTests:0.30666666666666664
