Predicate:0.49666666666666665
PredicateAcceptor:0.37333333333333335
RuleApplicable:0.15666666666666668
Not:0.13666666666666666
Or:0.13
Implies:0.13
And:0.13
RuleApplied:0.08
StatePredicate:0.04
TransitionPredicate:0.04
