DocumentFormat:0.6533333333333333
TestGate:0.5966666666666667
