BaseCSharpTest:0.37
BaseJavaTest:0.30666666666666664
BaseCppTest:0.21333333333333335
BasePythonTest:0.19333333333333333
BaseNodeTest:0.19333333333333333
BaseBrowserTest:0.19333333333333333
BaseGoTest:0.19333333333333333
