JBossTask:0.8733333333333333
JBossTestRunner:0.06666666666666667
