China:0.5371111111111112
ChinaCalendarTest:0.44666666666666666
ChinaSSECalendar:0.13666666666666666
