ShadowIntent:0.6666666666666666
IntentTest:0.39
ShadowListActivity:0.2866666666666667
ListViewTest:0.16333333333333333
ListActivityTest:0.05
ShadowAbsListView:0.04
