Foo:0.6133333333333333
OgnlValueStackTest:0.44666666666666666
OgnlUtilTest:0.27
MyBeanActionTest:0.23
SetPropertiesTest:0.14666666666666667
MyBeanAction:0.06333333333333334
