WebFilter:0.47333333333333333
HazelcastHttpSession:0.35
RequestWrapper:0.31
WebfilterTestCase:0.22
AbstractWebfilterTestCase:0.13333333333333333
TestServlet:0.10861111111111109
