ApertureTestBase:0.38333333333333336
VocabularyWriter:0.31
NFO:0.23333333333333334
NCO:0.23333333333333334
NIE:0.23133333333333336
UriUtil:0.18
CrawlerHandlerBase:0.17666666666666667
PoiUtil:0.16333333333333333
ExcelExtractorTest:0.12
OntologyUtil:0.11666666666666667
ExcelExtractor:0.07777777777777778
NCAL:0.06
NID3:0.06
NMO:0.06
NEXIF:0.06
