MultiLayerNetwork:0.6166666666666667
Solver:0.3144444444444444
BaseOptimizer:0.30666666666666664
SparkDl4jMultiLayer:0.2761111111111111
ConvexOptimizer:0.257
TestUpdaters:0.10333333333333333
