Response:0.7833333333333333
AsyncHttpProviderUtils:0.4
AsyncProvidersBasicTest:0.23666666666666666
WebDavResponse:0.22666666666666666
ApacheResponse:0.19
NettyResponse:0.19
JDKResponse:0.19
