AbstractVirtualMachine:0.7178888888888889
BeginCheckScopeStep:0.35333333333333333
