MDDLabelProvider:0.8033333333333333
MQLProposalProvider:0.21666666666666667
