FeatureView:0.57
SiteView:0.38666666666666666
ScaleView:0.3433333333333333
SelectViewI:0.2810555555555555
