ActivityData:0.48800000000000004
AndroidManifest:0.42333333333333334
AndroidManifestTest:0.25666666666666665
ServiceData:0.24666666666666667
BroadcastReceiverData:0.21666666666666667
