AsyncProvidersBasicTest:0.6233333333333333
PutLargeFileTest:0.33666666666666667
ZeroCopyFileTest:0.32666666666666666
