FieldMapper:0.4266666666666667
GetActionIT:0.2966666666666667
TermVectorsService:0.25
IndexWithShadowReplicasIT:0.24333333333333335
FieldNamesFieldMapper:0.22666666666666666
BulkWithUpdatesIT:0.20666666666666667
DocumentActionsIT:0.19
AllFieldMapper:0.17666666666666667
LegacyTokenCountFieldMapper:0.15666666666666668
TokenCountFieldMapper:0.15333333333333332
ExplainActionIT:0.13333333333333333
ShardGetService:0.13333333333333333
AliasedIndexDocumentActionsIT:0.11333333333333333
Murmur3FieldMapper:0.09333333333333334
