Table:0.6333333333333333
EntityBinder:0.33666666666666667
ValueCreator:0.25666666666666665
TableSpecification:0.24833333333333332
AbstractTableSpecification:0.19666666666666666
TableManipulationTests:0.19666666666666666
SimpleValueBindingTests:0.14
