BSON:0.6166666666666667
JSON:0.4166666666666667
JSONTest:0.37666666666666665
