ModelUtil:0.425
ApertureTestBase:0.33
ImapCrawler:0.25
FileSystemCrawler:0.2234761904761905
OutlookAccessor:0.19
WebCrawler:0.18333333333333332
TestFileSystemCrawler:0.15
