FlowExecutionListenerAdapter:0.5216666666666666
Flow:0.4866666666666667
State:0.4033333333333333
FlowExecutionControlContextImpl:0.31666666666666665
FlowExecutionListener:0.26005555555555554
MockFlowExecutionControlContext:0.23333333333333334
MockFlowExecutionListener:0.23
FlowExecutionListeners:0.21666666666666667
FlowTests:0.2
FlowSessionImpl:0.17666666666666667
FlowExecutionImpl:0.14333333333333334
