CustomScoreSearchTests:0.6436111111111111
FunctionScoreQueryParser:0.4866666666666667
CustomFiltersScoreQueryParser:0.43666666666666665
