MapServiceContextImpl:0.44333333333333336
AbstractCacheRecordStore:0.36
CacheSplitBrainHandlerService:0.33666666666666667
MapSplitBrainTest:0.30666666666666664
MapSplitBrainHandlerService:0.26666666666666666
ICacheRecordStore:0.19416666666666665
