EngineSearcher:0.5
JobCollectContext:0.43333333333333335
InternalCountOperation:0.35333333333333333
CrateSearchService:0.21333333333333335
InternalCountOperationTest:0.15
InnerPreparer:0.12666666666666668
