AbstractContainer:0.6666666666666666
AbstractInteractiveWidget:0.48111111111111104
