MapService:0.5133333333333333
ExecutionService:0.49599999999999983
Installer:0.43666666666666665
ExecutionServiceImpl:0.17666666666666667
MultiResponse:0.17244444444444446
CloudyUtility:0.13666666666666666
ScheduledExecutorServiceDelegate:0.13
