JPPFClientConnection:0.5433333333333333
JPPFDriver:0.34
AbstractSocketWrapper:0.25666666666666665
NioServer:0.25
DriverInitializer:0.23666666666666666
AbstractJPPFClientConnection:0.22
AbstractGenericClient:0.20333333333333334
JPPFClient:0.17333333333333334
ClassServerDelegateImpl:0.16666666666666666
TaskServerConnectionHandler:0.15
JPPFClientConnectionImpl:0.08333333333333333
AcceptorNioServer:0.075
AbstractClientConnectionHandler:0.016666666666666666
