StudyListPage:0.6533333333333333
ModalityWorklistPanel:0.3333333333333333
TrashListPage:0.3333333333333333
