Config:0.7930555555555554
DataManager:0.7233333333333334
Geonetwork:0.2833333333333333
ReusableObjManager:0.24666666666666667
