EventSpec:0.4166666666666667
State:0.37666666666666665
SimStateMachine:0.34
A:0.3333333333333333
ElementInfo:0.32
ArrayFields:0.23
PendingEventQueue:0.20666666666666667
NativeStateMachine:0.19666666666666666
StateMachine:0.18333333333333332
SyncEvents:0.0
