Content:0.5380555555555555
TreeView:0.33666666666666667
ZoomGlue:0.09
ActionOverview:0.07666666666666666
