IOSInput:0.5146666666666667
IOSGraphics:0.49666666666666665
IOSSound:0.24333333333333335
IOSDisplayMode:0.125
LwjglDebugStarter:0.09
