QedeqController:0.48
QedeqMenuBar:0.44
ParserPane:0.35
TextParserAction:0.29333333333333333
LatexParserAction:0.29333333333333333
