HtmlPage:0.6466666666666666
Document:0.4066666666666667
HtmlScript:0.3233333333333333
DocumentTest:0.20666666666666667
