Packet:0.37
ReplicaSyncResponse:0.2866666666666667
QueueStoreWrapper:0.25
MigrationOperation:0.2127777777777778
ReplicaSyncRequest:0.19666666666666666
MigrationRequestOperation:0.14333333333333334
ObjectSerializer:0.14333333333333334
