Pin:0.5633333333333334
Util:0.36666666666666664
CertificatePinnerTest:0.33666666666666667
Builder:0.24666666666666667
CertificatePinner:0.19666666666666666
CertificatePinning:0.14111111111111113
