SymbolTable:0.5566666666666666
StepFactory:0.4866666666666667
IntermediateExecutionBuilder:0.24
