Store:0.67
StoreTests:0.3333333333333333
MockFSDirectoryService:0.22666666666666666
LuceneManagedDirectoryService:0.19444444444444445
