DB:0.6466666666666666
ReplicaSetStatus:0.35333333333333333
DBTCPConnector:0.2966666666666667
Node:0.29
