PyTraceback:0.44333333333333336
Module:0.43555555555555564
PyTableCode:0.41
