CommunicationsStub:0.52
ObjectFactory:0.4533333333333333
ObjectViewTopComponent:0.3233333333333333
AbstractScene:0.3233333333333333
ChildrenViewBuilder:0.28911111111111115
IPAMModuleTopComponent:0.20333333333333334
ConnectionWizardVisualPanel1:0.19666666666666666
PhysicalConnectionProvider:0.19622222222222221
KuwaibaService:0.19503968253968257
SubnetPoolNode:0.17
InterfaceFrame:0.16449999999999998
ObjectViewService:0.16333333333333333
BtnConnectActionListener:0.16
SubnetChildren:0.14666666666666667
SubnetPoolChildren:0.14
BDIsInterfaceFrame:0.12333333333333334
IPAMModuleService:0.12
VFRsFrame:0.10833333333333334
VlansFrame:0.10833333333333334
SubnetsFrame:0.10333333333333333
BookmarkChildren:0.10333333333333333
AbstractNodeWidget:0.09666666666666666
SubnetNode:0.08666666666666667
ContractFrame:0.08333333333333333
IPAMRootNode:0.056666666666666664
GetObjectsInBookmarkFolder:0.043333333333333335
IPAddressNode:0.03666666666666667
GetObjectsInBookmarkFolderResponse:0.03333333333333333
