Implementors:0.5766666666666667
CallHierarchy:0.5733333333333334
IImplementorFinder:0.52
MethodReferencesSearchRequestor:0.2833333333333333
RubyImplementorFinder:0.05333333333333334
