SettlementRegistry:0.72
ConnectionTask:0.6733333333333333
MultiplayerServer:0.3933333333333333
MultiplayerClient:0.36
MainMenu:0.3
MultiplayerMode:0.25777777777777783
ClientTask:0.03
CentralRegistry:0.02666666666666667
