RIDSupport:0.8333333333333334
RIDServlet:0.3050555555555556
