Concordance:0.7766666666666666
ProxyConf:0.44333333333333336
