SelectAnalyzedStatement:0.43916666666666665
Planner:0.4
SelectAnalyzerTest:0.39666666666666667
InsertFromSubQueryAnalyzer:0.29
SelectStatementAnalyzer:0.16666666666666666
