Result:0.9033333333333333
ResultImpl:0.4533333333333333
FetchTests:0.31
ResultQuery:0.28065079365079365
AbstractDelegatingSelect:0.22666666666666666
AbstractResultQuery:0.16333333333333333
