ScriptLogger:0.5033333333333333
ScriptContext:0.43666666666666665
EditorScriptPlugin:0.30666666666666664
DefaultScriptLogger:0.3
ApplyScriptAction:0.20333333333333334
ScriptHelper:0.15333333333333332
