AttributeFilter:0.5133333333333333
Match:0.42333333333333334
QueryCmd:0.41
SqlBuilder:0.36333333333333334
Subquery:0.27
PNFuzzy:0.25333333333333335
Node:0.24666666666666667
MWLFindScpService:0.23
AttributeFilterLoader:0.18333333333333332
MWLScuService:0.17333333333333334
GPWLQueryCmd:0.16
UPSQueryCmd:0.15666666666666668
GPWLScuService:0.12333333333333334
MWLFindScp:0.11
MWLQueryCmd:0.11
UPSFindScp:0.09666666666666666
