Invocation:0.5633333333333334
OperationServiceImpl:0.44333333333333336
Backup:0.322
InvocationFuture:0.30333333333333334
IsStillRunningService:0.21933333333333332
InvocationRegistryTest:0.20666666666666667
InvocationMonitorThread:0.2
InvocationRegistry_NotifyTest:0.18666666666666668
PendingInvocationsPlugin:0.17
IsOperationStillRunningCallback:0.14666666666666667
ReplicateUpdateToCallerOperation:0.13333333333333333
OperationServiceImplTest:0.10666666666666667
Invocation_RetryTest:0.10666666666666667
