Database:0.3466666666666667
SourceSyntaxPoints:0.31
TableManager:0.2966666666666667
DBConnectionWrapper:0.2866666666666667
JavaParseData:0.26
Logic:0.24
JspParseData:0.22333333333333333
Query:0.19416666666666665
SQLPointer:0.19305555555555554
MultipartHttpParameters:0.15
FileStrategy:0.14333333333333334
NameCase:0.12
MysqlTableManager:0.10666666666666667
SQLUpdate:0.08333333333333333
