JbpmExecutionLogic:0.5266666666666666
Timer:0.37666666666666665
TemporaryGroupAssignHelper:0.37333333333333335
ITemporaryGroupAssignHelper:0.2946666666666667
