GCWaits:0.5266666666666666
JNALoadTest:0.4266666666666667
MemoryTest:0.36
