Saros:0.5933333333333334
SessionView:0.23859523809523808
FollowModeAction:0.14872222222222226
ConsistencyWatchdogServer:0.13333333333333333
RoleManager:0.06333333333333334
DotGraphMonitor:0.043333333333333335
