FeatureTypes:0.43333333333333335
ApolloPanel:0.4033333333333333
FeatureTierManager:0.36666666666666664
FeatureView:0.31333333333333335
CollapsedFeatureTierManager:0.2633333333333333
ExpandedFeatureTierManager:0.21333333333333335
GFFAdapter:0.1488888888888889
