Table:0.5333333333333333
FuncGoose:0.38
GenespaceName:0.24666666666666667
Jsonquery:0.20666666666666667
Test:0.2
TableTest:0.19666666666666666
Table_both:0.10666666666666667
URLTest:0.07027777777777777
saveTest:0.06666666666666667
GroupTest:0.0525
GenespaceQuery:0.042777777777777776
GetNamespaces:0.042777777777777776
GetSpecies:0.042777777777777776
DebugTest:0.03666666666666667
Genenames:0.03
ReadTest:0.02666666666666667
NamespaceParams:0.0
