FilterInvocationDefinitionSourceEditorTests:0.6033333333333334
FilterInvocationDefinitionSourceEditor:0.5477777777777778
