IPAMModule:0.54
KuwaibaService:0.42333333333333334
WebserviceBean:0.37666666666666665
WebserviceBeanRemote:0.29
