AdminService:0.6859444444444445
ManageUserTab:0.38333333333333336
TxmUser:0.37666666666666665
LoginModule:0.23666666666666666
TxmLoginModule:0.22666666666666666
AdminServiceAsync:0.14416666666666667
AdminServiceImpl:0.08666666666666667
