GnutellaInputStream:0.4666666666666667
FileUtils:0.45777777777777773
HexConverter:0.275
