Target:0.9333333333333333
TestSetInline:0.37666666666666665
ParserFactory:0.25
MatchSet:0.14583333333333334
