ValidatingClassVisitor:0.59
Default:0.5141666666666667
TypeWriterDefaultTest:0.3566666666666667
