JSONParseException:0.5116666666666667
JSONTest:0.4766666666666667
JSONParser:0.38333333333333336
Holder:0.21
