AnnotationTable:0.6616666666666666
GeneTableTest:0.4866666666666667
