RecordingWriter:0.6166666666666667
ReplaySession:0.42
ReplaySessionTest:0.25666666666666665
RecordingSession:0.2
