LogRebuilder:0.5833333333333334
DriverConnection:0.3333333333333333
LogRebuilderTest:0.2966666666666667
LossHandlerTest:0.24
RetransmitHandlerTest:0.18666666666666668
ConnectionTest:0.14666666666666667
