BaseMultiLayerNetwork:0.42333333333333334
MatrixUtil:0.4033333333333333
LogisticRegression:0.3466666666666667
DenoisingAutoEncoder:0.29444444444444445
RBM:0.26
MultiLayerNetworkOptimizer:0.24666666666666667
