SarosNet:0.5333333333333333
User:0.44
Saros:0.4
TransferDescription:0.38666666666666666
SarosSession:0.38
UPnPManager:0.36
PreferenceUtils:0.35333333333333333
StreamSession:0.30833333333333335
XMPPTransmitter:0.27666666666666667
DiscoveryManager:0.275
ChangeXMPPAccountAction:0.23333333333333334
DataTransferManager:0.23
SarosSessionManager:0.22666666666666666
SarosView:0.21333333333333335
BaseBuddySelectionComposite:0.19
StreamServiceManager:0.19
VersionManager:0.18666666666666668
Socks5Transport:0.18666666666666668
CreateXMPPAccountWizard:0.17
SkypeManager:0.16833333333333333
BuddySessionDisplayComposite:0.16666666666666666
DeleteContactAction:0.16333333333333333
RosterTrackerTest:0.16166666666666665
PacketReceiver:0.15666666666666668
RosterUtils:0.15666666666666668
BuddyDisplayComposite:0.15666666666666668
RenameContactAction:0.15666666666666668
ProjectShareBuddies:0.15333333333333332
SarosSourceProvider:0.15333333333333332
AddBuddyWizard:0.14777777777777779
XMPPReceiver:0.14666666666666667
ConnectionStateComposite:0.14
ConnectionTestAction:0.14
ConnectionTestManager:0.13
MUCManager:0.13
NewContactAction:0.12333333333333334
JIDFileAppender:0.12
AddBuddyWizardPage:0.11666666666666667
SubscriptionManager:0.11666666666666667
RosterTracker:0.105
InvitationWizard:0.10333333333333333
InvitationWizardUserSelectionPage:0.07666666666666666
SarosPropertyTester:0.07666666666666666
SarosTestNet:0.07
ConsistencyWatchdogServer:0.04666666666666667
SarosNetConnectTest:0.04638888888888889
LocalPresenceTracker:0.013333333333333334
