Listener:0.5933333333333334
PeerGroup:0.4033333333333333
TransactionConfidence:0.3516666666666667
WalletProtobufSerializer:0.2633333333333333
PeerGroupTest:0.24333333333333335
