CleanupJobListener:0.48333333333333334
SSStatefulJob:0.41
DefaultFailedEmail:0.17333333333333334
DefaultEmailPosting:0.11
DefaultEmailNotification:0.10333333333333333
DefaultLdapSynchronization:0.10333333333333333
