SpectrumEditor:0.5933333333333334
SpectrumOutlinePage:0.5833333333333334
