TooManySearchResults:0.4666666666666667
PowerstaffSystemParameterServiceImpl:0.26
FreelancerBackingBean:0.22
PartnerBackingBean:0.21666666666666667
CustomerBackingBean:0.20333333333333334
PowerstaffSystemParameterService:0.20083333333333334
FreelancerServiceImpl:0.18
CustomerServiceImpl:0.18
PartnerServiceImpl:0.18
ProjectServiceImpl:0.18
ProjectBackingBean:0.16666666666666666
MessageConstants:0.0
