HtmlRadioButtonInput:0.41333333333333333
HtmlRadioButtonInput2Test:0.3333333333333333
HtmlCheckBoxInput2Test:0.3333333333333333
HtmlCheckBoxInput:0.3233333333333333
HtmlPasswordInputTest:0.12666666666666668
HtmlFileInput2Test:0.12666666666666668
HtmlSubmitInputTest:0.12666666666666668
HtmlHiddenInputTest:0.11666666666666667
HtmlResetInput2Test:0.01
HtmlImageInput2Test:0.01
HtmlTextInput2Test:0.01
HtmlButtonInput2Test:0.01
