Server:0.8066666666666666
DefaultServer:0.2966666666666667
DefaultServerConnection:0.2966666666666667
Fixture:0.24
DefaultServerFactory:0.20666666666666667
MultiServerCluster:0.17333333333333334
MongoBatchInsertTest:0.14333333333333334
DefaultServerStateListener:0.03
