SearchComboActionHandler:0.5089444444444444
SearchTab:0.47
FilterHostAction:0.4033333333333333
