AbstractFolderModule:0.5566666666666666
TagUtil:0.5163888888888889
BinderModuleImpl:0.42
