HtmlPage:0.39666666666666667
HTMLElement:0.35
SgmlPage:0.3233333333333333
Document:0.3147222222222222
DocumentFragment:0.28
Node:0.27888888888888885
HTMLDocument:0.26666666666666666
XmlPage:0.24666666666666667
XMLDOMNode:0.24333333333333335
XMLDOMDocument:0.24
HTMLDocumentTest:0.2
XSLProcessor:0.17666666666666667
XSLTProcessor:0.14333333333333334
DocumentFragmentTest:0.08
