URLConnectionTest:0.595
HttpEngine:0.4033333333333333
FixedLengthSource:0.29333333333333333
ChunkedSource:0.19
UnknownLengthSource:0.14666666666666667
AbstractSource:0.13333333333333333
