AuthyConfiguration:0.2733333333333333
GoogleAuthentiacatorConfiguration:0.2733333333333333
DuoConfiguration:0.17
RadiusMultifactorConfiguration:0.17
YubiKeyConfiguration:0.16
