UpdateGene:0.5266666666666666
AddGermplasm:0.45166666666666666
UpdateGermplasm:0.23666666666666666
