ScoreCalculator:0.7833333333333333
DiscreteGraphView:0.3883333333333333
