ReflectionUtils:0.6268888888888889
ParameterResolverTests:0.3616666666666667
