NetworkHandlerTest:0.7866666666666666
NetworkHandler:0.4166666666666667
