EditorAPI:0.6166666666666667
EditorListener:0.5033333333333333
