Event:0.6033333333333334
Almanac:0.38
AlmanacLoader:0.2966666666666667
