NodeFactoryGenerator:0.5466666666666666
NodeSelectorCode:0.30333333333333334
AddConstructors:0.2733333333333333
IsCacheReserializable:0.23
Finalize:0.13666666666666666
AddSubtype:0.1
NodeContext:0.045182539682539685
Specifications:0.013333333333333334
