AbstractResource:0.43666666666666665
FilePropertiesBuilder:0.315
UniversalBuilder:0.31333333333333335
MiscResource:0.15333333333333332
BuilderFactory:0.11666666666666667
