SliderBar:0.42333333333333334
GwtTeamingMessages:0.4
SizeColumnsDlg:0.36333333333333334
ContentControl:0.20777777777777778
