MatcherTest:0.32
ClassMatcherTest:0.32
ExtraFinderTest:0.29
FinderTests:0.28
TreeItemTest:0.27666666666666667
DataMatcherTest:0.2733333333333333
CompositeMultiMatcherTest:0.23333333333333334
StringDataMatcherTest:0.23333333333333334
DummyMatcher:0.19
VisibleMatcherTest:0.18
ClassMultiMatcherTest:0.18
StyleMatcherTest:0.16666666666666666
NameMatcherTest:0.15
TableSingleTesterTest:0.13666666666666666
DecorationsMatcherTest:0.13
CompositeMatcherTest:0.13
ShellMatcherTest:0.13
TextMatcherTest:0.1
DummyWidgetMultiMatcher:0.05444444444444444
IndexMatcherTest:0.0
