SmilesParser:0.5761111111111111
SmilesParserTest:0.5166666666666667
