Setting:0.86
AbstractScopedSettings:0.36333333333333334
SettingTests:0.16666666666666666
