SelectDescriptorsPage:0.43333333333333335
DescriptorContentProvider:0.43
DescriptorAction:0.33666666666666667
SetUpDescriptorDatasetWizard:0.24
