LogoutHandlerOrderResolver:0.5566666666666666
PrincipalRepositoryNamespaceTests:0.18666666666666668
LogoutFilterBeanDefinitionParser:0.11
