Content:0.7533333333333333
StoreContent:0.36
ShopContent:0.3
CMSContent:0.3
AbstractBasicContent:0.2633333333333333
FileContent:0.22666666666666666
FilterContent:0.22666666666666666
URLContent:0.22666666666666666
ContentGroup:0.17
AbstractSummaryDescriptionContent:0.15333333333333332
