Student:0.8266666666666667
StudentDataMapper:0.30388888888888893
App:0.27666666666666667
StudentMySQLDataMapper:0.14666666666666667
StudentOracleDataMapper:0.023333333333333334
