PurposeMapping:0.6333333333333333
CATokenTestBase:0.4166666666666667
PurposeMappingTest:0.28
