GwtUIHelper:0.4766666666666667
GwtMainPage:0.4066666666666667
GwtRpcServiceImpl:0.278
EventHelper:0.2773333333333333
ProfileMainPanel:0.21333333333333335
ContextItemClickHandler:0.13666666666666666
UntrackCurrentBinderEvent:0.08666666666666667
TrackCurrentBinderEvent:0.08666666666666667
UntrackCurrentPersonEvent:0.07666666666666666
EditCurrentBinderBrandingEvent:0.07666666666666666
TrackInfo:0.043333333333333335
