Element2Utf8:0.41333333333333333
Element2Latex:0.27166666666666667
