ScriptEngineService:0.7337222222222223
IndexedScript:0.49333333333333335
GroovyScriptEngineService:0.28
ScriptCacheRemovalListener:0.24333333333333335
ExpressionScriptEngineService:0.14416666666666667
MustacheScriptEngineService:0.14416666666666667
NativeScriptEngineService:0.14416666666666667
TestEngineService:0.09916666666666667
