BitmapFont:0.5666666666666667
GdxFont:0.4866666666666667
BitmapFontCache:0.27666666666666667
GdxFontCache:0.1811111111111111
MainMenu:0.13
TextBounds:0.013333333333333334
