PhexSecurityManager:0.6266666666666667
BanHostAction:0.13666666666666666
ViewBitziTicketAction:0.13666666666666666
