NettyServerHandler:0.3933333333333333
AbstractHttp2Headers:0.36
NettyClientHandler:0.30333333333333334
AbstractNettyHandler:0.2555555555555556
NettyHandlerTestBase:0.25
FrameListener:0.20566666666666666
NettyClientTransport:0.19666666666666666
