FieldSearchResultSQLImpl:0.7405555555555555
FieldSearchSQLImplIntegrationTest:0.6110555555555557
