ShardManager:0.73
DatabaseShardManager:0.5594444444444445
TestDatabaseShardManager:0.32666666666666666
