RrCSGPolygon:0.7433333333333333
Producer:0.3433333333333333
LayerProducer:0.26
TestMain:0.13666666666666666
