cacheController:0.48333333333333334
JbpmDefinitionLogic:0.4655555555555555
RemoveExecutorsAction:0.21333333333333335
