Element:0.6
Selector:0.42333333333333334
SelectorTest:0.16
Matches:0.09333333333333334
