ConnectionString:0.8366666666666667
MongoClients:0.21666666666666667
MongoClientURI:0.20666666666666667
Builder:0.13333333333333333
