NettyAsyncHttpProvider:0.6488888888888888
BasicHttpsTest:0.4533333333333333
AsyncStreamHandlerTest:0.37
