PasswordEncoder:0.5263333333333332
DefaultPasswordEncoder:0.41
DefaultPasswordEncoderTests:0.4066666666666667
PlainTextPasswordEncoderTests:0.14666666666666667
PlainTextPasswordEncoder:0.07
