Port:0.915
EditableGraph:0.35333333333333333
DummyAwareGraph2D:0.2733333333333333
DelegatingGraph:0.2733333333333333
DefaultGraph:0.2733333333333333
VisibilityGraph:0.2733333333333333
Graph2D:0.15833333333333333
AbstractGraphLayout:0.1
SimplePort:0.06
