AeronPing:0.43333333333333335
ClientConductorTest:0.26666666666666666
Ping:0.26666666666666666
ThwackingElement:0.21
SubscriberThread:0.21
AeronLatencyUnderLoadPublisher:0.21
ThwackerTool:0.18666666666666668
PublisherTool:0.16
PublisherThread:0.15666666666666668
SamplesUtil:0.15666666666666668
MultipleSubscribersWithFragmentAssembly:0.15333333333333332
EmbeddedPingPong:0.08333333333333333
InactiveImageHandler:0.06333333333333334
NewImageHandler:0.06333333333333334
