StaxEventItemWriter:0.68
StaxWriterCallback:0.35333333333333333
StaxEventItemWriterTests:0.27
TransactionalStaxEventItemWriterTests:0.25333333333333335
