UrlXmlConfig:0.3333333333333333
ClasspathXmlConfig:0.3
FileSystemXmlConfig:0.2866666666666667
InMemoryXmlConfig:0.18666666666666668
