LoggerPrinterTest:0.53
LogItem:0.4252777777777778
MockLogStrategy:0.37333333333333335
