Record:0.71
RecordInfo:0.5366666666666666
LazyEntryViewFromRecord:0.30333333333333334
HeapData:0.28488888888888897
AbstractRecordWithStats:0.2833333333333333
SizeEstimatorTest:0.26555555555555554
ExpirationTimeSetter:0.2633333333333333
AbstractRecord:0.24666666666666667
DataRecordWithStats:0.21277777777777776
DataRecord:0.21277777777777776
NearCacheSizeEstimator:0.19
EntryViews:0.17
NearCacheRecord:0.15527777777777776
RecordsTest:0.15333333333333332
Records:0.15333333333333332
