FieldNameExtractor:0.5733333333333334
FieldAccessorFieldNameExtractorForBeanPropertyTest:0.27
ForFixedValue:0.23666666666666666
Appender:0.19666666666666666
FieldAccessorFieldNameExtractorForFixedValueTest:0.10333333333333333
