XDSConstants:0.9604444444444444
DocumentStoreDelegate:0.4066666666666667
