StringUtils:0.7466666666666667
DomElement:0.5333333333333333
XmlSerializer:0.23666666666666666
HtmlSubmitInputTest:0.18333333333333332
HtmlSubmitInput:0.14666666666666667
XMLAttr:0.13
