WebResponseImpl:0.6316666666666667
StringWebResponse:0.3933333333333333
MockWebConnection:0.3433333333333333
