AbstractHealthServlet:0.4166666666666667
EJBCAHealthCheck:0.3933333333333333
CommonHealthCheck:0.22666666666666666
ValidationAuthorityHealthCheck:0.21333333333333335
SameRequestRateLimiter:0.16166666666666665
