Order:0.45
GroupByPlannerTest:0.3333333333333333
InsertPlannerTest:0.3233333333333333
ConsumingPlanner:0.18666666666666668
