GwtViewHelper:0.6183333333333333
ManageCommentsDlg:0.5466666666666666
CommentsCell:0.23666666666666666
