SearchResponse:0.4633333333333333
RestActions:0.36
Suggestion:0.29333333333333333
SuggestTests:0.16
ShardSearchFailureTests:0.13666666666666666
AggregationsTests:0.06
