WebResourceScan:0.5442777777777777
Inits:0.5442777777777777
