Materialisation:0.5833333333333334
PatternShape:0.37333333333333335
AbstractPatternGraph:0.19333333333333333
PatternPreviewDialog:0.17
