InterpretedParameterMetadata:0.64
HibernateEntityManagerImplementor:0.47155555555555567
CriteriaQueryTypeQueryAdapter:0.42333333333333334
AbstractEntityManagerImpl:0.3933333333333333
CriteriaQueryImpl:0.2722222222222222
ParameterExpressionImpl:0.23333333333333334
CriteriaCompiler:0.19244444444444445
AbstractManipulationCriteriaQuery:0.18
QueryOptions:0.14933333333333332
ParameterTest:0.13333333333333333
