VirtualFile:0.5866666666666667
VFSProvider:0.476563492063492
VirtualFileSystem:0.31666666666666665
PoorMansCache:0.25333333333333335
SingleFileSystemProvider:0.22666666666666666
ServletConfig:0.20333333333333334
VFSDAVStore:0.20333333333333334
VFSFileCache:0.18333333333333332
VFSServlet:0.15
PoorMansCacheConfiguration:0.03666666666666667
