JPPFConnection:0.6266666666666667
JPPFPriorityQueue:0.4866666666666667
ApplicationConnection:0.29333333333333333
JPPFServer:0.06
