BooleanGrid:0.49333333333333335
iPolygon:0.25666666666666665
iPoint:0.25
Debug:0.20666666666666667
iPolygonList:0.08666666666666667
