SkillManager:0.38333333333333336
MainWindowMenu:0.15
NumberCellRenderer:0.14
ImageLoader:0.14
AnnouncementWindow:0.043333333333333335
