ShowContactsPermissionRequest:0.24333333333333335
ShowCameraPermissionRequest:0.24333333333333335
AnnotationChecker:0.18666666666666668
