ModificationSet:0.39666666666666667
CVSElement:0.39666666666666667
CVSElementTest:0.19666666666666666
ClearCaseElement:0.13333333333333333
StarTeamElement:0.12333333333333334
P4Element:0.11333333333333333
VssElement:0.11333333333333333
SourceControlElement:0.043333333333333335
