Marker:0.5616666666666666
Visitor:0.5166666666666667
TupleDomainOrcPredicate:0.41
