PatternRule:0.4666666666666667
TypeGraph:0.35333333333333333
PatternRuleGraph:0.2648888888888889
PatternGraph:0.24333333333333335
MatcherFactory:0.17666666666666667
PatternRuleApplication:0.15333333333333332
AbstractPatternGraph:0.14333333333333334
Match:0.08333333333333333
Matcher:0.07
