FolderModule:0.47
NetFolderHelper:0.4633333333333333
BaseFolderModule:0.33666666666666667
