DataLoader:0.5533333333333333
ApolloFrame:0.5466666666666666
FileMenu:0.22
