TeamUserPassDialog:0.6566666666666666
RepositoryUtils:0.38333333333333336
MyCredentialsProvider:0.31333333333333335
RepoTypeDetector:0.20333333333333334
AskCredentials:0.18333333333333332
