JPPFConnection:0.7666666666666667
JPPFDriver:0.31
JPPFConnectionImpl:0.27666666666666667
ServiceFinder:0.2633333333333333
DriverInitializer:0.21916666666666668
InitializationHook:0.19155555555555556
DemoTask:0.16666666666666666
InitializationHooksHandler:0.15666666666666668
UnmodifiableTypedProperties:0.08944444444444444
DiscoveryHook:0.04666666666666667
J2EEDemo:0.02666666666666667
JPPFHelper:0.016666666666666666
