ProfileModule:0.8633333333333333
AbstractZoneModule:0.42333333333333334
ProfileModuleImpl:0.36333333333333334
