NodeConnectionEventHandler:0.33666666666666667
NodeNioServer:0.3333333333333333
JPPFDriver:0.32666666666666666
NodeConnectionEvent:0.30333333333333334
DriverInitializer:0.24333333333333335
WaitInitialBundleState:0.11333333333333333
NodeConnectionListener:0.08316666666666667
