MainFrame:0.49666666666666665
LogArea:0.36666666666666664
LogAreaOutputStream:0.32805555555555554
CopyAction:0.06
SelectAllAction:0.06
