TedMainDialog:0.44
TedTable:0.43
TedXMLWriter:0.21944444444444447
TedAboutDialog:0.19666666666666666
TedColorPicker:0.19
TedTableRowRenderer:0.18333333333333332
TedColorPreview:0.08333333333333333
