ExportHelper:0.5466666666666666
WebKeys:0.47904761904761906
BinderModuleImpl:0.4
ManageVersionControlsController:0.3
