IndexShard:0.6066666666666667
MutableShardRouting:0.57
RoutingNodes:0.48333333333333334
ShadowIndexShard:0.23666666666666666
IndicesClusterStateService:0.23
IndexWithShadowReplicasTests:0.19
AllocationService:0.17666666666666667
