SafeFileNameGenerator:0.5066666666666667
FileSystemAdapter:0.37666666666666665
DateDirNameGenerator:0.24
FileStoreFactory:0.15694444444444444
