HibernateSessionPerConversationListener:0.7933333333333333
HibernateSessionPerConversationListenerTests:0.47333333333333333
