EditorLayerWrapper:0.6111111111111112
ExtendedLayerRenderer:0.5046666666666667
