AbstractDbDialect:0.59
PostgreSqlDbDialect:0.35333333333333333
IDbDialect:0.235
MySqlDbDialect:0.22333333333333333
OracleDbDialect:0.22333333333333333
