GroupProperties:0.608
Node:0.43333333333333335
IndexSplitBrainTest:0.30333333333333334
