HTTPCommunicator:0.5133333333333333
HttpCommand:0.39666666666666667
TextCommandServiceImpl:0.34
RestClusterTest:0.25666666666666665
RestTest:0.23666666666666666
ConnectionResponse:0.09666666666666666
