TranslateProteinToRNAAction:0.24
TranslateProteinToDNAAction:0.09333333333333334
TranslateDNAToProteinAction:0.09333333333333334
TranslateDNAToRNAAction:0.006666666666666667
TranslateRNAToDNAAction:0.006666666666666667
TranslateRNAToProteinAction:0.006666666666666667
