Main:0.6833333333333333
PreviewPanel:0.48333333333333334
ContinuationMesage:0.23666666666666666
