Options:0.5578333333333333
Delta:0.4866666666666667
PropertyEvent:0.3566666666666667
PropertyAge:0.3
