TlsConfiguration:0.5905555555555556
DropwizardSSLConnectionSocketFactory:0.5333333333333333
DropwizardSSLConnectionSocketFactoryTest:0.26
