ListFolderHelper:0.58
MiscUtil:0.5166666666666667
WorkspaceTreeHelper:0.29333333333333333
ProfilesBinderHelper:0.28
