MongoAuthority:0.4033333333333333
Mongo:0.37333333333333335
DB:0.37333333333333335
DBPort:0.24666666666666667
DBTCPConnector:0.23333333333333334
MongoCredentialsStore:0.21666666666666667
JavaClientTest:0.19333333333333333
MongoClient:0.19
DBPortTest:0.10666666666666667
MongoClientTest:0.07666666666666666
MongoCredentialsTest:0.05
