Options:0.5866666666666667
J2ObjC:0.4866666666666667
SourceFileGenerator:0.2866666666666667
SourceBuilder:0.2561111111111111
ObjectiveCImplementationGenerator:0.25
GenerationTest:0.22
ObjectiveCSourceFileGeneratorTest:0.13
