EmailConfig:0.59
EmailConfigParser:0.36333333333333334
DesignerGraphicalEditorPart:0.21333333333333335
SendEmailActionHandler:0.20333333333333334
TransitionDeleteCommand:0.17666666666666667
NodeDeleteCommand:0.13
