WebserviceBean:0.6466666666666666
WebserviceBeanImpl:0.5966666666666667
Constants:0.5405555555555556
