MCalendar:0.7533333333333333
MCalendarPanel:0.5166666666666667
MonthAction:0.19444444444444445
TasksSettings:0.18666666666666668
