HtmlTextDirection:0.6533333333333333
DefaultElementFactory:0.36
HtmlDirectoryTest:0.11666666666666667
