Initializer:0.36
SnmpCollector:0.3233333333333333
DataCollectionConfigFactory:0.30333333333333334
CollectionInterface:0.2833333333333333
NodeInfo:0.21
CollectionSet:0.02
