UtilsTest:0.49666666666666665
AbstractBurster:0.4511111111111111
EmailTest:0.3466666666666667
