IRubyProject:0.565
RubyElementDelta:0.5266666666666666
IRubyElementDelta:0.5266666666666666
IRubyScript:0.43805555555555564
IElementChangedListener:0.40552380952380945
RubyModelManager:0.3933333333333333
LoadpathEntry:0.38666666666666666
RubyBuilder:0.37666666666666665
RubyScript:0.36666666666666664
RubyProject:0.36333333333333334
Util:0.31333333333333335
RubyElement:0.29333333333333333
PerProjectInfo:0.29277777777777775
ReconcileWorkingCopyOperation:0.27
RubyModelOperation:0.24666666666666667
DeltaProcessor:0.23333333333333334
Assert:0.21666666666666667
RubyProjectElementInfo:0.19333333333333333
DefaultRubyFoldingStructureProvider:0.19333333333333333
RubyDocumentProvider:0.18333333333333332
RubyElementDeltaBuilder:0.16333333333333333
Messages:0.13333333333333333
SimpleDelta:0.09305555555555554
CharOperation:0.0911111111111111
TC_LoadPathEntry:0.08666666666666667
DeltaProcessingState:0.062499999999999986
ModelUpdater:0.05777777777777779
ElementChangedEvent:0.04666666666666667
ElementChangedListener:0.035
Tuple:0.03333333333333333
RubyElementPosition:0.02
DocumentAdapter:0.013333333333333334
