AbstractTestQueries:0.4166666666666667
Partitioning:0.26666666666666666
Global:0.24666666666666667
Visitor:0.2388888888888889
ActualProperties:0.21333333333333335
ExchangeNode:0.20222222222222225
PreferredProperties:0.18
PropertyDerivations:0.08
