DriverConductor:0.47333333333333333
UdpChannel:0.47
Context:0.41
PublicationParams:0.38666666666666666
