NumberFieldMapper:0.2866666666666667
MappedFieldType:0.2633333333333333
DoubleFieldType:0.26
ByteFieldType:0.26
ShortFieldType:0.26
FieldStatsIntegrationIT:0.24666666666666667
FieldStatsTests:0.23666666666666666
LongFieldType:0.23111111111111116
IntegerFieldType:0.23111111111111116
FloatFieldType:0.23111111111111116
DateFieldType:0.22833333333333333
IpFieldType:0.19777777777777777
IpFieldMapper:0.19666666666666666
TransportFieldStatsTransportAction:0.16
