El:0.5633333333333334
Objs:0.39666666666666667
JsonRendering:0.29333333333333333
JsonCompile:0.26
JsonRecursiveTest:0.18333333333333332
