Factory:0.51
jOOQTest:0.37
InsertSelectQueryImpl:0.36666666666666664
jOOQAbstractTest:0.2833333333333333
InsertImpl:0.20166666666666666
InsertSetStep:0.15833333333333333
InsertValuesStep:0.013333333333333334
