BulkManipulationTest:0.6166666666666667
Farm:0.5066666666666667
TableBasedDeleteHandlerImpl:0.31333333333333335
DeleteExecutor:0.15666666666666668
