Threading:0.67
CircuitCreationTask:0.2866666666666667
Dashboard:0.2866666666666667
EntryGuards:0.2733333333333333
