ValidatorBase:0.47333333333333333
JFXPasswordField:0.30333333333333334
JFXPasswordFieldSkin:0.3
JFXTextFieldSkin:0.24333333333333335
JFXTextField:0.21666666666666667
StyleableProperties:0.1163888888888889
