HelloAction:0.5066666666666667
MiscAction:0.4266666666666667
SuperSubAction:0.19333333333333333
ReAction:0.17333333333333334
RawAction:0.15666666666666668
