SoapFaultMappingExceptionResolver:0.3466666666666667
SoapFaultDefinitionEditor:0.31666666666666665
AbstractSoapFaultDefinitionExceptionResolver:0.26666666666666666
SoapFaultAnnotationExceptionResolverTest:0.06666666666666667
SoapFaultAnnotationExceptionResolver:0.056666666666666664
