Cookie:0.3566666666666667
Realm:0.34
Uri:0.31666666666666665
WebSocketUpgradeHandler:0.21333333333333335
BodyFileRegion:0.19666666666666666
BodyChunkedInput:0.19666666666666666
FilePart:0.19666666666666666
ByteArrayPart:0.19666666666666666
FileBodyGenerator:0.18805555555555556
IdleChannel:0.17805555555555555
Assertions:0.15333333333333332
MultipartBody:0.11333333333333333
