PropertySelector:0.6433333333333333
MoleculeTableContentProvider:0.49
MultiPageMoleculesEditorPart:0.38666666666666666
