AbstractBinderResource:0.3233333333333333
WorkspaceResource:0.2866666666666667
FolderEntryResource:0.2833333333333333
MiscResource:0.23
GroupResource:0.22
ShareResource:0.21666666666666667
FolderResource:0.21666666666666667
UserResource:0.20666666666666667
BinderResource:0.18333333333333332
NetFoldersResource:0.18
