ScriptExecutorOperation:0.5968333333333333
ThreadDumpOperation:0.5588888888888889
