NettyAsyncHttpProvider:0.4066666666666667
JDKAsyncHttpProvider:0.314
NettyResponseFuture:0.31333333333333335
ApacheResponseFuture:0.2511111111111111
JDKFuture:0.23
AsyncProvidersBasicTest:0.23
JDKDelegateFuture:0.11666666666666667
