EditorManager:0.6133333333333333
EditorAPI:0.49333333333333335
IEditorAPI:0.2225
DirtyStateListener:0.13
EditorPool:0.13
EditorPartListener:0.023333333333333334
