ChartView:0.49666666666666665
ChartUtils:0.4533333333333333
ChartSelection:0.3566666666666667
ScatterPlotRenderer:0.18
