ExtendedStatsAggregator:0.5333333333333333
StatsParser:0.5066666666666667
Factory:0.3466666666666667
ExtendedStatsParser:0.25333333333333335
