MqlNode:0.6533333333333333
MqlSqlWalker:0.4666666666666667
MqlSqlASTFactory:0.19777777777777777
MqlComparisonNode:0.19333333333333333
MqlBinaryOperator:0.056666666666666664
MqlAritmeticNode:0.02
