Classifier:0.85
SimpleRetryPolicy:0.35133333333333333
BinaryExceptionClassifier:0.3333333333333333
ExecutionContext:0.31
RetryTemplate:0.29333333333333333
SkipLimitStepFactoryBeanTests:0.29
TradeJobFunctionalTests:0.22666666666666666
SimpleRetryExceptionHandler:0.20872222222222223
SkipLimitStepFactoryBean:0.2
AbstractExecutionContextDaoTests:0.2
TaskletJobFunctionalTests:0.19333333333333333
RepeatContextCounter:0.19305555555555554
CompositeItemProcessListenerTests:0.19
RethrowOnThresholdExceptionHandlerTests:0.18333333333333332
SimpleStepFactoryBeanTests:0.17
ExceptionClassifierRetryContext:0.16666666666666666
LimitCheckingItemSkipPolicy:0.16333333333333333
SimpleLimitExceptionHandlerTests:0.16
SimpleRetryExceptionHandlerTests:0.16
StaxEventItemWriterTests:0.15333333333333332
LogOrRethrowExceptionHandlerTests:0.15
ExceptionClassifierRetryPolicy:0.15
RestartFunctionalTests:0.14333333333333334
AbstractBatchLauncherTests:0.14
ExceptionClassifierRetryPolicyTests:0.13333333333333333
RethrowOnThresholdExceptionHandler:0.13
FatalExceptionRetryPolicyTests:0.12666666666666668
SimpleLimitExceptionHandler:0.12
ConfigurableSystemProcessExitCodeMapperTests:0.11333333333333333
SubclassClassifier:0.10666666666666667
SubclassExceptionClassifierTests:0.09666666666666666
RetryTemplateTests:0.09666666666666666
GracefulShutdownFunctionalTests:0.09333333333333334
DatabaseShutdownFunctionalTests:0.09333333333333334
LogOrRethrowExceptionHandler:0.04
BinaryExceptionClassifierTests:0.04
ClassifierSupportTests:0.023055555555555555
StatefulRecoveryRetryTests:0.016666666666666666
IntegerHolder:0.01
ClassifierSupport:0.0033333333333333335
