RobinEngine:0.3433333333333333
DeleteByQueryTests:0.2866666666666667
DecayFunctionScoreTests:0.27
SimpleChildQuerySearchTests:0.26
TestCluster:0.24666666666666667
AbstractRandomizedTest:0.24
RobinEngineTests:0.22666666666666666
AbstractSharedClusterTest:0.21333333333333335
SearchScrollTests:0.19
EngineSettings:0.15611111111111112
IndexEngineModule:0.14666666666666667
ElasticsearchTestCase:0.13666666666666666
MockDirectoryHelper:0.13333333333333333
SimpleIndexTemplateTests:0.11
SearchWhileRelocatingTests:0.09333333333333334
