CommentPlugin:0.7233333333333334
SendEmailPlugin:0.38166666666666665
