WikiPreparedStatement:0.07935214
DatabaseConnection:0.052482113
QueryHandler:0.043033563
AnsiDataHandler:0.041048616
DB2400QueryHandler:0.039860792
DatabaseUpgrades:0.0372636
AnsiQueryHandler:0.030850839
DatabaseUserHandler:0.017608207
OracleQueryHandler:0.01632373
DB2QueryHandler:0.016323728
