EndToEndViewSimpleScene:0.72
EndToEndViewTopComponent:0.43666666666666665
ShowEndToEndSimpleViewAction:0.19666666666666666
EndToEndViewService:0.10666666666666667
