ShardedJedisPipeline:0.5769444444444445
BinaryJedis:0.4955555555555555
BinaryShardedJedis:0.34
