SearchManager:0.5766666666666667
SearchResult:0.5405555555555556
MainUtil:0.3
