Query:0.5533333333333333
DropTableExecution:0.37
TestDistributedQueries:0.30666666666666664
AbstractTestQueryFramework:0.20333333333333334
NativeMetadata:0.19333333333333333
DropTableExecutionFactory:0.19333333333333333
