Planner:0.6066666666666667
SimplePortal:0.3
Session:0.2866666666666667
BulkPortal:0.25
Portal:0.203984126984127
SessionTest:0.2
BatchPortal:0.18333333333333332
PlannerTest:0.13
