AbstractTlsDirContextAuthenticationStrategy:0.6266666666666667
SimpleDirContextAuthenticationStrategy:0.38333333333333336
DefaultTlsDirContextAuthenticationStrategy:0.13333333333333333
ExternalTlsDirContextAuthenticationStrategy:0.02666666666666667
