FormSerializer:0.49
NodeHandlerContext:0.45916666666666667
FreelancerController:0.2866666666666667
IterateNodeHandler:0.25
LinkNodeHandler:0.11666666666666667
