RmiSWTWorkbenchBot:0.47333333333333333
VCSActivity:0.45
Saros:0.44333333333333336
SarosSession:0.43333333333333335
Musician:0.4
ISarosState:0.39178571428571424
VCSAdapter:0.38333333333333336
SarosRmiSWTWorkbenchBot:0.35333333333333333
FileUtil:0.33666666666666667
ProjectDeltaVisitor:0.33
SharedProject:0.3233333333333333
ChangeColorActivity:0.31
RosterView:0.2966666666666667
ISarosRmiSWTWorkbenchBot:0.2758730158730159
IRmiSWTWorkbenchBot:0.2725396825396825
SharedEditorListenerDispatch:0.25666666666666665
SarosConditions:0.25
SharedResourcesManager:0.24333333333333335
ExistTree:0.23333333333333334
isSessionclosed:0.23333333333333334
WaitUntilObject:0.23222222222222225
ShellActive:0.23
RmiTest:0.22666666666666666
IActivityReceiver:0.22337301587301586
IActivityConsumer:0.22337301587301586
FileStub:0.22333333333333333
ViewObject:0.22333333333333333
AbstractSharedEditorListener:0.22166666666666668
EnterProjectNamePage:0.22
ISharedEditorListener:0.2105952380952381
InvitationWizard:0.20666666666666667
SubclipseAdapter:0.2
EditorManager:0.2
AddContactWizard:0.19666666666666666
InviteAction:0.19666666666666666
ResourceInfo:0.19333333333333333
GeneralNewSessionAction:0.1825
ConnectDisconnectAction:0.1823888888888889
SessionView:0.1822222222222222
ContactItem:0.1822222222222222
SarosState:0.18
SarosConstant:0.17666666666666667
BotConfiguration:0.17666666666666667
AbstractActivityReceiver:0.17
LocalPresenceTracker:0.16666666666666666
TestShare3UsersSequentially:0.1627777777777778
SarosSessionStub:0.15333333333333332
TestBasicSarosElements:0.14833333333333334
ShowDescriptionPage:0.14
AbstractActivityConsumer:0.14
ToStringResourceDeltaVisitor:0.115
PerspectiveObject:0.11416666666666667
JupiterSimulator:0.11333333333333333
MainObject:0.10944444444444443
TableObject:0.10666666666666667
TestChatViewFunctions:0.10583333333333332
TestFileOperations:0.09416666666666665
SimpleJupiterDocumentTest:0.09333333333333334
InitMusician:0.08527777777777776
TestPattern:0.08333333333333333
EditorObject:0.07333333333333333
ChangeColorActivityDataObject:0.07
TestSharedProject:0.06833333333333332
SarosTestUtils:0.06666666666666667
isDisConnected:0.06333333333333334
TestHandleContacts:0.058333333333333334
TestSharedResourcesManager:0.058333333333333334
TestSVN:0.05583333333333333
TestChangingNameInRosterView:0.055
TreeObject:0.05333333333333334
TestFollowMode:0.05305555555555556
TestShare2UsersSequentially:0.05305555555555556
SubclipseProjectDeltaVisitor:0.05
SarosAnnotation:0.05
TestShareProjectUsingExistingProject:0.04833333333333334
TestShare3UsersConcurrently:0.043333333333333335
TestEditDuringInvitation:0.042222222222222223
IsConnect:0.04
Comperator:0.03333333333333333
MyClass2:0.03
ChangeColorAction:0.03
SessionViewContextMenu:0.023333333333333334
ChangeColorManager:0.023333333333333334
TestVCSActivity:0.02222222222222222
ResourceActivityFilter:0.02
ExistResource:0.013333333333333334
ExistNoResource:0.013333333333333334
MenuObject:0.009166666666666667
ContextMenuHelper:0.0033333333333333335
TestSharedProject_UpdatableValue:0.0025
IsNotInSVN:0.0
HeadlessPluginTestsSuite:0.0
ChangeColorDialog:0.0
isMenuEnabled:0.0
IsInSVN:0.0
ToolbarObject:0.0
WindowObject:0.0
