Factory:0.49333333333333335
OrthoMatcher:0.3233333333333333
MainFrame:0.27
CorpusBenchmarkTool:0.23666666666666666
TestPersist:0.21666666666666667
Controller:0.21533333333333332
TestPR:0.19
NameBearerHandle:0.18666666666666668
AbstractController:0.18333333333333332
NewDSAction:0.16333333333333333
OpenDSAction:0.16333333333333333
CloseAction:0.12
DumpToFileAction:0.01
LoadResourceFromFileAction:0.01
