CsvFileArgumentsProvider:0.61
CsvFileArgumentsProviderTests:0.41333333333333333
CsvArgumentsProviderTests:0.3466666666666667
