AuthService:0.7233333333333334
LoginDialog:0.3
ForgotPasswordDialog:0.24
Starter:0.2006666666666667
CreateAccountDialog:0.19666666666666666
