ClockWidget:0.47333333333333333
ClockWidgetFactory:0.16333333333333333
MemoryStatusWidgetFactory:0.10666666666666667
WrapWidgetFactory:0.10666666666666667
FoldWidgetFactory:0.10666666666666667
MultiSelectWidgetFactory:0.10666666666666667
LineSepWidgetFactory:0.10666666666666667
