AuthenticationContextBuilder:0.6666666666666666
AuthenticationContext:0.6633333333333333
DefaultAuthenticationContext:0.48
DefaultAuthenticationContextBuilder:0.38
CentralAuthenticationServiceImplTests:0.32666666666666666
AbstractServiceValidateControllerTests:0.28
AbstractServiceValidateController:0.19666666666666666
AuthenticationViaFormAction:0.19333333333333333
MultifactorAuthenticationTests:0.17
AbstractNonInteractiveCredentialsAction:0.16
GenerateServiceTicketAction:0.11666666666666667
TicketsResource:0.11
ClientAction:0.08333333333333333
TicketOrCredentialPrincipalResolverTests:0.045
