OsgiConfig:0.6666666666666666
OsgiConfigDefinitionParser:0.5
OsgiNamespaceHandler:0.16
OsgiConfigNamespaceHandlerTest:0.03
ManagedServiceListener:0.013055555555555556
ManagedServiceFactoryListener:0.010833333333333334
