RedissonLock:0.3233333333333333
RedissonTopic:0.31333333333333335
RedissonCountDownLatch:0.2866666666666667
Config:0.19333333333333333
