SyncFileStatusService:0.5166666666666667
TarRetrieverService:0.38333333333333336
AbstractFileCopyService:0.3566666666666667
FileCopyService:0.34
