StepContribution:0.47
ItemOrientedStep:0.3466666666666667
ItemSkipPolicyItemHandler:0.2733333333333333
SkipWriterStub:0.14666666666666667
SkipLimitStepFactoryBeanTests:0.14
