Extruder:0.6266666666666667
RrPolygonList:0.32
RrPolygon:0.2866666666666667
GenericExtruder:0.2633333333333333
Producer:0.25666666666666665
NullCartesianMachine:0.23666666666666666
LayerProducer:0.19666666666666666
STLSlice:0.19666666666666666
GenericCartesianPrinter:0.18333333333333332
RrCircle:0.08
