IndexShard:0.7011111111111111
InternalIndexingStats:0.2833333333333333
IndexingSlowLog:0.26666666666666666
IndexShardTests:0.25
IndexingMemoryController:0.21722222222222218
IndexingOperationListenerTests:0.17666666666666667
