Node:0.44666666666666666
NodeIOService:0.42
ClientRequestHandler:0.31333333333333335
ClientEndpoint:0.2966666666666667
