AbstractContextOptionPane:0.09296641
JEditKillRing:0.022282286
ViewOptionPane:0.02042966
ColorWellButton:0.016110621
