SWTTestSuite:0.7766666666666666
WorkbenchTestCase:0.5166666666666667
WorkbenchTestSuite:0.13666666666666666
