MainDesktopPane:0.43333333333333335
MarsProject:0.31666666666666665
MainMenu:0.20733333333333334
MarsProjectFX:0.2
ToolWindowTask:0.16
DayNightMapLayer:0.13666666666666666
