WicketApplication:0.57
QueuePanel:0.45666666666666667
SystemInfoPanel:0.45666666666666667
FileSystemPanel:0.45666666666666667
ReportPanel:0.2966666666666667
DashboardMainPage:0.24666666666666667
DashboardPanel:0.17666666666666667
