PartialPiChargeDescriptorTest:0.6133333333333333
PartialTChargePEOEDescriptorTest:0.5133333333333333
