Artifact:0.48
RemoteArtifact:0.37333333333333335
FormDefinitionLoader:0.30333333333333334
ProcessCache:0.29333333333333333
ProcessInstanceView:0.2125
FormArtifactRenderer:0.10666666666666667
