Future:0.6
FutureFactory:0.4574444444444445
FutureImpl:0.4533333333333333
FutureTest:0.37
FutureFactoryImpl:0.24666666666666667
