QueryRunner:0.5866666666666667
ClientOptions:0.5786666666666667
Console:0.35
TestTableNameCompleter:0.10666666666666667
