IStructuredbInstanceManager:0.5780000000000001
StructuredbManager:0.3333333333333333
StructuredbInstanceManager:0.32
StructureDaoTest:0.30666666666666664
SubStructureIterator:0.25925396825396824
HsqldbHelper:0.08
