IMap:0.6294444444444445
RecordStore:0.5811111111111111
MapGetAllRequest:0.2833333333333333
ClientQueueProxy:0.27666666666666667
IncrementorEntryProcessor:0.2745555555555556
NearCache:0.23333333333333334
MapExecuteOnAllKeysRequest:0.22833333333333333
ClientMapProxy:0.22333333333333333
PartitionWideEntryOperation:0.22
PartitionRecordStore:0.21666666666666667
MapEntrySetRequest:0.19333333333333333
GetAllOperation:0.17444444444444443
MapProxySupport:0.17
ClientMapTest:0.16333333333333333
MapPortableHook:0.1627777777777778
EntryProcessorTest:0.16
