Rescorer:0.6133333333333333
SearchRequestBuilder:0.30666666666666664
StreamInput:0.2733333333333333
RescoreBuilder:0.24333333333333335
QueryRescorerIT:0.23666666666666666
QueryRescorer:0.22666666666666666
StreamOutput:0.22
QueryRescoreContext:0.19333333333333333
SearchSourceBuilderTests:0.19333333333333333
