BuildAgentServiceImplTest:0.7266666666666667
CCDistMockChildBuilder:0.5698333333333333
