ApplicationWorkbenchAdvisor:0.4033333333333333
BooleanField:0.21333333333333335
ParametersDialog:0.21333333333333335
CheckRPackages:0.20333333333333334
DeleteObject:0.19166666666666668
ExecuteGroovyScript:0.13666666666666666
ExecuteImportScript:0.12
ComputeProgression:0.12
