NetworkHandlerTest:0.8466666666666667
NetworkHandler2Test:0.20666666666666667
