HostStats:0.7666666666666667
StatisticManager:0.3566666666666667
HostStatsMapper:0.2722222222222222
StatisticService:0.17
IStatisticManager:0.14416666666666667
MockStatisticManager:0.14416666666666667
IStatisticService:0.013333333333333334
