AbstractTestQueries:0.6566666666666666
StatementAnalyzer:0.41444444444444445
Visitor:0.36
AggregationAnalyzer:0.25666666666666665
