SwipeListView:0.8416666666666667
MainActivity:0.27666666666666667
