SmilesGenerator:0.6183333333333333
SmilesGeneratorTest:0.6066666666666667
