JVertexView:0.6266666666666667
VarEdgeMultipleRecord:0.535
EditorMarqueeHandler:0.33
VarEdgeSearchItem:0.20833333333333334
