Euler:0.6633333333333333
Parser:0.59
EulerRunner:0.2966666666666667
