AutomaticFormOpenerResources:0.5433333333333333
BaseProcessFormAction:0.5
AutoShowFormHelper:0.37
SubmitStartProcessFormAction:0.16666666666666666
StartProcessInstanceAction:0.16
SubmitTaskFormAction:0.08666666666666667
