Create3dHandler:0.4877222222222222
Create2dHandler:0.4877222222222222
