ListResultingCombinerFactory:0.40303174603174596
ListBasedReducerFactory:0.40303174603174596
ReducerTask:0.36666666666666664
MapReduceTest:0.33
MapReduceDataSerializerHook:0.20666666666666667
CollectingCombinerFactory:0.19255555555555556
DefaultContext:0.17333333333333334
