Shard:0.6766666666666666
IndexShard:0.62
IndexShardTests:0.31666666666666665
ESIndexLevelReplicationTestCase:0.23333333333333334
IndexShardTestCase:0.22
IndexShardIT:0.21
MockIndexShard:0.17333333333333334
IndicesLifecycleListenerSingleNodeTests:0.14666666666666667
