BloggerAPIHandler:0.6627777777777778
MetaWeblogAPIHandler:0.5733333333333334
