BrowseHostException:0.5266666666666666
BrowseHostConnection:0.44666666666666666
