Environment:0.63
ConfigurationFactory:0.3333333333333333
JerseyClientBuilderTest:0.26
ResourceTest:0.2
JerseyClientBuilder:0.19444444444444445
ServerFactory:0.19
HibernateBundle:0.185
Bootstrap:0.16333333333333333
ConfigurationTest:0.13666666666666666
JerseyIntegrationTest:0.12666666666666668
EnvironmentCommand:0.10333333333333333
HibernateBundleTest:0.07916666666666666
ConfiguredCommand:0.06333333333333334
