WebHelper:0.48
ViewEntryController:0.32666666666666666
WebKeys:0.32255555555555554
AddEntryController:0.15
