IRmiSWTWorkbenchBot:0.7947222222222223
RmiSWTWorkbenchBot:0.4666666666666667
TestChangingDriverWhileOtherFollow:0.36
