SlidingWindowTinyLfuPolicy:0.7766666666666666
SlidingWindowTinyLfuSettings:0.31333333333333335
