Response:0.7866666666666666
HttpConnection:0.43666666666666665
DataUtilTest:0.24666666666666667
