PositionalBucketMerger:0.37666666666666665
PositionalRowDelegate:0.3233333333333333
PositionalRowMerger:0.2866666666666667
UpstreamBuffer:0.20861111111111114
PositionalRowMergerTest:0.13666666666666666
PositionalBucketMergerTest:0.13
FetchProjector:0.11916666666666667
NodeBucket:0.11333333333333333
NodeFetchOperation:0.09166666666666666
LuceneDocFetcher:0.08
ShardDocIdsBucket:0.043333333333333335
