Execution:0.2675
CorrelatedProcess:0.24
RequestResponseProcess:0.23
OneWayProcess:0.17
LinkInProcess:0.17
NDChoiceProcess:0.17
SolicitResponseProcess:0.16
WhileProcess:0.14
ForEachProcess:0.13666666666666666
ForProcess:0.13666666666666666
MainDefinitionProcess:0.10333333333333333
InputProcessExecution:0.04
