PreferenceConstants:0.5910000000000001
CommunicationPreferencePage:0.37666666666666665
PreferenceInitializer:0.25666666666666665
