ParserATNFactory:0.41
LexerNoViableAltException:0.33355555555555555
LexerATNSimulator:0.2733333333333333
TestATNLexerInterpreter:0.2633333333333333
TestATNSerialization:0.20666666666666667
