DefaultXMLExporter:0.7482777777777778
MenuFactory:0.44388888888888883
