IIncomingTransport:0.5569880952380951
ParameterService:0.37333333333333335
RegistrationService:0.3566666666666667
HttpIncomingTransport:0.33
DataLoaderService:0.24666666666666667
FileIncomingTransport:0.16333333333333333
InternalIncomingTransport:0.16333333333333333
