TypeSignature:0.47
AbstractTestQueries:0.4527777777777777
TestTypeSignature:0.24666666666666667
TestSqlParser:0.22333333333333333
FunctionRegistry:0.185
TestTypeRegistry:0.16
TestFunctionType:0.14
TestRowOperators:0.13333333333333333
