HashCode:0.4766666666666667
JDateTime:0.4166666666666667
JulianDateStamp:0.24777777777777782
DateTimeStamp:0.22944444444444448
JtxTransactionMode:0.21555555555555558
DbTransactionMode:0.1788888888888889
HashCodeTest:0.16666666666666666
Entity:0.16222222222222224
