DependencyInjection:0.6266666666666667
HomeFragment:0.4166666666666667
MainMenuLayout:0.31333333333333335
SearchActivity:0.2966666666666667
MainMenuViewHolder:0.23777777777777775
MainActiviy:0.19
