HttpResponse:0.43666666666666665
HttpRequest:0.43
HttpBase:0.30333333333333334
KeepAliveTest:0.24
HttpBrowser:0.2338333333333333
