BasicDicomObject:0.43166666666666664
TransferSyntax:0.43
SimpleYBRColorSpace:0.42333333333333334
