TestSets:0.42
TestLexerErrors:0.3566666666666667
TestLexerExec:0.31666666666666665
BaseTest:0.31
TestParserExec:0.30333333333333334
TestSemPredEvalLexer:0.25
TestCompositeLexers:0.23666666666666666
TestSemPredEvalParser:0.21666666666666667
