ThrottleController:0.7183333333333334
NotifyThrottleController:0.5606111111111112
ThrottleResetTimer:0.3433333333333333
