PeakTableViewer:0.47333333333333333
PeakContentProvider:0.35
PeakCellModifier:0.35
PeakView:0.23666666666666666
PeakLabelProvider:0.18333333333333332
