JavaMailer:0.48333333333333334
ConfigFileConstants:0.3747619047619048
ReportMailer:0.23
BroadcastEventProcessor:0.21916666666666668
NotificationTask:0.20666666666666667
AvailabilityReport:0.1
ExecutorStrategy:0.0867222222222222
NotificationStrategy:0.0867222222222222
AvailabilityServlet:0.08333333333333333
JavaMailerException:0.07
JavaMailerConfig:0.043333333333333335
JavaMailNotificationStrategy:0.018333333333333333
ClassExecutor:0.013333333333333334
JavaJabberNotificationStrategy:0.0
