SearchInfo:0.8541666666666666
BusinessObjectFactory:0.7766666666666666
