StepScope:0.52
TestBean:0.45666666666666667
TestBeanAware:0.31666666666666665
StepContextAwareStepScopeTests:0.18666666666666668
