Relationship:0.6433333333333333
Entity:0.5483333333333333
