BufferedSource:0.598
Buffer:0.5366666666666666
RealBufferedSource:0.3
BufferTest:0.2833333333333333
RealBufferedSourceTest:0.17666666666666667
