Server:0.4666666666666667
WatchDir:0.3933333333333333
Plugin:0.31
PluginServlet:0.1888888888888889
