ActivityProcessor:0.555
ActivityMgmtService:0.3233333333333333
ActivityQueryService:0.20333333333333334
