KafkaMetadata:0.25
KafkaConnectorFactory:0.22333333333333333
KafkaHandleResolver:0.16
KafkaSplitManager:0.15333333333333332
KafkaSimpleConsumerManager:0.10777777777777776
