ComputationGraph:0.44333333333333336
LayerVertex:0.4414285714285715
GraphVertex:0.4233333333333333
TestComputationGraphNetwork:0.30666666666666664
L2NormalizeVertex:0.22666666666666666
PreprocessorVertex:0.21666666666666667
PoolHelperVertex:0.21666666666666667
MergeVertex:0.21666666666666667
SubsetVertex:0.21666666666666667
UnstackVertex:0.21666666666666667
ScaleVertex:0.21666666666666667
ShiftVertex:0.21666666666666667
ReshapeVertex:0.21666666666666667
ElementWiseVertex:0.20777777777777776
L2Vertex:0.20777777777777776
StackVertex:0.20777777777777776
BaseGraphVertex:0.18333333333333332
