OperationService:0.6452222222222223
BasicOperationScheduler:0.44333333333333336
BasicOperationService:0.38333333333333336
HealthMetrics:0.3
ClientAtomicLongTest:0.25666666666666665
