MainDesktopPane:0.6066666666666667
ToolWindowTask:0.52
UnitWindowTask:0.52
MainScene:0.36
JobHistoryTableModel:0.20666666666666667
TabPanelSchedule:0.14
UpdateThreadTask:0.12666666666666668
