MURLButton:0.44666666666666666
MTogglePanel:0.32666666666666666
MSmallColorChooser:0.23666666666666666
MRating:0.19
MThrobber:0.17666666666666667
MURLButtonBeanInfo:0.06333333333333334
