FsTranslog:0.7233333333333334
InternalEngine:0.4066666666666667
InternalEngineTests:0.30333333333333334
