WidgetFactory:0.6733333333333333
AbstractDialog:0.39666666666666667
AbstractDataSpaceEditorDesigner:0.38666666666666666
DWidgetDialog:0.25666666666666665
DEditorDialog:0.16666666666666666
