DeletePurgeEntriesCallback:0.4574444444444444
DataTableFolderViewBase:0.32666666666666666
GwtTeamingMessages:0.31666666666666665
UIData:0.215
GwtTaskHelper:0.21066666666666667
DeletePurgeEntriesHelper:0.21
GwtRpcServiceImpl:0.20444444444444446
