TestService:0.69
OsgiSessionFactoryService:0.31333333333333335
TestServiceImpl:0.24333333333333335
