MultiLayerNetwork:0.6133333333333333
Builder:0.55
ConvolutionPostProcessor:0.23
ConvolutionInputPreProcessor:0.17333333333333334
ConvolutionDownSampleLayerTest:0.16
