HopCompilerObjectVariable:0.4033333333333333
HopLexer:0.38333333333333336
HopParser:0.32666666666666666
HopNodeFactory:0.2733333333333333
HopDataManager:0.21333333333333335
