Validators:0.54
CSValidator:0.44666666666666666
ReferencingValidator:0.37666666666666665
DatumValidator:0.35333333333333333
CRSValidator:0.31
