AbstractNearCacheBasicTest:0.6766666666666666
IMapDataStructureAdapter:0.5733333333333334
NearCacheTestUtils:0.25333333333333335
MapNearCacheBasicTest:0.15166666666666667
