Request:0.52
Header:0.4166666666666667
Http:0.30666666666666664
Response:0.2966666666666667
Cookie:0.29333333333333333
ConditionSql:0.18666666666666668
PostSender:0.09666666666666666
String2Number:0.09333333333333334
ExecutableSql:0.08333333333333333
SupportedFieldType:0.08
JsonCharsetTest:0.043333333333333335
