CA:0.6666666666666666
X509CA:0.5
CAAdminSessionBean:0.37333333333333335
CAInterfaceBean:0.27666666666666667
