ClassName:0.4241666666666667
Builder:0.3233333333333333
TypeVariableName:0.25666666666666665
TypeSpec:0.19333333333333333
MethodSpec:0.18333333333333332
CodeWriter:0.17
TypeSpecTest:0.11333333333333333
