HtmlImage:0.5516666666666666
HtmlLink:0.5033333333333333
HtmlImageDownloadTest:0.35944444444444446
HtmlLinkTest:0.07083333333333333
