LocalApprovalSessionBean:0.43666666666666665
GenerateTokenApprovalRequest:0.43333333333333335
ViewHardTokenDataApprovalRequest:0.35555555555555557
