ProjectConfig:0.7616666666666667
ProjectConfigTest:0.23333333333333334
