ComponentFinder:0.7333333333333333
ComponentTester:0.42333333333333334
DefaultComponentFinder:0.32
ScriptEditor:0.31666666666666665
ComponentReference:0.2833333333333333
WindowTester:0.23666666666666666
ComponentRecorder:0.17666666666666667
FrameTester:0.09666666666666666
