Http1xPool:0.61
ConnQueue:0.5633333333333334
ChannelConnector:0.13666666666666666
ClientHandler:0.13333333333333333
