Receiver:0.38666666666666666
ClientAdminThread:0.3333333333333333
ReceiverMap:0.18666666666666668
Aeron:0.18666666666666668
AtomicArray:0.18333333333333332
