Gedcom:0.7666666666666667
GedcomEncodingException:0.36
GedcomReader:0.3111111111111111
GedcomWriter:0.26666666666666666
ActionSave:0.21
