RestoreService:0.5233333333333333
SharedClusterSnapshotRestoreTests:0.44666666666666666
DedicatedClusterSnapshotRestoreTests:0.23666666666666666
TransportRestoreSnapshotAction:0.22
RestoreCompletionResponse:0.16266666666666665
