BaseMultiLayerNetwork:0.8166666666666667
StochasticHessianFree:0.31
BackPropOptimizer:0.30666666666666664
ParamRange:0.26666666666666666
BackPropROptimizer:0.24333333333333335
BackPropOptimizerTests:0.13333333333333333
