GwtClientHelper:0.76
TreeDisplayHorizontal:0.3233333333333333
TreeDisplayVertical:0.26666666666666666
BusyInfo:0.21777777777777782
