SparkEarlyStoppingTrainer:0.5433333333333333
BaseEarlyStoppingTrainer:0.3333333333333333
TestEarlyStoppingSpark:0.28
