AttachmentMapper:0.71
MapperTestUtils:0.5066666666666667
DateAttachmentMapperTests:0.28416666666666657
SimpleAttachmentMapperTests:0.21472222222222223
SimpleAttachmentIntegrationTests:0.13
VariousDocTest:0.09666666666666666
LanguageDetectionAttachmentMapperTests:0.08333333333333333
EncryptedDocMapperTest:0.044444444444444446
MultifieldAttachmentMapperTests:0.04111111111111111
MetadataMapperTest:0.034444444444444444
AttachmentUnitTestCase:0.0
