LocalPublisherSessionBean:0.3466666666666667
BasePublisher:0.34
TestPublisherQueue:0.25
EditPublisherJSPHelper:0.19666666666666666
TestPublisherQueueProcess:0.17666666666666667
PublisherQueueSessionBean:0.14333333333333334
PublisherQueueDataBean:0.10666666666666667
