ByteString:0.4266666666666667
Util:0.3566666666666667
HpackDraft05Test:0.2866666666666667
Reader:0.26
SpdyTransport:0.19333333333333333
NameValueBlockReader:0.15666666666666668
SpdySocketHandler:0.15
ByteStringTest:0.14
