JSON:0.8233333333333334
JSONLexerBase:0.48333333333333334
ASMDeserializerFactory:0.38666666666666666
FastjsonBeanToArrayCodec:0.11
