DatabaseMetadata:0.54
SchemaUpdate:0.4633333333333333
SchemaValidator:0.245
AvailableSettings:0.023333333333333334
