SearchFilter:0.7766666666666666
SearchFilterKeys:0.31666666666666665
SearchFilterRequestParser:0.19333333333333333
SearchFilterToSearchBooleanConverter:0.16833333333333333
SearchFilterToMapConverter:0.165
Entry:0.11333333333333333
Period:0.08
Workflow:0.075
Creator:0.075
Tag:0.075
