Linkd:0.6066666666666667
LinkdEventProcessor:0.23333333333333334
LinkdConfigManager:0.23
QueryManager:0.22509523809523804
DbEventWriter:0.22
LinkdConfigFactory:0.13333333333333333
