Visitor:0.38
TestHashJoinOperator:0.36
LookupJoinOperators:0.35
JoinOperatorCacheKey:0.3333333333333333
JoinProbeCompiler:0.15
HashJoinOperatorFactoryFactory:0.10333333333333333
