XWorkConverterTest:0.6366666666666667
NumberConverter:0.5533333333333333
NumberConverterTest:0.16666666666666666
