MultiLayerNetwork:0.79
SubsamplingLayer:0.45
BaseLayer:0.30666666666666664
ConvolutionLayerTest:0.15666666666666668
