Channel:0.67
ClientConductor:0.34111111111111114
SubscriberChannel:0.24833333333333332
