SymbolBasedBulkShardProcessor:0.44333333333333336
BulkShardProcessor:0.37
PartitionedBulkInsertBenchmark:0.15333333333333332
PendingRequest:0.11666666666666667
IndicesCreatedObserver:0.043333333333333335
