NodeStats:0.5166666666666667
NodesStatsRequest:0.4166666666666667
InternalTestCluster:0.39666666666666667
NodeService:0.2911111111111111
ScriptService:0.26
NodesStatsRequestBuilder:0.21
ScriptChangesListener:0.19
RestNodesAction:0.14333333333333334
TransportClusterStatsAction:0.13666666666666666
TransportNodesStatsAction:0.12333333333333334
ScriptServiceTests:0.12
MockDiskUsagesIT:0.10333333333333333
RestNodesStatsAction:0.08
ScriptCacheRemovalListener:0.02
