RuntimeEnvironment:0.5533333333333333
BootstrapTest:0.3333333333333333
Bootstrap:0.29444444444444445
QualifiersTest:0.2866666666666667
ParallelUniverse:0.22
