FastJsonHttpMessageConverterTest:0.37333333333333335
FastJsonHttpMessageConverter4Test:0.37333333333333335
FastJsonControllerTest:0.20333333333333334
