RackViewScene:0.5122222222222222
RackViewService:0.4155555555555555
SelectableDeviceWidget:0.2866666666666667
