ShapeSelection:0.5
TransformingDrawVisitor:0.42333333333333334
PathElement:0.4
LassoSelection:0.20666666666666667
RectangleSelection:0.15666666666666668
SelectionGenerator:0.14666666666666667
