UserExt:0.8311111111111111
Common:0.5166666666666667
UserProcessor:0.44666666666666666
UserMgmtService:0.2866666666666667
PointInitProcessor:0.24666666666666667
PointtransferQueryService:0.13333333333333333
PointtransferMgmtService:0.12
TopProcessor:0.11
