DatabaseWriter:0.6516666666666666
ConfigurationChangedFilter:0.23333333333333334
CsvDataReader:0.23333333333333334
DataProcessor:0.23333333333333334
