Unit:0.6225555555555555
Tile:0.4375
IndianSettlement:0.38666666666666666
InGameController:0.34
Canvas:0.21333333333333335
PlayerExploredTile:0.2
InGameInputHandler:0.19
FreeColDialog:0.17333333333333334
MapGenerator:0.14666666666666667
IndianSettlementPanel:0.125
