GISViewTopComponent:0.4666666666666667
ViewScene:0.33
GISViewScene:0.23333333333333334
PasswordEditorSupport:0.19666666666666666
AcceptActionProvider:0.18555555555555558
MapComponentWidget:0.16666666666666666
