HierarchyCustomizerTopComponent:0.45666666666666667
ClassMetadataChildren:0.30666666666666664
ClassMetadataTransferManager:0.19
ClassMetadataNode:0.17333333333333334
RemovePosibleChildAction:0.05
HierarchyCustomizerService:0.0033333333333333335
ContractManagerModuleService:0.0
