FieldListPredicate:0.4483333333333333
AttributeListPredicate:0.1638888888888889
