FlatFileCustomerCreditDao:0.5633333333333334
GameFieldSetMapper:0.2
PlayerSummaryRowMapper:0.16
PlayerFieldSetMapper:0.02666666666666667
CustomerDebitRowMapper:0.023333333333333334
