SimpleDaoTest:0.6716666666666666
SqlTemplateTest:0.39666666666666667
SupportedFieldTypeTest:0.315
