Network:0.6666666666666666
ConfigService:0.4666666666666667
ReverseProxyPage:0.32666666666666666
LocalDatabaseConfigPage:0.19333333333333333
