Default:0.7366666666666667
AgentBuilderDefaultApplicationTest:0.38333333333333336
AgentBuilderDefaultTest:0.2633333333333333
