ConvertUtils:0.6763888888888889
ConsoleSample:0.4633333333333333
ModelGenerator:0.36666666666666664
BslaLibraryUtils:0.23333333333333334
ModelViewGenerator:0.19333333333333333
AbstractDomainObject:0.09166666666666666
