JDBCReverseEngineeringStrategy:0.51
TableEntity:0.2
AbstractReverseEngineeringTestImpl:0.19666666666666666
AbstractConnectionTest:0.19666666666666666
