LocusTable:0.6266666666666667
GeneTable:0.33
ObsoleteGene:0.24666666666666667
GeneParsedListener:0.24583333333333332
LocusBeanFactory:0.12666666666666668
UpdateLocus:0.12
