YubiKeyAccountRegistry:0.4517777777777778
WhitelistYubiKeyAccountRegistry:0.33666666666666667
YubiKeyAuthenticationEventExecutionPlanConfiguration:0.30333333333333334
JsonYubiKeyAccountRegistry:0.23666666666666666
YubiKeyAccountCheckRegistrationAction:0.22
YubiKeyAuthenticationHandlerTests:0.16333333333333333
OneTimeTokenAccountCheckRegistrationAction:0.12333333333333334
OpenYubiKeyAccountRegistry:0.056666666666666664
BaseYubiKeyAccountRegistry:0.02666666666666667
MongoDbYubiKeyAccountRegistry:0.006666666666666667
JpaYubiKeyAccountRegistry:0.006666666666666667
