DocumentMapper:0.5266666666666666
MergeResult:0.4514444444444445
MapperService:0.30333333333333334
DocumentMapperParser:0.2833333333333333
MultiFieldTests:0.19
Builder:0.17
TranslogHandler:0.16666666666666666
SimpleMapperTests:0.15666666666666668
