Resolution:0.43666666666666665
FieldProxyBinderTest:0.32
FieldLocatorForClassHierarchyTest:0.3
Simple:0.21
FieldLocatorResolutionTest:0.20333333333333334
FieldLocatorExactTypeTest:0.18
