WriteConcern:0.7133333333333334
WriteConcernTest:0.13
DBCollectionOldTest:0.03666666666666667
