Configuration:0.455
HistoryGuru:0.42333333333333334
RuntimeEnvironment:0.35333333333333333
MercurialRepository:0.25
GitRepository:0.25
BazaarRepository:0.25
SCCSRepository:0.25
CVSRepository:0.25
CommandLineOptions:0.18966666666666665
SubversionRepository:0.18333333333333332
