RunaWFEConnector:0.5833333333333334
LDAPExecutorsImporter:0.35
RunaWFEExecutorsImporter:0.2966666666666667
RunaWFERelationsImporter:0.25666666666666665
WYSIWYGPlugin:0.25133333333333335
DataImporter:0.23666666666666666
LDAPConnector:0.22
WFEConnectionPreferencePage:0.20666666666666667
PreferenceInitializer:0.18666666666666668
GlobalTimeOut:0.18666666666666668
TasksTimeoutGlobalPreferencePage:0.18333333333333332
IConnector:0.16333333333333333
FormPreferencePage:0.14666666666666667
SyncUIHelper:0.07666666666666666
ExecutorsImporter:0.06666666666666667
LDAPConnectionPreferencePage:0.03333333333333333
EmptyPreferencePage:0.006666666666666667
PrefConstants:0.0
