Wallet:0.7733333333333333
ChainSplitTest:0.33666666666666667
WalletTest:0.26833333333333337
