ClientEndpoint:0.7233333333333334
ClientEndpointImpl:0.4
ClientEngineImpl:0.31666666666666665
AbstractListenersOnReconnectTest:0.28
ClientTxnDisconnectionTest:0.20666666666666667
ClientServiceTest:0.20333333333333334
GroupProperty:0.19666666666666666
AuthenticationBaseMessageTask:0.18333333333333332
ConcurrencyUtil:0.1761111111111111
ClientHeartbeatTest:0.07666666666666666
ConnectionListenerImpl:0.07
