AbstractReplicatedRecordStorage:0.43
MemberImpl:0.3933333333333333
ReplicatedMapService:0.24
Vector:0.2
RemoteFillupTask:0.16666666666666666
ReplicatedMapDataSerializerHook:0.08
