Transaction:0.68
Peer:0.37
Wallet:0.29
Listener:0.27666666666666667
Base58:0.20944444444444443
WalletTest:0.19333333333333333
MemoryPool:0.14666666666666667
IrcDiscovery:0.12333333333333334
