RetryAndFollowUpInterceptor:0.43666666666666665
CallTest:0.43333333333333335
HttpMethod:0.35366666666666663
