BrowserVersion:0.6866666666666666
WebDriverTestCase:0.39
BrowserVersionClassRunner:0.31
BrowserRunner:0.17444444444444446
BrowserVersionTest:0.15
