INodeService:0.43333333333333335
MockNodeService:0.38333333333333336
NodeService:0.38333333333333336
