ExecutorServiceProxy:0.4633333333333333
DistributedExecutorService:0.36
RunnableAdapter:0.30416666666666664
ExecutionCallbackAdapterFactory:0.2511111111111111
CallableProcessor:0.23444444444444448
CancellableDelegatingFuture:0.2338888888888889
ExecutorPortableHook:0.1811111111111111
CancellationRequest:0.15
ExecutorDataSerializerHook:0.14444444444444443
BaseCallableTaskOperation:0.11666666666666667
