CommunicationsStub:0.69
ShowObjectIdAction:0.25
ObjectChildren:0.21
DeleteBusinessObjectAction:0.14888888888888888
PoolChildren:0.14
PoolNode:0.13666666666666666
ObjectNode:0.13083333333333333
DeletePool:0.07
