MaterialViewPagerAnimator:0.5441111111111111
MaterialViewPagerHelper:0.37
MainActivity:0.1872222222222222
