NettyRequestFactory:0.5966666666666667
NettyRequestSender:0.49333333333333335
NettyRequestFactoryBase:0.39666666666666667
AuthenticatorUtils:0.12666666666666668
