CheckedFunction7:0.20222222222222225
CheckedFunction8:0.20222222222222225
CheckedFunction0:0.1988888888888889
CheckedFunction1:0.1988888888888889
CheckedFunction2:0.1988888888888889
CheckedFunction3:0.1988888888888889
CheckedFunction4:0.1988888888888889
CheckedFunction5:0.1988888888888889
CheckedFunction6:0.1988888888888889
Function1:0.18666666666666668
Function0:0.18666666666666668
Function3:0.18666666666666668
Function2:0.18666666666666668
Function5:0.18666666666666668
Function4:0.18666666666666668
Function7:0.18666666666666668
Function6:0.18666666666666668
Function8:0.18666666666666668
