WorkerActor:0.6366666666666667
ClusterSetup:0.30333333333333334
BatchActor:0.19
MnistExampleMultiThreaded:0.15666666666666668
