DOReader:0.56
TestRelationships:0.37666666666666665
MockManagementDelegate:0.30666666666666664
PID:0.27666666666666667
DigitalObject:0.2500396825396825
FedoraAPIMBindingSOAPHTTPImpl:0.24666666666666667
SimpleDOWriter:0.24
RelsValidator:0.23666666666666666
DOWriter:0.23587301587301587
FedoraMethod:0.23
TestJournalRoundTrip:0.23
BasicDigitalObject:0.21666666666666667
MockDOReader:0.21
DefaultManagement:0.19666666666666666
SimpleDOReader:0.14666666666666667
FedoraObjectTripleGenerator_3_0:0.13
TestManagementNotifications:0.09
SubjectProcessor:0.0033333333333333335
