AbstractTicketRegistry:0.4166666666666667
DefaultTicketRegistry:0.36666666666666664
JpaTicketRegistry:0.22666666666666666
