ClassDescriptor:0.7033333333333334
SymbolTable:0.48111111111111104
