JsonTest:0.5783333333333334
SingleJsonItem:0.31333333333333335
StringCompile:0.24
