NodeManager:0.4766666666666667
ServerMainModule:0.43
PrestoTestingServer:0.22
Main:0.2
TestingPrestoServer:0.19622222222222221
TestNodeManager:0.19
