DefaultUACDSEditor:0.4896666666666667
SaveUACDSAction:0.29944444444444446
