Py:0.67
IParserHost:0.5533333333333333
PyTableCode:0.42833333333333334
__builtin__:0.36333333333333334
antlr:0.21
PythonGrammar:0.2
PythonInterpreter:0.18666666666666668
PythonTreeWalker:0.14666666666666667
CompilerFlags:0.09666666666666666
jython:0.09
LiteralMakerForParser2:0.04666666666666667
