ComputedCSSStyleDeclaration:0.6305555555555556
HTMLTableCellElementTest:0.3333333333333333
HTMLTableCellElement:0.11666666666666667
