GeometryValidator:0.4222222222222222
SimpleEnvelopeTest:0.3466666666666667
SimpleDirectPositionTest:0.3433333333333333
