Buffer:0.29723272
VFS:0.28198898
jEdit:0.17303978
MiscUtilities:0.10643398
BufferIORequest:0.09179255
VFSManager:0.090382114
JEditBuffer:0.07317033
IOUtilities:0.050936796
Log:0.043806702
View:0.040241815
WorkThread:0.028221052
WorkRequest:0.01314136
