VFS:0.22819917
Buffer:0.19623102
BufferIORequest:0.13453251
jEdit:0.11963297
IOUtilities:0.11653833
VFSManager:0.08619177
JEditBuffer:0.06826768
Log:0.06587809
WorkThread:0.060272582
View:0.04321015
WorkRequest:0.03093585
