TaskManager:0.22552924
TaskListener:0.1181609
StatusWidgetFactory:0.068959735
Task:0.04734368
Widget:0.042534623
DockableWindowManager:0.032652084
View:0.028765326
jEdit:0.027584797
