WorkThreadPool:0.22503963
WorkRequest:0.20636286
IOProgressMonitor:0.099230796
VFS:0.06897205
ThreadUtilities:0.062185872
BufferAutosaveRequest:0.048999023
BufferInsertRequest:0.04641978
BufferLoadRequest:0.041592218
BufferSaveRequest:0.032573637
ThreadAbortMonitor:0.03232641
Log:0.020567777
