HttpClientBuilder:0.5833333333333334
JerseyClientBuilder:0.3566666666666667
HttpClientBuilderTest:0.18666666666666668
