TransportSQLActionTest:0.41
TopNProjection:0.4033333333333333
CollectNode:0.3466666666666667
TransportSQLAction:0.27
Planner:0.18333333333333332
