CtrlTree:0.35333333333333333
Namespace:0.32
CtrlParser:0.31666666666666665
CtrlChecker:0.30666666666666664
SimulatorModel:0.29333333333333333
CtrlLoader:0.2633333333333333
