Jedis:0.7633333333333333
JedisSentinelTest:0.32
Protocol:0.2542063492063492
JedisSentinelTestUtil:0.22844444444444445
