Factory:0.4866666666666667
Info:0.42
TextEditor:0.4033333333333333
LinkForm:0.11055555555555555
