DrawApplication:0.51
DesktopListener:0.48
StandardDrawingView:0.4533333333333333
MDIDesktopPane:0.29333333333333333
NullTool:0.2773333333333333
JavaDrawApp:0.24333333333333335
ZoomDrawingView:0.21666666666666667
DesktopEventService:0.21333333333333335
NothingApp:0.08222222222222221
NetApp:0.08222222222222221
PertApplication:0.07666666666666666
