JnetManager:0.7482777777777778
HalosRenderer:0.3708333333333333
