ResourceLoader:0.7433333333333333
DrawableResourceLoaderTest:0.42
DrawableBuilder:0.38333333333333336
ShadowResources:0.30333333333333334
PackageResourceLoader:0.23333333333333334
RoutingResourceLoader:0.19
