WebserviceBean:0.38333333333333336
Util:0.34
BusinessEntityManagerImpl:0.25
Reports:0.15666666666666668
TempBusinessRulesEngine:0.11333333333333333
