NutResource:0.58
FileSqlManager:0.38
DefaultLoading:0.26
LocalResourceScan:0.22
DefaultMessageLoader:0.13666666666666666
AnnotationIocProvider:0.1
MessageLoader:0.036166666666666666
SqlNotFoundException:0.0
