Kernel32:0.5933333333333334
Advapi32Util:0.5133333333333333
User32:0.37
FILETIME:0.17
GUID:0.07666666666666666
WinNT:0.05333333333333334
Shell32:0.013333333333333334
SECURITY_ATTRIBUTES:0.0
WinUser:0.0
SYSTEM_INFO:0.0
