DeduceBondSystemTool:0.6866666666666666
SmilesParser:0.26666666666666666
