PyFloat:0.5066666666666667
PyLong:0.43333333333333335
PyInteger:0.4266666666666667
PyComplex:0.4033333333333333
