SourceHashProviderFactory:0.7157936507936508
TestQueries:0.5333333333333333
SplitWorker:0.18
AbstractSqlBenchmark:0.16666666666666666
