Texture:0.7675
AndroidTexture:0.4166666666666667
JoglTexture:0.30333333333333334
AppletTexture:0.30333333333333334
