InternalKeyBinding:0.7633333333333333
InternalKeyBindingProperty:0.4633333333333333
InternalKeyBindingBase:0.29
OcspKeyBinding:0.27666666666666667
InternalKeyBindingInfo:0.27666666666666667
InternalKeyBindingListCommand:0.20666666666666667
