WebDriverTestCase:0.6533333333333333
UrlFetchWebConnectionTest:0.49600000000000005
