LTSJModel:0.43666666666666665
GraphJModel:0.43333333333333335
AspectJModel:0.36666666666666664
ControlJModel:0.31333333333333335
AbstrLTSJModel:0.26666666666666666
