CustomerDebitDao:0.7633333333333333
CustomerUpdateProcessorTests:0.23
HibernateFailureJobFunctionalTests:0.19666666666666666
FlatFileCustomerCreditDao:0.14333333333333334
CustomerUpdateWriter:0.12
JdbcCustomerDebitDao:0.09333333333333334
HibernateCreditDao:0.09
IbatisCustomerCreditDao:0.05333333333333334
JdbcCustomerDebitDaoTests:0.021111111111111112
FlatFileCustomerCreditDaoTests:0.02
