MarkupUtil:0.38666666666666666
WebKeys:0.28977777777777775
ViewPermalinkController:0.25666666666666665
ViewEntryController:0.21666666666666667
