VertxLifecycleHooks:0.5566666666666666
VertxCommandLauncher:0.5133333333333333
StarterTest:0.44333333333333336
ContextImpl:0.36
BareCommand:0.19333333333333333
ClasspathHandler:0.10888888888888888
LauncherTest:0.09333333333333334
CommandFactoryLookup:0.045
CommandTestBase:0.04
ServiceCommandLookupTest:0.03666666666666667
ServiceCommandFactoryLoader:0.02892857142857143
ServiceCommandLoaderTest:0.016666666666666666
CommandLineUtils:0.016666666666666666
