BasicLineIterator:0.36333333333333334
ASCIICoOccurrenceReader:0.3433333333333333
ShadowCopyThread:0.2633333333333333
CoOccurrenceWriter:0.2617777777777778
ASCIICoOccurrenceWriter:0.23
BinaryCoOccurrenceReader:0.18611111111111112
BinaryCoOccurrenceWriter:0.10666666666666667
