FormType:0.8833333333333333
DesignerContentProvider:0.4533333333333333
XmlUtil:0.39
ValidationUtil:0.2866666666666667
OpenFormEditorDelegate:0.20666666666666667
ExportParWizardPage:0.17
OpenVisualFormEditorDelegate:0.13666666666666666
ValidatorWizard:0.12333333333333334
FormTypeProvider:0.09666666666666666
OpenExternalFormEditorDelegate:0.08333333333333333
OpenFormValidationDelegate:0.08
XSNFormType:0.01
