XmlConfigBuilder:0.45666666666666667
MemberAttributeConfig:0.4533333333333333
SpringXmlConfigBuilder:0.41
TestFullApplicationContext:0.3233333333333333
