SharedProjectDecorator:0.5633333333333334
SharedModelProvider:0.5533333333333333
ChatView:0.5366666666666666
