JdbcChadoAdapter:0.61
SybaseChadoAdapter:0.4033333333333333
FeatureLocImplementation:0.2807777777777778
