FieldRecoder:0.6833333333333333
LuceneBaseIndexer:0.5066666666666667
LuceneSearch:0.4666666666666667
Num2RangeQuery:0.43666666666666665
BaseParser:0.31666666666666665
NumRangeQuery:0.27666666666666667
LGQueryParser:0.22666666666666666
LucyXmlParser:0.18666666666666668
LucenePdfIndexer:0.17
NumRangeScorer:0.16666666666666666
LuceneHtmlIndexer:0.15333333333333332
EMBLParser:0.12
GFFComment_FieldRecoder:0.11583333333333333
TableParser:0.11
LuceneSimpleSearch:0.1
GFFAttribute_FieldRecoder:0.09333333333333334
AcodeParser:0.09
BioseqParser:0.08333333333333333
FastaParser:0.06
AbstractParser:0.03888888888888889
DirectorySocket:0.02861111111111111
LdapServlet:0.016666666666666666
GFFRangeBin_Recoder:0.015833333333333335
ANNOT_SYM_Recoder:0.014222222222222221
GFFFasta_FieldRecoder:0.007777777777777778
