WxMpService:0.6466666666666666
WxMpServiceImpl:0.63
WxConsts:0.014071428571428572
