SessionState:0.5166666666666667
SessionUpdateEntryProcessor:0.21333333333333335
LocalCacheEntry:0.21
HazelcastInstanceLoader:0.19661111111111113
DeleteSessionEntryProcessor:0.17666666666666667
GetSessionStateEntryProcessor:0.14333333333333334
GetAttributeEntryProcessor:0.14333333333333334
GetAttributeNamesEntryProcessor:0.14333333333333334
WebFilterBasicTest:0.12666666666666668
TestServlet:0.12333333333333334
