ComputationGraph:0.8133333333333334
DefaultParamInitializer:0.33
FrozenLayerTest:0.30666666666666664
