SimpleScriptable:0.5911111111111111
DocumentTest:0.49666666666666665
