Publication:0.54
Subscription:0.48
ClientConductor:0.4033333333333333
Counter:0.27666666666666667
PublicationTest:0.20666666666666667
Aeron:0.19666666666666666
SubscriptionTest:0.15666666666666668
