ShadowAssetManager:0.5233333333333333
ActivityController:0.35333333333333333
ShadowBitmapFactory:0.2733333333333333
ShadowContextImpl:0.25666666666666665
ShadowSystemVibrator:0.24666666666666667
ShadowTypeface:0.24
ShadowViewRootImpl:0.22333333333333333
ShadowPackageParser:0.15666666666666668
ShadowLocaleDataTest:0.15333333333333332
ShadowLocaleData:0.11333333333333333
ShadowStaticLayout:0.043333333333333335
ShadowPrecomputedText:0.0
