GPUFluxLightModel:0.625
GPUFluxPathTracer:0.19
GPUFluxLightTracer:0.14666666666666667
GPUFluxWhittedTracer:0.13666666666666666
