EmpantWidget:0.6316666666666667
CooccurrencesEditor:0.32
ObjectSelectionDialog:0.2733333333333333
