GwtTeamingMainMenuImageBundle:0.44333333333333336
MenuBarBox:0.42844444444444446
MainMenuControl:0.36666666666666664
