FileSnapshot:0.62
IFileSyncService:0.44095634920634924
DataExtractorService:0.25
TableConstants:0.20666666666666667
FileSyncDataRouter:0.18
FileSyncService:0.16666666666666666
FileSyncServiceSqlMap:0.07333333333333333
