LockInfo:0.5533333333333333
LockStore:0.49611111111111106
TxnLockAndGetOperation:0.34
LockTest:0.31333333333333335
MapClientProxy:0.25833333333333336
LockService:0.25
LockStoreProxy:0.22333333333333333
LockStoreImpl:0.21333333333333335
RecordStore:0.20083333333333334
PartitionRecordStore:0.19666666666666666
TxnMapProxySupport:0.19
LockClientProxy:0.15333333333333332
