Process:0.77
ProcessHierarchyUtils:0.37
ProcessFactory:0.24666666666666667
RootProcessTDBuilder:0.23666666666666666
AddParentProcessIdPatch:0.03944444444444445
