Advapi32:0.78
Advapi32Util:0.43666666666666665
Netapi32:0.41666666666666663
Advapi32UtilTest:0.32666666666666666
Netapi32Util:0.22666666666666666
ACL:0.19
ACEStructure:0.16333333333333333
ACCESS_ACEStructure:0.06722222222222221
WinNT:0.06
SECURITY_DESCRIPTOR_RELATIVE:0.04
PACL:0.03333333333333333
UserInfo:0.023888888888888887
ACCESS_ALLOWED_ACE:0.017388888888888888
ACCESS_DENIED_ACE:0.017388888888888888
SECURITY_DESCRIPTOR:0.013333333333333334
USER_INFO_23:0.0033333333333333335
ACE_HEADER:0.0
