QueryGenerator:0.5605555555555555
EntityWriter:0.37
ParameterBinder:0.3438888888888889
BatchUpdateOperation:0.1411111111111111
Attributes:0.10666666666666667
