PlaceholderParameterProgramLocation:0.5666666666666667
BuildMethodSummary:0.44666666666666666
PA:0.4122222222222222
