Catalog:0.5933333333333334
ArchiveConductor:0.26
RecordingWriter:0.22722222222222224
ReplaySessionTest:0.20666666666666667
CatalogTest:0.19
ListRecordingsSessionTest:0.15333333333333332
ListRecordingsForUriSessionTest:0.15333333333333332
RecordingSessionTest:0.09166666666666666
RecordingWriterTest:0.013333333333333334
