Tab:0.5988888888888888
Configuration:0.32666666666666666
Superheroe:0.04416666666666667
SuperheroeTest:0.03333333333333333
Supervillain:0.023333333333333334
SupervillainTest:0.01
