TicketHolder:0.5678809523809524
MongoDbTicketRegistry:0.35333333333333333
RedisTicketRegistryTests:0.33666666666666667
AbstractTicketRegistryTests:0.3333333333333333
EhCacheTicketRegistryTests:0.27
IgniteTicketRegistryTests:0.27
