NettyChannelBuilder:0.4866666666666667
NettyClientTransport:0.4666666666666667
TestServiceClient:0.37333333333333335
NettyClientTransportFactory:0.2733333333333333
Http2NettyController:0.18333333333333332
