VisitorContextTest:0.7122222222222223
MultiProofFinderExecutor:0.5855555555555555
