IPAtomicDescriptor:0.543888888888889
IPAtomicDescriptorTest:0.2916666666666667
