Node:0.5466666666666666
CDKManager:0.4633333333333333
ICDKManager:0.41333333333333333
MoleculesFromSDF:0.3233333333333333
BuilderThread:0.17666666666666667
CDKAdapterFactory:0.17666666666666667
MoleculeContentProvider:0.15666666666666668
