SpectrumResource:0.5166666666666667
SpectrumMetadataView:0.22666666666666666
ContinuousSpectrumView:0.2188888888888889
JCampLabelProvider:0.20944444444444443
PeakSpectrumView:0.19222222222222224
PeakView:0.18666666666666668
SpectrumListSelectionChangedListener:0.14666666666666667
