TreeView:0.47333333333333333
Content:0.44666666666666666
ActionRoot:0.35333333333333333
PropertyView:0.28
ReportSelector:0.22333333333333333
