Comment:0.6658333333333334
CommentQueryService:0.41
CommentMgmtService:0.28
CommentProcessor:0.20666666666666667
CommentNotifier:0.15333333333333332
