LwjglGraphics:0.3775
AndroidTexture:0.36666666666666664
AndroidGraphics:0.35
JoglGraphicsBase:0.30416666666666664
AngleGraphics:0.25
