RrPolygonList:0.59
RrPolygon:0.5233333333333333
STLSlice:0.41333333333333333
