OnmsNotificationCollection:0.38
OnmsEventCollection:0.33
EventRestService:0.3233333333333333
DateXMLAdapter:0.146
NotificationRestService:0.03666666666666667
OnmsRestService:0.03333333333333333
