QueueContainer:0.5266666666666666
XmlConfigBuilder:0.46
QueueStoreConfig:0.3566666666666667
QueueStoreWrapper:0.2833333333333333
