InternalEngine:0.6066666666666667
CustomSerialMergeScheduler:0.35333333333333333
TrackingSerialMergeScheduler:0.32666666666666666
SerialMergeSchedulerProvider:0.25333333333333335
