ServerMainModule:0.38666666666666666
ImportClientManager:0.38333333333333336
Server:0.2633333333333333
TestServer:0.21666666666666667
ScribeClientProvider:0.18666666666666668
HiveClientModule:0.11333333333333333
