FlowIterationListener:0.45
ConvolutionalIterationListener:0.38333333333333336
RegressionTest050:0.25666666666666665
RegressionTest060:0.24666666666666667
