LuceneIndexManager:0.5691666666666667
QueryResultList:0.33166666666666667
SearchPR:0.31
DefaultIndexDefinition:0.14666666666666667
