IndexShard:0.43666666666666665
InternalEngine:0.39666666666666667
GetResult:0.30666666666666664
InternalEngineTests:0.15333333333333332
ShadowEngineTests:0.12666666666666668
