GwtServerHelper:0.5083333333333333
GwtRpcService:0.48
FolderOptionsDlg:0.4666666666666667
GwtRpcServiceImpl:0.28
ManageMenuPopup:0.27666666666666667
GwtRpcServiceAsync:0.27166666666666667
