HSMCommandModule:0.36
HSMFileBasedModule:0.35333333333333333
SyncFileStatusService:0.31333333333333335
FileCopyService:0.28
TarRetrieverService:0.2733333333333333
AbstractHSMModule:0.23327777777777778
