TypeQueryBuilder:0.7166666666666667
BaseQueryTestCase:0.5938888888888889
TypeQueryParser:0.21333333333333335
