Screen:0.48333333333333334
ScreenTest:0.2643333333333333
