ForNonGenericType:0.5266666666666666
GenericTypeDescription:0.39666666666666667
AbstractTypeDescriptionTest:0.33
TypeSubstituting:0.31666666666666665
ForLoadedType:0.2921111111111111
ForParameterizedType:0.24
AbstractBase:0.23083333333333333
Visitor:0.23
ForLoadedMethod:0.22
ForDetachedTypes:0.21
ForLoadedConstructor:0.20666666666666667
OfConstructorExceptionTypes:0.07333333333333333
OfLoadedInterfaceTypes:0.07333333333333333
OfMethodExceptionTypes:0.07333333333333333
Latent:0.06666666666666667
OfLoadedType:0.05
