ClientAPIUtilities:0.6766666666666666
SliderRendererTest:0.30416666666666664
