Undecorator:0.6966666666666667
CrewEditorFX:0.46
UndecoratorController:0.4033333333333333
ScenarioConfigEditorFX:0.2633333333333333
CrewEditor:0.245
UndecoratorScene:0.20666666666666667
TabPanelSchedule:0.2
EditorController:0.0011111111111111111
