ResourceLoader:0.6033333333333334
ShadowView:0.39
DrawableResourceLoaderTest:0.3466666666666667
DrawableBuilder:0.2966666666666667
PackageResourceLoader:0.2758333333333333
XmlContext:0.25666666666666665
Xml:0.22666666666666666
RoutingResourceLoader:0.18666666666666668
DrawableResourceLoader:0.16
DrawableNode:0.09333333333333334
ImageFile:0.030873737373737373
