LuceneSessionFactory:0.6933333333333334
AbstractBinderProcessor:0.35333333333333333
BinderModule:0.28226190476190466
AdminModule:0.27615079365079365
IndexSynchronizationManager:0.27
AdminModuleImpl:0.23
BinderModuleImpl:0.18
AbstractLuceneSessionFactory:0.14444444444444446
ManageSearchIndexController:0.13
WebKeys:0.02666666666666667
