HTMLCollection:0.73
HTMLAllCollection:0.3088888888888889
HTMLAllCollectionTest:0.27666666666666667
