PersonResourceTest:0.43166666666666664
PersonResource:0.3933333333333333
ResourceTestResourceConfig:0.35
