ParcelTransactionWorker:0.5533333333333333
ParcelTransactionWorkerTest:0.39666666666666667
ExternalParcelTransactionWorker:0.36333333333333334
