ServiceSession:0.7
AccessRulesConstants:0.6566666666666666
ListServicesManagedBean:0.32666666666666666
EditServiceManagedBean:0.3175
ServiceSessionBean:0.31666666666666665
ServiceListCommand:0.15
ServiceInfoCommand:0.14666666666666667
ServiceListPropertiesCommand:0.14333333333333334
ServiceEditCommand:0.13333333333333333
ServiceListFieldsCommand:0.13333333333333333
