DMAccession:0.6266666666666667
SeqPanel:0.4083333333333333
JSEAN:0.4033333333333333
SpideyDisplayPanel:0.3466666666666667
PropertyFileRW:0.2866666666666667
RemoteURL:0.28055555555555556
AccessionPanel:0.27
FileAccessFastA:0.2644444444444445
SFParser:0.2377777777777778
ALSpideyAlign:0.22333333333333333
RemoteBlastPanel:0.22
SeanFileAccess:0.20777777777777778
RestrPanel:0.19666666666666666
PageInfo:0.18333333333333332
FileIO:0.17777777777777778
DirSettingsPanel:0.17
FileAccessChadoXML:0.16444444444444442
Convert:0.13
GeneMapXMLFileReader:0.12666666666666668
MultiTierMenu:0.11333333333333333
SeqUtil:0.04
