Robolectric:0.5333333333333333
ShadowLocalBroadcastManager:0.31
LocalBroadcastManagerTest:0.09
Wrapper:0.05333333333333334
