Permission:0.5711111111111111
AdminProcessor:0.43333333333333335
ArticleMgmtService:0.35333333333333333
ArticleProcessor:0.27
InitMgmtService:0.11333333333333333
Revision:0.06916666666666667
