IMap:0.8333333333333334
MapProxySupport:0.48333333333333334
MapProxyImpl:0.3933333333333333
BasicTest:0.23333333333333334
