XmlReportWriter:0.6133333333333333
XmlReportWriterTests:0.3433333333333333
XmlReportAssertions:0.20666666666666667
