FilterFactory2:0.6477777777777778
GeometryAttribute:0.2863095238095238
