MutableHandlerRegistryImplTest:0.6266666666666667
ServerTransportListenerImpl:0.2833333333333333
MutableHandlerRegistryImpl:0.2783333333333333
