NodeHandler:0.42833333333333334
FormSerializer:0.37666666666666665
GridNodeHandler:0.19333333333333333
TextFieldNodeHandler:0.07666666666666666
ButtonNodeHandler:0.06
LabelNodeHandler:0.06
TextAreaNodeHandler:0.03666666666666667
PasswordFieldNodeHandler:0.03666666666666667
