MonitorTab:0.56
SearchHistoryChangeListener:0.4928809523809524
SearchHistoryTableModel:0.32855555555555555
