EditorManager:0.65
ISharedEditorListener:0.4377222222222223
SharedEditorListenerDispatch:0.26
AbstractSharedEditorListener:0.22166666666666668
