LuceneConfigNumericField:0.4
LuceneConfig:0.3933333333333333
LuceneQueryBuilder:0.35333333333333333
LuceneSearcher:0.27
LuceneQueryTest:0.25666666666666665
SearchManager:0.25
LuceneIndexField:0.19666666666666666
Geonetwork:0.14
CatalogSearcher:0.11
XslUtil:0.09666666666666666
