MetadataDao:0.6533333333333333
ShardManager:0.5866666666666667
RaptorMetadata:0.30666666666666664
TestDatabaseShardManager:0.23333333333333334
DatabaseShardManager:0.22666666666666666
TestShardDao:0.19666666666666666
TestShardCleaner:0.18666666666666668
ShardStats:0.15
TestShardMetadataRecordCursor:0.13333333333333333
TestShardEjector:0.12666666666666668
TestMetadataDao:0.11666666666666667
