ClientSemaphoreTest:0.36333333333333334
ClientSemaphoreProxy:0.22666666666666666
SemaphoreTryAcquireMessageTask:0.2
SemaphoreDrainPermitsMessageTask:0.16333333333333333
SemaphoreInitMessageTask:0.16333333333333333
SemaphoreAcquireMessageTask:0.16333333333333333
SemaphoreReducePermitsMessageTask:0.16333333333333333
SemaphoreReleaseMessageTask:0.16333333333333333
SemaphoreAvailablePermitsMessageTasks:0.16333333333333333
