StepFactory:0.62
TypeChecker:0.4166666666666667
BinaryIsACustomCustomStep:0.2681111111111111
