BlobStoreRepository:0.5916666666666667
URLRepository:0.2966666666666667
FsRepository:0.29333333333333333
