CDKAtomTypeMatcherTest:0.49
CDKAtomTypeMatcher:0.3441666666666667
Convertor:0.33666666666666667
PDBAtomTest:0.31
SmilesGeneratorTest:0.27444444444444444
ChangeAtomSymbolEditTest:0.2327777777777778
EquivalentClassPartitionerTest:0.1893333333333333
ChangeEventPropagationTest:0.13666666666666666
AbstractAtomTypeTest:0.06
