ActionMapping:0.6
RestfulActionMapperTest:0.32666666666666666
Restful2ActionMapper:0.25
RestfulActionMapper:0.21666666666666667
ActionMappingParametersInteceptor:0.14
