DistributedMasterBuilder:0.5233333333333333
BuildAgentServiceImpl:0.4766666666666667
ZipUtilTest:0.35333333333333333
