ClientMultiMapProxy:0.4866666666666667
HazelcastClient:0.45666666666666667
TransactionContextImpl:0.3233333333333333
TransactionContextProxy:0.28900000000000003
ClientTxnMultiMapProxy:0.2633333333333333
HazelcastInstanceImpl:0.24333333333333335
ProxyManager:0.19533333333333333
ServiceManager:0.16199999999999998
