SelectAnalyzerTest:0.7066666666666667
InnerExpressionAnalyzer:0.4766666666666667
ExpressionAnalyzer:0.29333333333333333
RelationAnalyzer:0.27666666666666667
