BufferUtils:0.48333333333333334
ExternalExtension:0.4066666666666667
Hiero:0.39666666666666667
ExternalExtensionsDialog:0.2966666666666667
