TaskNotificationsMBean:0.517
TaskNotifications:0.47333333333333333
TaskNotificationsRunner:0.25333333333333335
TaskNotifier:0.21
NotifyingTask:0.043333333333333335
TaskNotificationsMBeanProvider:0.016666666666666666
