TimeTunnelCommand:0.4633333333333333
GaReflectUtils:0.33
SearchUtils:0.2633333333333333
GaCheckUtils:0.1742063492063492
GaDetailUtils:0.13333333333333333
WatchCommand:0.1
