Pool:0.41
ScrollPane:0.3566666666666667
GestureDetector:0.2866666666666667
Vector3:0.27666666666666667
TextField:0.18355555555555556
DecalBatch:0.18333333333333332
CameraGroupStrategy:0.18333333333333332
Camera:0.14
Pools:0.11333333333333333
TextFieldStyle:0.062380952380952384
