ObjectViewTopComponent:0.47333333333333333
ViewScene:0.38666666666666666
ObjectNodeWidget:0.3
ObjectViewService:0.16833333333333333
PhysicalConnectionProvider:0.07333333333333333
ObjectConnectionWidget:0.04
