MultiLayerNetwork:0.69
RBM:0.37666666666666665
RBMTests:0.24666666666666667
GradientCheckTests:0.16833333333333333
