BinderModule:0.67
FolderModule:0.67
TrashHelper:0.44
ObjectKeys:0.4032222222222222
AbstractFolderModule:0.29
BinderModuleImpl:0.23666666666666666
ModifyBinderController:0.15333333333333332
ModifyEntryController:0.15
TrashEntry:0.03944444444444445
