Instant:0.32666666666666666
DateTime:0.30666666666666664
DateOnly:0.30333333333333334
TimeOnly:0.30333333333333334
TimeOnlyFieldProperty:0.28
DateTimeFieldProperty:0.28
DateOnlyFieldProperty:0.28
MutableDateOnly:0.23333333333333334
MutableTimeOnly:0.23333333333333334
MutableDateTime:0.23333333333333334
AbstractDuration:0.21666666666666667
ReadableInstant:0.1092063492063492
