RModel:0.48
LinearRegressionModel:0.41
CNNRegressionModel:0.32666666666666666
ModelLoadSaveTest:0.3
PLSRegressionModel:0.25333333333333335
LinearRegressionModelTest:0.2377777777777778
QSARRModelTests:0.22333333333333333
