MutationObserver:0.9366666666666666
MutationObserverTest:0.32666666666666666
