CachingCassandraSchemaProvider:0.5672222222222222
CassandraClientModule:0.3283333333333333
CassandraConnectorFactory:0.22333333333333333
