StringKeyedMapAdapter:0.42333333333333334
InvReplTest:0.2633333333333333
DateDao2:0.13333333333333333
PetiteHelper:0.13333333333333333
PerformanceMeasureProxyAdvice:0.12666666666666668
