TransportSQLActionTest:0.5833333333333334
MatchPredicate:0.36
DataStatementAnalyzer:0.31
InsertFromValuesAnalyzerTest:0.2633333333333333
SelectAnalyzerTest:0.19333333333333333
