Time:0.6033333333333334
PyJavaType:0.3933333333333333
RandomModule:0.18
WeakrefModule:0.17333333333333334
_newmodule:0.15
