CollectionUtils:0.52
TestFactoryTestDescriptor:0.42333333333333334
ParameterizedTestDemo:0.22666666666666666
CollectionUtilsTests:0.22
