HttpUrlTest:0.49666666666666665
HttpUrl:0.35333333333333333
Builder:0.32
