FacebookApi:0.5266666666666666
GitHubApi:0.5266666666666666
GoogleApi20:0.3933333333333333
