JtdsCallableStatement:0.6266666666666667
JtdsPreparedStatement:0.44333333333333336
JtdsStatement:0.31666666666666665
BatchTest:0.30666666666666664
ConcurrentBatchingHelper:0.09666666666666666
