Builder:0.5833333333333334
AuthenticatorUtils:0.3933333333333333
NettyRequestFactory:0.31333333333333335
AuthTimeoutTest:0.30666666666666664
