CapabilitiesFactory:0.6821111111111111
DescribeRecordFactory:0.3188888888888889
