ElementMatchers:0.5433333333333333
MethodSortMatcher:0.41833333333333333
ElementMatchersTest:0.30333333333333334
