SarosUI:0.7733333333333333
SarosView:0.7066666666666667
SoundPlayer:0.17666666666666667
