GraphicData:0.42
UconData:0.3433333333333333
GraphViewAgent:0.2966666666666667
LoopCollectionData:0.16666666666666666
SuperLoopData:0.16666666666666666
