ObjectParser:0.5033333333333333
DirectCandidateGeneratorTests:0.46
FieldParser:0.39666666666666667
GeoHashGridParserTests:0.26
