BasicAclEntry:0.8833333333333333
BasicAclEntryVoter:0.31333333333333335
BasicAclEntryAfterInvocationProvider:0.22666666666666666
BasicAclEntryAfterInvocationCollectionFilteringProvider:0.22666666666666666
AclTag:0.22
GrantedAuthorityEffectiveAclsResolver:0.17666666666666667
