CommandThread:0.6066666666666667
MainWindow:0.5266666666666666
IMatcher:0.3869761904761903
EditorController:0.3
MatchesTextArea:0.21
