UIRepeatListComponent:0.5833333333333334
ObjectComponent:0.4766666666666667
CreateExpressionPathPlaceholder:0.34
MakumbaCreateELResolver:0.18
ApplicationListener:0.17
ObjectTagHandler:0.07333333333333333
ReadExpressionPathPlaceholder:0.06333333333333334
ExpressionPathPlaceholder:0.056666666666666664
