TdsSocket:0.7166666666666667
TdsConnection:0.5766666666666667
