TelephoneNumber:0.35
Registry:0.31666666666666665
Identifiable:0.31333333333333335
PostalAddress:0.31
Classification:0.27666666666666667
Slot:0.23666666666666666
AuditableEvent:0.23333333333333334
Person:0.21
ServiceBinding:0.21
SpecificationLink:0.2
Duration:0.2
EmailAddress:0.18666666666666668
Subscription:0.18333333333333332
URI:0.17333333333333334
Organization:0.16
RegistryObject:0.16
InternationalString:0.13527777777777777
Service:0.12416666666666666
QueryExpression:0.12333333333333334
ClassificationScheme:0.12333333333333334
Notification:0.12333333333333334
LocalizedString:0.12
Value:0.11
NotifyAction:0.11
ObjectRef:0.09
ClassificationNode:0.08666666666666667
ExtrinsicObject:0.08666666666666667
VersionInfo:0.08666666666666667
ValueList:0.08527777777777777
String32:0.08277777777777778
ShortName:0.08277777777777778
String8:0.08277777777777778
String16:0.08277777777777778
URN:0.08277777777777778
FreeFormText:0.08
Language:0.08
LongName:0.08
UUID:0.07333333333333333
Sequence:0.07333333333333333
String4:0.07333333333333333
PersonName:0.06
ExternalIdentifier:0.04833333333333333
Association:0.04833333333333333
Action:0.04666666666666667
Federation:0.04
AdhocQuery:0.04
RegistryPackage:0.03861111111111111
ExternalLink:0.030833333333333334
User:0.0
