ResourceGroup:0.6766666666666666
RootResourceGroup:0.30333333333333334
TestResourceGroups:0.25
ResourceGroupManager:0.22
BenchmarkData:0.15
