DomNode:0.45666666666666667
NamedNodeMap:0.41
Document:0.4086666666666666
Node:0.38333333333333336
HTMLElement:0.38166666666666665
HtmlUnitContextFactory:0.24666666666666667
HTMLDocument:0.235
HTMLBodyElement:0.22
CSSRuleList:0.20833333333333334
HTMLInputElement:0.19333333333333333
HTMLHtmlElement:0.17666666666666667
DocumentType:0.16
HTMLButtonElement:0.15
