CollectionContainer:0.54
CollectionService:0.5266666666666666
TxCollectionItem:0.3933333333333333
CollectionItem:0.36
CollectionDataSerializerHook:0.2733333333333333
ListContainer:0.27
ListTest:0.21333333333333335
ListService:0.13000000000000003
SetService:0.13000000000000003
SetTest:0.07333333333333333
SetContainer:0.065
CollectionAddBackupOperation:0.065
