Cooking:0.5483333333333333
Crop:0.42333333333333334
Storage:0.3416666666666667
