CropImageView:0.49333333333333335
UCropActivity:0.36666666666666664
BitmapCropCallback:0.30666666666666664
BitmapCropTask:0.26
SampleActivity:0.20833333333333334
