ArchiverConductor:0.37333333333333335
ReplaySession:0.3333333333333333
Context:0.25333333333333335
ArchiveFileUtil:0.12
