MainWindow:0.86
MainWindowSingleton:0.2833333333333333
LoadTutorialAction:0.13666666666666666
Installer:0.08833333333333333
