NodeGenerator:0.5866666666666667
LocalCacheGenerator:0.38777777777777783
