DeterministicKey:0.64
DeterministicSeed:0.32666666666666666
BIP32Test:0.18666666666666668
MnemonicCodeTest:0.16
HDUtilsTest:0.16
