NettyAsyncHttpProvider:0.7633333333333333
RemoteSiteTest:0.58
AsyncProvidersBasicTest:0.23333333333333334
