Sprite:0.6366666666666667
ParticleEmitter:0.43666666666666665
AtlasSprite:0.23666666666666666
GdxImage:0.20444444444444446
TextureAtlasTest:0.14
PixmapBlendingTest:0.13666666666666666
BitmapFontFlipTest:0.12666666666666668
