MailUtil:0.6166666666666667
DataObjectFactory:0.42333333333333334
