DeleteStudyService:0.36333333333333334
IANScuService:0.26
FileSystemMgt2Bean:0.24866666666666665
