ImageProcessing:0.39
DrawingPanel:0.3738888888888889
TreeManager:0.34
HWRVisualPanel1:0.28
JImagePanel:0.22333333333333333
HWRUtil:0.11666666666666667
