MavenTestCase:0.69
IncludeProjectDependenciesComponentConfigurator:0.31666666666666665
Maven3LargeTest:0.14555555555555555
