MethodDatabase:0.7633333333333333
QuasarInstrumentor:0.5333333333333333
QuasarURLClassLoader:0.19
BlockingTest:0.16666666666666666
Transformer:0.15666666666666668
QuasarURLClassLoaderHelper:0.15333333333333332
JavaAgent:0.14
InstrumentationTask:0.09666666666666666
