PropertyPanelFactory:0.47
CommonConfiguration:0.36666666666666664
ServerXMLWidget:0.31666666666666665
ServerXMLObjectAttribute:0.2833333333333333
MessagePanelFactory:0.27
UIDefinitionHandler:0.26666666666666666
MouseEventUI:0.24833333333333332
BehaviorHelper:0.24
EditorEngine:0.24
EditorWidgetTableConstructor:0.205
EditorListener:0.18
BehaviorHelperTest:0.15333333333333332
EditingPropertyTable:0.07333333333333333
