IndexingDialog:0.61
Const:0.5244047619047619
PreviewPanel:0.30333333333333334
