AssignmentPage:0.49333333333333335
SpecMolController2D:0.3566666666666667
PeakChartCompositeMouseListener:0.30666666666666664
SpecMolDrawingComposite:0.18666666666666668
SpecMolPeackChartComposite:0.14666666666666667
AssignmentPageFocusListener:0.08666666666666667
