XACMLRequestBuilder:0.6666666666666666
XACMLResponseBuilder:0.21694444444444447
PEP:0.18
PDPClient:0.16666666666666666
PEPResponseContext:0.13666666666666666
PEPRequestContext:0.0
