CheckConsentRequiredAction:0.4
AbstractCasWebflowConfigurer:0.2966666666666667
ConsentDecision:0.25666666666666665
ConsentWebflowConfigurer:0.20111111111111113
DefaultConsentEngine:0.2
CasConsentWebflowConfiguration:0.16333333333333333
CasWebflowConstants:0.07333333333333333
ConsentEngine:0.013333333333333334
ConsentRepository:0.013333333333333334
