TreeInfo:0.63
Selector:0.5
WorkspaceTreeControl:0.31
GwtRpcServiceImpl:0.29
GwtTeamingImageBundle:0.27166666666666667
GwtRpcServiceAsync:0.22449999999999998
GwtTeamingWorkspaceTreeImageBundle:0.2081111111111111
GwtClientHelper:0.12154761904761906
Expander:0.02666666666666667
