EnterProjectNamePage:0.7516111111111111
AddContactPage:0.4252777777777778
