MakumbaDataComponent:0.6133333333333333
UIRepeatListComponent:0.5666666666666667
CreateObjectComponent:0.37666666666666665
InputValue:0.33666666666666667
DataHandler:0.335
ValueSavingPhaseListener:0.22
MakumbaApplication:0.19666666666666666
MakumbaCreateELResolver:0.195
MakumbaELResolver:0.195
Util:0.18
ObjectInputValue:0.17666666666666667
MakumbaDataHandler:0.13333333333333333
ApplicationListener:0.12666666666666668
