DashboardXmlConfigService:0.5333333333333333
TabControllerTest:0.35333333333333333
TabController:0.3466666666666667
TabbedMainPageTest:0.2733333333333333
DashboardXmlConfigServiceTest:0.04
