LSTM:0.48333333333333334
layerBuilderTest:0.3566666666666667
Builder:0.35
GravesLSTM:0.12333333333333334
RecursiveAutoEncoder:0.12333333333333334
