FeaturesConfig:0.68
StatementAnalyzer:0.5333333333333333
SystemSessionProperties:0.2866666666666667
TestFeaturesConfig:0.24666666666666667
