Disseminator:0.5466666666666666
Datastream:0.5333333333333333
DefaultManagement:0.29
TypeUtility:0.27
METSLikeDODeserializer:0.24666666666666667
DOTranslationUtility:0.24
FOXMLDODeserializer:0.24
FOXMLDOSerializer:0.20666666666666667
