Preferences:0.5233333333333333
ISpherePlugin:0.43888888888888894
Messages:0.43305555555555564
ViewSearchResults:0.38666666666666666
SearchResultViewer:0.22666666666666666
ISphereSearch:0.05333333333333334
DisableEditAction:0.043333333333333335
