MultiResult:0.45666666666666667
GetterFactory:0.2977777777777778
DefaultPortableReaderSpecTest:0.26
PortablePositionNavigator:0.24
AggregatorsSpecTest:0.23
GetterFactoryTest:0.23
Person:0.22
AbstractMultiValueGetter:0.20666666666666667
Wheel:0.2063968253968254
DefaultPortableReader:0.19333333333333333
ExtractionInCollectionSpecTest:0.155
ReflectionHelper:0.12333333333333334
AbstractAggregator:0.12333333333333334
PersonAny:0.08333333333333333
AggregatorsTest:0.07
ComplexTestDataStructure:0.055
Car:0.05333333333333334
TestAggregator:0.02
