Create:0.68
IndexRequest:0.59
TransportIndexAction:0.24666666666666667
TransportShardBulkAction:0.24666666666666667
InternalEngine:0.24333333333333335
SingleThreadBulkStress:0.16333333333333333
