SelectStatementAnalyzerTest:0.5433333333333333
Columns:0.31316666666666665
InformationSchemaTest:0.30333333333333334
SysJobsTableInfo:0.20333333333333334
SysJobsTest:0.14666666666666667
