JPPFDriver:0.36
PeerDiscoveryThread:0.34
JPPFNode:0.30666666666666664
JPPFClassLoader:0.2966666666666667
Receiver:0.25666666666666665
NodeRunner:0.23
PeerNode:0.18666666666666668
JPPFBroadcaster:0.06
JPPFNodeReconnectionNotification:0.04666666666666667
