WebSocket:0.7233333333333334
ApplicationConfig:0.5040555555555557
DefaultWebSocketProcessor:0.2966666666666667
SimpleHttpProtocol:0.2611111111111111
StreamingHttpProtocol:0.23583333333333334
ProtocolUtil:0.10666666666666667
