CubicSplineInterpolation:0.54
CubicSplineInterpolationTest:0.3
CubicSplineInterpolationImpl:0.21
InterpolationTestBase:0.20666666666666667
FlatForwardInterpolationTest:0.17666666666666667
BackwardInterpolationTest:0.17666666666666667
