TedSerie:0.4866666666666667
SeasonEpisode:0.4666666666666667
TedDailySerie:0.25833333333333336
TedParser:0.20166666666666666
ScheduleParser:0.13333333333333333
