ModificationSet:0.8133333333333334
ModificationSetTest:0.2966666666666667
