NettyClientTransport:0.3933333333333333
NettyClientTransportTest:0.32666666666666666
NettyServer:0.3233333333333333
NettyChannelBuilder:0.285
NettyServerBuilder:0.22
NettyTransportFactory:0.14333333333333334
NettyServerTest:0.13333333333333333
