Date:0.8166666666666667
Calendar:0.6730555555555556
DefaultDate:0.41333333333333333
Schedule:0.23333333333333334
CommonVars:0.011111111111111112
