ConfiguredClass:0.6266666666666667
ConfiguredClassHierarchy:0.36083333333333334
ConfiguredClassHierarchyBuilderTest:0.16333333333333333
ConfiguredClassHierarchyBuilder:0.16333333333333333
JPADotNames:0.12883333333333333
HibernateDotNames:0.0
