ForkJoinPool:0.6833333333333333
CompletableFuture:0.47
StampedLock:0.31333333333333335
