AsyncHttpClientConfig:0.5766666666666667
Builder:0.36
AsyncHttpClientConfigBean:0.33
AsyncHttpClientConfigDefaults:0.32666666666666666
Channels:0.23333333333333334
GrizzlyFeedableBodyGeneratorTest:0.22333333333333333
GrizzlyAsyncHttpProvider:0.21
SslUtils:0.18333333333333332
MiscUtil:0.17333333333333334
HttpToHttpsRedirectTest:0.17
ProxyTunnellingTest:0.11333333333333333
LooseTrustManager:0.06583333333333333
