TaskRunner:0.5755555555555555
ExecHealthChecker:0.5066666666666667
ExecHealthCheckerTest:0.25666666666666665
