GateFormatXmlDocumentHandler:0.6797222222222223
TestXml:0.5462222222222223
