ParserVisitor:0.6766666666666666
Parser:0.5133333333333333
SimpleNode:0.3566666666666667
ParseException:0.32666666666666666
JJTParserState:0.19555555555555557
ParserTokenManager:0.19
JEP:0.15333333333333332
ASTFunNode:0.13
PostfixMathCommand:0.12
Token:0.11333333333333333
ASCII_CharStream:0.10666666666666667
MetaCADParser:0.08
DoubleStack:0.07
IntegerStack:0.058333333333333334
SimpleNodeStack:0.051666666666666666
ParserTreeConstants:0.04666666666666667
ExpressionOptimizer:0.043333333333333335
Tests:0.0425
MetaCADEvaluatorEngine:0.036111111111111115
ASTVarNode:0.02666666666666667
TokenMgrError:0.02666666666666667
ASTConstant:0.02
CSGHelper:0.0033333333333333335
ParserConstants:0.0
