Value:0.5666666666666667
Variable:0.39666666666666667
OOITBuilder:0.36333333333333334
ValueImpl:0.22333333333333333
RunProcess:0.22166666666666668
CommMessage:0.22
GlobalVariablePath:0.19666666666666666
ValueLink:0.18333333333333332
HTTPProtocol:0.18
ValueVector:0.16333333333333333
ProductExpression:0.16333333333333333
SumExpression:0.16333333333333333
State:0.16
SOAPProtocol:0.16
SODEPProtocol:0.15444444444444444
ValueVectorImpl:0.13
HTTPParser:0.11833333333333333
MakePointerProcess:0.04
