ExceptionHandler:0.5633333333333334
TryCatchBlock:0.5466666666666666
TestTryCatch:0.31
ModVisitor:0.23
