AppliConfiguration:0.3333333333333333
UAScriptManager:0.30083333333333334
JSScriptPanel:0.28
XULPanel:0.28
ARINCSettings:0.2733333333333333
ServerConfigurationParser:0.26
ConfigParser:0.23666666666666666
ARINC661App:0.23666666666666666
ScriptConfigurationHandler:0.23166666666666666
UIDefinitionHandler:0.22
ConfigCockpitAction:0.21333333333333335
ARINCCSSParser:0.20833333333333334
PluginScriptPanel:0.19666666666666666
CSSPropertiesParser:0.19416666666666665
SavePPTAction:0.16333333333333333
BinaryDFParser:0.16333333333333333
PicturesParser:0.13
ImagesParser:0.13
UIDefinitionParser:0.12333333333333334
ARINCStarterWrapper:0.11
WidgetDefaultsParser:0.11
ConverterRulesParser:0.10666666666666667
ConfigurationLoader:0.10333333333333333
