Subject:0.4533333333333333
Permission:0.3516666666666667
Scope:0.325
