HardTokenProfile:0.5333333333333333
SwedishEIDProfile:0.3433333333333333
EnhancedEIDProfile:0.3333333333333333
HardTokenInterfaceBean:0.29
EditHardTokenProfileJSPHelper:0.23
