CalculateTruthTest:0.39666666666666667
Interpreter:0.36666666666666664
Function:0.3
FunctionVariable:0.2633333333333333
Model:0.18
