JPPFClientConnectionImpl:0.35
JPPFDriverAdmin:0.3433333333333333
StatsHandler:0.3333333333333333
JPPFClient:0.29333333333333333
JPPFTaskBundle:0.25666666666666665
JMXDriverConnectionWrapper:0.24
JPPFMulticastReceiverThread:0.16444444444444445
JPPFDriverAdminMBean:0.15333333333333332
