Node:0.9233333333333333
SimpleNode:0.38666666666666666
Tag:0.37666666666666665
