InputValue:0.66
ExpressionPathPlaceholder:0.26666666666666666
CreateExpressionPathPlaceholder:0.19666666666666666
MakumbaCreateELResolver:0.02666666666666667
ValueSavingPhaseListener:0.02666666666666667
MakumbaELResolver:0.006666666666666667
MakumbaFunctions:0.0
ReadExpressionPathPlaceholder:0.0
