CommunicationsStub:0.6133333333333333
SpecialRelationshipsTopComponent:0.24777777777777782
LabelChildren:0.22333333333333333
LabelNode:0.17666666666666667
SpecialObjectNode:0.16
SpecialRelatedObjectNode:0.15666666666666668
GeneralPurposeDeletePhysicalConnection:0.056666666666666664
DeletePhysicalConnection:0.023333333333333334
