HazelcastClientMapTest:0.779388888888889
AsyncClientCall:0.3722222222222222
