ComputationGraphConfiguration:0.66
TestComputationGraphNetwork:0.25333333333333335
TestRenders:0.21833333333333332
GradientCheckTestsComputationGraph:0.21
ComputationGraphUpdater:0.19666666666666666
