Shortcut:0.5033333333333333
InstallShortcuts:0.4266666666666667
PropertyTableWidget:0.39666666666666667
ShortcutGenerator:0.2104444444444444
ValueSG:0.15333333333333332
NameSG:0.04777777777777777
DateSG:0.01
