InsertQuery:0.7977777777777778
InsertImpl:0.48333333333333334
InsertQueryImpl:0.4716666666666667
