DSL:0.8566666666666667
jOOQAbstractTest:0.39
FunctionTests:0.37166666666666665
