WebClient:0.7266666666666667
ScriptEngine:0.45555555555555555
WebWindowImpl:0.3
JavaScriptEngine:0.25666666666666665
CountingJavaScriptEngine:0.17666666666666667
