Codd:0.6833333333333333
EulerRunner:0.44666666666666666
