ArrayBufferViewBase:0.7566666666666667
ArrayBufferView:0.4888888888888889
DataView:0.44
DataViewTest:0.006666666666666667
