IndicesRequestIT:0.4533333333333333
TransportTwoNodesSearchIT:0.26666666666666666
DuelScrollIT:0.265
TransportSearchHelper:0.19
TransportSearchAction:0.14666666666666667
RestSearchAction:0.14666666666666667
