Engine:0.7733333333333333
EngineConfig:0.5166666666666667
RenderDirective:0.31777777777777777
Include:0.21777777777777782
