PropertyForeignXRef:0.36666666666666664
CreateRelationship:0.25666666666666665
PropertyXRef:0.25333333333333335
XRefBy:0.23
EditViewFactory:0.16
Relationship:0.13
PropertyAssociation:0.12666666666666668
PropertyHusband:0.12333333333333334
PropertySubmitter:0.12333333333333334
PropertyWife:0.12333333333333334
PropertyNote:0.12333333333333334
PropertyChild:0.12333333333333334
PropertySource:0.12333333333333334
PropertyFamilyChild:0.12333333333333334
PropertyMedia:0.12333333333333334
PropertyRepository:0.12333333333333334
ChildOf:0.1
ParentOf:0.1
SpouseOf:0.1
ParentIn:0.1
SiblingOf:0.1
ChildIn:0.1
PropertyFamilySpouse:0.0911111111111111
