PollerTest:0.6216666666666667
OnmsDao:0.33916666666666667
AbstractDaoHibernate:0.23333333333333334
SingleDemandPollStore:0.23
