TypedFile:0.4066666666666667
TypedFileTest:0.26
JsonTypedBytes:0.2327777777777778
TypedBytesEntity:0.18333333333333332
TypedByteArrayTest:0.16
MimeType:0.16
TypedBytesBody:0.13
GsonConverter:0.03666666666666667
