AbstractLayouter:0.6608333333333334
Gossips:0.42333333333333334
RefreshListener:0.18
