AbstractJaxbMarshaller:0.6311111111111112
Jaxb2Marshaller:0.53
Jaxb1Marshaller:0.2633333333333333
