FuncTreeResult:0.4866666666666667
MICTreeResult:0.4866666666666667
CramerTreeResult:0.42333333333333334
