JdbcMutableAclService:0.37333333333333335
ProcessResultSet:0.35733333333333334
AclAuthorizationStrategyImpl:0.21666666666666667
BasicLookupStrategy:0.16833333333333333
BasicLookupStrategyTests:0.1
JdbcMutableAclServiceTests:0.09333333333333334
CustomJdbcMutableAclService:0.06666666666666667
