ConvolutionInputPreProcessor:0.5891666666666666
ConvolutionOutputPostProcessor:0.5533333333333333
CNNProcessorTest:0.26666666666666666
ProcessorTest:0.13666666666666666
