Reflector:0.5821111111111111
Reflector_Test:0.41
TestClass:0.12166666666666667
