RemoveUserOperation:0.443
DB:0.42333333333333334
FindUserOperation:0.29777777777777775
UserOperationTest:0.18
