JSONObject:0.6733333333333333
JSONArray:0.47
XMLTokener:0.36444444444444446
JSONException:0.36333333333333334
JSONTokener:0.33
XML:0.24333333333333335
JSONWriter:0.205
HTTPTokener:0.16333333333333333
CDL:0.13
JSONML:0.09666666666666666
Cookie:0.08333333333333333
HTTP:0.07333333333333333
CookieList:0.055
