ExpressionCompiler:0.56
Visitor:0.35
FunctionAssertions:0.31666666666666665
CacheKey:0.25
TestPageProcessorCompiler:0.24
BenchmarkPageProcessor:0.1272222222222222
BenchmarkData:0.12
