CorefEditor:0.4166666666666667
CorefTreeNode:0.39666666666666667
CorefTreeCellRenderer:0.13
NewCorefAction:0.07333333333333333
CorefTreeMouseListener:0.03666666666666667
TextPaneMouseListener:0.013333333333333334
ChainToolTipAction:0.008333333333333333
