Frontier:0.57
CrawlOrder:0.4633333333333333
CrawlController:0.2866666666666667
ToeThread:0.22333333333333333
