XHRPollingTransport:0.53
AuthorizeHandler:0.45666666666666667
SocketIOChannelInitializer:0.29
WebSocketTransport:0.25666666666666665
