Protocol:0.6566666666666666
SocketProtocolReader:0.27666666666666667
ProtocolTest:0.24333333333333335
MapTest:0.19333333333333333
