GwtTeamingMessages:0.32666666666666666
FolderViewBase:0.2833333333333333
EventHelper:0.26066666666666666
CalendarFolderView:0.24333333333333335
GwtRpcServiceImpl:0.24
GwtViewHelper:0.21666666666666667
GwtServerHelper:0.21066666666666667
CalendarDisplayDataRpcResponseData:0.09333333333333334
CalendarShowFolderAllEvent:0.08333333333333333
CalendarShowFolderByActivityEvent:0.08333333333333333
CalendarShowFolderByCreationEvent:0.08333333333333333
CalendarShowAssignedEvent:0.08333333333333333
GetCalendarDisplayDataCmd:0.07333333333333333
