Address:0.7866666666666666
ClientAbstractIOSelector:0.5466666666666666
