Jedis:0.72
Client:0.5333333333333333
Connection:0.31333333333333335
PersistenceControlCommandsTest:0.18
