NioTransport:0.615
AbstractNioChannel:0.5366666666666666
ConnectFuture:0.4066666666666667
