Constants:0.8566666666666667
ServiceConfig:0.22666666666666666
TransportCodec:0.22333333333333333
ExchangeCodec:0.21333333333333335
DubboCodec:0.19666666666666666
RpcContext:0.16333333333333333
ProtocolConfig:0.15666666666666668
DecodeableRpcInvocation:0.14
DubboProtocol:0.13333333333333333
DecodeableRpcResult:0.09
JettyHttpServer:0.09
