DefinitionService:0.6933333333333334
JbpmDefinitionLogic:0.42333333333333334
JbpmDefinitionServiceBean:0.39666666666666667
DefinitionServiceDelegateLocalImpl:0.30333333333333334
DefinitionServiceDelegateRemoteImpl:0.30333333333333334
DefinitionServiceDelegate:0.3000833333333333
RedeployProcessDefinitionAction:0.29
