FreeMarkerDispatcher:0.6077777777777778
VelocityDispatcher:0.5166666666666667
