Item:0.5333333333333333
MoreLikeThisQuery:0.36333333333333334
XMoreLikeThis:0.35
Fields:0.2911111111111111
MoreLikeThisQueryParser:0.26
MoreLikeThisQueryBuilder:0.25
MultiTermVectorsRequest:0.20666666666666667
MockMoreLikeThisFetchService:0.12
MoreLikeThisFetchService:0.08333333333333333
MoreLikeThisActionTests:0.056666666666666664
