JnetManager:0.6433333333333333
GraphJdbc:0.4766666666666667
NbrowseJdbcAdapter:0.37333333333333335
