MessageSecurityMetadataSourceRegistry:0.4166666666666667
SimpDestinationMessageMatcher:0.32
MessageSecurityMetadataSourceRegistryTests:0.25333333333333335
Constraint:0.24333333333333335
PathMatcherMessageMatcherBuilder:0.155
SimpDestinationMessageMatcherTests:0.09666666666666666
