ApplicationEntityManager:0.7633333333333333
WebserviceBeanRemote:0.3466666666666667
Util:0.31333333333333335
WebserviceBean:0.28
ApplicationEntityManagerImpl:0.25666666666666665
KuwaibaService:0.20666666666666667
