ShardsAllocators:0.6591666666666667
ESAllocationTestCase:0.43333333333333335
ClusterRebalanceRoutingTests:0.12666666666666668
