Formatter:0.3138888888888889
SortItem:0.2966666666666667
AstVisitor:0.29333333333333333
ExpressionFormatter:0.2833333333333333
QueryPlanner:0.21666666666666667
ExpressionTreeRewriter:0.19944444444444442
AliasedRelation:0.19944444444444442
