LBracketOpt:0.31
RBracketOpt:0.31
El2Test:0.25
SimpleSpeedTest:0.24666666666666667
AndOpt:0.21333333333333335
OrOpt:0.21333333333333335
NotOpt:0.19666666666666666
QuestionOpt:0.17444444444444446
AbstractPathView:0.16333333333333333
ElFieldMacro:0.15083333333333335
QuestionSelectOpt:0.1475
StringParse:0.13
AbstractOpt:0.13
Converter:0.10666666666666667
Trim:0.09
ValParse:0.09
OptParse:0.07666666666666666
