GwtViewHelper:0.36666666666666664
GwtMenuHelper:0.32666666666666666
EntryMenuPanel:0.31
FolderColumn:0.27666666666666667
MainMenuControl:0.2063888888888889
FolderRowAsyncProvider:0.12
