Chunk:0.73
ArscTable:0.33666666666666667
ArscTableTest:0.25333333333333335
TableChunk:0.22333333333333333
