HiveMetadata:0.76
HiveOutputTableHandle:0.43638888888888894
HiveTableProperties:0.23666666666666666
