HTMLSelectElement:0.5533333333333333
HTMLTextAreaElement:0.3333333333333333
FormField:0.32
