X_C_Payment:0.8533333333333334
CalloutPayment:0.26666666666666666
