ElementMatchers:0.7266666666666667
ModifierMatcherTest:0.35333333333333333
ElementMatchersTest:0.17666666666666667
