ClientInvocation:0.6966666666666667
ProxyManager:0.29877777777777775
