Codd:0.65
Euler:0.49333333333333335
Process:0.21611111111111114
ProcessErr:0.15333333333333332
