Exporter:0.29333333333333333
Import:0.26
Visitor:0.23
MainPanel:0.20666666666666667
Export:0.18333333333333332
MEFVisitor:0.15333333333333332
MEFLib:0.14333333333333334
