InnerExpressionAnalyzer:0.4266666666666667
CollectionType:0.39866666666666667
CastFunctionResolver:0.27011111111111114
ExpressionAnalyzerTest:0.25
ArrayType:0.245
SingleColumnTableType:0.245
SetType:0.13666666666666666
