NewResourceIndexImpl:0.5371111111111111
NewResourceIndex:0.24333333333333335
