CSSStyleSheet:0.6833333333333333
StyleSheetList:0.25333333333333335
MediaQueryList:0.16333333333333333
StyleMedia:0.16
