SystemProperties:0.4033333333333333
DefaultMatching:0.33
Property:0.30333333333333334
NodeRecord:0.23666666666666666
SPORule:0.23083333333333333
GraphGrammar:0.2305555555555555
RegExprMorphism:0.23
DefaultMatcher:0.20333333333333334
SPOEvent:0.19166666666666668
DefaultGraphCondition:0.19
EdgeSearchItem:0.13666666666666666
RegExprMatcher:0.13
True:0.07666666666666666
MatchingMatcher:0.07
IsBoolean:0.0033333333333333335
