BaseCaAdminCommand:0.52
CaInitCommand:0.5166666666666667
CaImportCACertCommand:0.5066666666666667
