Builder:0.5708333333333332
ProxyUtils:0.495
ProxyTest:0.26666666666666666
