DriverConnection:0.5766666666666667
Receiver:0.3383333333333333
ReceiveChannelEndpoint:0.19833333333333333
