MetaClass:0.51
MapWrapper:0.38333333333333336
BeanWrapper:0.33
PropertyCopier:0.07444444444444445
