SearchAndReplace:0.44
SearchDialog:0.2572222222222222
SearchMatcher:0.25333333333333335
HyperSearchOperationNode:0.16666666666666666
BoyerMooreSearchMatcher:0.14
PatternSearchMatcher:0.12666666666666668
HyperSearchRequest:0.1
Match:0.09
