BinderModuleImpl:0.45
WebKeys:0.32255555555555554
AddFolderController:0.2966666666666667
AccessControlController:0.23333333333333334
