HTMLElement:0.49666666666666665
ComputedCSSStyleDeclaration:0.41
HTMLOptionElement:0.285
HTMLCollection:0.26666666666666666
HTMLCanvasElement:0.245
HTMLDocument:0.24
CSSRuleList:0.2
HTMLOptionsCollection:0.17
