Chunk:0.6233333333333333
JEditTextArea:0.47
SoftWrapTokenHandler:0.16333333333333333
DisplayTokenHandler:0.16333333333333333
