SimpleStepExecutor:0.6877777777777778
DefaultStepExecutor:0.22142857142857145
