FilterFactory:0.31333333333333335
ScalarCapabilities:0.2457777777777778
IdCapabilities:0.1446111111111111
ComparisonOperators:0.06333333333333334
ArithmeticOperators:0.06333333333333334
