GetResponse:0.53
UpdateResponseTests:0.31333333333333335
GetResponseTests:0.2633333333333333
BulkItemResponseTests:0.2
IndexResponseTests:0.15
DeleteResponseTests:0.13333333333333333
