Project:0.66
Log:0.4033333333333333
ProjectTest:0.29333333333333333
LogTest:0.15333333333333332
