DBCursor:0.5
FindModel:0.49
MongoView:0.31466666666666665
MongoCollectionView:0.29333333333333333
NewMongoCollectionImpl:0.22666666666666666
