HibernateBundle:0.52
MockResource:0.44095634920634924
UnitOfWorkApplicationListener:0.32666666666666666
UnitOfWorkEventListener:0.22666666666666666
JerseyIntegrationTest:0.22333333333333333
UnitOfWorkApplicationListenerTest:0.19
HibernateBundleTest:0.18666666666666668
