Job:0.56
MapKeyValueSourceAdapter:0.29
MappingJob:0.2773174603174603
AbstractJob:0.26666666666666666
KeyValueSource:0.25666666666666665
MappingJobImpl:0.24333333333333335
StartProcessingJobOperation:0.10333333333333333
MappingPhase:0.08444444444444445
KeyValueSourceMappingPhase:0.03666666666666667
