Dbms:0.7202777777777777
Spatial:0.3188888888888889
ApacheDBCPool:0.23333333333333334
