GeneratorStrategyWrapper:0.48
JavaGenerator:0.4266666666666667
GenerationUtil:0.355
DefaultGeneratorStrategy:0.32666666666666666
AbstractGenerator:0.31666666666666665
