AbstractFlowBuilder:0.6566666666666666
FlowExecutionTests:0.21666666666666667
