PrefabGraph:0.5466666666666666
SnmpCollector:0.4633333333333333
RRDDataSource:0.39
RRDGraphServlet:0.18
