MatchQuery:0.8440873015873016
MatchQueryBuilder:0.4422222222222222
