IncomingInvitationProcess:0.7244444444444443
OutgoingInvitationProcess:0.41972222222222216
