ExtensionContext:0.7622222222222222
ExecutionEventRecorder:0.34
MyReportingTestCase:0.30666666666666664
ExecutionEvent:0.2966666666666667
ExtensionContextTests:0.22666666666666666
TestExecutionListener:0.21661111111111112
EngineExecutionListener:0.18722222222222223
AbstractExtensionContext:0.15333333333333332
ExecutionListenerAdapter:0.15333333333333332
TestReporter:0.1162777777777778
