CentralAuthenticationService:0.5966666666666667
ServiceTicket:0.49333333333333335
CentralAuthenticationServiceImpl:0.36
CentralAuthenticationServiceImplTests:0.29333333333333333
CentralAuthenticationServiceImplWithMockitoTests:0.23333333333333334
ProxyGrantingTicket:0.23
AbstractServiceValidateController:0.18666666666666668
TicketGrantingTicketImpl:0.17666666666666667
ProxyController:0.1627777777777778
ProxyControllerTests:0.14
ProxyGrantingTicketImpl:0.07
