SharedLibraryLoader:0.645
OisWrapper:0.18333333333333332
DesktopControllersBuild:0.18
DesktopControllers:0.11333333333333333
