GraphicFactory:0.75
Model3DProvider:0.6866666666666666
Model3DManager:0.5738888888888889
ServerExtensionLoader:0.4
AbstractMapItem:0.38333333333333336
ServerXMLSymbolsHandler:0.34
DefaultMapSourceContext:0.27666666666666667
MapItemsUIHandler:0.26
ServerMapItem:0.24
AbstractProjectedMap3DItem:0.22333333333333333
AbstractServerEngine:0.22333333333333333
MapItemBinding:0.20333333333333334
RangeSymbols3D:0.20333333333333334
DefaultServerXMLDFHandler:0.2
ProjectionFactory:0.18694444444444444
MapSymbol3D:0.17666666666666667
ItemEventHandler:0.11
ServerMap3DProjection:0.11
ItemSynchronization:0.10666666666666667
MapItemModel3D:0.09333333333333334
Graphic3DFactory:0.08866666666666667
ProjectedMap3DItem:0.05333333333333334
