MultiByteReplayCharSequence:0.7365555555555555
ByteReplayCharSequence:0.41766666666666663
