ZoomModule:0.5383333333333333
HighlightModule:0.5116666666666667
ControllerHub:0.48333333333333334
