Repository:0.31333333333333335
GitRepository:0.31
RepositoryInfo:0.27
SCCSRepository:0.265
MercurialRepository:0.25
AccuRevRepository:0.22
MonotoneRepository:0.22
BazaarRepository:0.22
ClearCaseRepository:0.22
CVSRepository:0.22
SSCMRepository:0.19
SubversionRepository:0.185
RazorRepository:0.18333333333333332
GitRepositoryTest:0.13666666666666666
