ClientMapNearCacheTest:0.44666666666666666
NearCacheImpl:0.43666666666666665
ClientHeapNearCache:0.36666666666666664
MapContainer:0.2833333333333333
