Service:0.4866666666666667
Spark:0.36666666666666664
ServiceTest:0.2833333333333333
EmbeddedJettyServer:0.15333333333333332
EmbeddedServer:0.05
