DebugASTPrinter:0.5033333333333333
ObjectiveCHeaderGenerator:0.4766666666666667
ObjectiveCSourceFileGenerator:0.2966666666666667
ObjectiveCHeaderGeneratorTest:0.19
