Members:0.48
Compiler:0.45
Package:0.38666666666666666
CompilerBase:0.38333333333333336
PatternBuilder:0.37666666666666665
PatternData:0.35
Place:0.3233333333333333
CompositeData:0.30666666666666664
Local:0.29333333333333333
ArgumentTransformations:0.22333333333333333
TypeScope:0.22
Resolver:0.21333333333333335
CompilationUnitScope:0.21333333333333335
Mapping:0.20666666666666667
TypeImportOnDemand:0.20111111111111113
EPImplicit:0.19666666666666666
SimplePatternData:0.19
TraversalData:0.16666666666666666
SingleTypeImport:0.15333333333333332
GetQuery:0.13
MEPImplicit:0.12333333333333334
Component:0.06
