TreeDisplayVertical:0.5133333333333333
GwtTeamingMessages:0.47
GwtTeamingWorkspaceTreeImageBundle:0.37333333333333335
