Tools:0.67
ToolsBeanRemote:0.6349166666666668
ToolsBean:0.35333333333333333
