Query:0.6266666666666667
QueryModel:0.47333333333333333
Model:0.32666666666666666
ModelGenerator:0.32
QueryUtilsTest:0.23666666666666666
SqlQueryModel:0.16
CmisQueryModel:0.05111111111111111
