AbstractAmazonDirectConnect:0.37333333333333335
AbstractAmazonDirectConnectAsync:0.3233333333333333
AmazonDirectConnect:0.19416666666666665
AmazonDirectConnectAsync:0.19416666666666665
AmazonDirectConnectClient:0.13333333333333333
AmazonDirectConnectAsyncClient:0.11
