SystemProperties:0.7
UserSettings:0.29333333333333333
GrooveFileView:0.22666666666666666
TransitionSet:0.18333333333333332
