MathUtils:0.63
Quaternion:0.49333333333333335
Chart:0.38333333333333336
Renderable:0.36666666666666664
