UserTable:0.44333333333333336
ObsoleteGene:0.32
UnobsoleteGene:0.30666666666666664
TermTable:0.27666666666666667
ArticleTable:0.16666666666666666
