DataChartUtilities:0.8766666666666667
OverViewDataChart:0.30666666666666664
TrendAnalysisChartStyle:0.23666666666666666
TimeAnalysisViewChart:0.20666666666666667
TrendAnalysisBouncesTrendChart:0.06666666666666667
TrendAnalysisPIRecordTrendChart:0.06666666666666667
TrendAnalysisVisitTrendChart:0.06666666666666667
