Command:0.6033333333333334
ConfiguredCommand:0.32
ServerCommand:0.30333333333333334
SayCommand:0.20666666666666667
ManagedCommand:0.15
