ResourceDecoder:0.661611111111111
ClassNode:0.41
ResourcesLoader:0.32
IntegrationTest:0.2866666666666667
ResTableParser:0.21333333333333335
RootNode:0.20666666666666667
JadxDecompiler:0.20666666666666667
ResourceFile:0.2
FieldNode:0.17333333333333334
ResourceStorage:0.08944444444444444
