TpchMetadata:0.37333333333333335
TpchSplit:0.3466666666666667
TpchRecordSet:0.26
RowNumberTpchColumn:0.2227777777777778
TpchRecordCursor:0.13666666666666666
TpchConnectorFactory:0.13
TpchTableLayoutHandle:0.09666666666666666
TpchRecordSetProvider:0.06
TpchSplitManager:0.056666666666666664
