Title:0.35
LookAndFeelSettings:0.31666666666666665
Advanced:0.26133333333333336
LockButton:0.14666666666666667
ToggleIconButton:0.14333333333333334
StaticRedoAction:0.14
ToggleTodoIconButton:0.14
ToggleStarIconButton:0.14
StaticUndoAction:0.14
StaticAction:0.11333333333333333
