LocalTime:0.4066666666666667
Property:0.37
LocalDate:0.3466666666666667
TestLocalTime_Constructors:0.31333333333333335
TestLocalDate_Constructors:0.2966666666666667
TestLocalDate_Basics:0.29
TestLocalTime_Properties:0.2866666666666667
TestLocalTime_Basics:0.19555555555555557
