Set:0.5666666666666667
Map:0.46
WeakMap:0.24333333333333335
WeakSet:0.06
MapTest:0.04666666666666667
SetTest:0.04666666666666667
WeakMapTest:0.010555555555555556
WeakSetTest:0.01
