ReceiveChannelEndpoint:0.37333333333333335
UdpChannelTransport:0.36333333333333334
SendChannelEndpoint:0.3466666666666667
EventConfigurationTest:0.27666666666666667
DebugReceiveChannelEndpoint:0.013333333333333334
DebugSendChannelEndpoint:0.013333333333333334
