FrameworkMethod:0.5316666666666666
FrameworkField:0.4766666666666667
ParameterizedAssertionError:0.29333333333333333
FrameworkMember:0.28
