DateUtils:0.56
BaseForm:0.43333333333333335
CheckOneDayBehaviour:0.34
SimpleDateTimeField:0.2966666666666667
