Scope:0.47
Role:0.3933333333333333
Domain:0.36333333333333334
ImageGenerator:0.2833333333333333
Credentials:0.23666666666666666
