HeaderFlyweight:0.6372222222222222
AdminThread:0.38333333333333336
HeaderFlyweightTest:0.24303174603174607
