MatrixUtil:0.7933333333333333
BaseNeuralNetwork:0.35
AdaGrad:0.26666666666666666
GaussianRectifiedLinearRBM:0.18333333333333332
LFWRBMExample:0.13666666666666666
