Delegate:0.53
MacOSPlugin:0.4633333333333333
MacOSActions:0.17666666666666667
ScriptRunner:0.13333333333333333
NewViewAction:0.11111111111111109
