Grammar:0.48333333333333334
Action:0.3466666666666667
RuleFunction:0.23
ParserFile:0.18333333333333332
OutputModelWalker:0.15666666666666668
