Table:0.69
Entity:0.37333333333333335
ModelGenerator:0.36666666666666664
CommonUtils:0.33666666666666667
AbstractConfiguration:0.245
OpenXavaUtils:0.20333333333333334
AbstractGenerator:0.16083333333333333
TableAbstract:0.14333333333333334
Action:0.09333333333333334
