DocumentManager:0.68
DocumentModifier:0.28
BoxFactory:0.215
LayoutFrame:0.21333333333333335
ImportImageAction:0.03333333333333333
