HopParser:0.37333333333333335
CompilerServiceImpl:0.2833333333333333
Descriptor:0.28
HopSymbolTableWalker:0.27
DFA27:0.21666666666666667
SymbolTable:0.20666666666666667
DFA7:0.18
LocationDescriptor:0.15666666666666668
HopVirtualMachine:0.14666666666666667
HopFile:0.1
FileDescriptor:0.1
HopParserAPI:0.08
