Node:0.4266666666666667
Token:0.38472222222222224
Eval:0.33
JnetViewer:0.27166666666666667
ModelLoader:0.26
StepButtonMouseListener:0.24666666666666667
JNetScript:0.22666666666666666
