ReportForYEd:0.59
Gender:0.29333333333333333
Images:0.18666666666666668
