ChronicleMap:0.7233333333333334
VanillaChronicleMap:0.43333333333333335
CHMUseCasesTest:0.4166666666666667
ReplicationCheckingMap:0.37
SingleCloseMap:0.3233333333333333
XStreamHelper:0.2277777777777778
XStreamConverter:0.16777777777777778
StatelessChronicleMap:0.16333333333333333
SerializerTest:0.06111111111111111
