BioResourceView:0.8372222222222222
NewFileWizard:0.2966666666666667
