GenericProcessLauncher:0.44666666666666666
Setup1D1N1C:0.3333333333333333
Setup1D1N:0.30333333333333334
TestJPPFJobSLA:0.2966666666666667
SimpleTask:0.16666666666666666
TestJPPFClient:0.06
