CollectionsListModel:0.5833333333333334
FilterLibraryDialog:0.43333333333333335
LibraryTab:0.36666666666666664
RescanAction:0.29333333333333333
FilterAction:0.12666666666666668
