AbstractCacheRecordStore:0.6466666666666666
CacheStatsHandler:0.2733333333333333
CacheStatsTest:0.27
