Utils:0.5422222222222222
TreeViewer:0.5138888888888888
Trees:0.35333333333333333
