Column:0.42333333333333334
Table:0.4033333333333333
Constraint:0.3933333333333333
HsqlDateTime:0.3894444444444444
Index:0.3433333333333333
NumberSequence:0.24
DatabaseCommandInterpreter:0.22333333333333333
DatabaseInformationMain:0.19333333333333333
DatabaseScript:0.18861111111111115
BinaryDatabaseScriptReader:0.11333333333333333
