IntervalSet:0.5066666666666667
Recognizer:0.24666666666666667
LexerATNSimulator:0.24666666666666667
IntSet:0.23666666666666666
ParserATNSimulator:0.21333333333333335
DefaultANTLRErrorStrategy:0.2
BaseRecognizer:0.19333333333333333
BufferedASTNodeStream:0.17333333333333334
TestIntervalSet:0.17333333333333334
GrammarAST:0.17
TreeParserATNFactory:0.12333333333333334
MatchTree:0.09
