WindowManager:0.5966666666666667
Swivel:0.3
EventBean:0.25666666666666665
PlaceBean:0.24666666666666667
NameBean:0.22
ChoiceBean:0.21666666666666667
PropertyBean:0.155
EntityBean:0.14333333333333334
ActionUpdate:0.11333333333333333
ActionZoom:0.11333333333333333
XRefBean:0.08666666666666667
