Node:0.47333333333333333
SummaryData:0.47
SummaryPanel:0.24333333333333335
SummaryTree:0.22333333333333333
