AddShowPage:0.6633333333333333
AddShowPageModel:0.41
AddShowPageController:0.2816666666666667
