TaskConfig:0.6533333333333333
Builder:0.63
AgentService:0.2633333333333333
SupervisorFactory:0.23333333333333334
TaskRunnerTest:0.15333333333333332
