TestCaseDataSet:0.4266666666666667
TaskListBuilder:0.4
ITestCaseDataSet:0.3566666666666667
ITaskListBuilderTestProvider:0.2763333333333334
TaskListBuilderTestProvider:0.16666666666666666
ActorInInactiveEscalationGroupBoundConditionsTests:0.12666666666666668
