Blockable:0.5147222222222222
EditorManager:0.43666666666666665
SharedProject:0.37666666666666665
StopManager:0.29
SessionManager:0.2525
SharedResourcesManager:0.13666666666666666
