ViewState:0.6114047619047619
AbsLceViewState:0.38
RetainingFragmentLceViewState:0.36
LceViewState:0.25333333333333335
MvpViewStateFragment:0.21666666666666667
