ObjectFactory:0.5633333333333334
ObjectAuditTrailTopComponent:0.44333333333333336
KuwaibaService:0.26916666666666667
ItemListPropertyEditor:0.16333333333333333
ReadOnlyObjectNode:0.14333333333333334
ShowObjectAuditTrailAction:0.12333333333333334
ListTypeProperty:0.11
MatchingRulesFrame:0.1
