Context:0.5333333333333333
ExternalContext:0.41
InjectorImpl:0.39
ErrorMessages:0.26888888888888884
BoundProviderFactory:0.24166666666666667
ImplicitBinding:0.22666666666666666
ConstantFactory:0.21333333333333335
BindingBuilderImpl:0.20333333333333334
InternalFactoryToProviderAdapter:0.20333333333333334
SingleFieldInjector:0.19333333333333333
SingleMethodInjector:0.16333333333333333
BindingInfo:0.08666666666666667
InternalContext:0.08333333333333333
BindingPreloader:0.07666666666666666
