MissionDataBean:0.6266666666666667
EmergencySupplyMission:0.4066666666666667
EmergencySupplyPanel:0.25666666666666665
CreateMissionWizard:0.15
