WebServiceTemplate:0.6427777777777778
WebServiceTemplateIntegrationTest:0.36666666666666664
MessageDispatcher:0.3233333333333333
ServerTestSetup:0.20666666666666667
