SimpleStepContext:0.5383333333333333
ItemOrientedStep:0.425
ItemOrientedStepTests:0.37333333333333335
MockRestartableItemReader:0.335
