RedissonExecutorService:0.4666666666666667
RPromise:0.40277777777777773
RedissonPromise:0.3433333333333333
RedissonExecutorFutureReference:0.28
PromiseDelegator:0.19333333333333333
