ModuleTestBase:0.6666666666666666
Jsp:0.49222222222222217
ModuleManager:0.47
EditorTag:0.2866666666666667
