HtmlPage:0.67
WebClient:0.5366666666666666
FocusableElement:0.29777777777777775
WebClientTest:0.24
WebTestCase:0.20333333333333334
EventTest:0.16333333333333333
SimpleScriptableTest:0.11
TestThread:0.10666666666666667
