GwtClientHelper:0.835
MenuBarBox:0.36
MainMenuControl:0.33666666666666667
SearchOptionsComposite:0.18666666666666668
