GetResult:0.74
UpdateResponse:0.4
GetResultTests:0.31333333333333335
IndexResponseTests:0.21333333333333335
