HTMLDocument:0.62
NamespaceCollection:0.5133333333333333
SimpleScriptableTest:0.45666666666666667
HTMLDocumentTest:0.3
