Dialect:0.6066666666666667
JdbcServicesImpl:0.31666666666666665
StandardSQLExceptionConverter:0.2544444444444445
Cache71Dialect:0.16666666666666666
Oracle10gDialect:0.13666666666666666
