Util:0.55
TestUtils:0.4
GrpcSslContexts:0.35333333333333333
TlsTest:0.20333333333333334
TestServiceServer:0.16333333333333333
TestServiceClient:0.16
Http2NettyTest:0.15333333333333332
Http2OkHttpTest:0.15
