GuavaCache:0.7669444444444444
Cache2kPolicy:0.5362222222222223
