Method:0.37333333333333335
InterceptCallHandler:0.35
ServerInterceptorsTest:0.29333333333333333
MutableHandlerRegistryImplTest:0.25
ProcessInterceptorsCallHandler:0.20666666666666667
ServerInterceptors:0.13
MutableHandlerRegistryImpl:0.08333333333333333
MutableHandlerRegistry:0.059333333333333335
NoopInterceptor:0.02666666666666667
