ResourceModel:0.5766666666666667
GrammarModel:0.45666666666666667
RuleDependencies:0.4033333333333333
