Application:0.6933333333333334
AndroidApplication:0.29
LwjglApplication:0.28
LwjglCanvas:0.28
AngleApplication:0.28
JoglApplication:0.2675
JoglDebugStarter:0.19333333333333333
