EventsBean:0.3466666666666667
EditView:0.3333333333333333
Model:0.25666666666666665
AdvancedEditor:0.2225
OK:0.20333333333333334
Del:0.19666666666666666
BasicEditor:0.1863888888888889
Add:0.16666666666666666
SexBean:0.15
Callback:0.13
Detail:0.0033333333333333335
