ISimpleChemObjectReader:0.86
MDLV2000Reader:0.43
ReaderFactory:0.4066666666666667
MDLReader:0.3433333333333333
CDKAtomTypeMatcherTestFileReposTest:0.34
MDLV3000Reader:0.305
DefaultChemObjectReader:0.28055555555555556
SMARTSSearchTest:0.25833333333333336
PDBReaderTest:0.21666666666666667
GenerateFragmentsTest:0.21666666666666667
CML2Test:0.21
MomentOfInertiaDescriptorTest:0.21
MACiEReader:0.205
StructureDiagramGeneratorTest:0.20333333333333334
FileConvertor:0.20166666666666666
MM2AtomTypeMatcherTest:0.20166666666666666
ReaderFactoryTest:0.2
BCUTDescriptorTest:0.19666666666666666
IteratingMDLReader:0.185
ProteinPocketFinder:0.18
DADMLReader:0.18
LengthOverBreadthDescriptorTest:0.16666666666666666
TemplateHandlerTest:0.16166666666666665
ZMatrixReaderTest:0.15333333333333332
PetitjeanShapeIndexDescriptorTest:0.15166666666666667
MDEDescriptorTest:0.14166666666666666
SubstructureFinder:0.14166666666666666
WeightedPathDescriptorTest:0.14166666666666666
Validator:0.14166666666666666
WHIMDescriptorTest:0.14
EccentricConnectivityIndexDescriptorTest:0.14
GravitationalIndexDescriptorTest:0.14
CPSADescriptorTest:0.14
File2Text:0.13333333333333333
FileFormatGuesser:0.13166666666666665
GraphOnlyFingerprinterTest:0.10333333333333333
SDFSubstructureFinder:0.08666666666666667
GaussiansCalculationTest:0.07666666666666666
TableTest:0.07666666666666666
KabschAlignmentTest:0.07666666666666666
TanimotoCoefficient:0.07333333333333333
