ConfusionMatrix:0.6666666666666666
RNTNEval:0.4827777777777777
EvalTest:0.40055555555555555
