ALC:0.6433333333333333
CoreAL:0.46
ALCcontext:0.24
BaseAL:0.19777777777777777
