CompletionProposal:0.7733333333333333
CompletionEngine:0.49
RubyScriptCompletion:0.27
CompletionProposalLabelProvider:0.05333333333333334
