CharSubSequence:0.6733333333333333
MultiByteReplayCharSequence:0.43
EnhancedCharSequence:0.3687222222222222
ByteReplayCharSequence:0.32666666666666666
