BaseLayer:0.5766666666666667
RBM:0.48333333333333334
MultiLayerTest:0.13333333333333333
