Window:0.5833333333333334
HTMLElement:0.5033333333333333
SimpleScriptableTest:0.28
HTMLBodyElement:0.22294444444444447
HTMLTextAreaElement:0.2
HTMLSpanElement:0.09166666666666666
HTMLDivElement:0.013333333333333334
