Engine:0.7833333333333333
DFLoaderListener:0.5733333333333334
Position:0.4533333333333333
CommonConfiguration:0.4066666666666667
Extension:0.38
Float:0.36333333333333334
ServerMapSourceWidget:0.3516666666666667
AbstractVerticalProjection:0.3433333333333333
ParserException:0.32
ExtensionManager:0.2966666666666667
ErrorPanel:0.25
ServerXMLSymbolsHandler:0.25
BasicServerEngine:0.23
AbstractHorizontalProjection:0.22666666666666666
ServerXMLDFHandler:0.22666666666666666
MapHorzRenderer:0.22666666666666666
ARINCMapHorzItems:0.22055555555555553
AbstractARINCHandler:0.22
AbstractMapWidget:0.21666666666666667
ARINCMapHorzSource:0.21333333333333335
ClientWrapper:0.21333333333333335
VerticalProjection:0.2105952380952381
AbstractServerEngine:0.21
AbstractBinaryDFHandler:0.20333333333333334
ARINCMapVertSource:0.18666666666666668
ServerWrapper:0.18666666666666668
EditorXMLDFHandler:0.18333333333333332
MapsDFLoaderListener:0.18333333333333332
MapHorzSourceRenderer:0.17666666666666667
TestProjection:0.17666666666666667
AbstractClientEngine:0.17111111111111113
MapVertSourceRenderer:0.16166666666666665
InnerMouseInputAdapter:0.16
BearingProjection:0.15166666666666667
AbstractProjection:0.14166666666666666
DebugDFLoaderListener:0.14
AbstractXMLDFHandler:0.13
LatLongProjection:0.12333333333333334
HorizontalProjection:0.09642857142857142
DistDistProjection:0.09166666666666666
VerticalProjectionImpl:0.08333333333333333
Double:0.06666666666666667
DFExceptionListener:0.03666666666666667
MapConstants:0.0
NewToggleButton:0.0
