SarosView:0.475
RefactorC:0.24666666666666667
TestBasicWidgetTree:0.24333333333333335
TestHandleContacts:0.2
TestMenuSarosByAliceBob:0.16666666666666666
STF:0.14416666666666667
