LWJGLMouse:0.3433333333333333
Key:0.2833333333333333
LWJGLKeyboard:0.22
Button:0.17333333333333334
Axis:0.09666666666666666
