TCKeywordACRInput:0.37333333333333335
TCKeywordListInput:0.37333333333333335
TCKeywordTreeInput:0.30666666666666664
KeywordListPopup:0.29
ACRPopup:0.2777777777777778
TCKeywordTextInput:0.22
