Indi:0.52
Fam:0.43666666666666665
Entity:0.43333333333333335
Note:0.22333333333333333
Repository:0.15694444444444444
Media:0.08333333333333333
Submitter:0.05333333333333334
Source:0.05333333333333334
