ClassMetadata:0.56
Util:0.44333333333333336
ClassMetadataLight:0.33
BusinessEntityManagerRemote:0.24222222222222223
BusinessEntityManagerImpl:0.22666666666666666
BusinessEntityManager:0.17638888888888887
