ChronicleMapBuilder:0.7633333333333333
SerializationBuilder:0.49111111111111105
ChronicleSetBuilder:0.41
