Person:0.61
BuildingManager:0.5933333333333334
GroundVehicle:0.3566666666666667
SettlementTemplate:0.3333333333333333
JUnitTests:0.22333333333333333
