Vertex:0.48
Graph:0.3333333333333333
ReflectHelper:0.21833333333333332
Properties:0.17333333333333334
CircularGraph:0.16333333333333333
ElementInfo:0.16
CircularLayoutAlgorithm:0.15666666666666668
Geometry:0.15333333333333332
Property:0.15
RandomLayoutAlgorithm:0.13
TreeLayoutAlgorithm:0.12666666666666668
Animation:0.11666666666666667
EdgeLayoutHelper:0.11
Circle:0.07666666666666666
ModelHelper:0.056666666666666664
GraphNotSupportedException:0.03
