SimpleIntegrationTest:0.575
PostgreSqlDbDialect:0.38666666666666666
TableTemplate:0.35333333333333333
PostgreSqlPlatform:0.31666666666666665
