FlatFileCustomerCreditDao:0.6816666666666666
FlatFileOrderWriterTests:0.3818333333333333
