Options:0.4766666666666667
LTSJVertex:0.43
Simulator:0.35
LTSJGraph:0.28
VisibleValue:0.25
LabelValue:0.22666666666666666
