Crew:0.5166666666666667
PersonConfig:0.4
PNotification:0.32
QNotification:0.3
CrewEditorFX:0.28
UnitManager:0.21916666666666668
CrewEditor:0.21333333333333335
MainScene:0.19166666666666668
ScenarioConfigEditorFX:0.18333333333333332
Member:0.16
QuotationPopup:0.08333333333333333
MessagePopup:0.0033333333333333335
