SearchRequest:0.6833333333333333
SearchRequestBuilder:0.43333333333333335
TemplateQueryTest:0.3466666666666667
ShardSearchRequest:0.32666666666666666
TemplateQueryParser:0.25333333333333335
SearchService:0.22333333333333333
TemplateContext:0.17666666666666667
TemplateQueryParserTest:0.11333333333333333
RestSearchAction:0.09333333333333334
