OnmsMonitoredService:0.7966666666666666
Empty:0.6586666666666667
OutageDaoJdbc:0.36333333333333334
AbstractDaoTestCase:0.22666666666666666
OutageDaoTest:0.11333333333333333
