ByteBuffer:0.6666666666666666
GwtGL20:0.5833333333333334
BufferUtils:0.19666666666666666
