HealthProblem:0.38
Treatment:0.2866666666666667
MedicalManager:0.2841666666666667
PhysicalCondition:0.24333333333333335
SickBay:0.19666666666666666
Infirmary:0.1388888888888889
XmlReader:0.1388888888888889
MedicalAssistance:0.13333333333333333
