Operation:0.4633333333333333
InternalLink:0.37333333333333335
GlobalVariable:0.37
GlobalLocation:0.32666666666666666
DefinitionProcess:0.2833333333333333
Interpreter:0.27
RequestResponseProcess:0.22166666666666668
NDChoiceProcess:0.22166666666666668
IfProcess:0.22166666666666668
ParallelProcess:0.22166666666666668
AbstractMappedGlobalObject:0.20131746031746034
InputOperation:0.18333333333333332
OutputOperation:0.17666666666666667
SequentialProcess:0.16166666666666665
SleepProcess:0.16166666666666665
OneWayProcess:0.16166666666666665
InProcess:0.125
NullProcess:0.11
WhileProcess:0.11
LinkInProcess:0.06833333333333333
CallProcess:0.05
OutProcess:0.04
LinkOutProcess:0.02666666666666667
SolicitResponseProcess:0.02666666666666667
AssignmentProcess:0.02666666666666667
NotificationProcess:0.02666666666666667
