SleepMeta:0.2
ConsolidateContainersMeta:0.16333333333333333
RespondToStudyInvitationMeta:0.16333333333333333
DigLocalRegolithMeta:0.16333333333333333
ProduceFoodMeta:0.16333333333333333
ToggleResourceProcessMeta:0.16333333333333333
TendGreenhouseMeta:0.16333333333333333
WalkMeta:0.16333333333333333
RepairEVAMalfunctionMeta:0.16333333333333333
PrepareDessertMeta:0.16333333333333333
ToggleFuelPowerSourceMeta:0.16333333333333333
InviteStudyCollaboratorMeta:0.16333333333333333
SalvageGoodMeta:0.16333333333333333
SalvageBuildingMeta:0.16333333333333333
AssistScientificStudyResearcherMeta:0.16333333333333333
ConstructBuildingMeta:0.16333333333333333
CookMealMeta:0.16333333333333333
DigLocalIceMeta:0.16333333333333333
ManufactureGoodMeta:0.16333333333333333
MaintenanceMeta:0.15333333333333332
CompileScientificStudyResultsMeta:0.14666666666666667
MaintainGroundVehicleGarageMeta:0.14
ObserveAstronomicalObjectsMeta:0.14
MaintainGroundVehicleEVAMeta:0.14
UnloadVehicleEVAMeta:0.13
LoadVehicleGarageMeta:0.13
WorkoutMeta:0.13
LoadVehicleEVAMeta:0.13
PerformLaboratoryResearchMeta:0.13
RepairMalfunctionMeta:0.13
ProposeScientificStudyMeta:0.13
MaintenanceEVAMeta:0.13
PeerReviewStudyPaperMeta:0.13
StudyFieldSamplesMeta:0.13
YogaMeta:0.13
PerformLaboratoryExperimentMeta:0.13
ManufactureConstructionMaterialsMeta:0.13
PerformMathematicalModelingMeta:0.13
UnloadVehicleGarageMeta:0.13
