Ssh:0.61
SshTest:0.23666666666666666
SshMonitor:0.22666666666666666
