LogAdapter:0.56
LoggerPrinter:0.37
LoggerTest:0.35333333333333333
Logger:0.3433333333333333
AndroidLogAdapter:0.2733333333333333
Printer:0.19583333333333333
Settings:0.19583333333333333
MainActivity:0.10333333333333333
