Config:0.6533333333333333
TranscriptEditPanel:0.395
FeatureEditorDialog:0.3333333333333333
AnnotationMenu:0.2733333333333333
