JUnit5:0.4672222222222222
EngineIdFilter:0.4666666666666667
DefaultLauncherTests:0.3333333333333333
