ProviderMethod:0.56
ProviderMethodsTest:0.38333333333333336
ProviderMethodsModule:0.3433333333333333
BindingProcessor:0.2611111111111111
Factory:0.21
FastClassProviderMethod:0.056666666666666664
ReflectionProviderMethod:0.043333333333333335
ProviderMethodProviderInstanceBindingImpl:0.013333333333333334
