MetaModel:0.4866666666666667
MetaEntity:0.43333333333333335
View:0.36
IMetaEjb:0.3337857142857143
MetaProperty:0.29
IMetaModel:0.2833333333333333
MetaEntityEjb:0.24333333333333335
MetaAggregateEjb:0.23666666666666666
ModelMapping:0.22666666666666666
XHibernate:0.22
ModelParser:0.20666666666666667
MetaComponent:0.2
DescriptionsCalculator:0.19
MetaEjbImpl:0.18666666666666668
