Actor:0.63
ShapeRenderer:0.4266666666666667
Widget:0.31666666666666665
