HopParser:0.36333333333333334
StepFactory:0.36333333333333334
HopLexer:0.30333333333333334
TypeChecker:0.2833333333333333
HopSymbolTableWalker:0.25
DFA64:0.15444444444444444
BinaryIsACustomCustomStep:0.04
isa_operation_return:0.013055555555555556
DFA81:0.008333333333333333
