Variable:0.5966666666666667
VariableUtils:0.24333333333333335
HandlerRegistry:0.21833333333333332
UpdateSwimlaneNameDialog:0.20666666666666667
Config:0.20333333333333334
VariableEditorPage:0.17333333333333334
VariableSearchVisitor:0.16666666666666666
UpdateVariableNameDialog:0.13
SwimlaneActionsDelegate:0.12333333333333334
UpdateVariableDialog:0.12333333333333334
RemoveVariableSelectionListener:0.11
SearchVariableUsageSelectionListener:0.11
RenameVariableSelectionListener:0.11
RenameSwimlaneSelectionListener:0.07
VariableSearchQuery:0.056666666666666664
ChangeSwimlaneSelectionListener:0.04
PasteSwimlaneSelectionListener:0.03
CreateSwimlaneSelectionListener:0.03
DelegablePresentation:0.015833333333333335
SearchSwimlaneUsageSelectionListener:0.007777777777777777
CopySwimlaneSelectionListener:0.0033333333333333335
RemoveSwimlaneSelectionListener:0.0
