ScrollPane:0.43666666666666665
BitmapFont:0.3466666666666667
LwjglGraphics:0.25166666666666665
BitmapFontCache:0.25166666666666665
