GwtTeamingMessages:0.6222222222222222
SizeColumnsDlg:0.49666666666666665
