SarosC:0.61
TeamC:0.5533333333333333
ContextMenuWrapper:0.54
PEView:0.5233333333333333
SarosBot:0.5033333333333333
EditM:0.49333333333333335
SarosBotImp:0.49
TeamCImp:0.48333333333333334
EditMImp:0.46
SarosCImp:0.4
PEViewImp:0.38333333333333336
ContextMenuWrapperImp:0.3566666666666667
TestMenuFile:0.3433333333333333
TestEditorByAlice:0.3433333333333333
TestMenuEdit:0.31333333333333335
TestBasicWidgetTree:0.30333333333333334
TestSessionView:0.30333333333333334
TestContextMenuOpen:0.3
TestEditorByAliceAndBob:0.29333333333333333
TestUserWithWriteAccessSavesFiles:0.29
TestRosterView:0.2833333333333333
STFTest:0.27166666666666667
OpenC:0.25666666666666665
TestFileOperations:0.25333333333333335
TestShareProjectUsingExistingProject:0.25333333333333335
TestAllParticipantsFollowUserWithWriteAccess:0.24666666666666667
TestSVNStateUpdates:0.24333333333333335
TestMenuRefactor:0.24
TestPackageExplorerView:0.23
OpenCImp:0.22
TestConcurrentEditing:0.19
EclipseComponentImp:0.17976190476190476
TestSVNStateInitialization:0.16666666666666666
TestParallelInvitationWithTerminationByInvitees:0.15333333333333332
TestParallelInvitationWithTerminationByHost:0.14666666666666667
TestEditDuringInvitation:0.14
TestEditor2:0.14
TestFollowMode:0.13666666666666666
STFController:0.12333333333333334
TestChangingUserWithWriteAccessWhileOtherFollow:0.11333333333333333
TestWriteAccessChangeAndImmediateWrite:0.11333333333333333
TestUserWithWriteAccessResetsFiles:0.11333333333333333
TestHostInvitesBelatedly:0.03666666666666667
