IssuePTO:0.8766666666666667
PortalHomeAction:0.27666666666666667
