MembersAdapter:0.6083333333333333
MembersActivity:0.5733333333333334
LceCallback:0.24666666666666667
