SignificanceHeuristic:0.4266666666666667
SignificanceHeuristicTests:0.32666666666666666
SignificantTermsTests:0.21
SignificantTermsHeuristicModule:0.17666666666666667
TransportSignificantTermsHeuristicModule:0.17666666666666667
