ConfigurationModelBeanDefinitionReader:0.47333333333333333
ScopingTests:0.32
ConfigurationParserTests:0.23666666666666666
HiddenBeanPostProcessorTests:0.19
SpringAopConfigurationProcessorTests:0.19
AspectJConfigurationProcessorTests:0.18333333333333332
BeanMethodInterceptor:0.15333333333333332
ConfigurationModelBeanDefinitionReaderTests:0.08
ScopeIntegrationTests:0.03666666666666667
CircularImportTests:0.006666666666666667
