WalletPasswordController:0.5866666666666667
KeyDerivationTasks:0.5
WalletSetPasswordController:0.24666666666666667
