TriggerHistory:0.62
TriggerRouterService:0.37333333333333335
DataService:0.3466666666666667
ITriggerRouterService:0.23892857142857143
Constants:0.20666666666666667
SelectFromTableEvent:0.19833333333333333
AbstractTriggerRouterServiceTest:0.19333333333333333
DataExtractorService:0.19333333333333333
FormatUtils:0.145
TriggerRouterServiceSqlMap:0.09666666666666666
