Mission:0.6366666666666667
VehicleMission:0.24
LoadVehicle:0.22666666666666666
NavpointEditLayer:0.20916666666666667
MissionDataBean:0.18666666666666668
EllipseLayer:0.18055555555555555
MainDetailPanel:0.18
MapPanel:0.17666666666666667
MissionWindow:0.16333333333333333
ExplorationSitesPanel:0.13
