GCLChecker:0.8033333333333333
StateGenerator:0.6066666666666667
