RestSampleController:0.37333333333333335
HelloControllerIT:0.27666666666666667
HelloControllerTest:0.24
SpringApp:0.16333333333333333
