RunApplicationAction:0.42
ShellSlacFrame:0.3433333333333333
RunApplicationOneDocumentAction:0.14333333333333334
