Log4jNote:0.5166666666666667
Form:0.3933333333333333
InvalidContentModelException:0.32949999999999996
DsTypeModel:0.3
Log4jValidationResult:0.21
Log4jValidationResults:0.20666666666666667
