RmiSWTWorkbenchBot:0.3933333333333333
RmiTest:0.33666666666666667
ISarosState:0.31337301587301586
SarosState:0.22333333333333333
SarosConditions:0.22
TestShareProjectUsingExistingProject:0.215
IRmiSWTWorkbenchBot:0.20976190476190476
ISarosRmiSWTWorkbenchBot:0.20083333333333334
SarosRmiSWTWorkbenchBot:0.2
TestCreatingNewFile:0.14333333333333334
SarosConstant:0.14
BotConfiguration:0.14
IsEditorContentsSame:0.11333333333333333
IsJavaEditorContentsSame:0.03666666666666667
