ResourceServlet:0.7566666666666667
ResourceServletTests:0.10333333333333333
