AppResource:0.7208333333333333
DatabasePage:0.5636666666666666
MainUILayoutPanel:0.2833333333333333
