LoggingOutput:0.766904761904762
LoggingFactory:0.31333333333333335
SyslogLoggingOutput:0.27666666666666667
RequestLogHandlerFactory:0.21666666666666667
FileLoggingOutput:0.16333333333333333
ConsoleLoggingOutput:0.13666666666666666
