Simulator:0.5533333333333333
RuleJTree:0.4866666666666667
EditRulePropertiesAction:0.18333333333333332
RuleSelectionListener:0.1411111111111111
