StringDialog:0.6766666666666666
FormulaDialog:0.4866666666666667
RegExprAction:0.18333333333333332
CloseListener:0.12333333333333334
