StoredGrammarView:0.7441666666666666
DefaultArchiveSystemStore:0.4958888888888888
