ECKey:0.71
DumpedPrivateKey:0.3566666666666667
ECKeyTest:0.23333333333333334
