SettlementMapPanel:0.8766666666666667
SettlementWindow:0.31333333333333335
