Interval:0.5633333333333334
MutableInterval:0.46
BaseInterval:0.09333333333333334
