MailModule:0.6438095238095238
SZoneConfig:0.6133333333333333
MailModuleImpl:0.59
