Slider:0.57
Switch:0.5
ThumbMoveAnimator:0.37333333333333335
MainActivity:0.21333333333333335
