RuntimeEnvironment:0.7366666666666667
HistoryGuru:0.37
JDBCHistoryCacheTest:0.23666666666666666
Indexer:0.22
