RequestInstance:0.5466666666666666
CertificateRequestThrowAwayTest:0.37
CertificateCreateSessionBean:0.32666666666666666
EndEntityAccessSessionBean:0.21333333333333335
CertReqServlet:0.14666666666666667
EndEntityAccessSessionLocal:0.013333333333333334
