AndroidInput:0.43333333333333335
Pool:0.38
Vector3:0.25333333333333335
AndroidLiveWallpaper:0.23333333333333334
Camera:0.21
DecalBatch:0.19
CameraGroupStrategy:0.19
Pools:0.14
AndroidApplicationConfiguration:0.0
