DefaultAuthenticationEventExecutionPlan:0.3433333333333333
ClientAuthenticationMetaDataPopulator:0.20333333333333334
SamlAuthenticationMetaDataPopulator:0.19333333333333333
SecurityTokenServiceAuthenticationMetaDataPopulator:0.17333333333333334
RememberMeAuthenticationMetaDataPopulator:0.13666666666666666
SuccessfulHandlerMetaDataPopulator:0.13666666666666666
CacheCredentialsMetaDataPopulator:0.10333333333333333
AuthenticationContextAttributeMetaDataPopulator:0.1
