AWT:0.48333333333333334
AppClassLoader:0.36
Launch:0.35333333333333333
LaunchTest:0.27
