OutageEditorWebTest:0.5716666666666667
OpenNMSWebTestCase:0.4033333333333333
ExampleWebTest:0.3030555555555556
