WidgetTestFixture:0.7886111111111112
RobotTest:0.5736666666666667
