X509CA:0.5622222222222222
HardCATokenSample:0.44166666666666665
LocalKeyRecoverySessionBean:0.43166666666666664
