DeepWalk:0.8733333333333333
Builder:0.31333333333333335
LearningCallable:0.18666666666666668
TestDeepWalk:0.056666666666666664
