ZenDiscovery:0.43
Custom:0.4033333333333333
Builder:0.29
RejoinClusterRequestHandler:0.29
NodesFaultDetection:0.27
PingRequest:0.24666666666666667
Listener:0.20955555555555552
SendPingRequest:0.16666666666666666
PingRequestHandler:0.05
ApplySettings:0.02
NodeFaultDetectionListener:0.0
