ThreshdConfigFactory:0.37666666666666665
Threshd:0.3233333333333333
BroadcastEventProcessor:0.2833333333333333
ThresholdableService:0.26
OpennmsServerConfigFactory:0.22333333333333333
ThreshdConfigManager:0.14333333333333334
PollOutagesConfigFactory:0.13
MockThreshdConfigManager:0.11
OpennmsServerConfigManager:0.10333333333333333
ThreshdTest:0.06166666666666667
