TreeMap:0.7482777777777778
ConcretizeVariables:0.39222222222222225
