FeatureType:0.57
WFS:0.36833333333333335
ExtentManager:0.36333333333333334
Add:0.29
List:0.27
Select:0.26666666666666666
ExtentHelper:0.24333333333333335
Get:0.17666666666666667
Search:0.17333333333333334
ExtentSelection:0.16666666666666666
Delete:0.09666666666666666
Update:0.06666666666666667
