TurkishEIDProfile:0.5633333333333334
TurkishEIDHardToken:0.31333333333333335
HardTokenDataBean:0.25333333333333335
TestHardTokenProfile:0.20666666666666667
TestHardToken:0.20666666666666667
SecConst:0.20333333333333334
HardTokenProfileDataBean:0.19666666666666666
EditHardTokenProfileJSPHelper:0.10666666666666667
