Params:0.9604444444444444
Importer:0.36666666666666664
