BlockAndValidity:0.5133333333333333
FullBlockTestGenerator:0.37
AbstractFullPrunedBlockChainTest:0.21333333333333335
NewBlock:0.165
BitcoindComparisonTool:0.11777777777777776
