Value:0.43333333333333335
TupleTest:0.36
AbstractBitSet:0.31666666666666665
TryTest:0.30666666666666664
ImportManager:0.23333333333333334
