HMACAuthenticationModule:0.5033333333333333
AuthenticationModulesTest:0.41
ConfirmationMessageHandler:0.31666666666666665
VerifyPKIMessage:0.21
