RemoteFile:0.5233333333333333
SearchTreeTableModel:0.22666666666666666
SearchTableModel:0.21
GGEPBlock:0.18438888888888888
DownloadConfigDialog:0.15
PassiveSearchTableModel:0.14666666666666667
TestSWDownloadCandidate:0.14
SearchTreeCellRenderer:0.13
