JFXSymbolRectangleRenderer:0.31666666666666665
JFXSymbolRotatedRenderer:0.31666666666666665
JFXSymbolGenericRenderer:0.31666666666666665
JFXSymbolTargetRenderer:0.31666666666666665
