JolieJavaValidator:0.6033333333333334
JolieProjectInfo:0.4592619047619047
JolieHyperlinkHelper:0.27
JolieScopeProvider:0.15
