JSPRelationMiner:0.5333333333333333
JavaRelationMiner:0.5033333333333333
RelationCrawler:0.38
MDDRelationMiner:0.2966666666666667
