RememberMeProcessingFilterTests:0.6666666666666666
RememberMeProcessingFilter:0.6066666666666667
