OptionProvider:0.8366666666666667
ServiceLookup:0.2319047619047619
