ConnectionWizard:0.6666666666666666
ConnectionWizardWizardAction:0.3933333333333333
