AbstractSaml20ObjectBuilder:0.3933333333333333
AbstractSamlObjectBuilder:0.33666666666666667
Saml10ObjectBuilder:0.33555555555555555
