SSEAtmosphereInterceptor:0.7327777777777779
AsyncIOInterceptorTest:0.5357380952380953
