OneMovieDetailActivity:0.49833333333333335
BaseRecyclerViewAdapter:0.44333333333333336
BaseRecyclerViewHolder:0.26
