Button:0.6533333333333333
EditText:0.32
CheckBox:0.31333333333333335
RadioButton:0.31333333333333335
TextView:0.2733333333333333
