BaseCfgDelegate:0.7666666666666667
LoginContextSecurityHelper:0.37
SSOLoginContext:0.21333333333333335
WebLoginContext:0.20666666666666667
