DefaultMergeEventListener:0.4166666666666667
EntityCopyAllowedLoggedObserver:0.4137619047619048
StrategySelectorBuilder:0.33666666666666667
MergeMultipleEntityRepresentationsTest:0.24666666666666667
MergeMultipleEntityRepresentationsOrphanDeleteTest:0.21666666666666667
MergeMultipleEntityRepresentationsAllowedTest:0.1586111111111111
