DriveGroundVehicle:0.7333333333333333
TravelToSettlement:0.30333333333333334
CollectRockSamplesMission:0.30333333333333334
