Rule:0.67
AttributeChecks:0.28
CollectSymbols:0.28
RuleFunction:0.15666666666666668
Utils:0.09166666666666666
