ActivityController:0.8172222222222222
ActivityControllerTest:0.30333333333333334
