SQLConverter:0.4166666666666667
Functions:0.37
Logger:0.26
TablesLoader:0.21
Pivot:0.19777777777777777
TriggerBase:0.14
TriggerUpdate:0.13666666666666666
TriggerDelete:0.10666666666666667
TriggerInsert:0.10666666666666667
