CommCore:0.6933333333333334
Interpreter:0.6
Comparator:0.25666666666666665
