BlogEntry:0.6633333333333333
CommentPlugin:0.22666666666666666
TrackbackPlugin:0.22666666666666666
BlojsomXMLRPCServlet:0.22333333333333333
