Batch:0.57
OutgoingBatch:0.47333333333333333
StagedResource:0.3811111111111111
SymmetricWebServer:0.25666666666666665
OutgoingBatchService:0.22050000000000003
DataExtractorService:0.21666666666666667
AcknowledgeService:0.15444444444444444
InterruptedException:0.06333333333333334
