ScribeEventClient:0.4475555555555556
EventMappingConfiguration:0.38333333333333336
ScribeEventModule:0.21333333333333335
