ServerMethodDefinition:0.72
Builder:0.3466666666666667
ServerInterceptors:0.22333333333333333
