IngestModule:0.6733333333333333
Processor:0.6
GeoIpProcessor:0.42
PipelineStore:0.31
GrokProcessor:0.07666666666666666
GeoIpProcessorFactoryTests:0.043333333333333335
GrokProcessorFactoryTests:0.01638888888888889
