RSSEnclosurePlugin:0.45166666666666666
XSSFilterPlugin:0.41083333333333333
TechnoratiTagsPlugin:0.31972222222222224
