DriverInitializer:0.6283333333333333
TaskQueueChecker:0.47361111111111104
WaitInitialBundleState:0.2866666666666667
