SQLGrammar:0.5466666666666666
ParsedStatement:0.36333333333333334
XContentGenerator:0.3593888888888889
TransportSQLActionTest:0.33
NodeTypes:0.26
GroupingKeyGenerator:0.23666666666666666
UpdateResponseListener:0.235
SearchResponseListener:0.235
GetResponseListener:0.235
DeleteByQueryResponseListener:0.235
DeleteResponseListener:0.235
IndexResponseListener:0.235
BulkResponseListener:0.235
CreateIndexResponseListener:0.235
DistributedSQLResponseListener:0.235
CountResponseListener:0.235
SQLGroupByResult:0.22333333333333333
TableVisitor:0.22
QueryVisitorTest:0.21
SQLGroupingCollector:0.19
ESDocLookup:0.18333333333333332
TransportSQLAction:0.15333333333333332
TransportDistributedSQLAction:0.13333333333333333
TableVisitorTest:0.1125
NodeFactoryImpl:0.08
TableAlreadyExistsException:0.056666666666666664
DeleteIndexResponseListener:0.05
NodeNames:0.0
