ERDesignerComponent:0.5133333333333333
ERDesignerGraph:0.37333333333333335
MyRenderer:0.30333333333333334
ERDesignerBundle:0.02
