Visitor:0.5033333333333333
ImplementationSymbolVisitor:0.47333333333333333
ProjectionToProjectorVisitor:0.2733333333333333
LocalDataCollectTest:0.20666666666666667
TransportExecutorTest:0.19
TransportExecutor:0.18333333333333332
MergeOperationTest:0.15
LocalMergeTaskTest:0.13
MergeOperation:0.09666666666666666
MapSideDataCollectOperationTest:0.08666666666666667
MapSideDataCollectOperation:0.08
ProjectionToProjectorVisitorTest:0.07666666666666666
DistributingCollectTest:0.07
LocalMergeTask:0.06
ShardCollectService:0.05888888888888888
DistributingCollectOperation:0.056666666666666664
TransportMergeNodeAction:0.04
HandlerSideDataCollectOperation:0.03333333333333333
TestModule:0.03
