ObjectFactory:0.5833333333333334
KuwaibaService:0.3466666666666667
GetConfigurationVariablesPoolsResponse:0.16413167388167385
CreateConfigurationVariable:0.14333333333333334
RemoteConfigurationVariable:0.11333333333333333
GetConfigurationVariablesInPoolResponse:0.07725865800865803
UpdateConfigurationVariablesPool:0.04666666666666667
UpdateConfigurationVariable:0.04666666666666667
CreateConfigurationVariablesPool:0.03666666666666667
CreateConfigurationVariableResponse:0.02
GetConfigurationVariableResponse:0.02
GetConfigurationVariablesPools:0.02
CreateConfigurationVariablesPoolResponse:0.02
UpdateConfigurationVariablesPoolResponse:0.006666666666666667
DeleteConfigurationVariableResponse:0.006666666666666667
UpdateConfigurationVariableResponse:0.006666666666666667
DeleteConfigurationVariablesPoolResponse:0.006666666666666667
DeleteConfigurationVariable:0.0033333333333333335
GetConfigurationVariable:0.0033333333333333335
DeleteConfigurationVariablesPool:0.0033333333333333335
GetConfigurationVariablesInPool:0.0033333333333333335
