ClientEndpoint:0.7266666666666667
ClientSmartInvocationServiceImpl:0.34
ClusterListenerSupport:0.3
ClientInvocationServiceSupport:0.28
ClientMembershipListener:0.24277777777777781
AuthenticationRequest:0.21888888888888886
AbstractMessageTask:0.21
AuthenticationBaseMessageTask:0.16
PartitionClientRequest:0.15333333333333332
