KerasLayer:0.5316666666666666
LayerVertex:0.34
DataSetIteratorTest:0.32
TestUpdaters:0.24416666666666667
TestVariableLengthTSCG:0.17
