DefaultDemandPollService:0.8866666666666667
DefaultPollServiceIntegrationTest:0.056666666666666664
