RoboWindow:0.45
ViewTest:0.415
ShadowDialog:0.2733333333333333
ActivityController:0.27
WindowTest:0.22
ShadowWindow:0.18666666666666668
