JPF_java_lang_System:0.6616666666666666
JPF_java_lang_String:0.21666666666666667
