IO:0.8566666666666667
SerializationUtils:0.2708333333333333
FileDataLocation:0.2
MultipleBuffersInputStream:0.19
MultipleBuffersOutputStream:0.18666666666666668
BoundedByteArrayPool:0.18333333333333332
StreamInputSource:0.16333333333333333
StreamUtils:0.14666666666666667
SocketWrapperInputSource:0.13
StreamOutputDestination:0.11666666666666667
SocketWrapperOutputDestination:0.11666666666666667
