Client:0.43333333333333335
IngestClientIT:0.29
AbstractClient:0.24866666666666665
RestSimulatePipelineAction:0.16333333333333333
RestGetPipelineAction:0.16333333333333333
RestPutPipelineAction:0.16333333333333333
RestDeletePipelineAction:0.16333333333333333
