Value:0.5
Tree:0.49
AbstractTraversableTest:0.30333333333333334
TreeTest:0.24583333333333332
