CalibrateImage:0.44333333333333336
Main:0.4033333333333333
GraphicsFeedback:0.32
MainPreferences:0.24
CalibrateCamera:0.19333333333333336
Testing:0.17333333333333334
