OsgiServiceFactoryBean:0.5066666666666667
ClassUtils:0.45166666666666666
OsgiServiceFactoryBeanTest:0.35
