QedeqBoFactoryTest:0.26
QedeqBoFactoryAssert:0.20666666666666667
DefaultModuleAddress:0.20333333333333334
KernelBoTestSuite:0.19777777777777777
KernelBoServiceTestSuite:0.1743333333333333
KernelSeTestSuite:0.1388888888888889
KernelVisitorTestSuite:0.125
TextOutputTest:0.11333333333333333
KernelBaseIoTestSuite:0.09
QedeqNotNullTraverserTest:0.023333333333333334
