Method:0.8
TableToolkit:0.35333333333333333
GwtTestStarter:0.19333333333333333
LwjglDebugStarter:0.15
