Vertex:0.8366666666666667
DnDCreateEdge:0.2846666666666667
TreeLayoutAlgorithm:0.27
