NodeViewI:0.5866666666666667
EdgeViewI:0.5566666666666666
Edge:0.33
JnetFilterObserver:0.29333333333333333
NodeView:0.29
