Channels:0.7966666666666666
WebSocketProtocol:0.24
NettyBasicAuthTest:0.14666666666666667
Protocol:0.13744444444444445
