StringUtility:0.8966666666666666
StringUtilityTest:0.17333333333333334
