Aligner:0.6366666666666667
GeonetHarvester:0.3466666666666667
