ShellSlacFrame:0.69
ExportDocumentAction:0.1877777777777778
ExportAllDocumentAction:0.1511111111111111
ExportDocumentInlineAction:0.1511111111111111
ExportAllDocumentInlineAction:0.11666666666666667
