SubjectDAO:0.4533333333333333
PersistenceManager:0.31
SubjectGenderDAO:0.29
SubjectMatchDAO:0.28
SubjectNameDAO:0.27
SubjectAddressDAO:0.27
SubjectIdentifierDomainDAO:0.2633333333333333
SubjectCrossReferenceDAO:0.254
CodeDAO:0.23
SubjectIdentifierDAO:0.22
BaseEMPIAdapter:0.21
SubjectOtherIdentifierDAO:0.09333333333333334
