HTMLStyle:0.31666666666666665
HTMLCSSStyle:0.31
HTMLGutter:0.15666666666666668
HTMLPainter:0.09
HTMLEntity:0.06
HTMLCSSGutter:0.04
