HtmlUnitDOMBuilder:0.6366666666666667
HTMLParserTest:0.42
HTMLParser2Test:0.16666666666666666
