Simulator:0.5422222222222222
AspectJModel:0.37333333333333335
CtrlChecker:0.35333333333333333
StoredGrammarView:0.2633333333333333
CtrlHelper:0.2511111111111111
JGraph:0.24333333333333335
