FedoraServerTestSetup:0.6366666666666667
TestAPIM:0.5266666666666666
TestServerConfiguration:0.30666666666666664
AllTests:0.20555555555555557
TestFedoraConfigurations:0.12666666666666668
FedoraTestConstants:0.0
