Buffer:0.7066666666666667
BufferedSource:0.5595396825396827
BufferTest:0.2866666666666667
RealBufferedSource:0.27
