DynamoDbTicketRegistryTicketCatalogConfiguration:0.4066666666666667
DynamoDbTicketRegistryFacilitator:0.3933333333333333
DynamoDbTicketRegistry:0.27666666666666667
EhCacheTicketRegistry:0.21666666666666667
