Ejb3Column:0.52
Ejb3JoinColumn:0.42
Atmosphere:0.3333333333333333
AnnotationBinder:0.3233333333333333
IndexedCollectionTest:0.16333333333333333
