AbstractConverterTest:0.4741666666666667
EnumStringConverter:0.4741666666666667
CurrencyConverterTest:0.3
