DSView:0.45666666666666667
IDSTest:0.41002777777777777
SmartsMatchingTest:0.32666666666666666
SmartsInclusiveExclusiveTest:0.26666666666666666
SignSIgRunner:0.25
DBExactMatchTest:0.16611111111111113
DBNearestNeighborTest:0.15333333333333332
