ApplicationConfig:0.7930555555555554
AtmosphereFramework:0.4633333333333333
AsynchronousProcessor:0.42
AtmosphereConfig:0.37333333333333335
