HashPathIdMapper:0.5516666666666666
AkubraLowlevelStorage:0.49333333333333335
HashPathIdMapperTest:0.4533333333333333
