MarsClock:0.5783333333333334
ManufactureConfig:0.28
CropConfig:0.16666666666666666
MealConfig:0.16666666666666666
FoodProductionConfig:0.15
