CruiseControlControllerAgent:0.54
Configuration:0.4533333333333333
ConfigurationServlet:0.3233333333333333
