InstrumentMethod:0.8066666666666666
InstrumentClass:0.2833333333333333
