CodeGenerator:0.5366666666666666
EnhancerGenerator:0.32
DuplicatesFilter:0.19333333333333333
VisibilityFilter:0.11666666666666667
MethodFilter:0.1162777777777778
ModifierFilter:0.10333333333333333
