Factory:0.4066666666666667
MSmallColorChooser:0.38666666666666666
Content:0.35333333333333333
NoteWidget:0.31666666666666665
SettingsForm:0.0575
