BaseForm:0.5566666666666666
StudyListFilter:0.2791666666666667
StudyListPage:0.27
TrashListPage:0.27
PatientListView:0.22333333333333333
ModalityWorklistPanel:0.21333333333333335
ModalityWorklistFilter:0.165
TrashListFilter:0.16333333333333333
ViewPort:0.08
