Viewer:0.6222222222222222
SelfEdge:0.5366666666666666
SticksRenderer:0.33
