JPPFJob:0.48
AbstractJPPFClientConnection:0.34
LoadBalancer:0.3277777777777778
JPPFResultCollector:0.21666666666666667
OptimizedJobRunner:0.056666666666666664
OptimizedJobTask:0.05333333333333334
