XmlSyntaxException:0.6433333333333333
SaxDefaultHandler:0.5125
SaxParser:0.23677777777777778
