RxTool:0.6033333333333334
WechatPayTools:0.38666666666666666
ActivityCardStack:0.23666666666666666
RxAnimationTool:0.20333333333333334
RxCameraTool:0.11333333333333333
AliPayTools:0.006666666666666667
