TextToSpeechOptions:0.95
LowerTextToSpeechSpeed:0.14666666666666667
RaiseTextToSpeechSpeed:0.14666666666666667
RaiseTextToSpeechPitch:0.14666666666666667
RaiseTextToSpeechVolume:0.14666666666666667
LowerTextToSpeechPitch:0.14666666666666667
LowerTextToSpeechVolume:0.14666666666666667
NextTextToSpeechVoice:0.08666666666666667
NextTextToSpeechEngine:0.08666666666666667
