JnetManager:0.8883333333333333
GraphJdbc:0.31666666666666665
