AbstractServletContextInitializer:0.5183333333333333
OAuthServletContextListener:0.33555555555555555
RegisteredServiceSimpleFormController:0.30666666666666664
