DataService:0.49333333333333335
TriggerHistory:0.43833333333333335
IDataService:0.4066666666666667
