LoggingConfiguration:0.49
LevelSerializer:0.3021624579124578
RequestLogConfiguration:0.27
LoggingFactory:0.26
ConfigurationFactory:0.24
LoggingConfigurationTest:0.21666666666666667
RequestLogHandlerFactory:0.19333333333333333
LogbackModule:0.14222222222222225
ConfigurationTest:0.13666666666666666
LogbackSerializers:0.11942857142857143
RequestLogConfigurationTest:0.07333333333333333
