DSLContext:0.6205555555555556
DSL:0.48333333333333334
DefaultDSLContext:0.32666666666666666
CreateViewImpl:0.32666666666666666
