AlignViewport:0.42333333333333334
Postscript:0.42
PostscriptPopup:0.25666666666666665
AlignApplet:0.25
PostscriptProperties:0.15
SavePSFileAction:0.11
MailPSAction:0.11
MailPostscriptAction:0.07333333333333333
ButtonAlignApplet:0.05
OutputGenerator:0.0
