VertxHttp2Handler:0.6066666666666667
Http2ServerRequestImpl:0.42
Http2Test:0.3466666666666667
VertxHttp2HandlerBuilder:0.20666666666666667
