Process:0.6733333333333333
ExecutionContext:0.53
SubProcessState:0.22555555555555554
ProcessFactory:0.18
VariableAdapter:0.16333333333333333
WfVariable:0.014285714285714285
