AttributeCaseTest:0.5233333333333333
JavaScriptEngineTest:0.4
UrlUtilsTest:0.21583333333333332
HtmlUnitRegExpProxyTest:0.21
DebuggingWebConnectionTest:0.07722222222222222
WebConnectionWrapperTest:0.07722222222222222
