LogDelegate:0.5933333333333334
Log4J2LogDelegateTest:0.26
SLF4JLogDelegateTest:0.25666666666666665
Log4jLogDelegate:0.22333333333333333
JULLogDelegate:0.22333333333333333
JULLogDelegateTest:0.16333333333333333
SLF4JLogDelegate:0.14083333333333334
Log4j2LogDelegate:0.14083333333333334
