MergeAdapter:0.48333333333333334
FlipViewPager:0.472
BaseViewHolder:0.40303174603174596
BaseFlipAdapter:0.23
FriendsActivity:0.02666666666666667
CloseListener:0.0011111111111111111
