Groups:0.7633333333333333
Editors:0.2966666666666667
