FileDataSetIterator:0.56
KerasWeightSettingTests:0.5183333333333333
KerasConvolutionUtils:0.39666666666666667
