HibernateTestCase:0.5633333333333334
IdTest:0.23
LobTest:0.18333333333333332
HbmWithIdentityTest:0.12083333333333333
ManyToOneReferencedColumnNameTest:0.11416666666666667
