Iterator:0.36666666666666664
Array:0.33666666666666667
List:0.33
CharSeqTest:0.30333333333333334
Stream:0.2866666666666667
Queue:0.23666666666666666
Vector:0.21666666666666667
StreamTest:0.21
ArrayTest:0.16333333333333333
CharSeq:0.16333333333333333
ListTest:0.16333333333333333
QueueTest:0.16
IteratorTest:0.16
VectorTest:0.16
