WebClient:0.8316666666666668
HtmlPage:0.5466666666666666
