Toolbar:0.36666666666666664
ClassySharkPanel:0.35833333333333334
FilesTree:0.32666666666666666
DisplayArea:0.32
RingChart:0.2313888888888889
MethodsCountPanel:0.21972222222222224
RecentArchivesButton:0.2088888888888889
