DisplayArea:0.5733333333333334
ClassySharkPanel:0.48333333333333334
SilverGhost:0.32666666666666666
IDisplayArea:0.3175
