DefaultJSONParser:0.8005555555555556
MapDeserializer:0.35333333333333333
