ConsolePlugin:0.62
CommandoCommand:0.37333333333333335
CommandoHandler:0.23
CommandoToolBar:0.20666666666666667
