AbstractEntityPersister:0.5933333333333334
BatchingBatch:0.38666666666666666
BasicCollectionPersister:0.2833333333333333
SharedSessionContractImplementor:0.2833333333333333
StatementPreparerImpl:0.28
NonBatchingBatchFailureTest:0.16333333333333333
