CSSStyleDeclaration:0.47
BrowserRunner:0.4533333333333333
IEConditionalCommentsTest:0.30666666666666664
IEConditionalCompilationTest:0.2833333333333333
BrowserVersionClassRunner:0.26
WebDriverTestCase:0.21833333333333332
IEConditionalCompilationScriptPreProcessor:0.19666666666666666
HTMLTableRowElement:0.19666666666666666
HTMLSpanElementTest:0.18
HtmlPage3Test:0.09333333333333334
BrowserVersionFeaturesTest:0.03333333333333333
CSSStyleDeclaration2Test:0.0
