ServerMessageProcessor:0.5991666666666666
ServerConfigurationParser:0.4766666666666667
Blinking:0.37
