AbstractQueryTestCase:0.49333333333333335
ESTestCase:0.445
PercolatorQueryBuilderTests:0.24333333333333335
ESTestCaseTests:0.15
