SamlRegisteredService:0.8
SamlRegisteredServiceServiceProviderMetadataFacade:0.3507777777777778
ProxyController:0.3433333333333333
CasValidationConfiguration:0.24
SamlIdPMetadataConfiguration:0.17333333333333334
