MethodParameterValue:0.5633333333333334
AllMembersSupplier:0.46
WithDataPointMethod:0.4066666666666667
