TemplateMap:0.7462777777777777
Parser:0.44333333333333336
Tokenizer:0.34
