Corpus:0.67
RFileCommunication:0.2966666666666667
SpecificitiesTableEditor:0.25666666666666665
Subcorpus:0.24
ReferencerEditor:0.22
CreatePartitionDialog:0.21583333333333332
CreateSubcorpusDialog:0.20077777777777775
