WebApplicationServiceResponseBuilder:0.39
GoogleAccountsServiceResponseBuilder:0.37666666666666665
DefaultWebflowConfigurer:0.3433333333333333
SamlServiceResponseBuilder:0.22666666666666666
AbstractWebApplicationServiceResponseBuilder:0.21666666666666667
OpenIdServiceResponseBuilder:0.19333333333333333
