MolecularFormulaManipulator:0.48333333333333334
MassToFormulaToolTest:0.27
GENMDeterministicGenerator:0.24333333333333335
ElementRule:0.21666666666666667
MolecularFormulaManipulatorTest:0.21666666666666667
MassToFormulaTool:0.18
IsotopePatternGenerator:0.14666666666666667
MolecularFormulaRangeManipulatorTest:0.13333333333333333
MolecularFormulaSetManipulator:0.11666666666666667
MolecularFormulaRangeManipulator:0.056666666666666664
