DistributingDownstream:0.5433333333333333
ColumnIndexWriterProjector:0.29333333333333333
IndexWriterProjector:0.26666666666666666
