ClusterManager:0.68
VertxImpl:0.5066666666666667
FakeClusterManager:0.2833333333333333
