SampleData:0.53
PubmedFetcher:0.3433333333333333
AssignAnnotationTasksToUsers:0.3433333333333333
AssignAnnotationTasksToUsersTest:0.2
GenesAlreadyAssigned:0.15988095238095237
GeneTableTest:0.12666666666666668
UnannotatedLociTest:0.11666666666666667
GenesWithHitsTest:0.11666666666666667
GeneIdToNameTest:0.11666666666666667
TestAgricolaFetcher:0.1
