InputTag:0.52
dateEditor:0.35333333333333333
choiceEditor:0.3
charEnumEditor:0.25666666666666665
setintEnumEditor:0.23333333333333334
OptionTag:0.22333333333333333
setEditor:0.19666666666666666
intEnumEditor:0.14
MultipleWriter:0.13666666666666666
