DefaultRegisteredServiceAccessStrategy:0.6033333333333334
RegisteredServiceAccessStrategy:0.6031111111111112
WebUtils:0.3433333333333333
JsonServiceRegistryDaoTests:0.14666666666666667
