FooInvocationHandler:0.5368888888888889
BarInvocationHandler:0.35333333333333333
TestNotification:0.3433333333333333
