Transformed:0.8486111111111111
Signature:0.5366666666666666
TransformClassVisitor:0.41333333333333333
TransformCodeVisitor:0.2833333333333333
TestTransformVisistor:0.19111111111111112
PersistenceCapableImpl:0.13666666666666666
