Terminal:0.4166666666666667
InstallPluginCommandTests:0.39
InstallPluginCommand:0.3333333333333333
TerminalProgressInputStream:0.09333333333333334
