WebClient:0.7466666666666667
JavaScriptJobManagerImpl:0.3416666666666667
WebClientWaitForBackgroundJobsTest:0.22333333333333333
