ChannelSet:0.5166666666666667
ChannelSetBuilder:0.31666666666666665
HashSemiJoinOperator:0.25
SetSupplier:0.20333333333333334
