PhysicalCondition:0.5466666666666666
Skill:0.4929444444444444
TendGreenhouse:0.37333333333333335
SkillManager:0.36666666666666664
CollectResourcesMission:0.25
TravelToSettlement:0.19666666666666666
