MangoScriptWindow:0.63
ScriptSaveAction:0.39666666666666667
ScriptOpenAction:0.19666666666666666
CloseCaseAction:0.16111111111111112
Perspective:0.043333333333333335
