MongoCredential:0.6866666666666666
MongoClientURI:0.39
MongoCredentialTest:0.25
GSSAPIAuthenticator:0.14
PlainAuthenticator:0.13666666666666666
