CorpusActionServiceImpl:0.465
AuthenticationServiceImpl:0.4077777777777778
UIServiceImpl:0.3233333333333333
