XmlResourceParserImpl:0.4066666666666667
ResourceParser:0.36666666666666664
XmlBlockLoaderTest:0.30666666666666664
RoboAttributeSet:0.29
ShadowResources:0.19
ShadowResourcesTest:0.15
Lollipop_R_snippet:0.10838095238095237
FakeResourceLoader:0.05333333333333334
