JbpmExecutionLogic:0.53
TemporaryGroupAssignHelper:0.41333333333333333
Timer:0.39
ITemporaryGroupAssignHelper:0.2946666666666667
