Simulation:0.5366666666666666
MasterClock:0.5011111111111111
PhysicalCondition:0.33666666666666667
