InfoUpdaterTest:0.6766666666666666
Instance:0.62
InstanceRepository:0.52
InfoUpdater:0.31333333333333335
EventSourcingInstanceRepository:0.23
EventSourcingInstanceRepositoryTest:0.19666666666666666
Endpoints:0.14333333333333334
ApplicationsController:0.12833333333333333
StatusUpdater:0.075
InstancesController:0.051666666666666666
StatusUpdaterTest:0.051666666666666666
InstanceRegistryTest:0.045
InstanceRegistry:0.043333333333333335
EndpointDetectorTest:0.03944444444444445
AdminServerWebConfiguration:0.016388888888888887
InstanceDiscoveryListenerTest:0.01
EndpointDetector:0.006666666666666667
InstanceTest:0.0
