ShadowDialog:0.5633333333333334
ShadowAlertDialog:0.45666666666666667
ShadowBuilder:0.24333333333333335
AlertDialogTest:0.24
DialogTest:0.2
