FrameBuilder:0.5266666666666666
Draft:0.4633333333333333
Charsetfunctions:0.33666666666666667
Draft_10:0.33
WebSocket:0.3
FramedataImpl1:0.29
CloseFrameBuilder:0.2833333333333333
WebSocketListener:0.23
WebSocketServer:0.21666666666666667
ChatServer:0.21666666666666667
WebSocketClient:0.21666666666666667
WebSocketAdapter:0.18
Draft_75:0.16333333333333333
AutobahnServerTest:0.09666666666666666
AutobahnClientTest:0.09666666666666666
IncompleteException:0.03666666666666667
