Autocompleter:0.7608333333333334
AutocompleterTag:0.5266666666666666
AutocompleterTest:0.29333333333333333
