Label:0.5333333333333333
ScrollPane:0.52
TextButton:0.38
ImageTextButton:0.2833333333333333
