Sample:0.38172222222222224
Substitution:0.35
AdviceTest:0.32666666666666666
MemberSubstitutionTest:0.21666666666666667
ForOrigin:0.2030952380952381
ModifierAdjustmentTest:0.18666666666666668
ForElementMatchers:0.18666666666666668
MemberSubstitution:0.18666666666666668
MethodCallTest:0.18333333333333332
ForAllArguments:0.18333333333333332
ModifierAdjustment:0.18
Resolved:0.17333333333333334
Compound:0.17333333333333334
Unresolved:0.17
WithCustomMapping:0.17
ForStackManipulation:0.17
CustomAdvice:0.14833333333333334
Illegal:0.14
SubstitutingMethodVisitor:0.13333333333333333
MemberRemoval:0.12333333333333334
ForUnusedValue:0.11
ForThisReference:0.10666666666666667
ForReturnValue:0.1
ForThrowable:0.09666666666666666
Factory:0.09333333333333334
ForConstantValue:0.07
OfDefaultValue:0.056666666666666664
OfAnnotationProperty:0.05333333333333334
MemberRemovalTest:0.025833333333333333
VirtualMethodCallSubstitutionSample:0.0025
BoxedArgumentsObjectTypeAdvice:0.0025
