DownloadTransferTableModel:0.7833333333333333
DownloadTransfersPanel:0.4066666666666667
DownloadCandidatesListener:0.3433333333333333
