TextToTransitionCriteriaTests:0.37
TextToViewSelectorTests:0.18666666666666668
TextToTransitionCriteria:0.11333333333333333
TextToViewSelector:0.11333333333333333
