RadicalSiteInitiationReaction:0.6897222222222222
RadicalSiteInitiationReactionTest:0.39666666666666667
