Predicate:0.71
DefaultModel:0.3433333333333333
Interpreter:0.3
PluginAction:0.20666666666666667
