List:0.58
Stack:0.5366666666666666
Value:0.33
StackTest:0.2733333333333333
RedBlackTree:0.2611111111111111
Gen:0.23666666666666666
AbstractValueTest:0.22333333333333333
