CompressionServletResponseWrapper:0.38
HttpTransportManager:0.3333333333333333
HttpOutgoingTransport:0.3233333333333333
CompressionFilter:0.24333333333333335
CompressionResponseStream:0.22666666666666666
ParameterConstants:0.12169841269841271
CompressionExperiment:0.06333333333333334
