ClusterService:0.555
SelectorBase:0.38666666666666666
AbstractSelectionHandler:0.22666666666666666
