XmlrpcdConfigFactory:0.44
Xmlrpcd:0.32666666666666666
XmlRpcNotifier:0.29333333333333333
BroadcastEventProcessor:0.15
EventQueueProcessor:0.14333333333333334
XmlRpcTest:0.06666666666666667
