GTS:0.75
AbstractGraphState:0.38666666666666666
StatisticsReporter:0.25666666666666665
LTSJVertex:0.2561111111111111
ExploreData:0.24222222222222223
LTSDisplay:0.21222222222222223
LabelValue:0.20666666666666667
