ExpressionInterpreter:0.4666666666666667
RewritingVisitor:0.44666666666666666
Visitor:0.37333333333333335
TestExpressionInterpreter:0.3333333333333333
NodeRewriter:0.32
Formatter:0.32
DefaultTraversalVisitor:0.32
AstVisitor:0.23666666666666666
