IterationListener:0.7133333333333334
BarnesHutTsne:0.36
Tsne:0.3233333333333333
BaseOptimizer:0.30333333333333334
IterationGradientDescent:0.19333333333333333
ComposableIterationListener:0.13333333333333333
