DefaultClassifier:0.6797222222222223
LocalRepoObjectIterator:0.39222222222222225
