Flyway:0.7933333333333333
MetaDataTable:0.6775
MetaDataTableImpl:0.37666666666666665
MigrationInfoServiceImplSmallTest:0.20333333333333334
DbMigrator:0.19666666666666668
MigrationInfoDumperSmallTest:0.11333333333333333
ConcurrentMigrationTestCase:0.09
