AxiomSoapMessage:0.48
WebServiceTemplateIntegrationTest:0.33
ServerTestSetup:0.25666666666666665
AbstractSoapServlet:0.22
SoapFaultServlet:0.10527777777777778
AttachmentsServlet:0.02
