Configuration:0.4533333333333333
RxGalleryFinal:0.36333333333333334
MediaGridFragment:0.35
RxGalleryFinalApi:0.30666666666666664
BucketAdapter:0.2227777777777778
MediaGridAdapter:0.21
FrescoImageLoader:0.20333333333333334
AbsImageLoader:0.12
MediaPreviewAdapter:0.10333333333333333
ImageLoaderActivity:0.1
GridViewHolder:0.043333333333333335
GlideImageLoader:0.043333333333333335
PicassoImageLoader:0.03666666666666667
UniversalImageLoader:0.023333333333333334
