Column:0.5233333333333333
Result:0.4066666666666667
Expression:0.32
Index:0.25
TransferDb:0.19
jdbcResultSetMetaData:0.18
SetFunction:0.1588888888888889
