HttpPageBufferClient:0.34
OperatorStats:0.30333333333333334
ExecutionStats:0.25
ExchangeClientStatus:0.18666666666666668
PageResponseHandler:0.13888888888888887
ExchangePageIterator:0.08666666666666667
