BinderHelper:0.6466666666666666
WebKeys:0.5040555555555557
AjaxController:0.30333333333333334
WorkflowViewer:0.2683333333333333
EntryWorkflowHistoryController:0.22333333333333333
TypeToFindAjaxController:0.16333333333333333
