Matrix4:0.5933333333333334
Quaternion:0.36333333333333334
MathUtils:0.36333333333333334
Vector3:0.35
Vector2:0.29333333333333333
Matrix3:0.21333333333333335
