XMLDOMDocument:0.7966666666666666
ExternalTest:0.4166666666666667
XMLDOMDocumentFragmentTest:0.2833333333333333
