Item:0.55
PercolatorService:0.3188888888888889
TransportMultiPercolateAction:0.24666666666666667
TransportHandler:0.21666666666666667
TransportPercolateAction:0.20666666666666667
MultiPercolateResponse:0.19666666666666666
BroadcastShardOperationRequest:0.17
PercolateShardRequest:0.14333333333333334
ActionModule:0.1
MultiPercolatorTests:0.07
RecoveryPercolatorTests:0.023333333333333334
