NettyClientTransport:0.5233333333333333
NettyChannelBuilder:0.44666666666666666
NettyTransportFactory:0.31
NettyClientTransportTest:0.2633333333333333
EchoServerListener:0.13666666666666666
