BitmapFont:0.8833333333333333
BitmapFontCache:0.44
Label:0.3333333333333333
