GwtTeamingMessages:0.506388888888889
GwtClientHelper:0.4033333333333333
CollectionView:0.34
BreadCrumbPanel:0.22666666666666666
TreeDisplayVertical:0.21333333333333335
ContentControl:0.19
