OkHttpClientTransportTest:0.51
NettyClientHandler:0.45666666666666667
OkHttpClientTransport:0.4033333333333333
NettyClientTransport:0.27666666666666667
NettyClientTransportTest:0.22333333333333333
NettyClientHandlerTest:0.21333333333333335
ClientFrameHandler:0.20333333333333334
NettyTransportFactory:0.14
OkHttpTransportFactory:0.043333333333333335
