Maplist:0.42333333333333334
MaplistCell:0.36333333333333334
MaplistMerge:0.36
StructureConvert:0.2889722222222222
FilterConvertImpl:0.2889722222222222
MaplistRebuild:0.07
MaplistEach:0.043333333333333335
MaplistConvert:0.0011111111111111111
MaplistCompile:0.0011111111111111111
