XMLDocument:0.6166666666666667
ActiveXObject:0.42
DOMParser:0.34
DOMParserTest:0.24
SimpleScriptableTest:0.21666666666666667
