PMPReader:0.9233333333333333
PMPReaderTest:0.25333333333333335
