RequestInfo:0.7186111111111111
GwtUIHelper:0.4533333333333333
CopyMoveEntriesDlg:0.35333333333333333
WebKeys:0.016666666666666666
