RepositoryService:0.8233333333333334
FileRepositoryService:0.4866666666666667
RepositoryServiceUtil:0.25
GenericWebdavRepositoryService:0.16
