RowsBatchIterator:0.6566666666666666
RowsCollector:0.5366666666666666
CompositeCollectorTest:0.32
ShardCollectSource:0.30333333333333334
