ParserATNSimulator:0.44333333333333336
TestATNParserPrediction:0.32666666666666666
TestFullContextParsing:0.30666666666666664
DFASerializer:0.20666666666666667
