Parens:0.6233333333333333
Mode:0.5033333333333333
AlignParameter:0.21333333333333335
DeepIndentRule:0.15333333333333332
