ResourceProcess:0.5633333333333334
BuildingConfig:0.33666666666666667
GoodsManager:0.22333333333333333
