ServerWrapperDebugBufferTest:0.8508333333333333
DebugBufferHandler:0.6233333333333333
