Groove:0.5802777777777778
GenerateProgressMonitor:0.35333333333333333
