TextureData:0.68
Texture:0.5166666666666667
MipMapGenerator:0.26666666666666666
PixmapTextureData:0.20333333333333334
FloatTextureData:0.175
FileTextureData:0.16
ETC1TextureData:0.14333333333333334
