SimpleQueryStringBuilder:0.44
QueryStringQueryBuilder:0.4266666666666667
QueryStringIT:0.24333333333333335
Settings:0.21666666666666667
SimpleQueryStringBuilderTests:0.19688888888888886
SimpleQueryStringIT:0.05333333333333334
