SunshineRaytracer:0.4866666666666667
TextureHandler:0.46
MyKernel:0.25
GenRayKernel:0.23199999999999998
Testumgebung:0.17666666666666667
SunshineSceneVisitor:0.12666666666666668
