Settings:0.5866666666666667
Tools:0.49333333333333335
AbstractBinding:0.304
SettingsTools:0.23333333333333334
