ErrorMatcher:0.6133333333333333
ErrorListModel:0.44333333333333336
ConsolePlugin:0.37
ErrorsOptionPane:0.30333333333333334
CommandOutputParser:0.15888888888888889
ActionHandler:0.13
