ChartUtils:0.4633333333333333
ChartSelection:0.39666666666666667
CellSelection:0.22
PlotPointData:0.17
CellData:0.17
