FeatureEditorDialog:0.75
GeneEditPanel:0.5233333333333333
TestApollo:0.34
FeatureTypeItemListener:0.33666666666666667
