EntityManagerFactoryBuilderImpl:0.5433333333333333
JpaIntegrator:0.5266666666666666
EntityManagerFactoryBuilder:0.41833333333333333
