Help:0.73
NotepadEditorDesigner:0.38333333333333336
HTMLAutodiscovery:0.3333333333333333
StringList:0.21166666666666667
