ExceptionMapper:0.5866666666666667
Spark:0.42333333333333334
MatcherFilter:0.22
