WebUtils:0.615
ThreadLocalPrincipalResolverTests:0.2733333333333333
PolicyBasedAuthenticationManager:0.23666666666666666
DefaultCentralAuthenticationService:0.20333333333333334
CasFiltersConfiguration:0.19666666666666666
SurrogateAuthenticationPostProcessor:0.19166666666666668
SurrogateAuthenticationConfiguration:0.11666666666666667
ThreadLocalPrincipalResolver:0.11666666666666667
SurrogateWebflowEventResolver:0.09333333333333334
MultifactorAuthenticationSetTrustAction:0.08
SurrogateAuthorizationAction:0.08
DefaultSingleSignOnParticipationStrategy:0.08
BaseAuditableExecution:0.02
