Rule:0.6133333333333333
Condition:0.6
Search:0.47
RuleMatch:0.44666666666666666
SPORule:0.43333333333333335
AbstractCondition:0.42
Visitor:0.36
SearchPlanStrategy:0.33666666666666667
Collector:0.28
RegExprEdgeSearchItem:0.27666666666666667
PreMatch:0.26
ForallCondition:0.25
Finder:0.23333333333333334
SPOEvent:0.23333333333333334
EdgeEmbargo:0.23
ReteNetwork:0.22666666666666666
Level:0.22333333333333333
NodeTypeSearchItem:0.20333333333333334
MatchSetCollector:0.2
Edge2SearchItem:0.19666666666666666
RuleDependencies:0.19666666666666666
VarEdgeSearchItem:0.19333333333333333
NACTest:0.19
ReteSearchEngine:0.19
Edge2SingularRecord:0.18666666666666668
RegExprEdgeSingularRecord:0.18666666666666668
ReteNetworkTest:0.18333333333333332
Edge2MultipleRecord:0.18333333333333332
VarEdgeMultipleRecord:0.18166666666666667
NodeSearchItem:0.17388888888888887
ForallSearchItem:0.17
NodeTypeMultipleRecord:0.17
NodeTypeSingularRecord:0.17
ForallRecord:0.17
ConditionSearchItem:0.16666666666666666
OperatorEdgeRecord:0.16
VarEdgeSingularRecord:0.16
AbstractMatchStrategy:0.15166666666666667
NotCondition:0.12666666666666668
ItemTypeComparator:0.12333333333333334
PlanData:0.11833333333333333
ReteLinearStrategy:0.11666666666666667
ReteStrategy:0.10333333333333333
SearchPlanEngine:0.08444444444444445
MatchStrategy:0.06666666666666667
EqualitySearchItem:0.06666666666666667
ReteMatchSetCollector:0.058333333333333334
Simple:0.03333333333333333
