FormLocator:0.5133333333333333
FreelancerFormBean:0.3466666666666667
FreelancerController:0.2633333333333333
WebServiceContext:0.23666666666666666
AdminController:0.12333333333333334
KIASServlet:0.09666666666666666
WebService:0.095
WebServiceImpl:0.03333333333333333
ContactTypeRenderer:0.013333333333333334
UserController:0.006666666666666667
ProfileIndexerService:0.0
UserFormBean:0.0
ProfileIndexerServiceImpl:0.0
