SpringSecurityLdapTemplate:0.29333333333333333
AbstractLdapAuthenticator:0.27666666666666667
LdapUserDetailsMapper:0.25666666666666665
FilterBasedLdapUserSearch:0.24444444444444446
LdapAuthenticationProvider:0.24
PasswordComparisonAuthenticatorTests:0.20666666666666667
DefaultLdapAuthoritiesPopulator:0.20666666666666667
MockAuthenticator:0.20333333333333334
BindAuthenticator:0.19333333333333333
FilterBasedLdapUserSearchTests:0.16333333333333333
LdapUserDetailsMapperTests:0.16333333333333333
BindAuthenticatorTests:0.15
LdapShaPasswordEncoder:0.14666666666666667
DefaultLdapAuthoritiesPopulatorTests:0.14333333333333334
PasswordComparisonAuthenticator:0.11333333333333333
LdapAuthoritiesPopulator:0.08666666666666667
LdapAuthenticationProviderTests:0.08666666666666667
NullAuthoritiesPopulator:0.023333333333333334
MockUserSearch:0.023333333333333334
MockAuthoritiesPopulator:0.023333333333333334
