TestPublisherQueue:0.8466666666666667
PublisherQueueSessionBean:0.5383333333333333
