UploadState:0.48
CompletedUploadCountStatistic:0.39
DownloadEngine:0.35333333333333333
StatusBar:0.20111111111111113
StatisticProviderConstants:0.011111111111111112
