PathMacros:0.7066666666666667
MadvocConfig:0.5333333333333333
PathMacroTest:0.4033333333333333
RouteMadvocConfigurator:0.19
ActionPathMacroManager:0.12333333333333334
BasePathMacros:0.10666666666666667
RegExpPathMacros:0.03
