UpdatableTable:0.6066666666666667
TableDefinition:0.5266666666666666
AbstractRecord:0.4033333333333333
Executor:0.3333333333333333
UpdatableRecordImpl:0.3233333333333333
LoaderImpl:0.2733333333333333
DAOImpl:0.21333333333333335
DefaultGeneratorStrategy:0.20666666666666667
MergeImpl:0.20444444444444446
AbstractTableDefinition:0.20333333333333334
InsertQueryImpl:0.20333333333333334
JavaGenerator:0.19666666666666666
GeneratorStrategyWrapper:0.18666666666666668
MetaUpdatableTable:0.12333333333333334
UpdatableTableImpl:0.10333333333333333
