ComplexAttribute:0.5466666666666666
Attribute:0.5313888888888889
