ConnectionManager:0.7233333333333334
NodeEngineImpl:0.30666666666666664
MemberPacketReader:0.2966666666666667
MockConnection:0.2733333333333333
NodeIOService:0.22333333333333333
OperationServiceImpl:0.22111111111111115
EventServiceImpl:0.21166666666666667
MockIOService:0.21
DefaultNodeExtension:0.17
TcpIpConnectionManager:0.17
WanNoDelayReplication:0.16333333333333333
MemberPacketReaderTest:0.13333333333333333
MockConnectionManager:0.08333333333333333
SendTask:0.02
MockPacketDispatcher:0.0025
