FileModule:0.59
SearchFilter:0.36
ResourceUtil:0.31666666666666665
LinkUriUtil:0.30666666666666664
SearchUtils:0.26
AbstractEntryProcessor:0.25666666666666665
FileModuleImpl:0.24
DefaultProfileCoreProcessor:0.23388888888888887
AbstractBinderProcessor:0.22
AbstractBinderResource:0.18666666666666668
SearchFilterToSearchBooleanConverter:0.16666666666666666
ProfileIndexUtils:0.14444444444444443
SelfResource:0.12666666666666668
SearchFilterKeys:0.06
UserBriefBuilder:0.006666666666666667
PrincipalBriefBuilder:0.0
