DriverDataSource:0.64
DbSupportFactory:0.26666666666666666
GreenPlum:0.13166666666666665
EnterpriseDB:0.13166666666666665
