EditUtils:0.5666666666666667
Session:0.47904761904761906
GetSwitchToolTips:0.08333333333333333
Params:0.02
