MiscCodec:0.57
ParserConfig:0.4666666666666667
SerializeConfig:0.2833333333333333
FastMatchCheckTest:0.24333333333333335
InetAddressDeserializerTest:0.15666666666666668
