TcpIpConnection:0.47
SpinningSocketWriter:0.29333333333333333
SpinningSocketReader:0.2852777777777778
NonBlockingSocketWriter:0.24333333333333335
NonBlockingSocketReader:0.21
AbstractHandler:0.21
