PosPanel:0.47333333333333333
PrintWorkerPO:0.43333333333333335
Server:0.41
message:0.2866666666666667
PushButton:0.2833333333333333
MPrinterDriver:0.21916666666666668
CollectionPanel:0.205
Transaction:0.2
PrinterDocumentCtrl:0.19666666666666666
PrintLineCanceledList:0.19666666666666666
MPrinterDocumentFormat:0.195
ErrorPanel:0.18
PrintHandler:0.17555555555555558
RenditionPanel:0.17
PrintCreditCardList:0.16
Constants:0.14666666666666667
ParseFormat:0.13666666666666666
MessageCreator:0.13583333333333333
PrintFormatXMLParser:0.1
MessageServerStep:0.04666666666666667
MessageWizardLauncher:0.013333333333333334
FinishStep:0.0
