Cursor:0.7266666666666667
ForwardingCursor:0.3233333333333333
UncompressedCursor:0.31666666666666665
UncompressedLongCursor:0.28
UncompressedSliceCursor:0.28
DictionaryEncodedCursor:0.23333333333333334
RunLengthEncodedCursor:0.22333333333333333
FilteredValueCursor:0.21666666666666667
ValueCursor:0.21
GroupByBlockStream:0.11
