OkBuffer:0.6633333333333333
DeflaterSink:0.44666666666666666
DeflaterSinkTest:0.09333333333333334
