DSLContext:0.7122222222222222
DefaultDSLContext:0.5652222222222222
