HtmlPage:0.7966666666666666
HtmlAppletTest:0.22333333333333333
DomNodeListTest:0.16666666666666666
