AnnotationSet:0.8766666666666667
AnnotationSetImpl:0.49333333333333335
TestAnnotation:0.3233333333333333
