ClassMetadata:0.5822222222222222
ClassMetadataLight:0.547611111111111
