Generator:0.51
Template:0.39
CommandLineTool:0.30666666666666664
GraphReporter:0.2821666666666667
Template0:0.2733333333333333
CTLModelChecker:0.25333333333333335
Serialized:0.24666666666666667
Imager:0.22666666666666666
LTLBenchmarker:0.21666666666666667
Exploration:0.20333333333333334
AcceptorEnumerator:0.1522222222222222
StrategyEnumerator:0.15
TemplatedOption:0.07333333333333333
PSequence:0.06
StringConsumer:0.058333333333333334
StrategyOptionOld:0.055
ResultOption:0.055
TemplateList:0.05333333333333334
Template2:0.05333333333333334
PIdentifier:0.04666666666666667
Template1:0.04
PNumber:0.04
SerializedParser:0.03666666666666667
KeywordParser:0.03666666666666667
PLiteral:0.03333333333333333
POptional:0.016666666666666666
PSeparated:0.006666666666666667
