Channels:0.6866666666666666
NettyAsyncHttpProviderConfig:0.43333333333333335
DefaultChannelPool:0.38666666666666666
