Building:0.4533333333333333
Person:0.39666666666666667
CollectionUtils:0.39
RelationshipManager:0.32666666666666666
MalfunctionManager:0.3
Teach:0.2733333333333333
UnitTableModel:0.25333333333333335
TradeTableModel:0.24666666666666667
MissionDataBean:0.23333333333333334
HTMLContentPane:0.22166666666666668
Airlock:0.21838888888888888
MedicalStation:0.21666666666666667
AddMembersDialog:0.21333333333333335
MaintainGroundVehicleEVA:0.21
MaintainGroundVehicleGarage:0.20333333333333334
MalfunctionFactory:0.20333333333333334
VehicleMaintenance:0.2
EquipmentTableModel:0.19666666666666666
TravelToSettlement:0.1658888888888889
CreditTableModel:0.15333333333333332
Resupply:0.15
MembersPanel:0.14333333333333334
VehicleMaintenanceBuildingPanel:0.13833333333333334
PersonTableModel:0.13666666666666666
SearchWindow:0.125
MembersTableModel:0.11
InhabitableBuildingPanel:0.10833333333333334
VehicleTableModel:0.1025
PeopleTableModel:0.09666666666666666
TestCreditManager:0.09333333333333334
SettlementTableModel:0.08583333333333333
