PersistenceHelper:0.6766666666666666
SubjectDAO:0.37
CodeDAO:0.345
SubjectIdentifierDomainDAO:0.22166666666666668
SubjectTelecomAddressDAO:0.21666666666666667
SubjectNameDAO:0.21666666666666667
SubjectAddressDAO:0.21666666666666667
AbstractDAO:0.21333333333333335
SubjectMatchFieldsDAO:0.18444444444444444
SubjectCrossReferenceDAO:0.17111111111111113
SubjectIdentifierDAO:0.16666666666666666
SubjectPersonalRelationshipDAO:0.12666666666666668
