DictionaryRelationSerializer:0.6166666666666667
DictionaryTableSerializer:0.29333333333333333
DictionaryModelSerializer:0.2866666666666667
