FileModule:0.6337777777777778
AbstractEntryProcessor:0.4066666666666667
AbstractBinderProcessor:0.35
UncheckedCodedException:0.2377777777777778
FileModuleImpl:0.21333333333333335
ContentFilter:0.0938095238095238
XSSContentFilter:0.05333333333333334
DummyContentFilter:0.03333333333333333
