SeqWrapper:0.6144444444444445
BaseMouseListener:0.35333333333333333
