IMoleculesEditorModel:0.62
MoleculesEditor:0.44333333333333336
MoleculeTableContentProvider:0.30333333333333334
MultiPageMoleculesEditorPart:0.25
MoleculesFromSDF:0.21333333333333335
MoleculesFromSMI:0.21333333333333335
SDFIndexEditorModel:0.16666666666666666
MoleculeTableViewer:0.14333333333333334
