Native:0.76
CallbacksTest:0.32666666666666666
JNAUnloadTest:0.20333333333333334
