UniqueId:0.42333333333333334
DiscoverySelectorResolverTests:0.3466666666666667
Segment:0.2966666666666667
TestTemplateInvocationTests:0.2633333333333333
Creation:0.22666666666666666
TestFactoryTestDescriptor:0.17
JavaElementsResolver:0.16333333333333333
DynamicNodeGenerationTests:0.14
MyDynamicTestCase:0.125
TestTemplateTestDescriptor:0.1
AbstractJupiterTestEngineTests:0.07
DynamicContainerTestDescriptor:0.05
Prefixing:0.013333333333333334
