KuwaibaService:0.6711111111111111
MetadataEntityManagerImpl:0.4166666666666667
