BackendRegistry:0.3466666666666667
RegistryPatientIdentityFeed:0.33
UpdateDocumentSetRequest:0.2733333333333333
DeleteDocumentSetCommand:0.25666666666666665
AdhocQueryRequest:0.23
MetadataUpdateHelper:0.19666666666666666
DeleteDocumentSetRequest:0.18333333333333332
OmarRegistry:0.1588888888888889
DeleteDocumentSetCommandValidator:0.025833333333333333
