MergeTest:0.7103333333333333
DefaultMergeEventListener:0.4207777777777778
