AnnotationValidationConfigurationBuilder:0.6038888888888888
AnnotationValidationConfigurationBuilderTest:0.39666666666666667
