MethodSelector:0.5266666666666666
ClassSelector:0.36666666666666664
DiscoveryRequestCreatorTests:0.25666666666666665
Discovery:0.21333333333333335
DiscoverySelectionTests:0.19333333333333333
MethodSelectorResolver:0.10666666666666667
ClassSelectorResolver:0.09
