SimulatorModel:0.6466666666666666
StateList:0.36
StateTreeNode:0.24833333333333332
MatchTreeNode:0.21166666666666667
StateCellRenderer:0.20845238095238094
StateSelectionListener:0.2037777777777778
StateMouseListener:0.18222222222222223
TransitionComparator:0.04777777777777777
