KerasLayer:0.48833333333333334
KerasLayerTest:0.2633333333333333
KerasInput:0.22166666666666668
KerasZeroPadding:0.20833333333333334
