OptionSpec:0.5033333333333333
OverlayEngine:0.37
AttributeMapping:0.3566666666666667
CommandLine:0.32666666666666666
CombinedSchema:0.2603333333333333
SimpleGMLReader:0.18
