UserExt:0.9266666666666666
ArticleProcessor:0.36333333333333334
Filler:0.33
InitService:0.2966666666666667
AdminConsole:0.16666666666666666
UserMgmtService:0.16666666666666666
UpgradeProcessor:0.15333333333333332
InitProcessor:0.12
UserRepositoryImplTestCase:0.08666666666666667
