Subscription:0.9266666666666666
JUTestSubscriptionEscapes:0.043333333333333335
