ServiceInfo:0.6
DefaultDaemonStatusService:0.20666666666666667
DaemonStatusService:0.155
JmxDaemonStatusDao:0.14333333333333334
DaemonStatusController:0.13333333333333333
