SinglePhaseTransducer:0.5466666666666666
RuleAction:0.2833333333333333
AnnotationsByOffset:0.24666666666666667
JapecTransducer:0.10666666666666667
