AtmosphereResourceImpl:0.485
JSR356ServerApplicationConfig:0.21333333333333335
ApplicationConfig:0.18833333333333332
