NettyServer:0.43666666666666665
NettyServerHandler:0.37333333333333335
NettyServerTransport:0.32
NettyHandlerTestBase:0.27666666666666667
NettyServerHandlerTest:0.19
