LuceneQueryBuilderIntegrationTest:0.5616666666666666
LuceneQueryBuilderTest:0.4517777777777778
