Button:0.5433333333333333
MButton:0.39
LookAndFeelPlugin:0.3088888888888889
Tabs:0.2833333333333333
MDialog:0.27666666666666667
MToolBar:0.23333333333333334
