DOMImplementation:0.43333333333333335
DOMImplementationTest:0.24800000000000003
