AsynchronousProcessor:0.5
DefaultWebSocketProcessor:0.42
ReflectorServletProcessor:0.33666666666666667
FrameworkConfig:0.19061111111111112
DefaultAnnotationProcessor:0.16
