JFXEventLogger:0.36
MapItemsPanel:0.25
MapsPluginItemsListConstructor:0.24333333333333335
MapsPanel:0.23
EmbeddedWindowsManager:0.21694444444444447
JFXUtilsFactory:0.21416666666666667
MapsDFLoaderListener:0.20666666666666667
MapItemPanelFactory:0.19666666666666666
AppendTextRunnable:0.12333333333333334
JFXExtensionFileFilter:0.0961111111111111
