CertificateData:0.7666666666666667
CertificateCreateSessionBean:0.3333333333333333
CertificateStoreSessionBean:0.2
CertificateStoreSessionLocal:0.195
