FieldEditor:0.56
BaseCaAdminCommand:0.49666666666666665
CaEditPublisherCommand:0.3566666666666667
CaEditCertificateProfileCommand:0.3566666666666667
