ClassDescriptor:0.4666666666666667
HopParser:0.42333333333333334
TypeDescriptor:0.4166666666666667
HopSymbolTableWalker:0.29333333333333333
StepFactory:0.275
DFA43:0.22333333333333333
HopVirtualMachine:0.22055555555555553
VariableParameterCommonDescriptor:0.056666666666666664
DFA55:0.035
generic_statement_scope:0.023888888888888887
DFA44:0.02
generic_statement_return:0.017388888888888888
DFA71:0.015
DFA38:0.015
