MapStoreTest:0.3566666666666667
BlockingQueueManager:0.35333333333333333
LockOperationHandler:0.24666666666666667
ClusterQueueTest:0.24333333333333335
RemoveOperationHandler:0.15333333333333332
PutOperationHandler:0.15333333333333332
EvictOperationHandler:0.14503968253968255
SemaphoreTest:0.12333333333333334
