StaticInfoDecoder:0.48333333333333334
StaticInfoEncoder:0.4666666666666667
UpdateDecoder:0.28
StatsInitializationReport:0.2783333333333333
UpdateEncoder:0.21944444444444447
SbeStatsInitializationReport:0.20666666666666667
