MetadataManager:0.46
NativeMetadata:0.2633333333333333
TestingMetadata:0.2633333333333333
ImportMetadata:0.19
