Server:0.6477777777777777
Pluggable:0.41
BasicServer:0.3433333333333333
