ClientCacheProxy:0.5222222222222221
AbstractClientCacheProxyExtension:0.5177777777777778
