ClientClusterServiceImpl:0.6055555555555555
ClusterListenerThread:0.43
ClientProperties:0.37166666666666665
