MP3FileExtractor:0.7033333333333334
MP3FileExtractorTest:0.48333333333333334
AbstractFileExtractor:0.2544444444444444
