RelateToWarehouseAction:0.4866666666666667
RelateToVirtualWarehouseAction:0.4866666666666667
ShowRackViewAction:0.46
