AggregateItem:0.6933333333333334
AggregateItemReader:0.42
RestartFunctionalTests:0.18666666666666668
TradeFieldSetMapper:0.15444444444444444
TradeFieldSetMapperTests:0.14333333333333334
AggregateItemReaderTests:0.10666666666666667
ExceptionThrowingItemReaderProxy:0.09666666666666666
AggregateItemFieldSetMapperTests:0.03666666666666667
AggregateItemFieldSetMapper:0.0033333333333333335
AggregateItemTests:0.0
ResultHolder:0.0
