IOUtils:0.6172222222222223
JSONLexerBase:0.5066666666666667
SerializeWriter:0.3233333333333333
FeatureTest:0.16
