MapControls:0.45
CornerMapControls:0.23666666666666666
MapControlsAction:0.19666666666666666
MiniMapZoomInAction:0.18583333333333332
MiniMapZoomOutAction:0.18583333333333332
ClassicMapControls:0.09666666666666666
