Logic:0.6233333333333333
DataHolder:0.47333333333333333
