NameTable:0.6366666666666667
DefaultMethodsTest:0.38666666666666666
DefaultMethodShimGenerator:0.3
