NNMEvent:0.7516666666666667
EventConfiguration:0.4152777777777778
AbstractNNMEvent:0.37333333333333335
TrapProcessingDaemon:0.24
OpenNMSDaemon:0.21
DefaultNNMEvent:0.1511111111111111
DefaultNNMEventFactory:0.06666666666666667
NNMEventFactory:0.0011111111111111111
