ClassMetadata:0.6933333333333334
HierarchyUtils:0.3233333333333333
BackendBean:0.27
