LatexTextParser:0.6533333333333333
Qedeq2Latex:0.4633333333333333
Qedeq2Wiki:0.3233333333333333
