SqlCursorInputSource:0.5366666666666666
FooDao:0.3811111111111111
Foo:0.38
AbstractDataSourceInputSourceIntegrationTests:0.24333333333333335
AbstractSqlInputSourceIntegrationTests:0.24333333333333335
SqlCursorInputSourceIntegrationTests:0.19
HibernateInputSource:0.17666666666666667
FooRowMapper:0.15822619047619046
HibernateInputSourceIntegrationTests:0.10172222222222221
CompositeKeySqlDrivingQueryInputSource:0.08666666666666667
FooInputSource:0.08333333333333333
IbatisDrivingQueryInputSource:0.07333333333333333
CompositeKeyFooDao:0.07
AbstractDrivingQueryInputSource:0.06333333333333334
IbatisInputSourceIntegrationTests:0.06
IbatisInputSource:0.024761904761904763
CompositeKeySqlDrivingQueryInputSourceIntegrationTests:0.01577777777777778
CompositeKeyRestartDataConverter:0.006666666666666667
SingleKeyFooDao:0.0
