ServerList:0.47333333333333333
Builder:0.45666666666666667
ServerListOrBuilder:0.38633333333333336
