Config:0.58
ClassInfo:0.3933333333333333
ConfigChangeListener:0.36822222222222223
JPF:0.25166666666666665
JPF_java_util_Random:0.15666666666666668
Misc:0.15333333333333332
ConfigListener:0.01
