TestCompositeParsers:0.36333333333333334
TestFullContextParsing:0.36
TestLeftRecursion:0.3466666666666667
TestParserErrors:0.3466666666666667
TestSemPredEvalParser:0.32666666666666666
TestSets:0.3233333333333333
TestLexerExec:0.31666666666666665
TestListeners:0.29333333333333333
TestParseTrees:0.29333333333333333
TestParserExec:0.29
TestSemPredEvalLexer:0.2866666666666667
TestCompositeLexers:0.18
