ElementSet:0.8688888888888887
ElementSetTest:0.23333333333333334
