Channels:0.5780000000000001
MailboxConfig:0.41
MethodDatabase:0.3433333333333333
PrimitiveChannelRingBenchmark:0.3433333333333333
QueueChannel:0.27166666666666667
RequestReplyHelper:0.18
