AsyncBroadcastAction:0.33
SQLReduceJobStatus:0.29
SQLReduceJobRequest:0.24666666666666667
TransportSQLReduceHandler:0.22333333333333333
SQLReduceJobResponse:0.19333333333333333
SQLMapperResultRequest:0.13333333333333333
SQLReduceJobStatusTest:0.13333333333333333
