PrepareDessert:0.6516666666666666
PreparedDessert:0.2140873015873016
