X_C_DocType:0.5992222222222222
PosTicketFormatter:0.5333333333333333
PosModel:0.3
