ElementModel:0.5316666666666666
AbstractWidgetRefHandler:0.3010555555555556
WidgetDefinitionModel:0.2966666666666667
AbstractServerEngine:0.2866666666666667
AppLoggerArea:0.22666666666666666
ARINCDefinition:0.16333333333333333
CheckDefinitionAction:0.15333333333333332
WidgetDefViewer:0.10066666666666667
UpdateCellRenderer:0.1
ElementCellRenderer:0.09861111111111112
