PropsData:0.6288888888888888
BeanTemplateParser:0.5933333333333334
BeanTemplateParserTest:0.2791666666666667
