HtmlApplet:0.7929999999999999
TestCaseCorrector:0.37666666666666665
