StatementGenerator:0.7666666666666667
ObjectiveCImplementationGeneratorTest:0.32
StatementGeneratorTest:0.31333333333333335
ObjectiveCImplementationGenerator:0.26666666666666666
