CertificateData:0.4866666666666667
CertificateStoreSessionBean:0.36666666666666664
CertificateExpirationNotifierWorker:0.29444444444444445
CertificateStoreSession:0.235
BaseWorker:0.21
