AbstractInteropTest:0.43333333333333335
NettyServerHandlerTest:0.27166666666666667
DnsNameResolverTest:0.14416666666666667
ProtocolNegotiatorsTest:0.14416666666666667
WriteQueueTest:0.09166666666666666
ConcurrencyTest:0.09166666666666666
