ProjectionFunction:0.8033333333333333
FilterFunction:0.5033333333333333
ExpressionCompiler:0.2833333333333333
FunctionAssertions:0.28
Visitor:0.25
RecordProjectOperator:0.15444444444444444
TestInterpretedProjectionFunction:0.15333333333333332
InterpretedProjectionFunction:0.14666666666666667
InterpretedFilterFunction:0.13
TestInterpretedFilterFunction:0.12666666666666668
AbstractFilterAndProjectIterator:0.09166666666666666
TupleInputResolver:0.09
TableScanOperator:0.08777777777777777
TestFilterAndProjectOperator:0.07333333333333333
TrueFilterFunction:0.043333333333333335
DoubleFilter:0.043333333333333335
FilterAndProjectIterator:0.03888888888888889
RecordProjectionIterator:0.02
ConcatProjection:0.016666666666666666
Concat:0.0033333333333333335
SingleColumnProjection:0.0033333333333333335
