PingRequest:0.41333333333333333
ZenDiscovery:0.3333333333333333
MasterFaultDetection:0.29333333333333333
SendPingRequest:0.19
PingRequestHandler:0.17333333333333334
NodesFaultDetection:0.15666666666666668
MasterPingRequest:0.15333333333333332
MasterPinger:0.15
ZenFaultDetectionTests:0.13333333333333333
NotMasterException:0.08083333333333333
MasterPingRequestHandler:0.043333333333333335
