StringOutput:0.45916666666666667
TextOutput:0.4
AbstractOutput:0.37333333333333335
