FieldCapabilitiesRequest:0.39
FieldCapabilitiesResponse:0.34
FieldCapabilitiesIndexResponse:0.2833333333333333
RemoteClusterConnection:0.25666666666666665
TransportFieldCapabilitiesAction:0.15666666666666668
TransportFieldCapabilitiesIndexAction:0.155
RemoteClusterService:0.11
RemoteClusterAware:0.10265873015873016
