PortletRequestUtils:0.9033333333333333
WebKeys:0.48611111111111116
ListFolderController:0.2
ViewEntryController:0.15666666666666668
MeetingController:0.12333333333333334
WorkspaceTreeController:0.11666666666666667
