AbstractBinderProcessor:0.41333333333333333
Favorites:0.4033333333333333
EntityIndexUtils:0.35
Constants:0.3028333333333333
AjaxController:0.2966666666666667
