GwtRpcService:0.4948888888888888
GwtServerHelper:0.36333333333333334
GwtTeamingMessages:0.31666666666666665
GwtRpcServiceAsync:0.28444444444444444
GwtRpcServiceImpl:0.26666666666666666
GwtSelfRegistrationInfo:0.23666666666666666
LoginDlg:0.22
ViewPermalinkController:0.17777777777777778
AddEntryController:0.15333333333333332
