CSSStyleSheet:0.7247777777777777
HTMLElement2Test:0.6657777777777778
