ClientInvocation:0.59
ProxyManager:0.37333333333333335
ClientInvocationServiceImpl:0.3433333333333333
DistributedObjectEventHandler:0.19666666666666668
ClientProxyFuture:0.17333333333333334
ClientProperty:0.0
