SimpleJCublas:0.5666666666666667
JCublasNDArrayFactory:0.4666666666666667
JCublasNDArrayTests:0.4266666666666667
