ResourceTable:0.6133333333333333
RuntimeEnvironment:0.49666666666666665
ShadowAssetManager:0.33666666666666667
Robolectric:0.30666666666666664
Visitor:0.2636150793650792
ParallelUniverse:0.23
ParallelUniverseTest:0.19666666666666666
RobolectricTestRunnerSelfTest:0.18
ResourceLoaderTest:0.13333333333333333
ResourceHelper:0.13
ResourceMerger:0.07666666666666666
