CommunicationsStub:0.53
SDHModuleService:0.33305555555555555
SDHModuleTopComponent:0.31333333333333335
LocalTransientQuery:0.27666666666666667
ConnectionGeneralInfoStep:0.25083333333333335
SDHModuleScene:0.24666666666666667
ChooseRouteStep:0.24
AcceptActionProvider:0.19666666666666666
ChooseResourcesStep:0.13666666666666666
SDHConnectionWizard:0.08666666666666667
LocalSDHPosition:0.051666666666666666
LocalObjectLightList:0.030873737373737373
LocalSDHContainerLinkDefinition:0.03
