Key:0.6133333333333333
InjectionPoint:0.3433333333333333
AnnotationTypeStrategy:0.31555555555555553
Parameter:0.30666666666666664
Annotations:0.30333333333333334
InjectionPointTest:0.26666666666666666
MoreTypes:0.21
Factory:0.11
