View:0.6616666666666666
Tab:0.4553333333333333
AJAXTest:0.16333333333333333
