TranslogTests:0.39666666666666667
TranslogWriter:0.3933333333333333
Delete:0.36666666666666664
Checkpoint:0.2966666666666667
