Attr:0.4633333333333333
XmlPage:0.37333333333333335
XmlUtil:0.3333333333333333
XMLDocument:0.27666666666666667
XMLElement:0.27
XMLSerializer:0.2338888888888889
XmlDomAttr:0.19666666666666666
NamedNodeMap:0.18
HtmlUnitPrefixResolver:0.14
XMLAttr:0.08333333333333333
