SimpleIndexQueryParserTests:0.7482777777777778
MetaDataCreateIndexService:0.4205555555555555
