Vehicle:0.49666666666666665
GreenhouseFacility:0.31333333333333335
Rover:0.27666666666666667
SimulationProperties:0.24166666666666667
PropertiesXmlReader:0.18333333333333332
