OntologyViewer:0.5166666666666667
OntologyViewerOptions:0.3
AnnotationAction:0.25333333333333335
OntologyTreePanel:0.20666666666666667
OntologyTreeListener:0.20666666666666667
CheckRenderer:0.013333333333333334
Utils:0.006666666666666667
