ThreadPool:0.7266666666666667
Info:0.6333333333333333
UpdateThreadPoolSettingsTests:0.30333333333333334
SimpleThreadPoolTests:0.12666666666666668
