SpectrumMetadataView:0.5566666666666666
SwitchEditToDisplayAction:0.52
JCampLabelProvider:0.47222222222222227
