BasicAttribute:0.49
ConfiguredClass:0.32666666666666666
AccessHelper:0.32
IdGeneratorBinder:0.2733333333333333
MappedAttribute:0.23333333333333334
SimpleIdentifierSourceImpl:0.21166666666666667
Binder:0.19666666666666666
AssociationAttribute:0.18
IdentifierGeneratorTest:0.15
TypeEnumConversionHelper:0.06333333333333334
NoGenerationEntity:0.023888888888888887
NamedGeneratorEntity2:0.017388888888888888
NamedGeneratorEntity:0.017388888888888888
SequenceEntity:0.017388888888888888
AutoEntity:0.017388888888888888
TableEntity:0.017388888888888888
