ScriptPanel:0.6566666666666666
ScriptPlugin:0.5133333333333333
