MethodHandle:0.5766666666666667
LambdaMethodImplementation:0.41333333333333333
LambdaFactory:0.31333333333333335
LambdaInstanceFactory:0.25333333333333335
