ProductTest:0.27666666666666667
SumTest:0.26666666666666666
IntensityTest:0.25
SumSqrTest:0.18666666666666668
WeightedSumTest:0.18333333333333332
