ServerConfiguration:0.4166666666666667
XMLObjectAttribute:0.38333333333333336
BufferOfItems:0.3233333333333333
ClientWrapper:0.28444444444444444
AbstractClientEngine:0.25
JFXServerWrapper:0.23666666666666666
Utils:0.22133333333333335
ServerXMLExtension:0.18333333333333332
EditorTreeRenderer:0.15333333333333332
