Q:0.4722222222222222
CMap:0.38
Config:0.3433333333333333
TestMapStore:0.2733333333333333
XmlConfigBuilder:0.24
BlockBackupSync:0.20444444444444446
BlockingQueueManager:0.20333333333333334
MapStoreTest:0.14666666666666667
TestEventBasedMapStore:0.12333333333333334
