TimerState:0.3566666666666667
JpdlVersionRegistry:0.34
DesignerEditor:0.31333333333333335
SwimlanedNode:0.20416666666666666
JpdlSerializer_2:0.18333333333333332
EnableReassignmentAction:0.14666666666666667
EnableReassignmentCommand:0.12
OpenFormValidationDelegate:0.10666666666666667
From2JpdlModelConverter:0.10666666666666667
SwimlaneActionsDelegate:0.08666666666666667
DecisionImpl:0.08666666666666667
