GL40:0.6877777777777778
ARB_shader_subroutine:0.43389285714285714
