Message:0.53
CommunicationInterface:0.41
MessagingInterface:0.37666666666666665
CM_asyncExecResponse:0.1717857142857143
CM_asyncExec:0.16111111111111112
MessageProcessingThread:0.13277777777777777
ThreadInfo:0.06666666666666667
