FolderUtils:0.49666666666666665
AbstractBinderProcessor:0.4522222222222222
ObjectKeys:0.18833333333333332
