ByteString:0.6033333333333334
OkBuffer:0.49333333333333335
OkBufferTest:0.33
GzipSourceTest:0.30333333333333334
InflaterSource:0.2577777777777778
GzipSource:0.2227777777777778
DeflaterSink:0.2227777777777778
InflaterSourceTest:0.16
