Connection:0.6833333333333333
Response:0.43
KeyVal:0.35
HttpConnection:0.22
FormElement:0.18666666666666668
Base:0.17333333333333334
DataUtilTest:0.11
DataUtil:0.08
UrlConnectTest:0.07666666666666666
HttpConnectionTest:0.07333333333333333
