HttpSessionSecurityContextRepositoryTests:0.26666666666666666
MethodSecurityMetadataSourceAdvisorTests:0.25666666666666665
DataSourcePopulator:0.21333333333333335
AnonymousAuthenticationToken:0.21309523809523812
FilterSecurityInterceptor:0.20333333333333334
HttpSessionSecurityContextRepository:0.1877777777777778
UsernamePasswordAuthenticationToken:0.16833333333333333
MethodSecurityMetadataSourceAdvisor:0.15166666666666667
SecureDataSourcePopulator:0.11333333333333333
