DrawableFeatureSet:0.41333333333333333
EnsCGIAdapter:0.30666666666666664
DrawableResultSeqFeature:0.29333333333333333
SRSSequence:0.25
CacheSequenceLoader:0.21333333333333335
AbstractSequence:0.21333333333333335
FindPanel:0.19194444444444445
DetailInfo:0.19111111111111112
ExpandableFeatureSet:0.18244444444444444
DataUtil:0.16777777777777778
