BlogCalendar:0.83
AbstractCalendarPlugin:0.3
VelocityCalendarPlugin:0.16666666666666666
AbstractVisualCalendarPlugin:0.16333333333333333
CalendarFilterPlugin:0.11333333333333333
