TransactionTest:0.6280555555555556
TransactionRecord:0.42
BlockingQueueManager:0.37333333333333335
