ShadowMap:0.44666666666666666
ShadowWrangler:0.4066666666666667
Builder:0.31333333333333335
SandboxTestRunner:0.30666666666666664
