ComponentTester:0.5716666666666667
ScriptEditor:0.5466666666666666
