HtmlInlineFrameTest:0.5066666666666667
HtmlInlineFrame2Test:0.31
HtmlHiddenInput2Test:0.17666666666666667
