Query:0.4666666666666667
Console:0.3433333333333333
ClientOptions:0.3422222222222222
PrestoCliTests:0.34
Presto:0.19777777777777777
