ProxyManager:0.37666666666666665
DistributedObjectEvent:0.37333333333333335
DistributedObjectListenerRequest:0.20166666666666666
ProxyRegistry:0.2
AddDistributedObjectListenerMessageTask:0.17
ProxyEventProcessor:0.15555555555555556
DistributedObjectEventHandler:0.10666666666666667
