Sys:0.4633333333333333
Win32Display:0.33666666666666667
MacOSXDisplay:0.2733333333333333
DisplayImplementation:0.235
LinuxDisplay:0.23333333333333334
