Switch:0.5366666666666666
Location:0.38
Frame:0.32666666666666666
Template:0.32666666666666666
Step:0.32
CallStack:0.2733333333333333
TemplateBuilder:0.2733333333333333
TemplateBuildTest:0.23
ProgramBuildTest:0.21666666666666667
RecipeTest:0.21666666666666667
Program:0.21333333333333335
CallMap:0.2063968253968254
AutomatonBuildTest:0.18333333333333332
SwitchAttempt:0.17333333333333334
Record:0.15444444444444444
Automaton:0.10333333333333333
ControlGraph:0.09777777777777778
StepMatchCollector:0.07916666666666666
Cell:0.02
