BioJavaManager:0.4266666666666667
Activator:0.3408333333333333
BioJavaManagerFactory:0.09
