HostManager:0.6183333333333333
MessageProcessor:0.3375
JobsRunner:0.22666666666666666
