QueryShardContext:0.6566666666666666
AbstractQueryBuilder:0.3466666666666667
TemplateQueryParserTests:0.22
PercolatorFieldMapper:0.20777777777777778
AliasValidator:0.20416666666666666
