GwtQuickViewDlg:0.5416666666666666
PresenceCell:0.37
AssignmentCell:0.31666666666666665
