RrdFileConstants:0.6466666666666666
GraphModelAbstract:0.30666666666666664
ThresholderTestCase:0.25666666666666665
DistributedStatusGraphResourceType:0.23666666666666666
InterfaceGraphResourceType:0.21
ResponseTimeGraphResourceType:0.21
ResponseTimeModel:0.1938888888888889
NodeGraphResourceType:0.19
IndexStorageStrategy:0.15
