ARHostQueue:0.6866666666666666
AdaptiveRevisitFrontier:0.4533333333333333
ARHostQueueList:0.25277777777777777
ARHostQueueTest:0.016666666666666666
