DataLoaderTest:0.53
StatementBuilder:0.5016666666666667
TableTemplate:0.2877777777777778
