Window:0.45433333333333337
DomNode:0.4033333333333333
HtmlPage:0.38333333333333336
Node:0.37666666666666665
HTMLCollection:0.36
Document:0.3233333333333333
EventHandler:0.31833333333333336
SimpleScriptable:0.29333333333333333
BaseFrame:0.28833333333333333
HTMLElement:0.255
FrameWindow:0.25
Location:0.25
JavaScriptEngine:0.20333333333333334
Range:0.2
XSLTProcessor:0.19666666666666666
EventListenersContainer:0.19
XMLDocument:0.19
DescendantElementsIterator:0.18
RowContainer:0.17
Popup:0.16666666666666666
