SiteScapeFileSystem:0.7066666666666667
FileModule:0.5400000000000001
SiteScapeFileSystemLibrary:0.45
CrossContextConstants:0.32777777777777783
WebdavSiteScape:0.25333333333333335
SiteScapeFileSystemImpl:0.24
FileModuleImpl:0.21333333333333335
SiteScapeFileSystemInternal:0.18666666666666668
DispatchServer:0.10666666666666667
