Metadata:0.7766666666666666
MetadataManager:0.37666666666666665
Visitor:0.30333333333333334
AbstractMockMetadata:0.27
DummyMetadata:0.27
