MulticastService:0.8133333333333334
MulticastJoiner:0.47333333333333333
