Notify:0.5
IcalGenerator:0.48
MimeHelper:0.36333333333333334
MailManagerImpl:0.31666666666666665
NotifyBuilderEvent:0.06333333333333334
