Upsampling2D:0.6616666666666666
MultiLayerNeuralNetConfigurationTest:0.2866666666666667
CNNGradientCheckTest:0.2811111111111111
