Console:0.39000878
ConsoleCommand:0.09914866
