EditUtils:0.5233333333333333
Session:0.47904761904761906
GetPositionMD:0.07666666666666666
Params:0.02
