Robot:0.54
AWT:0.5
JTabbedPaneLocation:0.47333333333333333
Log:0.42
JTreeTester:0.33
DefaultComponentFinder:0.2966666666666667
ForkedStepRunner:0.2833333333333333
Annotation:0.2733333333333333
InputState:0.27
ComponentRecorderTest:0.24
RedApplet:0.2305555555555555
GreenApplet:0.2305555555555555
KeyStrokeMap:0.22
ComponentTester:0.21444444444444447
RobotAWTModeTest:0.20666666666666667
AbstractSemanticRecorderTest:0.2
RobotTest:0.19666666666666666
JTabbedPaneRecorder:0.19666666666666666
EventRecorderTest:0.19666666666666666
ImageComparatorTest:0.19444444444444445
AWTMode:0.18333333333333332
JTabbedPaneTester:0.18
ComponentTestFixture:0.17666666666666667
AbstractRecorderTest:0.16666666666666666
KeyStrokeMapTest:0.16333333333333333
JTabbedPaneRecorderTest:0.15
ChoiceRecorder:0.14666666666666667
AppClassLoader:0.145
AllTests:0.14
JTabbedPaneTesterTest:0.13666666666666666
AppEventQueue:0.11666666666666667
ColoredApplet:0.09666666666666666
InputStateTest:0.08666666666666667
JTabbedPaneLocationTest:0.056666666666666664
DragLabel:0.03666666666666667
DropLabel:0.03666666666666667
KeyStrokeMapGenerator:0.03666666666666667
EnterExitListener:0.0025
LogSynchronizer:0.0
