Images:0.4372222222222222
Change:0.28
ActionPropertyDel:0.25666666666666665
Create:0.22
