HazelcastClientMapTest:0.36333333333333334
HazelcastClientTest:0.2966666666666667
HazelcastClientMultiMapTest:0.27666666666666667
DynamicClusterTest:0.22666666666666666
HazelcastClientLockTest:0.22
