TranslateModuleManager:0.57
LocalArrayModel:0.44666666666666666
TranslateReturnUcon:0.18333333333333332
TranslateThrownExceptionUcon:0.15333333333333332
TranslateLoopUcon:0.13
