JdbcChadoAdapter:0.5866666666666667
PureJDBCTransactionWriter:0.4633333333333333
