Request:0.61
JPPFNode:0.3933333333333333
JPPFNodeServer:0.36333333333333334
JPPFNIOServer:0.29
ChannelState:0.27051984126984113
ClassServer:0.18
RemoteClassRequest:0.17333333333333334
CSendingRequest:0.16277777777777785
CWaitingResult:0.0907222222222222
CacheClassKey:0.05
TaskRequest:0.05
CDefiningType:0.028888888888888895
ChannelContext:0.02666666666666667
CReceivingResource:0.026555555555555554
CSendingNodeData:0.020055555555555556
CacheClassContent:0.013333333333333334
CSendingJob:0.0033333333333333335
CWaitingRequest:0.0
