jOOQAbstractTest:0.5922222222222223
AbstractRoutine:0.4066666666666667
RoutineAndUDTTests:0.38333333333333336
