TODHandler:0.8413095238095238
DefaultExecutionTracker:0.48388888888888887
DefaultTODHandler:0.3566666666666667
