MySQLDatabase:0.7955555555555556
InformationSchema:0.3674603174603175
