SaveSettingsAction:0.4116666666666667
ExecutorLogic:0.36
EditSettingsTag:0.3466666666666667
SettingsFileForm:0.27666666666666667
RestoreDefaultSettingsAction:0.27
SystemSettingsTag:0.24
TabHeaderTag:0.22
CommonLogic:0.18
AddSettingsTable:0.14
