CSSStyleDeclaration:0.565
ComputedCSSStyleDeclaration:0.3488888888888889
ComputedCSSStyleDeclarationTest:0.3466666666666667
