HashJoinOperator:0.44666666666666666
TestHashJoinOperator:0.37666666666666665
HashJoinOperatorFactory:0.23666666666666666
ChannelIndex:0.21666666666666667
Visitor:0.21
HashBuilderOperator:0.18666666666666668
HashSupplier:0.15333333333333332
HashBuilderOperatorFactory:0.13666666666666666
