MapService:0.5266666666666666
MapEvent:0.29
IMap:0.2833333333333333
MapProxySupport:0.25333333333333335
