AnnotationProcessor:0.6533333333333334
AtmosphereFramework:0.4666666666666667
DefaultAnnotationProcessor:0.37
