RuleFilterManager:0.5033333333333333
Kons:0.48
RuleFilter:0.4533333333333333
Cons:0.33
LocalVar:0.17666666666666667
RuleFilterStat:0.17173015873015873
OpVar:0.14333333333333334
MethodEntrySymReq:0.11
HeapObjectSymReq:0.11
StringReq:0.11
AlphaSymReq:0.11
GateSymReq:0.11
InvocationSymReq:0.11
ModuleReadOnlySymReq:0.11
PathSymReq:0.11
StringValue:0.11
BinderFrame:0.11
UconSymReq:0.11
InstructionNameReq:0.11
ClassNameSymbolReq:0.11
TranslationSymReq:0.11
InvocationNameSymbolReq:0.11
MethodInstanceSymReq:0.11
InequationSymReq:0.11
EquationSymReq:0.11
MethodSymType:0.11
BinderStack:0.11
HeapItemSymReq:0.11
ResolvedInvocationNameSym:0.11
ConjunctionSymReq:0.11
HeapReq:0.11
StatItemSymReq:0.11
FrameReq:0.11
GenericMethodNameSymReq:0.11
UconReq:0.11
FunctionReq:0.11
CodeSymReq:0.11
StackReq:0.11
InstanceManagerProxySymReq:0.11
InstructionSymReq:0.11
LoopSymReq:0.11
NewWorkerMsg:0.10333333333333333
BaseInvariantAgentProxySym:0.05966666666666667
OpStack:0.05293650793650794
Req:0.05293650793650794
ModuleHypothesisSymReq:0.043333333333333335
BinderHeap:0.043333333333333335
UserInvocationSymReq:0.043333333333333335
LoopInvocationSymReq:0.043333333333333335
BinderStat:0.043333333333333335
MethodInvocationSymReq:0.043333333333333335
ModuleInvocationSymReq:0.043333333333333335
BaseStack:0.04
FoundationSymReq:0.04
ParamSymReq:0.03
LocalVarReq:0.013333333333333334
OpVarReq:0.013333333333333334
PredTransformerReq:0.01
PredicateReq:0.01
