TranslogHandler:0.5068888888888888
InternalEngineTests:0.3333333333333333
