CrawlOrder:0.5533333333333333
FetchHTTP:0.47333333333333333
RecordingInputStream:0.33
TransclusionFilter:0.3211111111111111
