Controller2DModuleMove:0.61
Controller2DHub:0.43666666666666665
IChemModelRelay:0.31333333333333335
