Filter:0.5433333333333333
JerseyBroadcasterUtil:0.14333333333333334
