QSARFormEditor:0.7833333333333333
MoleculesPage:0.3433333333333333
