Config:0.6466666666666666
DatabaseManager:0.5088888888888888
NBrowseFrame:0.41
