MoleculeTableContentProvider:0.41333333333333333
MoleculeTableViewer:0.21333333333333335
Row:0.21
Header:0.14666666666666667
