SearchGenes:0.38
GeneSearcher:0.36
Articles:0.32
SearchAllObjects:0.18333333333333332
SearchArticles:0.18
DisplayPubSource:0.15666666666666668
Reference:0.15666666666666668
