AnalysisRegistry:0.6466666666666666
CustomNormalizerProvider:0.4675
CommonAnalysisFactoryTests:0.3433333333333333
