AttributeTab:0.5933333333333334
FeatureInfoTool:0.39666666666666667
JUMPConfiguration:0.38666666666666666
