RedisCommands:0.4032222222222222
Redisson:0.35333333333333333
RedissonAtomicLong:0.31027777777777776
RedissonKeys:0.27166666666666667
RedissonBitSet:0.26
RedissonLock:0.25
RBitSet:0.14416666666666667
