SimpleSingularAttributeBinding:0.7669444444444444
EntityIdentifier:0.4486111111111111
