TreeUtil:0.58
ObjectiveCHeaderGenerator:0.4033333333333333
ObjectiveCImplementationGenerator:0.31333333333333335
ObjectiveCSourceFileGenerator:0.24666666666666667
