XJBPhex:0.5841666666666666
XJBUpdateRequest:0.4558333333333333
XJBUpdateResponse:0.4550555555555555
XJBUpdateRequestImpl:0.31
Unmarshaller:0.2633333333333333
ObjectFactory:0.22333333333333333
XJBGUITableListImpl:0.22
XJBPhexImpl:0.21
XJBUpdateResponseImpl:0.17
