CertificateProfile:0.6633333333333333
CertTools:0.6040873015873016
