NameTable:0.36333333333333334
StatementGenerator:0.3466666666666667
I:0.3433333333333333
FunInt:0.3272804232804233
FunInt4:0.3272804232804233
LambdaTest:0.25333333333333335
SuperMethodReferenceTest:0.195
MethodReference:0.19
ExpressionMethodReference:0.18666666666666668
ArrayRewriter:0.13666666666666666
XX:0.065
Y:0.06333333333333334
MethodReferenceTest:0.06
J:0.056666666666666664
X:0.04
CreationReferenceTest:0.04
ExpressionMethodReferenceTest:0.04
XXX:0.006666666666666667
