OAuth2LoginAuthenticationFilter:0.58
CommonOAuth2ProviderTests:0.4411111111111111
OAuth2LoginConfigurer:0.3577777777777778
