IOUtils:0.44666666666666666
ProcessEditorContributor:0.3433333333333333
DesignerGraphicalEditorPart:0.25333333333333335
ProcessEditorBase:0.25333333333333335
DiagramEditorPage:0.24666666666666667
DefinitionTreeContentProvider:0.2
GEFActionBarContributor:0.18666666666666668
DiagramContextMenuProvider:0.17277777777777778
