JSEAN:0.4666666666666667
SettingsProp:0.3638888888888889
SeqPanel:0.3233333333333333
BoundaryAdjustPanel:0.31666666666666665
GeneMapXMLFileReader:0.2966666666666667
SpideyDisplayPanel:0.28800000000000003
ALSpideyAlign:0.27666666666666667
RenderPanel:0.27466666666666667
DataPanel:0.27466666666666667
Convert:0.25666666666666665
ALAlign:0.22666666666666666
DirSettingsPanel:0.22355555555555554
FileAccessGBXML:0.20666666666666667
FileIO:0.20400000000000001
RemoteURL:0.19277777777777777
SeanFileAccess:0.17911111111111108
GBXmlModel:0.16444444444444445
DBAccess:0.13333333333333333
AlgLOCAL:0.11166666666666666
DBModule:0.08666666666666667
