Mars:0.5266666666666666
AmountResource:0.31
TableSorter:0.305
BuildingConfig:0.29444444444444445
MapDisplay:0.27666666666666667
MarsClock:0.25166666666666665
VehicleConfig:0.25
MedicalManager:0.24666666666666667
MarsGlobe:0.23833333333333334
MonitorTab:0.22166666666666668
USGSMarsMap:0.21916666666666668
UnitMapLayer:0.205
TendGreenhouse:0.20142857142857143
MaintainGroundVehicleGarage:0.20142857142857143
TerrainElevation:0.19666666666666666
GlobeDisplay:0.195
SettlementConfig:0.19
EVA:0.19
RepairMalfunction:0.18476190476190477
VehicleDisplayInfoBean:0.18333333333333332
Rover:0.17666666666666667
EVASuit:0.16666666666666666
Workout:0.16642857142857143
OrbitInfo:0.15642857142857144
ItemResource:0.15166666666666667
ShadingMapLayer:0.13
TableProperties:0.11666666666666667
PowerGridTabPanel:0.10666666666666667
Container:0.10666666666666667
GeneralTabPanel:0.10666666666666667
MalfunctionFactory:0.08666666666666667
EquipmentFactory:0.043333333333333335
SpecimenContainer:0.013333333333333334
GasCanister:0.01
Bag:0.01
Barrel:0.01
