SqlTaskManager:0.6561111111111111
MemoryManagerConfig:0.33666666666666667
LocalMemoryManager:0.3333333333333333
TestSqlTaskManager:0.32666666666666666
TestMemoryManagerConfig:0.14
