SerialDataStore:0.6266666666666667
SerialControllerEditor:0.5066666666666667
