Builder:0.42333333333333334
DefaultSavedRequest:0.4066666666666667
CasAuthenticationToken:0.2966666666666667
AnonymousAuthenticationToken:0.21333333333333335
WebAuthenticationDetails:0.18666666666666668
RememberMeAuthenticationToken:0.13666666666666666
