SentenceTransformer:0.495
CoOccurrencesCalculatorThread:0.465
AbstractCoOccurrences:0.22666666666666666
AbstractCoOccurrencesTest:0.10333333333333333
