Result:0.5066666666666667
TestToolSyntaxErrors:0.31
TestEscapeSequenceParsing:0.25333333333333335
EscapeSequenceParsing:0.24666666666666667
GrammarASTWithOptions:0.23666666666666666
LexerATNFactory:0.23666666666666666
