PageDownstreamContext:0.52
NestedLoopContext:0.30666666666666664
AbstractExecutionSubContext:0.30666666666666664
JobCollectContext:0.26666666666666666
FetchContext:0.21333333333333335
TestingExecutionSubContext:0.20666666666666667
BulkShardProcessorContext:0.19666666666666666
ESJobContext:0.19666666666666666
CountContext:0.19666666666666666
UpsertByIdContext:0.19
ResultListenerBridgingConsumeListener:0.18666666666666668
ProjectorChainContext:0.17537878787878786
DummySubContext:0.15333333333333332
SlowKillExecutionSubContext:0.13666666666666666
