DbSupport:0.4230119047619048
MetaDataTable:0.2966666666666667
HsqlDbSupport:0.2966666666666667
DbSupportFactory:0.25
H2DbSupport:0.18333333333333332
OracleDbSupport:0.18333333333333332
SQLServerDbSupport:0.18333333333333332
MySQLDbSupport:0.18333333333333332
PostgreSQLDbSupport:0.18333333333333332
SQLServerConcurrentMigrationMediumTest:0.1162777777777778
