ViewState:0.49
BinderModel:0.42333333333333334
XmlFlowModelBuilder:0.35
AbstractMvcView:0.22666666666666666
XmlFlowModelBuilderTests:0.22666666666666666
TestConversionService:0.22
ParentConversionServiceProxy:0.22
