LoadBalancer:0.5333333333333333
RedisClient:0.3933333333333333
Config:0.30666666666666664
RedisConnection:0.29333333333333333
ConnectionManager:0.25087301587301586
MasterSlaveEntry:0.22333333333333333
Redisson:0.21333333333333335
ClusterConnectionManager:0.20333333333333334
RedissonClient:0.20083333333333334
BaseLoadBalancer:0.19666666666666666
BaseConfig:0.19666666666666666
MasterSlaveConnectionManager:0.19333333333333333
SentinelConnectionManager:0.13666666666666666
RedisClientTest:0.043333333333333335
RedisCommands:0.016666666666666666
