BaseOutputLayer:0.6233333333333333
EmbeddingLayer:0.3088888888888889
GradientCheckTestsComputationGraph:0.20666666666666667
