PropositionVo:0.3933333333333333
AxiomVo:0.27666666666666667
PredicateDefinitionVo:0.25333333333333335
FunctionDefinitionVo:0.25333333333333335
TermVo:0.23
