ThreadLocalFormatterLocator:0.6866666666666666
SimpleFormatterLocator:0.5269444444444443
