DOManager:0.7253333333333333
DefaultDOManager:0.48
RelsExtValidator:0.38666666666666666
BasicServer:0.23333333333333334
