SelectFileWithLimitsWizardPage:0.74
NewSdfWizard:0.39666666666666667
ExtractWizard:0.35333333333333333
