IOUtils:0.8133333333333334
ConfigChange:0.20166666666666666
NewBotTaskWizard:0.16333333333333333
OpenDescriptionEditorDelegate:0.14
BotStationImportCommand:0.13333333333333333
ValidatorParser:0.13333333333333333
BotTaskConfigRenameProvider:0.13333333333333333
OpenFormScriptDelegate:0.12
BotImportCommand:0.12
