ERDesignerComponent:0.5666666666666667
ERDesignerBundle:0.2720555555555556
SquirrelMogwaiTabSheet:0.22666666666666666
ModelIOUtilities:0.21666666666666667
ERDesignerWorldConnector:0.17638888888888887
ERDesignerMainFrame:0.15333333333333332
