LuceneQueryBuilder:0.4766666666666667
LuceneQueryBuilderTest:0.44666666666666666
LikeOperator:0.37333333333333335
StringQueryBuilder:0.26666666666666666
ESQueryBuilder:0.17527777777777778
