ObjectKeys:0.560484126984127
StringCheckUtil:0.54
DefinitionHelper:0.4
Dashboard:0.2858174603174603
DashboardHelper:0.28
