FieldNode:0.38666666666666666
DataDefinitionImpl:0.36666666666666664
FieldInfo:0.33
FieldDefinitionImpl:0.32666666666666666
MDDAnalyzeWalker:0.27777777777777773
RecordInfo:0.2733333333333333
Configuration:0.22333333333333333
MDDFactory:0.20666666666666667
MDDParser:0.12777777777777777
MDDParserTest:0.09333333333333334
