OsgiHttpIntegrationTest:0.42333333333333334
DepedencyEventTest:0.39666666666666667
CoreTaglibTest:0.29
SimpleJSPTest:0.29
