RemoteClusterConnectionTests:0.6533333333333333
RemoteConnectionInfo:0.4533333333333333
ActionModule:0.13083333333333333
RestRemoteClusterInfoAction:0.09
