ForLoadedType:0.37666666666666665
AbstractTypeDescriptionTest:0.26
ForLoadedMethod:0.23444444444444448
ForLoadedAnnotation:0.22
ArrayProjection:0.21
ByteBuddyTutorialExamplesTest:0.18666666666666668
ForLoadedConstructor:0.1827777777777778
QuxTransformer:0.16666666666666666
BarTransformer:0.16666666666666666
AgentBuilderDefaultApplicationTest:0.10666666666666667
