Messages:0.49616666666666676
ApplicationWorkbenchAdvisor:0.43
TXMUpdateHandler:0.3433333333333333
OpenLocalizedWebPage:0.15333333333333332
DirectoryAndOpenFieldEditor:0.08
OpenPathFromPreferenceFieldEditor:0.04
