ShadowObjectAnimator:0.49666666666666665
ValueObject:0.4033333333333333
AnimationRunnable:0.2744444444444445
ObjectAnimatorTest:0.23333333333333334
ShadowValueAnimator:0.21333333333333335
