ModuleInvocationSym:0.4633333333333333
InvariantModel:0.35333333333333333
InvariantFactorizationAgent:0.24333333333333335
UconSym:0.23
TreeModelFactory:0.22333333333333333
VertexSym:0.18666666666666668
RewriteEvent:0.17
AssertionSym:0.14666666666666667
SourceLineSym:0.14166666666666666
InvocationEdgeSym:0.12333333333333334
ReflectionSym:0.11333333333333333
AlphaSym:0.11333333333333333
StateSym:0.11333333333333333
CallEdgeSym:0.07
