LinkWidget:0.7766666666666666
ControlCenter:0.28
Callback:0.19666666666666666
