CollectionType:0.5283333333333333
UnversionedNoCascadeDereferencedCollectionTest:0.3155555555555556
UnversionedCascadeDereferencedCollectionTest:0.3155555555555556
