TextInput:0.47
SourceArea:0.3433333333333333
SourcePosition:0.29333333333333333
SourceAreaTest:0.22
KernelBaseIoTestSuite:0.20666666666666667
SourcePositionTest:0.05
