GPUFluxInit:0.62
GPUFlux:0.5733333333333334
FluxLightModel:0.4266666666666667
FluxPathTracer:0.14333333333333334
FluxLightTracer:0.11333333333333333
FluxWhittedTracer:0.11333333333333333
