TreeViewer:0.48
RuleContext:0.45
Trees:0.31333333333333335
TreePostScriptGenerator:0.30333333333333334
DefaultTreeTextProvider:0.26
