HexCoordinate:0.6719999999999999
Hex:0.5666666666666667
HexCoordinateValue:0.54
