Table:0.43111111111111117
TableManager:0.39666666666666667
DBConnection:0.36
TransactionImplementation:0.3333333333333333
Database:0.32666666666666666
NotUniqueException:0.22333333333333333
HibernateTransaction:0.20666666666666667
MakumbaTLDGenerator:0.14333333333333334
SQLUpdate:0.10333333333333333
MySqlDatabase:0.01
