CommMessage:0.6376666666666667
NotificationProcess:0.3466666666666667
