jEdit:0.2539614
BeanShell:0.1186416
Buffer:0.099919766
View:0.09598636
PerspectiveManager:0.059692126
Log:0.05782951
NameSpace:0.049740124
FileVFS:0.048250247
JEditSwingTrayIcon:0.029858723
OperatingSystem:0.022239957
UtilEvalError:0.008789821
