ClassNode:0.3933333333333333
DexNode:0.30666666666666664
IntegrationTest:0.2833333333333333
BlockProcessor:0.27666666666666667
BinaryXMLParser:0.2633333333333333
ClassInfo:0.25666666666666665
IJadxArgs:0.24666666666666667
RootNode:0.23333333333333334
JadxCLIArgs:0.23333333333333334
JadxSettings:0.18333333333333332
JadxArgs:0.14444444444444446
JadxSettingsWindow:0.12444444444444443
DynamicCompiler:0.09444444444444446
TestSwitchLabels:0.0033333333333333335
InvertedBooleanConverter:0.0
