Channel:0.6633333333333333
DataHandler:0.3003095238095237
ReceiverChannel:0.25333333333333335
ChannelNotifiable:0.23666666666666666
ExampleDataHandler:0.11105555555555555
