DirContextOperations:0.6189444444444444
LdapOperations:0.37
LdapTemplate:0.3
SimpleLdapTemplate:0.21
SimpleLdapOperations:0.2
DummyDirContextProcessor:0.09277777777777778
SimpleLdapTemplateITest:0.07333333333333333
LdapTemplateBindUnbindITest:0.04666666666666667
