Script:0.8133333333333334
ScriptTableCellRenderer:0.22166666666666668
