DataObjectFactory:0.5033333333333333
MailUtil:0.43333333333333335
LiberalInternetAddress:0.22
MailUtilTest:0.18666666666666668
