VanillaTrainingWorker:0.3233333333333333
TrainingWorker:0.2866666666666667
ExecuteWorkerFlatMap:0.22
