HopParser:0.6166666666666667
DFA80:0.14333333333333334
DFA58:0.14333333333333334
DFA35:0.14333333333333334
