QueryShardContext:0.56
IndexQueryParserService:0.45666666666666667
QueryParseContext:0.41
AbstractQueryTestCase:0.31333333333333335
