FedoraClient:0.735
LoginDialog:0.3433333333333333
BatchModifyValidator:0.28555555555555556
