Order:0.43333333333333335
MFunction:0.31333333333333335
Replication:0.2633333333333333
MTableAnalyze:0.25666666666666665
X_AD_Function:0.23666666666666666
X_AD_TableAnalyze:0.21333333333333335
MIssue:0.19805555555555557
TableAnalyzeProcess:0.03333333333333333
