AdminModule:0.89
BaseAdminModule:0.19333333333333333
ManageSearchNodesController:0.19
ViewController:0.18333333333333332
ManageSearchIndexController:0.18333333333333332
