DrupalCrawlerHandler:0.4533333333333333
ServerImpl:0.4
RDFITERATORDATASOURCECONST:0.26133333333333336
RDFIteratorDataSource:0.26
ApertureCrawlerFactory:0.23333333333333334
RDFIteratorCrawler:0.23
ApertureServerServlet:0.17
DrupalXmlRpcService:0.14833333333333334
RDFIteratorDataSourceFactory:0.09333333333333334
DrupalCrawlerUploadExample:0.08
DRUPALCRAWLERHANDLERCONFIG:0.07
RDFIteratorCrawlerTest:0.023333333333333334
RDFIteratorCrawlerFactory:0.02
