ReplicatedMapConfig:0.85
ReplicatedMapMBean:0.30666666666666664
ReplicatedMapMBeanTest:0.26666666666666666
