EventUtil:0.5233333333333333
Persist:0.3566666666666667
EventExpander:0.3
ActionProcessor:0.29333333333333333
