NegatingMethodMatcher:0.3233333333333333
FieldAccessor:0.32
AssignerConfigurable:0.27051984126984113
MethodNameMethodMatcher:0.26
OverridableMethodMatcher:0.24550000000000002
IsMethodMethodMatcher:0.24550000000000002
DefaultFinalizeMethodMatcher:0.24550000000000002
ParameterTypeMatcher:0.23133333333333336
DeclaringTypeMethodMatcher:0.23133333333333336
BooleanMethodMatcher:0.228
ConstructorEqualityMethodMatcher:0.228
ModifierMethodMatcher:0.228
MethodDescriptionMatcher:0.228
MethodSignatureMethodMatcher:0.228
ReturnTypeMatcher:0.228
ParameterCountMatcher:0.228
ExceptionMethodMatcher:0.228
MethodEqualityMethodMatcher:0.228
PackageNameMethodMatcher:0.228
Conjunction:0.2227777777777778
Disjunction:0.2227777777777778
FieldDefinable:0.20333333333333334
OwnerTypeLocatable:0.16333333333333333
FieldLocator:0.13666666666666666
ForGivenType:0.11666666666666667
MethodMatchers:0.0
