SingleTaskActivity:0.5583333333333333
BaseExecutePool:0.3933333333333333
AbsFileer:0.3383333333333333
