Json:0.52
Images:0.5166666666666667
Tasks:0.4666666666666667
