ConfigurationParameters:0.69
DefaultLauncherTests:0.4533333333333333
LauncherConfigurationParameters:0.25333333333333335
