StringUtils:0.465
User:0.45666666666666667
IntelliCache:0.2866666666666667
TestStringUtils:0.23333333333333334
TermsAndConditionsValues:0.1807777777777778
LegacyUtils:0.12
