Support:0.51
JtdsResultSet:0.4533333333333333
ParamInfo:0.3
JtdsDataSource:0.29
DefaultProperties:0.25
TdsCore:0.23333333333333334
MSCursorResultSet:0.23
DefaultPropertiesTestLibrary:0.20666666666666667
JtdsCallableStatement:0.2
JtdsPreparedStatement:0.17166666666666666
DatabaseMetaDataTest:0.10666666666666667
