Euler:0.7933333333333333
jDateTime:0.37666666666666665
EulerRunner:0.33666666666666667
