DependencyCarrier:0.5366666666666666
RetryOnFailureResultReceiver:0.42333333333333334
DummyUpdate:0.24333333333333335
