TestSqlParser:0.3566666666666667
ExpressionRewriter:0.35
TestAnalyzer:0.32
AstVisitor:0.32
AstBuilder:0.27166666666666667
RewritingVisitor:0.25
Formatter:0.22666666666666666
