MoveEntitiesPage:0.5466666666666666
StudyListPage:0.4722222222222222
InfoPanel:0.32
