ISODateTimeFormat:0.6066666666666667
TestLocalDateTime_Constructors:0.47
TestLocalTime_Constructors:0.4033333333333333
TestISODateTimeFormatParsing:0.37333333333333335
StringConverter:0.23
