AbstractsTest:0.38666666666666666
Hero:0.29
HeroProxyAdvice:0.2633333333333333
AnnTest:0.19666666666666666
