CertTools:0.8405555555555555
RSASignSessionBean:0.3466666666666667
