JChemPaintEditor:0.6033333333333334
JChemPaintEditorWidget:0.45666666666666667
SWTMouseEventRelay:0.3
