Discovery:0.37333333333333335
JUnit5:0.2733333333333333
CommandLineOptions:0.27
EngineFilter:0.23333333333333334
JOptSimpleCommandLineOptionsParserTests:0.23
DefaultLauncherTests:0.21333333333333335
TagFilterTests:0.18666666666666668
DiscoveryRequestCreatorTests:0.17
AvailableOptions:0.15
TestDescriptorBuilder:0.11666666666666667
DiscoveryFilterTests:0.11
TagFilter:0.09
