DefaultLayerFactory:0.5733333333333334
LayerFactories:0.26666666666666666
MultiLayerTestRNN:0.23
GradientCheckUtil:0.16333333333333333
GradientCheckTests:0.03333333333333333
