MetadataEntityManagerImpl:0.47
ApplicationEntityManagerImpl:0.32666666666666666
MetadataObjectNotFoundException:0.28044444444444444
ApplicationEntityManager:0.13744444444444445
