ProcessDefinition:0.5488888888888889
ErrorDialog:0.38333333333333336
JpdlSerializer_3_2:0.205
DataImporter:0.19666666666666666
WFEServerRelationsImporter:0.19444444444444445
WFEServerExecutorsImporter:0.1511111111111111
