FromImpl:0.5666666666666667
PathImpl:0.5066666666666667
RootImpl:0.24
