DriverConnection:0.43666666666666665
SenderTest:0.35333333333333333
DriverPublication:0.30666666666666664
