InnerVisitor:0.5033333333333333
FutureActionListener:0.4066666666666667
AlterTableOperation:0.30333333333333334
DDLStatementDispatcher:0.2866666666666667
BlobAdminClient:0.17
