Logger:0.6505555555555556
Environment:0.4033333333333333
