IncomingProjectNegotiation:0.6633333333333333
OutgoingProjectNegotiation:0.42266666666666663
