Create3dHandler:0.5726666666666667
Create2dHandler:0.5726666666666667
