TableEditorView:0.48
TableEditor:0.37333333333333335
RelationEditorView:0.32
MyRenderer:0.26666666666666666
DatabaseConnectionEditorView:0.25
RelationEditor:0.23333333333333334
SQLEditorView:0.21
ClasspathEditorView:0.21
PreferencesEditorView:0.19666666666666666
ReverseEngineerView:0.18333333333333332
