NodeDatabaseStartup:0.5511111111111111
DatabaseRunner:0.3433333333333333
DatabaseTask:0.18333333333333332
