Lifecycle:0.54
DeprecatedConfigurable:0.3272804232804233
Configurable:0.25333333333333335
ServletConfig:0.24333333333333335
ClamAVScanner:0.22
ConfigurationException:0.20666666666666667
PayPalPaymentController:0.20333333333333334
CheckoutController:0.2
AbstractStepwiseActionController:0.19666666666666666
BundleInvoker:0.18666666666666668
PPECheckoutController:0.18333333333333332
RepresentativeEditor:0.17333333333333334
SurveyController:0.17333333333333334
SendReportEmailJoblet:0.17333333333333334
ShopSettingsEditor:0.17333333333333334
RetailerEditor:0.17333333333333334
WirecardCCPaymentController:0.16333333333333333
CMSFormProcessor:0.16
AbstractStatisticsController:0.15333333333333332
WirecardEFTPaymentController:0.15333333333333332
Authentication:0.14666666666666667
CookieBasedSSO:0.13333333333333333
CMSFormProcessorConfiguration:0.12666666666666668
InputStreamScannerChain:0.12333333333333334
OutputStreamScannerChain:0.12333333333333334
ReCaptchaAdapter:0.11333333333333333
UserStatisticsController:0.1
ViewportController:0.1
SurveyCreatorController:0.09666666666666666
ShopOrderViewer:0.08333333333333333
InitWestPanelController:0.043333333333333335
