ProcessingContext:0.6233333333333333
ConfigurationProcessor:0.5966666666666666
AutoBeanConfigurationListener:0.16
ScopedProxyConfigurationListener:0.14
ResourceBundlesConfigurationListener:0.11666666666666667
