Message:0.4533333333333333
Transaction:0.44333333333333336
Utils:0.41333333333333333
Wallet:0.3933333333333333
Sha256Hash:0.36333333333333334
TransactionOutput:0.33666666666666667
ECKey:0.24666666666666667
PeerGroup:0.245
TransactionInput:0.24
BoundedOverheadBlockStore:0.22277777777777777
Record:0.2011111111111111
TransactionOutPoint:0.18666666666666668
BlockChain:0.18333333333333332
VersionedChecksummedBytes:0.16333333333333333
DiskBlockStore:0.14
NetworkParameters:0.09333333333333334
WalletTransaction:0.08166666666666667
