PositionVector:0.48333333333333334
VoxelSpace:0.41
VoxelBox:0.33666666666666667
Tree:0.3
BoundingBox:0.28
TreeSegment:0.25333333333333335
VoxelObject:0.245
EllipseL:0.22666666666666666
Ellipse:0.22333333333333333
Petiole:0.21666666666666667
BroadLeaf:0.21333333333333335
CfTreeSegment:0.17333333333333334
DumpCFTreeFunctor:0.13
ShadingEffectOfCfTreeSegment:0.12666666666666668
TreeCompartment:0.11
BeamShading:0.09
EvaluateRadiationForCfTreeSegmentForest:0.08777777777777777
CfCylinder:0.08333333333333333
HwEllipse:0.08055555555555555
TreeParameters:0.06666666666666667
EvaluateRadiationSelfVoxel:0.05888888888888889
Axis:0.043333333333333335
Test:0.006666666666666667
ScotsPineParameters:0.0
