CrawlServer:0.6433333333333333
RobotsHonoringPolicy:0.59
PreconditionEnforcer:0.24833333333333332
