ServManagerFormCreator:0.4666666666666667
EntPhysicalSynchronizer:0.45666666666666667
CiscoVlansSinchronizer:0.42
EndToEndViewScene:0.2733333333333333
SnmpCiscoVlansSyncProvider:0.19333333333333333
SnmpVlanTrunkPortsTableResourceDefinition:0.050833333333333335
SnmpVtpVlanTableResourceDefinition:0.043111111111111114
