LazyBSONObject:0.8033333333333333
LazyDBCallback:0.38666666666666666
LazyBSONCallback:0.35
