BiojavaManager:0.6433333333333333
ScriptingException:0.39555555555555555
BiojavaManagerTest:0.23666666666666666
