Renderer2D:0.56
SimpleRenderer2D:0.23
IRenderer2D:0.16333333333333333
ISimpleRenderer2D:0.15694444444444444
