AtmosphereFramework:0.5133333333333333
Filter:0.43333333333333335
AtmosphereGwtHandler:0.25
AtmosphereClient:0.23333333333333334
DefaultWebSocketProcessor:0.18333333333333332
WebSocketProcessorTest:0.15666666666666668
AtmosphereFilter:0.12777777777777777
BroadcasterTest:0.12333333333333334
FrameworkConfig:0.08333333333333333
ApplicationConfig:0.0033333333333333335
