Size:0.4766666666666667
ConfigurationFactory:0.36666666666666664
Duration:0.3466666666666667
ServerFactory:0.29333333333333333
LoggingConfiguration:0.24333333333333335
HelloWorldConfiguration:0.20027777777777778
SyslogConfiguration:0.14666666666666667
ConfigurationFactoryTest:0.14333333333333334
ConsoleConfiguration:0.14
FileConfiguration:0.12666666666666668
