LowCardinality:0.4116666666666667
MissingValueIT:0.39666666666666667
WithHash:0.36666666666666664
TermsAggregatorFactory:0.36666666666666664
