ObjectFactory:0.59
KuwaibaService:0.5266666666666666
CommunicationsStub:0.31
LocalLogicalConnectionDetails:0.22333333333333333
ConnectLogicalLinks:0.13
GetLogicalConnectionEndpointsResponse:0.07460714285714287
DisconnectLogicalConnection:0.05
GetLogicalConnectionEndpoints:0.04
DisconnectLogicalConnectionResponse:0.0033333333333333335
ConnectLogicalLinksResponse:0.0033333333333333335
