HtmlPage:0.6877777777777777
HtmlUnitDOMBuilder:0.31333333333333335
HtmlTableTest:0.17666666666666667
