EmptyContract:0.4874523809523811
ContractSpecLexer:0.43666666666666665
ContractSpecParser:0.35
Contract:0.3433333333333333
Const:0.24833333333333332
VarRef:0.24666666666666667
Operand:0.20666666666666667
ContractVerifier:0.20666666666666667
Expr:0.2063968253968254
ChoiceSelector:0.19666666666666666
LT:0.14333333333333334
ClassRef:0.13666666666666666
VarLookup:0.13666666666666666
PostCond:0.135
ContractAnd:0.08
ContractOr:0.05333333333333334
TertiaryContract:0.035833333333333335
Result:0.02
UnaryContract:0.016666666666666666
DFA9:0.015
Matches:0.013333333333333334
GE:0.013333333333333334
PostCondPreExec:0.013333333333333334
EQ:0.013333333333333334
GT:0.013333333333333334
NE:0.013333333333333334
Within:0.013333333333333334
LE:0.013333333333333334
InstanceOf:0.013333333333333334
BinaryContract:0.01
IsEmpty:0.006666666666666667
NotEmpty:0.006666666666666667
WithinCenter:0.0033333333333333335
