EditorScriptConfiguration:0.5744444444444444
ScriptFileDialog:0.3522222222222222
