EnhancedEmoticonsPlugin:0.7886111111111112
EmoticonsPlugin:0.5736666666666667
