SysSchemaInfo:0.5166666666666667
InformationSchemaInfo:0.5166666666666667
ReferenceInfos:0.3933333333333333
CollectSourceResolver:0.21333333333333335
