AbstractStream:0.4066666666666667
AbstractClientStream:0.31333333333333335
NettyServerHandlerTest:0.2966666666666667
Http2ClientStream:0.23333333333333334
