MySQLSQLGenerator:0.3933333333333333
TableEditor:0.3
SQL92SQLGenerator:0.29333333333333333
BaseUseCases:0.2833333333333333
AttributeListCellRenderer:0.28
SQLGenerator:0.24666666666666667
VetoException:0.17
MSSQLSQLGenerator:0.043333333333333335
OracleTest:0.0033333333333333335
MSSQLTest:0.0033333333333333335
PostgresTest:0.0033333333333333335
