Flyway:0.6433333333333333
Main:0.3433333333333333
MetaDataTable:0.30333333333333334
MigrationTestCase:0.23
FlywayMediumTest:0.07333333333333333
