Block:0.66
Builder:0.2833333333333333
InMemoryRecordCursor:0.25333333333333335
ExpressionCompiler:0.24333333333333335
InMemoryRecordSet:0.19
AbstractFilterAndProjectOperator:0.18833333333333332
FunctionAssertions:0.135
FilterAndProjectIterator:0.12333333333333334
PageIterators:0.11
AbstractFilterAndProjectIterator:0.10333333333333333
OperatorAdapter:0.1
FilterAndProjectOperator:0.08
PageIteratorAdapter:0.07666666666666666
IncrementVariableInstruction:0.05333333333333334
