BasePreparedStatement:0.6633333333333333
SqlitexPreparedStatement:0.2833333333333333
SqlitePreparedStatement:0.2833333333333333
SqlCipherPreparedStatement:0.2833333333333333
