PrologEngine:0.7233333333333334
PrologDisplay:0.6866666666666666
PrologTestUtil:0.19777777777777777
PrologCondition:0.17
