Jedis:0.6533333333333333
VariadicCommandsTest:0.32
BinaryJedisCommands:0.2733333333333333
JedisCommands:0.2733333333333333
Commands:0.2733333333333333
Client:0.23666666666666666
ShardedJedis:0.23
JedisCluster:0.1975
PipelineBase:0.19666666666666666
BinaryJedis:0.17333333333333334
BinaryClient:0.17
BinaryShardedJedis:0.16
