Saros:0.74
InvitationWizard:0.27544444444444444
ContactItem:0.25222222222222224
ShowDescriptionPage:0.23666666666666666
InviteAction:0.21666666666666667
