Tools:0.5333333333333333
ResultOrRowsImpl:0.31666666666666665
Settings:0.19333333333333333
