BinderService:0.666611111111111
JaxRpcFacade:0.36666666666666664
Facade:0.2866666666666667
BinderServiceEndpoint:0.17333333333333334
BinderServiceImpl:0.11333333333333333
