CrawlURI:0.7033333333333334
HostQueuesFrontier:0.37666666666666665
PreconditionEnforcer:0.27
AbstractFrontier:0.2633333333333333
FetchHTTP:0.24333333333333335
Postselector:0.18
FetchStatusCodes:0.0
