PharmacophoreQueryBond:0.4716666666666667
PharmacophoreQueryAngleBond:0.4716666666666667
