ElementArray:0.61
Form:0.25
Window:0.24333333333333335
DocumentTest:0.24333333333333335
JavaScriptEngine:0.18444444444444444
Document:0.16333333333333333
