ListenerRegistration:0.51
Wallet:0.48333333333333334
TransactionConfidence:0.25666666666666665
AbstractBlockChain:0.22555555555555556
PeerGroup:0.22
BasicKeyChain:0.19666666666666666
Peer:0.19666666666666666
PeerConnectionListenerRegistration:0.17
