WidgetEquationBind:0.44666666666666666
UACDSDataProviderParserHandler:0.41
DefaultDataProviderParserHandler:0.29066666666666674
AbstractDataProviderHandler:0.27666666666666667
MessageDecoderAction:0.27
EmbedClient:0.26
UACDSWidgetEquationBind:0.25333333333333335
DataDrivenDataProviderHandler:0.2402777777777778
DefaultDataProviderHandler:0.23805555555555552
DecoratedButtonSkin:0.22666666666666666
UACDSLayerEquationBind:0.22666666666666666
ProtocolInputDecoder:0.21333333333333335
AbstractClientEngine:0.21333333333333335
UACDSVariableEquationBind:0.19333333333333333
DecoratedLabelSkin:0.19
ConfigParser:0.18666666666666668
JFXUACDSEmbedClientStatefulBare2Test:0.16333333333333333
SymbolCircleRenderer:0.13666666666666666
Flag:0.056666666666666664
UndefinedLayerRequestException:0.018888888888888886
EmbedConfigProperties:0.0
