ViewChangeListener:0.5266666666666666
DrawingEditor:0.5233333333333333
StandardDrawingView:0.48
DrawApplet:0.26666666666666666
DrawApplication:0.2633333333333333
AbstractCommand:0.25666666666666665
AbstractTool:0.2480952380952381
CompositeFigureCreationTool:0.21666666666666667
DragNDropTool:0.21666666666666667
JavaDrawViewer:0.19666666666666666
