Strategy:0.6366666666666667
DefaultModelCheckingStrategy:0.31333333333333335
AliasMatchesIterator:0.2733333333333333
Result:0.2633333333333333
ModelCheckingStrategy:0.23
GeneratorScenarioHandlerFactory:0.22666666666666666
StateCache:0.22333333333333333
AbstractStrategy:0.19333333333333333
MatchesIterator:0.19333333333333333
RuleJTree:0.19
ScenarioHandlerFactory:0.16333333333333333
ExploreStrategyParser:0.14666666666666667
DefaultScenario:0.11333333333333333
MCScenarioMenu:0.10666666666666667
CycleAcceptor:0.07
