ExtendedOsStats:0.445
SigarExtendedNodeInfo:0.2733333333333333
NodeStatsTest:0.23666666666666666
DummyExtendedNodeInfo:0.21
CgroupExpression:0.1983333333333333
ExtendedOsStatsCache:0.18583333333333332
NodeOsCgroupCpuAcctStatsExpression:0.17444444444444446
NodeOsCgroupCpuStatsExpression:0.17444444444444446
ZeroExtendedNodeInfo:0.16333333333333333
NodeOsCgroupStatsExpression:0.16
