SharedBuffer:0.44333333333333336
TaskStats:0.37333333333333335
SqlTaskManager:0.3333333333333333
StateMachine:0.33
SqlTaskExecution:0.2833333333333333
TaskStateMachine:0.2633333333333333
TestSharedBuffer:0.25333333333333335
TaskManager:0.23916666666666667
TaskContext:0.235
HttpRemoteTask:0.23
MockRemoteTask:0.21
SimpleHttpResponseHandler:0.19666666666666666
TaskResource:0.18333333333333332
TestSqlTaskManager:0.18166666666666667
SharedBufferInfo:0.16444444444444445
MockTaskManager:0.14333333333333334
TestSqlStageExecution:0.14333333333333334
MockTask:0.1
ServerMainModule:0.08666666666666667
NamedBuffer:0.08444444444444445
MockRemoteTaskFactory:0.05333333333333334
GetBufferResult:0.04666666666666667
CheckTaskCompletionOnBufferFinish:0.04666666666666667
MoreFutures:0.023333333333333334
RemoveTaskHandleWhenDone:0.0033333333333333335
TimeoutFutureTask:0.0
