Options:0.47
PrologEngine:0.39
PrologDisplay:0.25333333333333335
RuleJTree:0.22666666666666666
EditAction:0.20666666666666667
SimulatorAction:0.17666666666666667
SaveControlAction:0.175
PrologNextResultAction:0.17
PrologTestUtil:0.15333333333333332
SaveGraphAction:0.15333333333333332
PrologEditorPanel:0.11333333333333333
ControlPanel:0.11
