ConsolePlugin:0.5777777777777778
CommandOutputParser:0.4
ErrorListModel:0.30333333333333334
ActionHandler:0.11666666666666667
