DrawableSequence:0.5988888888888888
AlignFrame:0.41
CondensedAlignment:0.38
FrameMenu:0.19
QuitAction:0.14666666666666667
CloseAction:0.14666666666666667
