Heritrix:0.49
ConfigurableX509TrustManager:0.4633333333333333
ConfigurableX509TrustSSLProtocolSocketFactory:0.37
FetchHTTP:0.2833333333333333
ConfigurableX509TrustManagerTest:0.07333333333333333
