Channel:0.77
ProducerFlowControlStrategy:0.3507777777777778
Source:0.30333333333333334
DefaultProducerFlowControlStrategy:0.09333333333333334
