ValidateCMLManager:0.7522222222222222
IValidateCMLManager:0.2886111111111111
