Data:0.43
Table:0.37333333333333335
Column:0.3333333333333333
CsvDataReader:0.23333333333333334
Batch:0.13
CsvDataReaderTest:0.06
ArrayUtils:0.056666666666666664
CsvDataWriterTest:0.0011111111111111111
