Fixture:0.48
WorkingWithPojosAcceptanceTest:0.28
DatabaseTestCase:0.21
ShutdownHook:0.19477777777777783
DropIndexAcceptanceTest:0.16333333333333333
