ElTest:0.77
VarNormalizer:0.31583333333333335
ArrayElValue:0.28888888888888886
