DbMigrateCommand:0.15666666666666668
DbPrepareRollbackCommand:0.15666666666666668
DbDumpCommand:0.15666666666666668
DbRollbackCommand:0.15666666666666668
DbStatusCommand:0.15666666666666668
