NettyResponseFuture:0.5233333333333333
NettyAsyncHttpProvider:0.4033333333333333
ApacheResponseFuture:0.33666666666666667
JDKFuture:0.23333333333333334
