ControllerCreationTest:0.8066666666666666
MouseCreationTest:0.7166666666666667
