Channels:0.5166666666666667
ChannelManager:0.36
Protocol:0.25777777777777783
WebSocketProtocol:0.22222222222222224
NettyRequestSender:0.22
HttpProtocol:0.22
Processor:0.19722222222222224
IdleChannelDetector:0.15888888888888889
NettyConnectListener:0.14
