TimeSlotTracker:0.7933333333333333
Starter:0.4266666666666667
XmlDataSource:0.2833333333333333
ConfigurationPanel:0.21666666666666667
WindowCloser:0.18083333333333335
SaveAction:0.1
ConfigurationWindow:0.1
BackupTab:0.06
