ShadowBitmapFactory:0.39666666666666667
ShadowDrawable:0.38666666666666666
BitmapFactoryTest:0.22333333333333333
SettingsTest:0.2
DrawableTest:0.2
ShadowGlobal:0.0
