TestResourceIndex:0.6366666666666667
TestResourceIndexQueries:0.25666666666666665
TestResourceIndexLevels:0.23333333333333334
TestResourceIndexImpl:0.23
TestResourceIndexDB:0.21333333333333335
AllTests:0.13333333333333333
