Editor:0.47333333333333333
Options:0.33666666666666667
GraphJVertex:0.3333333333333333
DefaultGraphNextState:0.32666666666666666
AspectJModel:0.3233333333333333
Simulator:0.3233333333333333
AspectJVertex:0.32
SystemProperties:0.30666666666666664
JGraph:0.30333333333333334
GraphJModel:0.2938888888888889
ShapeNextState:0.29333333333333333
EditorPanel:0.26
AspectJEdge:0.26
AspectJGraph:0.20666666666666667
LTSJModel:0.2
RefreshGrammarAction:0.14666666666666667
RegExprAction:0.11
