CompareMessages:0.738
RubySourceViewerConfiguration:0.5166666666666667
RubyCompareUtilities:0.38666666666666666
RubyMergeViewer:0.26
RubyNode:0.24666666666666667
EclipsePreferencesAdapter:0.13
RubyPluginImages:0.0761111111111111
RubyTextViewer:0.06
RubyTextViewerCreator:0.0033333333333333335
RubyMergeViewCreator:0.0033333333333333335
