BlockJUnit4ClassRunner:0.41333333333333333
Request:0.38266666666666665
RunAfters:0.36666666666666664
RunBefores:0.36666666666666664
