SurveillanceListener:0.67
Dashlet:0.2833333333333333
Dashboard:0.2733333333333333
NodeStatusDashlet:0.22111111111111115
AlarmDashlet:0.22111111111111115
SurveillanceListenerCollection:0.20333333333333334
SurveillanceDashlet:0.18666666666666668
OutageDashlet:0.17777777777777778
GraphDashlet:0.17111111111111113
NotificationDashlet:0.17111111111111113
