Hdf5Archive:0.44333333333333336
ModelBuilder:0.4033333333333333
KerasModelEndToEndTest:0.4033333333333333
KerasModel:0.3466666666666667
KerasCustomLayerTest:0.04666666666666667
