Prefix:0.5239047619047619
CMap:0.38
FactoryImpl:0.30333333333333334
HazelcastClient:0.25
