Formula:0.8255555555555555
FormulaTest:0.3933333333333333
