AnnotationView:0.37333333333333335
Transcript:0.36333333333333334
SiteView:0.30666666666666664
StrandedZoomableApolloPanel:0.3
AnnotationEditor:0.29
ResultView:0.20333333333333334
FineApolloPanel:0.2
TierMenu:0.18
AnnotationMenu:0.16333333333333333
