Utils:0.8633333333333333
AlterTableImpl:0.34555555555555556
CreateTableImpl:0.27
