NodeProvider:0.6666666666666666
SelectionNodeProvider:0.44333333333333336
ModuleNodeWrapper:0.4
RenameModuleConfig:0.22333333333333333
PartialClassesRenameEditProvider:0.17333333333333334
TC_ModuleNodeWrapper:0.16333333333333333
RenameModuleEditProvider:0.12
FileTestCase:0.1
TS_NodeWrapper:0.05333333333333334
RenameModuleConditionChecker:0.05333333333333334
ScopingNodeRenameEdit:0.016666666666666666
