SortedMap:0.56
Monad:0.47833333333333333
Map:0.43666666666666665
Iterator:0.38333333333333336
Either:0.3566666666666667
TreeMap:0.32
Left:0.3
LinkedHashMap:0.2833333333333333
HashMap:0.26666666666666666
Right:0.22666666666666666
Try:0.21
LeftProjection:0.20666666666666667
Future:0.20333333333333334
RightProjection:0.17666666666666667
