Listener:0.6853333333333333
InternalIndexShard:0.56
InternalIndicesLifecycle:0.36
InternalIndexService:0.25333333333333335
