MethodAuthorizationInterceptorTest:0.4033333333333333
UserFactoryTest:0.33666666666666667
SubjectFactoryTest:0.24333333333333335
UserTest:0.24333333333333335
PrivilegeTest:0.24333333333333335
GroupFactoryTest:0.24333333333333335
GroupTest:0.24333333333333335
DomainTest:0.22666666666666666
CaptchaRegistrationHandlerTest:0.21
PermissionFactoryTest:0.18666666666666668
PermissionTest:0.12865079365079363
