StoreService:0.7466666666666667
StoreServiceImpl:0.6522222222222223
StoreHelperImpl:0.35333333333333333
