AsyncProvidersBasicTest:0.6711111111111111
CloseCodeReasonMessageTest:0.36666666666666664
