DesignerSwimlaneEditorPage:0.38333333333333336
DesignerVariableEditorPage:0.3433333333333333
OrgFunctionParameter:0.25
ProcessDefinitionMoveVariableCommand:0.24583333333333332
TypeNameMapping:0.23
MappingContentProvider:0.19
EditorPartBase:0.18666666666666668
Swimlane:0.18333333333333332
ProcessDefinitionAddSwimlaneCommand:0.18166666666666667
OrgFunctionsRegistry:0.18
UpdateMappingDialog:0.17
MappingDialog:0.17
CreateVariableSelectionListener:0.16333333333333333
AddButtonSelectionListener:0.15333333333333332
RemoveVariableSelectionListener:0.14833333333333334
AddOldButtonSelectionListener:0.14166666666666666
DeleteButtonSelectionListener:0.13416666666666666
MoveVariableSelectionListener:0.12
OrgFunctionDefinition:0.03666666666666667
