DBCollection:0.41
Insert:0.303
Replace:0.2596666666666667
Remove:0.2596666666666667
Update:0.25633333333333336
BaseUpdate:0.21666666666666667
BaseWrite:0.03666666666666667
