DefaultJSONParser:0.6188888888888889
TimestampDeserializer:0.17333333333333334
DateDeserializer:0.17333333333333334
SqlDateDeserializer:0.17333333333333334
