ReportModule:0.8366666666666667
ReportModuleImpl:0.36666666666666664
DefaultEmailPoster:0.34
MailModuleImpl:0.25666666666666665
