Formula:0.7
CTLFormulaMarker:0.4225
CTLModelChecker:0.3933333333333333
All:0.25000000000000006
CTLMatchingMarker:0.21
DefaultMarking:0.13333333333333333
ModelCheckingTest:0.12666666666666668
Marking:0.04722222222222223
CTLTransitionMarker:0.04
