Context:0.39666666666666667
Visitor:0.32666666666666666
CollectorContext:0.32
MatchQueryBuilder:0.24
MatchQueryBuilderTest:0.23333333333333334
ObjectColumnReference:0.19
CrossFieldsQueryBuilder:0.18333333333333332
LuceneQueryBuilderTest:0.18
FieldCacheExpression:0.14333333333333334
SortSymbolVisitor:0.14333333333333334
ChildDocCollectorExpression:0.14
LuceneQueryBuilder:0.12666666666666668
CrateSearchContext:0.11666666666666667
SortSymbolContext:0.11333333333333333
DocLevelExpressionsTest:0.11
SearchContextFactory:0.09666666666666666
MultiMatchQueryBuilder:0.07666666666666666
InternalCountOperation:0.03666666666666667
