Channels:0.5333333333333333
ErrorMappingReceivePort:0.3261111111111111
TransformingChannelTest:0.3233333333333333
TransformingReceivePort:0.19777777777777777
TransformingSendPort:0.11
