IndianSettlement:0.49666666666666665
InGameController:0.3433333333333333
MapGenerator:0.25
InGameInputHandler:0.25
PlayerExploredTile:0.23333333333333334
