UtilFile:0.8666666666666667
Scope:0.27666666666666667
ResultPanel:0.27666666666666667
ProgressPanel:0.1688888888888889
RenameFolderAction:0.13666666666666666
ScopeFilter:0.12666666666666668
