Source:0.41
Aeron:0.3333333333333333
AeronTest:0.24666666666666667
PubMulticastTest:0.16666666666666666
PubUnicastTest:0.16666666666666666
SubUnicastTest:0.155
SubMulticastTest:0.155
PubAndSubTest:0.15333333333333332
ClientConductor:0.14333333333333334
SubscriberSession:0.08
BlockingChannel:0.07666666666666666
