CMap:0.63
MapConfig:0.43333333333333335
ConcurrentMapManager:0.28
XmlConfigBuilder:0.23666666666666666
PartitionServiceImpl:0.23666666666666666
HazelcastClientMapTest:0.21
PartitionManager:0.18333333333333332
HazelcastClusterTest:0.14666666666666667
RedoMigrationTest:0.13666666666666666
MContainsKey:0.12333333333333334
CMapTest:0.11333333333333333
MGet:0.11333333333333333
MEmpty:0.056666666666666664
