Record:0.8440873015873016
AbstractRecord:0.42888888888888893
RecordTests:0.3933333333333333
