Converter:0.5658333333333333
DefaultLabel:0.5633333333333334
AspectEdge:0.4266666666666667
