ServletUtils:0.49666666666666665
SymmetricWebServer:0.33555555555555555
AbstractResourceServlet:0.21333333333333335
SymmetricServlet:0.21333333333333335
RegistrationService:0.19666666666666666
AbstractServlet:0.19333333333333333
SymmetricFilter:0.18944444444444444
BandwidthSamplerServlet:0.11333333333333333
SymmetricFilterChain:0.0937777777777778
