Animation:0.32
Shell:0.31666666666666665
ActionExecuteLayout:0.21
NodeMovement:0.20522222222222222
GraphWidget:0.18
ActionLoadGraph:0.1511111111111111
