AbstractBatchImpl:0.44333333333333336
BatchingBatch:0.37333333333333335
User:0.35
BatchingBatchFailureTest:0.28
NonBatchingBatch:0.16666666666666666
