imp:0.4483333333333333
PySystemState:0.44
PyDictionary:0.31
BytecodeLoader:0.27666666666666667
PyReflectedConstructor:0.18666666666666668
