Catalog:0.49
RecordingSession:0.4633333333333333
RecordingWriter:0.41
ArchiveConductor:0.36
ReplaySessionTest:0.29333333333333333
BasicArchiveTest:0.15833333333333333
