AbstractCompletableFuture:0.6166666666666667
LoadFinishedFuture:0.28
ClientCompletableFuture:0.27666666666666667
ExecutionCallbackRunnable:0.20333333333333334
UncancellableFuture:0.17
