Common:0.9066666666666666
Sessions:0.49333333333333335
UserProcessor:0.26
UserQueryService:0.20333333333333334
Filler:0.19555555555555557
ArticleProcessor:0.17666666666666667
UserMgmtService:0.17333333333333334
ActivityProcessor:0.14333333333333334
