SessionImpl:0.58
SessionOwner:0.31677777777777777
SynchronizationCallbackCoordinatorNonTrackingImpl:0.29503968253968255
JtaTransactionCoordinatorImpl:0.2833333333333333
TransactionImpl:0.22
EntityManagerImpl:0.21666666666666667
StatelessSessionImpl:0.2
JtaTransactionAdapterUserTransactionImpl:0.2
JtaTransactionAdapterTransactionManagerImpl:0.2
AbstractEntityManagerImpl:0.16666666666666666
TransactionDriverControlImpl:0.14277777777777778
AfterCompletionActionImpl:0.04666666666666667
ManagedFlushCheckerImpl:0.017388888888888888
CallbackExceptionMapperImpl:0.013333333333333334
