GORDFReader:0.5833333333333334
AddBulkGoTerm:0.4066666666666667
GoRdfReaderTest:0.07666666666666666
GoRdfHandlerTest:0.06666666666666667
