AbstractRoutine:0.46027777777777773
AbstractQuery:0.39666666666666667
BatchMultiple:0.30577777777777776
BatchSingle:0.19333333333333333
BatchCRUD:0.17333333333333334
