AsyncHttpClientConfig:0.5733333333333334
Builder:0.44666666666666666
AsyncHttpClientConfigBean:0.28
Protocol:0.2727777777777778
AsyncHttpClientConfigDefaults:0.21805555555555556
AsyncHttpClientDefaultsTest:0.19333333333333333
RemoteSiteTest:0.19
