GwtTeamingMessages:0.7705555555555555
ShareItemCell:0.39666666666666667
GwtTeamingFilrImageBundle:0.37333333333333335
