Panel3D:0.49
STLSlice:0.4533333333333333
Producer:0.2833333333333333
