PropertyBuilder:0.43666666666666665
ArrayProperty:0.37333333333333335
QueryParameter:0.32666666666666666
CookieParameter:0.32666666666666666
HeaderParameter:0.32666666666666666
FormParameter:0.32666666666666666
PathParameter:0.32666666666666666
PropertyDeserializer:0.28
AbstractNumericProperty:0.22666666666666666
ObjectProperty:0.2
ModelResolver:0.2
ParameterProcessor:0.11666666666666667
