ListFilter:0.4669444444444444
JsonPathTest:0.43333333333333335
PathUtil:0.29
