HttpUtils:0.8766666666666667
U2FRestResourceDeviceRepository:0.24666666666666667
