PropertyReader:0.42333333333333334
PropertyTreeWidget:0.29833333333333334
Model:0.28
AdvancedEditor:0.22733333333333333
Propagate:0.19666666666666666
EntityReader:0.19333333333333333
Paste:0.184
Cut:0.13333333333333333
