MoleculeEditAction:0.6133333333333333
SmartsPanelEditor:0.17
RuleSubstructuresEditAction:0.15
RuleExampleEditAction:0.13333333333333333
