InsertFromValuesAnalyzer:0.42333333333333334
CopyStatementAnalyzer:0.4166666666666667
AnalyzerDispatcher:0.31333333333333335
InnerExpressionAnalyzer:0.27666666666666667
InsertFromSubQueryAnalyzer:0.22666666666666666
UnwrappingVisitor:0.08666666666666667
