UACDSHandlerTest:0.3016666666666667
SaveUACDSActionTest:0.29333333333333333
SaveUACDSAction2Test:0.2633333333333333
UACDSHandler9Test:0.24444444444444446
SaveUACDSAction4Test:0.22333333333333333
UACDSHandler7Test:0.21
CreateUACDSAction6Test:0.20333333333333334
SaveUACDSAction3Test:0.19333333333333333
ApplyScriptUACDSActionTest:0.175
UACDSHandler8Test:0.14833333333333334
UACDSHandler6Test:0.14277777777777775
UACDSHandler5Test:0.14277777777777775
UACDSHandler4Test:0.12277777777777776
ApplyScriptUACDSAction2Test:0.09166666666666666
