NodeSchedulerConfig:0.5666666666666667
NodeAssignmentStats:0.34
NodeScheduler:0.32666666666666666
TestNodeScheduler:0.22333333333333333
TopologyAwareNodeSelector:0.19333333333333333
TestNodeSchedulerConfig:0.19333333333333333
SimpleNodeSelector:0.16
BenchmarkData:0.15666666666666668
