MeteoriteImpact:0.48333333333333334
BuildingManager:0.44666666666666666
Building:0.38666666666666666
CrewEditorFX:0.29
Meteorite:0.2733333333333333
MeteoriteImpactImpl:0.2
MeteoriteModule:0.07927777777777777
