Simulation:0.47
SimulationConfig:0.4033333333333333
BuildingManager:0.35
Resupply:0.3233333333333333
Mind:0.2866666666666667
ChainOfCommand:0.24
ScreensSwitcher:0.23333333333333334
WalkingSteps:0.22666666666666666
Walk:0.21333333333333335
MainDesktopPane:0.20333333333333334
TransportWizard:0.17666666666666667
MainScene:0.17
EffectUtilities:0.16666666666666666
TabPanelSocial:0.14666666666666667
MainMenu:0.14
ScenarioConfigEditorFX:0.12666666666666668
LoadSimulationTask:0.08666666666666667
