Executor:0.6466666666666666
Utils:0.41333333333333333
MockTest:0.34
MockFileDatabase:0.2717777777777778
