Database:0.81
AbstractDatabase:0.5333333333333333
GenerationTool:0.24527777777777782
AbstractElementContainerDefinition:0.18
