SimpleFluentIterable:0.41
LazyFluentIterable:0.2966666666666667
FluentIterable:0.22333333333333333
App:0.06
DecoratingIterator:0.04666666666666667
AppTest:0.013333333333333334
