SoapEnvelopeLoggingInterceptor:0.6466666666666666
SoapEnvelopeLoggingInterceptorTest:0.30666666666666664
