BadCredentialsException:0.47333333333333333
DaoAuthenticationProvider:0.41333333333333333
