HttpUrl:0.5966666666666667
Builder:0.43666666666666665
UrlComponentEncodingTester:0.3466666666666667
HttpUrlTest:0.22333333333333333
