DbIfServiceEntry:0.51
DbIpInterfaceEntry:0.405
PollerConfigManager:0.31333333333333335
ElementUtil:0.30333333333333334
SuspectEventProcessor:0.25
RescanProcessor:0.23
JdbcCapsdDbSyncer:0.12333333333333334
