Utils:0.68
XMPPTransmitter:0.47333333333333333
ContributionAnnotationManager:0.23
UtilTest:0.056666666666666664
