StructureDiagramGenerator:0.508
MoleculeViewer2D:0.42333333333333334
ChemObject:0.32666666666666666
ConnectivityChecker:0.30333333333333334
