AsyncHttpClientEventFilter:0.44333333333333336
GrizzlyAsyncHttpProvider:0.43666666666666665
ApacheAsyncHttpProvider:0.32166666666666666
GrizzlyConnectionsPool:0.20166666666666666
ReaperFuture:0.11
IdleChannelDetector:0.10666666666666667
