TokenQueue:0.5766666666666667
SelectorTest:0.44666666666666666
QueryParser:0.2866666666666667
TokenQueueTest:0.2633333333333333
ParseTest:0.21833333333333332
QueryParserTest:0.10333333333333333
