ProtocolOcspHttpTest:0.49666666666666665
LimitLengthASN1Reader:0.37666666666666665
OCSPServletBase:0.32
LimitLengthASN1ReaderTest:0.11666666666666667
