OptionalArgument:0.6666666666666666
OptionalArgumentFactory:0.28
DBIFactory:0.2733333333333333
