Criteria:0.59
PredicateContextImpl:0.5
PredicatePathToken:0.2966666666666667
EvaluationContextImpl:0.21333333333333335
BaseTest:0.15333333333333332
FilterPathTokenPredicate:0.13
InlineFilterTest:0.056666666666666664
