ConnectionPool:0.52
Connection:0.4766666666666667
ConnectionPoolTest:0.18666666666666668
