AnimationController:0.38333333333333336
DefaultShader:0.37
ModelBatch:0.32666666666666666
RenderContext:0.26666666666666666
GLES10Shader:0.185
AnimationDesc:0.16444444444444445
InputStreamNetStreamImpl:0.04
OutputStreamNetStreamImpl:0.04
