HttpRequest:0.7866666666666666
HttpBrowser:0.3466666666666667
HttpStatus:0.19
