ProfileBackingBean:0.4766666666666667
ProfileBackingBeanDataModel:0.45666666666666667
ContextUtils:0.37
AuditInterceptor:0.3433333333333333
ProfileSearchServiceImpl:0.26666666666666666
ProfileSearchService:0.255
PromoteUserIDToLog4JNDCFilter:0.13
AdditionalDataServiceImpl:0.12666666666666668
StatistikDAOHibernateImpl:0.09
AuthenticationApplicationListener:0.09
StatistikServiceImpl:0.09
ProfileSearchDAO:0.04666666666666667
ProfileSearchDAOHibernateImpl:0.006666666666666667
