MatrixManipulations:0.5
Main:0.34
GraphicsFeedback:0.29444444444444445
TexturePatch:0.2866666666666667
Triangle3D:0.26666666666666666
TrianglePlusVertexArray:0.21666666666666667
