HazelcastCacheTest:0.4166666666666667
TestCacheManager:0.25333333333333335
DummyBean:0.15333333333333332
JCacheCacheManagerTest:0.12333333333333334
