Transaction:0.56
TransactionManager:0.5166666666666667
TransactionSubpart:0.23666666666666666
DeleteTransaction:0.17666666666666667
UpdateTransaction:0.12333333333333334
