BasicBondGenerator:0.7669444444444444
IntermediateRendererTest:0.5404444444444444
