ElementModel:0.36666666666666664
AbstractConfigurationParser:0.36
SaveAsAction:0.3433333333333333
WidgetDefViewer:0.29333333333333333
ScenarioDebuggerAction:0.28488888888888897
ScenarioDecoderAction:0.27666666666666667
ServerConfigurationParser:0.25666666666666665
ClientConfigurationParser:0.24333333333333335
SaveWidgetSnapshotAction:0.23826767676767677
DecoderAction:0.225
SnapshotPlugin:0.21666666666666667
SearchAction:0.20944444444444443
MessageDecoderAction:0.20944444444444443
SavePPTAction:0.20944444444444443
CockpitPlugin:0.19666666666666666
SaveXMLAction:0.19666666666666666
SaveImageSnapshotAction:0.19666666666666666
CheckDefinitionAction:0.1922222222222222
OpenXMLAction:0.19
WidgetDefaultsParser:0.18333333333333332
DebugPlugin:0.14333333333333334
ElementCellRenderer:0.13901984126984124
WidgetDefPlugin:0.13333333333333333
EditorMenuFactory:0.13333333333333333
EngineConfigurator:0.09
TableSelectionListener:0.016666666666666666
WidgetDefCellRenderer:0.013333333333333334
