IndexingOperationListener:0.67
InternalEngine:0.3566666666666667
IndexingMemoryController:0.25333333333333335
IndexShardTestCase:0.23666666666666666
IndexShardTests:0.22333333333333333
CompositeListener:0.18638888888888888
IndexShardIT:0.17666666666666667
IndexingSlowLog:0.16333333333333333
IndexingOperationListenerTests:0.15333333333333332
InternalIndexingStats:0.15
