SimpleDateMappingTests:0.6766666666666666
SimpleSearchTests:0.4
SimpleCountTests:0.39666666666666667
