GaussiansCalculationTest:0.5879047619047619
TableTest:0.5879047619047619
