UPSScpService:0.44666666666666666
UPSQueryCmd:0.43333333333333335
RetryIntervalls:0.35
Map:0.3
MoveScuService:0.28
UPSScp:0.23
