CommonContext:0.43333333333333335
UdpChannel:0.3466666666666667
ChannelUriStringBuilder:0.2966666666666667
SequencerAgent:0.29333333333333333
ClusterMember:0.2633333333333333
RecordingCatchUp:0.23444444444444448
