SunshineSphere:0.47
SunshineCylinder:0.4533333333333333
SunshineRaytracer:0.38666666666666666
SunshineBox:0.3333333333333333
TextureHandler:0.2866666666666667
SunshineSceneVisitor:0.19388888888888892
SunshineObject:0.17833333333333334
Sunshine:0.16583333333333333
Testumgebung:0.11
