Function:0.5366666666666666
Analysis:0.28
SymbolVisitor:0.23
StringLiteral:0.18
StatementAnalyzer:0.17
AndOperator:0.08
OrOperator:0.06666666666666667
EqOperator:0.06
AggregationFunction:0.043333333333333335
FunctionImplementation:0.03666666666666667
NotEqOperator:0.02
