CustomFieldException:0.7766666666666666
FieldValidator:0.25333333333333335
