ResourceServlet:0.49
GZIPResponseStream:0.48
ResourceHelper:0.24666666666666667
ResourceServletTests:0.13666666666666666
ResourceRenderer:0.05
ResourceGroupRenderer:0.006666666666666667
