NbrowseDatabase:0.5633333333333334
SticksRenderer:0.5633333333333334
DatabaseManager:0.36333333333333334
