Model:0.7716666666666666
PropertyTreeWidget:0.2866666666666667
