DBCursor:0.7466666666666667
DBCursorOldTest:0.31333333333333335
MongoQuery:0.25
MongoQueryBaseMessage:0.17
