OkBuffer:0.6
Util:0.3566666666666667
OkBufferTest:0.17333333333333334
OkBuffers:0.13455555555555557
