Bugs:0.48
EventRecorderTest:0.42333333333333334
ComponentTestFixture:0.33666666666666667
AbstractRecorderFixture:0.23666666666666666
DialogRecorderTest:0.23666666666666666
EventWatcher:0.22080952380952382
