CramerRulesTest:0.3933333333333333
RuleHasOnlySaltSulphonateSulphate:0.31355555555555553
RuleHasOnlySaltSulphonateSulphateTest:0.29333333333333333
TestBugs:0.14333333333333334
AbstractTreeTest:0.14333333333333334
