Find:0.6866666666666666
DBCursor:0.43666666666666665
QueryMessage:0.17666666666666667
