NavigationTag:0.48333333333333334
MockBodyContent:0.25333333333333335
NavigationTagTest:0.19333333333333333
MockServletRequest:0.16666666666666666
MockPageContext:0.14666666666666667
