ParamInfo:0.37
ConnectionJDBC2:0.31
SAfeTest:0.3044444444444444
JtdsStatement:0.2966666666666667
PreparedStatementTest:0.29
SQLParser:0.23333333333333334
CachedResultSet:0.23333333333333334
JtdsPreparedStatement:0.225
SQLCacheKey:0.07666666666666666
SimpleLRUCache:0.07333333333333333
CachedSQLQuery:0.02
JDBC3Test:0.006666666666666667
