ClientMapProxy:0.4077777777777778
MapProxyImpl:0.38083333333333336
MapProxySupport:0.36
ClientMultiMapLockTest:0.26
