StrutsTilesContainerFactory:0.8
StrutsWildcardServletTilesApplicationContext:0.4166666666666667
StrutsFreeMarkerAttributeRenderer:0.12666666666666668
StrutsTilesInitializer:0.08666666666666667
