StrandedZoomableApolloPanel:0.6005555555555555
ApolloFrame:0.5366666666666666
