ExpressionInterpreter:0.8
TestStatementBuilder:0.3233333333333333
TestExpressionInterpreter:0.20333333333333334
