CoreDao:0.68
CoreDaoImpl:0.36666666666666664
AbstractAdminModule:0.3433333333333333
BinderModuleImpl:0.32
