Dashboard:0.4666666666666667
ChatRoomsComposite:0.39
ConfigurationWizard:0.19055555555555556
StartupSaros:0.15
PreferenceConstants:0.14622222222222223
PreferenceInitializer:0.14
