DummyApprovalRequest:0.3933333333333333
ApprovalSessionBean:0.3466666666666667
ApprovalDataVOView:0.2977222222222222
ApprovalSessionTest:0.2966666666666667
ApprovalRequestTest:0.18666666666666668
