HostQueuesFrontier:0.74
AbstractFrontier:0.37666666666666665
BdbFrontier:0.3283333333333333
