ArrayBufferView:0.8266666666666667
JavaMain:0.37
AppTest:0.09666666666666666
Prototype:0.07333333333333333
Constructor:0.07333333333333333
