OsgiBundleResourcePatternResolver:0.4646666666666667
AbstractIoTest:0.39666666666666667
JarCreator:0.35
AbstractDependencyManagerTests:0.34
EntryLookupControllingMockBundle:0.23
