ContentControl:0.48333333333333334
EventHelper:0.45666666666666667
GotoUrlEvent:0.31666666666666665
LinkToUrlConfig:0.24
UrlWidget:0.16
