SimpleCrawlerHandler:0.8466666666666667
ExampleImapCrawler:0.29
ExampleIcalCrawler:0.25
ExampleWebCrawler:0.23666666666666666
ExampleFileCrawler:0.19638888888888892
ExampleOutlookCrawler:0.16333333333333333
