View:0.4866666666666667
StatusBar:0.36666666666666664
MemoryStatus:0.27
EditPane:0.24666666666666667
PanelWindowContainer:0.23333333333333334
DockableLayout:0.20666666666666667
VICaretStatus:0.19733333333333333
MouseHandler:0.18666666666666668
ButtonLayout:0.15
