Factory:0.43
AnalysisRegistry:0.37333333333333335
TransportAnalyzeAction:0.27666666666666667
CustomAnalyzerProvider:0.26
AnalyzeActionIT:0.15333333333333332
SynonymTokenFilterFactory:0.14333333333333334
SynonymsAnalysisTests:0.06333333333333334
SynonymGraphTokenFilterFactory:0.05
