AbstractCache:0.5655555555555555
Sequence:0.35333333333333333
SentenceTransformer:0.26
VocabConstructorTest:0.18333333333333332
VocabConstructor:0.12333333333333334
