IRecord:0.6833333333333333
DocumentRecord:0.42
ElementRecord:0.38666666666666666
NodeRecord:0.38666666666666666
SetRecord:0.37666666666666665
AttributeRecord:0.2633333333333333
RecordDataObject:0.26
SXEController:0.20666666666666667
SXECommand:0.2
DeleteRecordsCommand:0.19
AbstractElementRecordCreateCommand:0.18333333333333332
CopyRecordCommand:0.15333333333333332
ElementRecordChangeLayoutCommand:0.15333333333333332
ElementRecordPart:0.15333333333333332
HierarchicalRecordSet:0.13666666666666666
PasteRecordCommand:0.13333333333333333
SXEExtensionProvider:0.12666666666666668
TestApplyRecords:0.09666666666666666
SXEUtils:0.09666666666666666
SetRecordDataObject:0.05333333333333334
