ConcreteLayerPainter:0.5666666666666667
LayerPainter:0.49333333333333335
LayerRenderer:0.4066666666666667
AbstractLayerPainter:0.27666666666666667
MutuExclRenderer:0.26666666666666666
LabelRenderer:0.23333333333333334
BasicContainerRenderer:0.19666666666666666
AbstractPanel:0.13333333333333333
OffsetContainerRenderer:0.08159523809523808
LayerRendererBridge:0.056666666666666664
