DataService:0.42333333333333334
TriggerRouterService:0.41
ISqlTransaction:0.3874285714285714
IncomingBatchService:0.27
JdbcSqlTransaction:0.27
SymmetricEngineHolder:0.23333333333333334
MsSqlTriggerTemplate:0.21666666666666667
MsSqlDdlReader:0.18
