SyntenyPanel:0.5066666666666667
ApolloFrame:0.47
CompositeApolloFrame:0.2633333333333333
EvidencePanelOrientationManager:0.22666666666666666
