RelationshipTypeTable:0.5966666666666667
DisplayAnnotation:0.43888888888888894
DisplayGoTerm:0.11333333333333333
