HttpMethods:0.47904761904761906
HttpClientResponse:0.43333333333333335
IOSNet:0.31666666666666665
NetJavaImpl:0.16333333333333333
