MTGRoot:0.8166666666666667
MTGBranchElement:0.43
MTGTranslator:0.12666666666666668
