RowContextReferenceResolver:0.701111111111111
SysRepositoriesTest:0.47
SystemCollectSource:0.35333333333333333
