MetadataDao:0.7
ShardManagerDao:0.5713888888888888
DatabaseShardManager:0.29
TestDatabaseShardManager:0.27
RaptorMetadata:0.22
TestShardManagerDao:0.16
TestMetadataDao:0.12666666666666668
TestShardEjector:0.11333333333333333
TestShardCompactionDiscovery:0.10333333333333333
