Scope:0.43666666666666665
TransformGenerator:0.37833333333333335
Transformer:0.37333333333333335
TypeHierarchyCollector:0.36
Parser:0.28
ValueDeclaration:0.21177777777777776
Intrinsics:0.15583333333333332
TemplateWriter:0.07666666666666666
TypeResolver:0.07066666666666667
