Config:0.6433333333333333
JPF:0.5933333333333334
NativePeer:0.2633333333333333
DefaultInstructionFactory:0.11
