ObjectFactory:0.49666666666666665
KuwaibaService:0.42
CommunicationsStub:0.4033333333333333
DeviceLayoutRenderer:0.38333333333333336
RackViewScene:0.3333333333333333
GenericCacheInitializer:0.3272804232804233
RackViewTopComponent:0.2866666666666667
Cache:0.28
RackViewService:0.24333333333333335
PortWidget:0.24333333333333335
LocalTask:0.23583333333333334
RackWidget:0.21333333333333335
ShowDeviceLayoutTopComponent:0.2056111111111111
CustomShapesTopComponent:0.205
DeviceLayoutStructure:0.19
DeviceLayoutsTopComponent:0.18
RackConnectionSelectProvider:0.17266666666666666
DeviceLayoutImporter:0.16333333333333333
ShowDeviceLayoutView:0.15583333333333332
DeviceLayoutEditorService:0.15333333333333332
CreateListTypeItemRelatedView:0.13
DeviceLayoutChildren:0.12333333333333334
Installer:0.11666666666666667
CustomShapeChildren:0.11666666666666667
EditLayoutAction:0.11666666666666667
CommunicationsStubTask:0.07
GetDeviceLayoutStructure:0.058333333333333334
GetDeviceLayoutsResponse:0.03333333333333333
GetDeviceLayouts:0.0
GetDeviceLayoutStructureResponse:0.0
ClassesChacheInitializer:0.0
CreateListTypeItemRelatedViewResponse:0.0
CustomShapeChacheInitializer:0.0
