RDFProtonDescriptor:0.6866666666666666
ProtonTotalPartialChargeDescriptor:0.4026666666666667
