ShapeBuilder:0.6155555555555556
DirectCandidateGenerator:0.29
MaxMapCountCheck:0.26666666666666666
MaxNumberOfThreadsCheck:0.25666666666666665
