GlobalSerializerConfig:0.4166666666666667
AbstractSerializationService:0.32666666666666666
XMLConfigBuilderTest:0.25333333333333335
DefaultSerializationServiceBuilder:0.2088888888888889
SpringXmlBuilderHelper:0.2
AbstractXmlConfigHelper:0.18666666666666668
IssuesTest:0.17
SerializationTest:0.10333333333333333
