AlignLeftArranger:0.29333333333333333
VerticalTreeRenderer:0.2633333333333333
AbstractArranger:0.23
DetermineLevelHeight:0.20666666666666667
CenteredArranger:0.19666666666666666
AlignRightArranger:0.19666666666666666
GraphicsTreeElements:0.17333333333333334
HorizontalTreeRenderer:0.15
TreeRendererBase:0.10666666666666667
AlignTopArranger:0.09333333333333334
ReportGraphicalTree:0.07333333333333333
