ShadowContentValues:0.5133333333333333
Robolectric:0.47333333333333333
ShadowSQLiteDatabase:0.19
SQLiteDatabaseTest:0.14333333333333334
Table:0.14333333333333334
