Window:0.6166666666666667
Storage:0.42
StorageList:0.21333333333333335
StorageTest:0.056666666666666664
