ClusteredEventBus:0.41
HttpTest:0.3333333333333333
HAManager:0.3333333333333333
Http1xTest:0.31666666666666665
Http2Test:0.28300000000000003
HttpServerResponseImpl:0.26
HttpServerResponse:0.23666666666666666
Http2ServerResponseImpl:0.23
FakeAsyncMultiMap:0.15833333333333333
AsyncMultiMap:0.09166666666666666
