BuildingManager:0.41968253968253966
GroundVehicle:0.3233333333333333
VehicleMaintenance:0.27666666666666667
ReserveRover:0.2683333333333333
BuildingConfig:0.25
VehicleMaintenanceBuildingPanel:0.22
MaintainGroundVehicleGarage:0.21333333333333335
TravelToSettlement:0.21
MaintainGroundVehicleEVA:0.17333333333333334
CollectResourcesMission:0.13333333333333333
