Task:0.6033333333333334
Maintenance:0.29333333333333333
ExitAirlock:0.26666666666666666
RepairEVAMalfunction:0.25666666666666665
EnterAirlock:0.22
MaintainGroundVehicleEVA:0.21666666666666667
RepairMalfunction:0.21
MedicalAssistance:0.21
DriveGroundVehicle:0.20666666666666667
ResearchScience:0.20666666666666667
TendGreenhouse:0.18666666666666668
CollectResources:0.18333333333333332
UnloadVehicle:0.17
LoadVehicle:0.17
Doctor:0.16777777777777778
MaintenanceEVA:0.16333333333333333
Driver:0.15444444444444444
MaintainGroundVehicleGarage:0.14333333333333334
RepairEmergencyMalfunction:0.14
Engineer:0.13333333333333333
Botanist:0.13
Areologist:0.12333333333333334
