AbstractSecurityInterceptor:0.5133333333333333
MethodSecurityInterceptorTests:0.39666666666666667
FilterSecurityInterceptorTests:0.285
