GraphState:0.5966666666666667
CtrlFrame:0.49666666666666665
GTS:0.42333333333333334
CtrlSchedule:0.4066666666666667
CalledAction:0.395
CtrlStep:0.37666666666666665
CtrlState:0.35
Step:0.2816666666666667
AbstractGraphState:0.27
Switch:0.22333333333333333
LTSJVertex:0.21666666666666667
StatisticsListener:0.19666666666666666
RuleTree:0.18666666666666668
AbstractPatternState:0.18666666666666668
LabelValue:0.17666666666666667
MatchCollector:0.17
StateSet:0.16
StateMatches:0.14
StepMatchCollector:0.13666666666666666
ControlUnitTest:0.09
