AnalyzerDispatcher:0.48333333333333334
Analyzer:0.43666666666666665
CreateRepositoryAnalyzer:0.06333333333333334
DropSnapshotAnalyzer:0.056666666666666664
