PortletResult:0.49666666666666665
PortletVelocityResult:0.44111111111111106
PortletResultTest:0.4066666666666667
