LibraryFacade:0.5466666666666666
Aeron:0.5
Builder:0.27666666666666667
ExampleSender:0.14333333333333334
DataHandler:0.036166666666666666
ExampleDataHandler:0.02
