ObjectConnectionWidget:0.5816666666666667
ViewScene:0.43333333333333335
ObjectViewTopComponent:0.3466666666666667
ObjectNodeWidget:0.21333333333333335
ViewBuilder:0.197
ObjectViewService:0.19
