StatementGenerator:0.5433333333333333
ObjectiveCImplementationGenerator:0.4266666666666667
RewriterTest:0.4066666666666667
InitializationNormalizer:0.26
Rewriter:0.24333333333333335
InitializationNormalizerTest:0.22666666666666666
UnicodeUtils:0.11666666666666667
