XMLHttpRequestTest:0.7433333333333333
XMLHTTPRequest:0.4033333333333333
XMLHttpRequestProgressEvent:0.38
ProgressEvent:0.38
RegExpJsToJavaConverter:0.21
HtmlUnitContextAction:0.14666666666666667
