MoleculesPage2:0.48333333333333334
QSARFormEditor:0.38333333333333336
MoleculesContentProvider:0.3138888888888889
MoleculesLabelProvider:0.24
MoleculeResource:0.17666666666666667
PreprocessingContentProvider:0.09666666666666666
PreprocessingLabelProvider:0.07666666666666666
MoleculesEditorSelectionProvider:0.03333333333333333
