TestRunner:0.52
BaseTestRunner:0.51
SuiteTest:0.2275
TestFailure:0.21666666666666667
FailureListCellRenderer:0.14666666666666667
StackFilterTest:0.12333333333333334
DefaultFailureDetailView:0.11666666666666667
