ThresholdingVisitor:0.5266666666666666
IfInfo:0.44933333333333336
SnmpAttribute:0.41
NodeInfo:0.18666666666666668
GenericIndexResource:0.18666666666666668
