RatedDocument:0.5866666666666667
RatedDocumentKey:0.43333333333333335
RankEvalResponse:0.3333333333333333
PrecisionAtNTests:0.15
ReciprocalRankTests:0.06
RatedDocumentTests:0.058333333333333334
RatedDocumentKeyTests:0.04905555555555556
RatedRequestsTests:0.044444444444444446
RankEvalRequestTests:0.016666666666666666
DiscountedCumulativeGainAtTests:0.013333333333333334
RankEvalResponseTests:0.0
RestRankEvalAction:0.0
