DefaultQueryCache:0.5
SubscriberAccumulatorHandler:0.39666666666666667
ClientQueryCacheContext:0.3233333333333333
Employee:0.31166666666666665
NodeQueryCacheContext:0.28
NullQueryCache:0.2633333333333333
AbstractInternalQueryCache:0.24666666666666667
InternalQueryCache:0.21694444444444447
QueryCacheContext:0.2
