SoapFault:0.7933333333333333
SoapMessage:0.6666666666666666
SoapBody:0.6133333333333333
SoapHeaderElement:0.5166666666666667
QNameEditor:0.38333333333333336
SaajSoapMessage:0.37
MockMessageContext:0.2833333333333333
MockWebServiceMessage:0.2833333333333333
SoapFaultDefinition:0.26666666666666666
SoapHeader:0.19533333333333333
EndpointMappingTest:0.19
MessageHandlerAdapterTest:0.18333333333333332
SaajSoapFault:0.18
MessageHandlerAdapter:0.17333333333333334
PayloadLoggingInterceptorTest:0.16666666666666666
SaajSoapBody:0.16666666666666666
SoapMessageDispatcherTest:0.16666666666666666
SoapFaultMappingExceptionResolver:0.16333333333333333
MessageDispatcherTest:0.16333333333333333
QNameUtilsTest:0.16333333333333333
SoapFaultDefinitionEditor:0.15437301587301586
QNameEditorTest:0.15333333333333332
SaajSoapMessageTest:0.14333333333333334
SoapFaultMappingExceptionResolverTest:0.14
PayloadRootQNameEndpointMappingTest:0.13666666666666666
SoapEndpointInterceptor:0.1297777777777778
PayloadEndpointAdapterTest:0.125
MarshallingPayloadEndpointTest:0.12
SaajUtils:0.12
MessageEndpointAdapterTest:0.11
SoapActionEndpointMappingTest:0.10333333333333333
SaajUtilsTest:0.1
PayloadValidatingInterceptor:0.09666666666666666
SaajSoapEnvelope:0.09166666666666666
PayloadValidatingInterceptorTest:0.07666666666666666
SoapFaultDefinitionEditorTest:0.07666666666666666
DomPayloadEndpointTest:0.07
SaajSoapHeaderElement:0.055
SaajSoapHeader:0.04833333333333333
SaajSoapBodyTest:0.043333333333333335
SoapMessageDispatcher:0.041666666666666664
SoapEnvelope:0.03666666666666667
QNameUtils:0.025
SaajSoapHeaderTest:0.011666666666666667
SoapHeaderException:0.01
SoapEnvelopeException:0.01
SaajSoapFaultException:0.01
SaajSoapBodyException:0.01
SoapFaultException:0.01
SaajSoapHeaderException:0.01
SoapBodyException:0.01
SaajSoapEnvelopeException:0.01
SoapElement:0.006666666666666667
AbstractSoapMessage:0.0
