OsgiServiceProxyFactoryBean:0.6166666666666667
ServiceReferenceInjectionBeanPostProcessor:0.30666666666666664
BundleFactoryBean:0.2866666666666667
OsgiServiceAnnotationTest:0.2633333333333333
ServiceRefAwareWithSingleServiceTest:0.14333333333333334
OsgiReferenceNamespaceHandlerTest:0.14
OsgiSingleServiceProxyFactoryBeanTest:0.13666666666666666
CardinalityOptions:0.13333333333333333
ServiceProxyFactoryBeanTest:0.11333333333333333
ReferenceBeanDefinitionParser:0.11
AbstractServiceImporter:0.07333333333333333
AbstractDelegatedExecutionApplicationContext:0.04
BundleDelegatingClassLoaderTest:0.023333333333333334
