AddressingEndpointInterceptor:0.51
AbstractWsAddressingVersion:0.35333333333333333
AbstractMethodEndpointMapping:0.27
WsAddressingActionEndpointMapping:0.25333333333333335
AbstractWsAddressingEndpointMapping:0.23
AbstractWsAddressingMethodEndpointMapping:0.07333333333333333
AbstractAddressingInterceptorTestCase:0.056666666666666664
WsAddressingActionEndpointMappingTest:0.016666666666666666
AddressingInterceptor200408Test:0.006666666666666667
EndpointReferenceEditor:0.006666666666666667
AddressingInterceptor200605Test:0.0
