PluginManager:0.49333333333333335
ImportClientManager:0.45
MetadataManager:0.37333333333333335
Main:0.19777777777777777
TestImportClientFactory:0.12666666666666668
ServerMainModule:0.12333333333333334
