AbstractCacheRecordStore:0.44
CacheTestSupport:0.32666666666666666
AbstractClusterWideIterator:0.3
CacheBasicAbstractTest:0.2833333333333333
