SnmpEntPhysicalTable:0.2966666666666667
SnmpSyncProvider:0.25333333333333335
