Parameter:0.8
SteeringWheel:0.4592619047619047
FactoryProviderTest:0.24333333333333335
Fiat:0.2
