SvmClassifier:0.43666666666666665
SvmRegressor:0.43666666666666665
TestLearnAggregations:0.31333333333333335
AbstractSvmModel:0.2966666666666667
