AddGene:0.5333333333333333
PubObjectTable:0.2733333333333333
StorableGeneBeanImpl:0.2633333333333333
StorableGeneBeanTest:0.05333333333333334
