ConnectionResponse:0.5333333333333333
HTTPCommunicator:0.45666666666666667
RestTest:0.33666666666666667
HttpPostCommand:0.20666666666666667
