AbstractFlowBuilder:0.58
LocalBeanInvokingAction:0.38666666666666666
BeanFactoryBeanInvokingAction:0.22666666666666666
AbstractBeanInvokingAction:0.17333333333333334
