ExecutorService:0.6233333333333333
ExecutionService:0.5533333333333333
BatchPresentation:0.49333333333333335
Actor:0.4533333333333333
Task:0.41
Variable:0.4066666666666667
BatchPresentationFactory:0.37333333333333335
VariableDefinition:0.34
Group:0.34
WfVariable:0.32
Messages:0.275
BatchPresentationHibernateCompiler:0.2633333333333333
TypeConversionUtil:0.2518888888888889
Duration:0.245
ValidationException:0.22333333333333333
ExecutionServiceDelegate:0.22
SubstitutionLogic:0.21666666666666667
ExecutionServiceBean:0.21333333333333335
SwimlaneDefinition:0.20644444444444443
WebServiceTaskHandler:0.20333333333333334
WorkflowBot:0.20333333333333334
ExecutorDAO:0.2
AdminScriptRunner:0.19333333333333333
HandlerData:0.19
BaseDateTDBuilder:0.19
ExecutionLogic:0.19
JpdlXmlReader:0.19
PresentationCompilerHelper:0.18955555555555556
ListExecutorRightRelationMembersFormTag:0.18333333333333332
ExecutorLogic:0.18333333333333332
ExecutorServiceDelegate:0.18
AjaxGroupMembersTag:0.18
HibernateCompilerParameters:0.18
ValidatorManager:0.175
ActorsMultiSelectTag:0.17444444444444446
WSObjectAccessor:0.16666666666666666
ClassPresentations:0.16666666666666666
FormatCommons:0.1627777777777778
FileFormat:0.16
ExecutorServiceBean:0.16
TaskAlreadyCompletedException:0.15833333333333333
LegacyActorsMultiSelectTag:0.15333333333333332
FileVariable:0.15
ListNotExecutorGroupsFormTag:0.15
VariableExtractionHelper:0.15
RootProcessTDBuilder:0.15
ListExecutorLeftRelationMembersFormTag:0.15
ExpressionEvaluator:0.14833333333333334
JavaObjectAccessor:0.14
ListExecutorRightRelationsFormTag:0.14
ShowHistoryTag:0.13666666666666666
VariableForm:0.13
ActionExceptionHelper:0.12666666666666668
DemoSubordinateRecursive:0.12666666666666668
ViewUtil:0.12333333333333334
SubmitStartProcessFormAction:0.11666666666666667
ProcessVariablesRowBuilder:0.11333333333333333
RelationClassPresentation:0.11333333333333333
ListAllExecutorsFormTag:0.11333333333333333
AuthorizationLogic:0.11333333333333333
SubmitTaskFormAction:0.11
TaskLogic:0.10333333333333333
OrgFunctionHelper:0.1
ActorComboboxVarTag:0.09333333333333334
ActorCodeRenderer:0.09333333333333334
ExecutorAdapter:0.09027777777777778
ChooseGroupTag:0.09
VariableDownloaderAction:0.09
ActorSelectTD:0.09
StartProcessTaskHandler:0.09
ExecutorNameRenderer:0.08666666666666667
ChooseActorTag:0.08333333333333333
VariableDefinitionParser:0.08
WFRunaHibernateInterceptor:0.08
AuditLogic:0.06361111111111112
InteractionsParser:0.06333333333333334
FileValue:0.06
VariableLogic:0.056666666666666664
ProcessHierarchyUtils:0.043333333333333335
SystemUtils:0.043333333333333335
VariableLog:0.04
VariableUpdateLog:0.03333333333333333
VariableCreateLog:0.03333333333333333
JbpmRefactoringPatch:0.016666666666666666
WfExecutor:0.01
IAttributes:0.0
RelationPairClassPresentation:0.0
