LwjglApplication:0.63
LwjglApplicationConfiguration:0.5622222222222222
LwjglGraphics:0.4472222222222223
