MainFlowExecutionTests:0.5736666666666667
BookingFlowExecutionTests:0.5736666666666667
