ResponseBodyPart:0.6133333333333333
HttpProtocol:0.36666666666666664
WebSocketProtocol:0.25666666666666665
