ARCWriterProcessor:0.6227777777777778
FetchDNS:0.3522222222222222
