Transition:0.6666666666666666
TaskState:0.37666666666666665
TransitionGraphicalEditPart:0.2833333333333333
AddTransitionFeature:0.24666666666666667
UpdateTransitionFeature:0.15666666666666668
