FilterContentDisplayer:0.44
CalendarSheet:0.4083333333333333
FilterContentDisplayerConfig:0.2866666666666667
