Group:0.5266666666666666
Item:0.44333333333333336
StatsDialog:0.33
Title:0.31833333333333336
