FractalRunner:0.2866666666666667
SequenceAlignmentRunner:0.24
FractalConfiguration:0.19333333333333333
MandelbrotMouseListener:0.06
LyapunovTask:0.05333333333333334
MandelbrotTask:0.05333333333333334
AlignmentResultCollector:0.043333333333333335
ImagePanel:0.03333333333333333
DatabaseHandler:0.023333333333333334
SequenceAlignmentTask:0.006666666666666667
