IssueForm:0.605
EditReportFormAction:0.49133333333333334
ListReportsAction:0.19333333333333333
EditReportAction:0.16666666666666666
