ClassDescriptor:0.6366666666666667
SymbolTable:0.31833333333333336
StepFactory:0.30333333333333334
TypeChecker:0.23
Linker:0.19
TracWikiDocumentationGenerator:0.12666666666666668
