CMLReader:0.5166666666666667
PMPReader:0.19077777777777777
DBReader:0.18105555555555555
WWMMatrixReader:0.17633333333333334
PDBReader:0.16083333333333333
ZMatrixReader:0.13666666666666666
XindiceReader:0.125
DADMLReader:0.125
IChIReader:0.11
XYZReader:0.05
ShelXReader:0.05
SMILESReader:0.05
