SideKickTree:0.5433333333333333
SideKickCompletionPopup:0.36333333333333334
MouseHandler:0.2425
ParseRequest:0.15333333333333332
ActionHandler:0.07333333333333333
