UploadManager:0.6533333333333333
UploadEngine:0.45
TestMagmaParser:0.27666666666666667
