ESTestCase:0.5466666666666666
FieldSortBuilderTests:0.3233333333333333
GeoDistanceSortBuilderTests:0.31
ScriptSortBuilderTests:0.2866666666666667
ScoreSortBuilderTests:0.21
