Fragment:0.6566666666666666
DeterministcGeneratorTest:0.39
DeterministicGenerator:0.35
GenerationList:0.18666666666666668
