Structure:0.41
StructureTest:0.38666666666666666
IntegerType:0.34
NativeMappedConverter:0.26666666666666666
