PainlessParser:0.69
Walker:0.44083333333333335
LambdaTests:0.32
LambdaContext:0.30666666666666664
