ComponentTransition:0.102258176
AbstractTransition:0.06187852
