NoTransition:0.546724
TransitionPanel:0.35097873
FadeTransition:0.26456264
MoveTransition:0.18618646
ImageView:0.07757852
