MockResponse:0.59
Util:0.5281111111111111
MockWebServer:0.36
MockWebServerTest:0.26666666666666666
SpdySocketHandler:0.21000000000000002
TruncatingBuffer:0.013333333333333334
