FolderColumn:0.49
GwtViewHelper:0.36333333333333334
DataTableFolderViewBase:0.31333333333333335
CollectionView:0.24777777777777782
