Create2dHandlerWithReset:0.8366666666666667
Create3dHandlerWithoutReset:0.16333333333333333
Create3dHandlerWithReset:0.16333333333333333
Create2dHandlerWithoutReset:0.16333333333333333
