Array:0.56
ArrayInterface:0.5497222222222223
VectorTester:0.43333333333333335
ArrayDebug:0.4266666666666667
ArrayPlugin:0.3566666666666667
ArrayDebugPlugin:0.28
