JSONLexerBase:0.545
JSONScanner:0.38666666666666666
JSONReaderScanner:0.3433333333333333
