MainFragment:0.6333333333333333
MyApp:0.35
MainActivity:0.18333333333333332
