UserDefineRecognition:0.5233333333333333
FileDemo:0.17333333333333334
NatureDemo:0.15666666666666668
Test:0.14333333333333334
NlpTest:0.14333333333333334
