Seq:0.45
List:0.4066666666666667
CharSeqTest:0.31666666666666665
IndexedSeq:0.3136507936507937
Stream:0.26
Vector:0.25333333333333335
LinearSeq:0.24142857142857144
Array:0.23333333333333334
AbstractSeqTest:0.21333333333333335
CharSeq:0.20333333333333334
VectorTest:0.19666666666666666
Queue:0.19333333333333333
