Timeline:0.545611111111111
MTimeline:0.38
ControlPanel:0.3566666666666667
Blend:0.31
Setter:0.11333333333333333
