Priority:0.47333333333333333
ZenDiscovery:0.3
PrioritizedExecutorsTests:0.3
PendingClusterTask:0.2111111111111111
BlockingTask:0.19333333333333333
ClusterHealthRequest:0.18666666666666668
TransportClusterRerouteAction:0.12333333333333334
TransportClusterUpdateSettingsAction:0.12333333333333334
ClusterServiceTests:0.04666666666666667
PrioritiezedTask:0.04666666666666667
