CompilerClassDescriptor:0.35
MyAction:0.3333333333333333
CompilerFileDescriptor:0.30666666666666664
CompilerMethodDescriptor:0.2866666666666667
