XUAConstants:0.7930555555555554
XUAObject:0.5
XServiceUser:0.29
XUAOutPhaseHandler:0.28504761904761905
