OutputLayer:0.56
BaseLayer:0.5458333333333333
StochasticGradientDescent:0.22666666666666666
OutputLayerTest:0.18666666666666668
