TcpIpConnectionManager:0.44333333333333336
BasicOperationScheduler:0.42
InSelectorImpl:0.36666666666666664
OutSelectorImpl:0.36666666666666664
