Maintenance:0.3466666666666667
MaintainGroundVehicleGarage:0.27666666666666667
MissionManager:0.2744444444444445
ManufactureGood:0.24777777777777782
EatMeal:0.24444444444444446
TravelToSettlement:0.2377777777777778
CookMeal:0.2377777777777778
MaintenanceEVA:0.23444444444444448
Trade:0.20416666666666666
LoadVehicle:0.195
