ClientHelper:0.6133333333333333
DefaultClientConnectionStrategy:0.47333333333333333
DefaultOutOfMemoryHandler:0.3977777777777778
ClientOutOfMemoryHandler:0.19
