IUIManager:0.8533333333333334
UIManager:0.8366666666666667
