AgentMain:0.38
Update:0.3433333333333333
JobValidator:0.17333333333333334
ZooKeeperClusterIdTest:0.15
CliMasterListTest:0.14
ExpiredJobReaper:0.11333333333333333
