ScriptEnvironment:0.59
UIScriptEnvironment:0.32666666666666666
UIInspector:0.2633333333333333
UIActionFromSet:0.25666666666666665
UIActionSingleChoice:0.25666666666666665
JPF_java_awt_EventDispatchThread:0.15
