FedoraServerTestCase:0.67
FedoraServerTestSetup:0.4377777777777777
FedoraTestConstants:0.014071428571428572
