Gedcom:0.6733333333333333
PropertyXRef:0.3
Fam:0.28150000000000003
PropertyHusband:0.18444444444444444
PropertyWife:0.18444444444444444
PropertyChild:0.1811111111111111
PropertyFamilySpouse:0.17444444444444446
PropertyFamilyChild:0.16666666666666666
