RubyPartitionScanner:0.7805555555555556
TC_RubyPartitionScanner:0.21333333333333335
