Options:0.5433333333333333
ResourceDisplay:0.41333333333333333
GroovyDisplay:0.25666666666666665
EnableAction:0.19666666666666668
ExecGroovyAction:0.19666666666666668
GroovyModel:0.14333333333333334
