SerializeWriter:0.6733333333333333
ASMSerializerFactory:0.31
EishayEncode:0.27
BenchmarkTest:0.22333333333333333
