GetRepositoryItemResponse:0.894626984126984
GetRepositoryItem:0.7766666666666666
