ComputationGraph:0.7466666666666667
BatchNormalization:0.3433333333333333
LocalResponseNormalization:0.32
