HeadersBeanDefinitionParser:0.55
Elements:0.426626984126984
HttpConfigurationBuilder:0.3333333333333333
