DockableWindowManager:0.22131774
PluginJAR:0.20319617
DockableWindowManagerImpl:0.17552502
ActionSet:0.13630177
jEdit:0.10651743
FloatingWindowContainer:0.09059531
EditPlugin:0.084402226
GUIUtilities:0.07283818
DockingFrameworkProvider:0.06958664
EditAction:0.06861942
DockableWindowManagerProvider:0.062124453
View:0.061789088
PanelWindowContainer:0.0535703
BeanShell:0.051292103
MiscUtilities:0.046259042
XMLUtilities:0.039967023
NameSpace:0.038973976
Log:0.02481098
UtilEvalError:0.0034906159
