PluginJAR:0.18869096
FoldHandler:0.1721521
EditPlugin:0.17177998
ServiceListHandler:0.14771879
jEdit:0.1145834
BeanShell:0.104849465
EncodingServer:0.09441726
GUIUtilities:0.089890905
VFS:0.08320297
VFSManager:0.075618036
View:0.067667164
FoldHandlerProvider:0.06472862
FileOpenerService:0.049972154
JEditTextArea:0.049290016
VFSBrowser:0.049261425
EncodingDetector:0.04819326
AutoDetection:0.038827658
JEditTrayIcon:0.038382195
StatusBar:0.033192135
DockingFrameworkProvider:0.032294814
Log:0.031571712
XMLUtilities:0.029271085
StatusWidgetFactory:0.027571848
JTrayIconManager:0.026495764
StandardUtilities:0.024852594
StatusBarOptionPane:0.013710786
DockingOptionPane:0.010195333
FoldPainter:0.007645332
GutterOptionPane:0.006033493
Encoding:0.0013373094
