ResourceFile:0.36
JResource:0.3566666666666667
ZipSecurity:0.3233333333333333
ResourceFileContent:0.30333333333333334
ResourcesLoader:0.24666666666666667
