MenuExtension:0.48
Messages:0.3775
EditHeaderAction:0.3333333333333333
AddPreCompileCommandAction:0.25333333333333335
AddPostCompileCommandAction:0.25333333333333335
AbstractHeaderAction:0.25
EditCommandAction:0.14444444444444446
