HardTokenEncryptCAService:0.44666666666666666
KeyRecoveryCAService:0.44666666666666666
OCSPCAService:0.36333333333333334
ProtocolOcspHttpTest:0.26
CAsTest:0.25666666666666665
ApprovalEnforcedByCertificateProfileTest:0.24666666666666667
UpgradeSessionBean:0.17666666666666667
CaTestCase:0.16666666666666666
KeyRecoveryCAServiceInfo:0.16333333333333333
HardTokenEncryptCAServiceInfo:0.16333333333333333
CaInitCommand:0.10666666666666667
