Vertex:0.4066666666666667
RewriteChoiceGenerator:0.3566666666666667
RewriteListener:0.23
LoopDefinitionManager:0.2286111111111111
Edge:0.21777777777777776
JPFrewriter:0.20666666666666667
MethodDefinitionManager:0.19666666666666666
InstructionFactory:0.11
MangoInstructionFactory:0.09333333333333334
MangoState:0.06333333333333334
JPF_mango_rewriter_RewriterMJI:0.06
