HopDebugFile:0.8533333333333334
FileDebugPlugin:0.19599999999999998
FileDescriptor:0.0
