GdxSetup:0.49333333333333335
ProgressBar:0.43333333333333335
CatmullRomSpline:0.39
DataOutputStream:0.20666666666666667
LwjglNativesLoader:0.09
