HTTPCommunicator:0.7233333333333334
RestClusterTest:0.31
RestTest:0.29444444444444445
