XmlResolver:0.7316111111111112
JeevesURIResolver:0.20905555555555555
