TypeDescription:0.6533333333333333
LazyNonGenericReceiverType:0.25333333333333335
LazyParameterizedReceiverType:0.23666666666666666
AbstractBase:0.21666666666666667
TypeDescriptionForLoadedTypeTest:0.21
TypeDescriptionArrayProjectionTest:0.21
AbstractTypeDescriptionGenericVariableDefiningTest:0.20666666666666667
