JoddJson:0.5366666666666666
JsonSerializer:0.36333333333333334
JsonAnnotationManager:0.33
JsonParser:0.3
JsonContext:0.29333333333333333
JsonParserTest:0.21666666666666667
JSONDeserializerTest:0.21666666666666667
JsonSerializerTest:0.2
JSONSerializationTest:0.19333333333333333
CustomAnnotationTest:0.13666666666666666
TypeJsonVisitor:0.10666666666666667
