RebaseImplementationTargetTest:0.5233333333333333
AbstractImplementationTargetTest:0.5233333333333333
SubclassImplementationTargetTest:0.3233333333333333
