AtomContainerManipulator:0.49333333333333335
ReactionManipulator:0.31333333333333335
SetOfReactionsManipulator:0.27666666666666667
ChemModelManipulator:0.25
RingSetManipulator:0.14333333333333334
AtomTypeManipulator:0.12
