FeatureSet:0.6266666666666667
GenbankAdapter:0.3433333333333333
GenbankValidator:0.3233333333333333
