IStructuredbInstanceManager:0.8866666666666667
StructuredbInstanceManager:0.5833333333333334
StructuredbManager:0.37666666666666665
StructuredbManagerTest:0.12
