ClientWrapper:0.36333333333333334
ServerWrapperTest:0.2966666666666667
UpdateRunnable:0.25666666666666665
ServerCockpitTest:0.2377777777777778
ServerCockpit_4Test:0.2377777777777778
APIFactory:0.23333333333333334
ServerCockpit_2Test:0.22611111111111115
ServerCockpit_3Test:0.22611111111111115
ServerCockpitConnectorsTest:0.22611111111111115
ServerCockpitParserTest:0.22611111111111115
UIDefinitionParserTest:0.2227777777777778
ConcreteLayerPainterTest:0.20666666666666667
DFHandlerTest:0.2
BasicServerEngineTest:0.19
ServerWrapperNetworkTest:0.18666666666666668
ClientMessageProcessor:0.18
ClientXMLDFHandlerTest:0.18
ScenarioDebuggerActionTest:0.17
ClientConfigurationParser:0.16666666666666666
ServerMessageProcessor:0.16
RendererUITest:0.14944444444444444
Renderer_2Test:0.14944444444444444
PainterUtils:0.14111111111111113
Renderer_3Test:0.14
ClientBinaryDFHandlerSymbolsTest:0.13666666666666666
NetworkTest:0.12666666666666668
BasicClientEngineTest:0.12
ServerGUITools:0.10666666666666667
GUIActionRunnable:0.09333333333333334
StatefullAPIImplTest:0.08
UpdateTask:0.017388888888888888
