BaseTest:0.5466666666666666
PDA:0.48333333333333334
TestPDABytecodeInterp:0.3933333333333333
Context:0.33297883597883593
TestDFAtoPDABytecodeGeneration:0.21
DFACompiler:0.17166666666666666
