integer:0.5496507936507937
ResourceLoader:0.5233333333333333
IntegerResourceLoader:0.42333333333333334
IntegerResourceLoaderTest:0.23333333333333334
