BuildAgent:0.9066666666666666
BuildAgentTest:0.3333333333333333
