Transaction:0.41
TestApp:0.36
TransactionImpl:0.31
XAResourceImpl:0.20333333333333334
ServiceLoader:0.19000000000000003
TxnPrepareOperation:0.14666666666666667
