SelectStatementAnalyzerTest:0.44
OrderBy:0.4
QuerySpec:0.2638888888888889
Visitor:0.17666666666666667
MultiSourceSelect:0.17333333333333334
FetchRequiredVisitorTest:0.14333333333333334
ShardCollectSource:0.13333333333333333
