LocalClassMetadataLightImpl:0.7016666666666667
SwitchClassNodeWidgetFilterAction:0.3233333333333333
