SaajSoapMessage:0.6166666666666667
AxiomSoapMessageFactory:0.5466666666666666
AbstractSoap11MessageFactoryTestCase:0.2966666666666667
AbstractSoap12MessageFactoryTestCase:0.26666666666666666
