ProfileService:0.6833333333333333
TeamingServiceEndpoint:0.4133333333333334
ProfileServiceImpl:0.29333333333333333
