AppInfo:0.6317222222222223
MApplication:0.5166666666666667
MMessage:0.3933333333333333
MAbout:0.29333333333333333
Main:0.20666666666666667
