ActionUtil:0.54
ForumActionModuleImpl:0.31
WorkspaceModuleImpl:0.17
WorkspaceTreeController:0.16333333333333333
ModifyEntryController:0.053888888888888896
ConfigureController:0.04561111111111111
EditController:0.04561111111111111
ViewController:0.03
SAbstractForumController:0.006666666666666667
