TopicBrowserTopComponent:0.6616666666666666
RunJPF:0.39666666666666667
TopicOutputParser:0.36666666666666664
