Association:0.5833333333333334
NetworkApplicationEntity:0.43333333333333335
AssociationListener:0.3450555555555555
AssociationAcceptEvent:0.09333333333333334
