Cnd:0.41
Trans:0.38
JsonCompileImpl:0.30333333333333334
NutIoc:0.29333333333333333
Items:0.25333333333333335
AbstractNutConfig:0.24333333333333335
ScopeContext:0.21666666666666667
JsonLoader:0.19
UrlMappingImpl:0.18333333333333332
ObjectMakerImpl:0.1718232323232323
JsonTest:0.16333333333333333
NutTransaction:0.16305555555555554
JsonActionChainMakerConfiguretion:0.13666666666666666
JNDI_Value:0.11333333333333333
Nutz:0.11
IocException:0.056666666666666664
