PayDialog:0.5419444444444445
posThread:0.2904047619047619
