WebConnection:0.7633333333333333
Document:0.4166666666666667
DocumentTest:0.3566666666666667
HttpWebConnection:0.31666666666666665
HttpWebConnectionTest:0.21666666666666667
MockWebConnection:0.14666666666666667
DebuggingWebConnection:0.09666666666666666
