PreferredMulticastFlowControl:0.7455555555555555
MinMulticastFlowControl:0.5166666666666667
