Binary:0.61
Socket:0.4166666666666667
Decoder:0.2
HasBinary:0.16611111111111113
