URLConnectionTest:0.47333333333333333
Builder:0.3522222222222222
Connection:0.307
HttpEngine:0.29333333333333333
HttpURLConnectionImpl:0.27666666666666667
HttpTransport:0.24222222222222223
Job:0.19666666666666666
SpdyTransport:0.18666666666666668
ParsedHeaders:0.08333333333333333
