DefaultAuthorization:0.5222222222222223
TestXACMLPolicies:0.49666666666666665
ResourceAttributeFinderModule:0.2633333333333333
