AbstractSBMLDetailsPage:0.5066666666666667
GeneralProperties:0.44333333333333336
