MapperParsingException:0.6333333333333333
DateBackwardsCompatibilityTests:0.35333333333333333
MetaDataCreateIndexService:0.33666666666666667
CreateIndexIT:0.3
MapperException:0.09333333333333334
