FeatureType:0.2866666666666667
AttributeType:0.20333333333333334
Enumerated:0.19666666666666666
FeatureAssociationRole:0.19666666666666666
