Query:0.7766666666666666
QueryManager:0.70375
SqlQueryManager:0.29333333333333333
