RecordProjectOperator:0.49666666666666665
RecordProjectionOperator:0.35333333333333333
ImportRecordCursor:0.2866666666666667
DelimitedRecordCursor:0.2866666666666667
InMemoryRecordCursor:0.2866666666666667
TestDatabaseStorageManager:0.18666666666666668
GeneratingTpchDataProvider:0.18
RecordCursor:0.17
TestRecordProjectOperator:0.15666666666666668
ImportJob:0.11333333333333333
