VFSDAVStore:0.6797222222222223
AbstractResponseElement:0.3708333333333333
