StepFactory:0.5333333333333333
RuntimeObject:0.34
VariableInObjectMoveStep:0.30666666666666664
HopSymbolTableWalker:0.25166666666666665
