PeerTKB:0.55
LocalGenEvent:0.47888888888888886
Message:0.36
Peer2:0.13333333333333333
Peer3:0.13333333333333333
Peer1:0.13333333333333333
