CommunicationsStub:0.65
ExecuteClassReportAction:0.26
LocalReportDescriptor:0.25666666666666665
ObjectNode:0.22666666666666666
SubnetPoolNode:0.17333333333333334
RootObjectNode:0.14
