JavaBeanDeserializer:0.4
Context:0.33666666666666667
ParserConfig:0.32666666666666666
ASMJavaBeanDeserializer:0.30333333333333334
ASMDeserializerFactory:0.27666666666666667
DeserializerGen:0.23
InnerJavaBeanDeserializer:0.16333333333333333
