DefaultConnection:0.591111111111111
DefaultSocketConnection:0.25
DefaultSocketChannelConnection:0.15666666666666668
