AbstractChronicleMapBuilder:0.5822222222222222
HHMTestGenerator:0.21638888888888885
CHMTestGenerator:0.21638888888888885
