GooglePubSubSender:0.5327777777777777
EventSenderFactory:0.4766666666666667
