EntryListener:0.71
IMap:0.6466666666666666
MapServiceContextEventListenerSupport:0.28833333333333333
MapService:0.28
AbstractMapServiceContextSupport:0.24333333333333335
MapProxyImpl:0.23666666666666666
AddEntryListenerRequest:0.20333333333333334
IssuesTest:0.2
ClientMapProxy:0.18666666666666668
MapProxySupport:0.16666666666666666
MapEventPublishingService:0.16333333333333333
AbstractMapAddEntryListenerRequest:0.14333333333333334
ClientMapEventHandler:0.058333333333333334
