DatabaseFetcher:0.6797222222222223
SkipFilterHelperPlugin:0.40388888888888885
