OsgiServiceProxyFactoryBean:0.4866666666666667
OsgiServiceAnnotationTest:0.28
AbstractOsgiServiceProxyFactoryBean:0.25
OsgiReferenceCollectionNamespaceHandlerTest:0.23666666666666666
OsgiMultiServiceProxyFactoryBean:0.23333333333333334
OsgiSingleServiceProxyFactoryBeanTest:0.16333333333333333
ServiceBeanDefinitionParser:0.15333333333333332
AbstractReferenceDefinitionParser:0.14666666666666667
OsgiSingleReferenceParserWithInvalidFilesTest:0.08
ReferenceAttributesCallback:0.05861111111111112
OsgiReferenceNamespaceHandlerTest:0.043333333333333335
