Translog:0.7233333333333334
Snapshot:0.58
FsTranslogFile:0.37333333333333335
FsTranslog:0.33666666666666667
Operation:0.3233333333333333
TranslogSizeMatcher:0.28944444444444445
TranslogStreams:0.2833333333333333
AbstractSimpleTranslogTests:0.2633333333333333
FsChannelSnapshot:0.25777777777777783
InternalEngine:0.22
InternalEngineTests:0.22
SimpleFsTranslogFile:0.22
BufferingFsTranslogFile:0.18
RecoveryTranslogOperationsRequest:0.15333333333333332
LocalIndexShardGateway:0.13666666666666666
FsSimpleTranslogTests:0.035833333333333335
FsBufferedTranslogTests:0.035833333333333335
