InactiveProjectTest:0.5833333333333334
DiscontinuedProjectTest:0.3883333333333333
