MigrationManager:0.6066666666666667
FailingOperationResponseHandler:0.569555315055315
MigrationOperation:0.4633333333333333
MigrationRequestOperation:0.2733333333333333
BaseMigrationOperation:0.25333333333333335
FinalizeMigrationOperation:0.24666666666666667
PromotionCommitOperation:0.22666666666666666
MigrationCommitRollbackTestingService:0.19
PartitionReplicaStateChecker:0.18666666666666668
CheckReplicaVersionTask:0.17043650793650794
DummyPartitionAwareOperation:0.06333333333333334
MigrationAwareServiceEventTest:0.023333333333333334
