Messages:0.7691111111111112
ShowHistoryFormTag:0.6366666666666667
