ForUnnamedField:0.38666666666666666
ForNamedField:0.38666666666666666
Explicit:0.28
MethodDelegationMorphTest:0.19
DefaultCallBinderTest:0.17666666666666667
PipeBinderTest:0.13333333333333333
SimpleMorph:0.10861111111111109
