DBCursor:0.78
QueryResultIterator:0.5866666666666667
DBCursorTest:0.03666666666666667
