UpdateOperation:0.49333333333333335
UpdateOperationResponse:0.49333333333333335
