RobolectricTestRunner:0.55
AndroidTranslator:0.31
RobolectricClassLoader:0.24166666666666667
ClassCache:0.21194444444444446
InvocationPlan:0.19333333333333333
