SeqAlignPanel:0.38666666666666666
GenbankAdapter:0.38333333333333336
DASAdapterGUI:0.35333333333333333
BaseEditorPanel:0.30333333333333334
BaseMouseListener:0.2837777777777778
