Unit:0.6225555555555555
Marker:0.5933333333333334
Infantry:0.4066666666666667
MarkerType:0.38
Game:0.31
MarkerTypes:0.25666666666666665
Scenario2:0.22333333333333333
ScenarioBeta:0.19666666666666666
Persistence:0.13666666666666666
ConcealUnits:0.11666666666666667
