GwtTeamingMessages:0.7208333333333333
GwtClientHelper:0.4866666666666667
FolderOptionsDlg:0.3466666666666667
