MsgManager:0.5933333333333334
QueryRoutingTable:0.49
QRPatchTableMsg:0.38666666666666666
RouteTableUpdateMsg:0.30333333333333334
