HttpClientResponseImpl:0.44
JsonArrayMessageCodec:0.3377777777777778
JsonObjectMessageCodec:0.3377777777777778
DeliveryOptions:0.25666666666666665
