FileModuleImpl:0.6797222222222223
ModifyEntryController:0.40388888888888885
