HTMLFormElement:0.5433333333333333
FormField:0.5066666666666667
