ForTypeAnnotations:0.5966666666666667
AbstractTypeDescriptionTest:0.5738888888888889
AnnotationAppenderForTypeAnnotationsTest:0.25666666666666665
