Indexer:0.5833333333333334
IndexerTest:0.43
SearchEngineTest:0.26
SearchTest:0.22666666666666666
IndexDatabaseTest:0.19
