OptionElementFactory:0.45
JobDataPanelManager:0.4044444444444445
OptionDescriptorParser:0.22666666666666666
