RuleModel:0.555
CompositeTypeModel:0.41111111111111115
Level2:0.38333333333333336
