ObjectExplorer:0.5333333333333333
TxmObjectChildContentProvider:0.17555555555555558
TxmObjectPropertiesContentProvider:0.17555555555555558
TxmObjectPropertiesCellEditor:0.07333333333333333
TxmObjectChildrenCellEditor:0.07333333333333333
TxmObjectPropertiesLabelProvider:0.043333333333333335
TxmObjectChildLabelProvider:0.03
