Builder:0.48333333333333334
Deployer:0.44333333333333336
TemporaryJobs:0.36333333333333334
TemporaryJobBuilder:0.25
SimpleTest:0.19
