SpatialQueryPlugIn:0.27666666666666667
GeometryFunctionPlugIn:0.21833333333333332
CalculateAreasAndLengthsPlugIn:0.21833333333333332
AttributeQueryPlugIn:0.20666666666666667
UnionPlugIn:0.20277777777777778
SpatialJoinPlugIn:0.20166666666666666
ConvexHullPlugIn:0.19833333333333333
OverlayPlugIn:0.19833333333333333
