TedDailySerie:0.5866666666666667
TedParser:0.3566666666666667
SeasonEpisodePanel:0.23833333333333334
DailyPanel:0.23166666666666666
DatePanel:0.20166666666666666
GeneralPanel:0.1988888888888889
AddShowDialog:0.19
EpisodeParserThread:0.16777777777777778
