PagingPredicate:0.59
BasicMapContextQuerySupport:0.3433333333333333
SortedQueryResultSet:0.28
SortingUtil:0.21333333333333335
SortLimitTest:0.21333333333333335
EmptyIterator:0.02666666666666667
