FileModule:0.7966666666666666
WorkspaceResource:0.3933333333333333
FolderResource:0.37
FileModuleImpl:0.22
KablinkFileSystemLibrary:0.21
FileResource:0.18
WebdavResource:0.16666666666666666
