EditBlogEntriesPlugin:0.7886111111111112
BlojsomServlet:0.4622777777777777
