TestDataSource:0.6533333333333333
JdbcUserDetailsManagerTests:0.36
JdbcTokenRepositoryImplTests:0.2733333333333333
LdapAuthenticationProviderTests:0.2733333333333333
BasicLookupStrategyTests:0.26
PopulatedDatabase:0.20722222222222222
DataSourcePopulator:0.1683730158730159
MockAuthoritiesPopulator:0.16333333333333333
