Target:0.39
ModelGenerator:0.2966666666666667
FileUtils:0.27666666666666667
TemplateTarget:0.2733333333333333
AbstractGenerator:0.2633333333333333
