SessionImpl:0.7266666666666667
SessionDelegatorBaseImpl:0.37333333333333335
FooBarTest:0.2733333333333333
