GeneBean:0.5633333333333334
LocusBean:0.38666666666666666
SearchAllObjects:0.3333333333333333
SearchAllAlleles:0.18083333333333335
SearchAllTerms:0.18083333333333335
SearchAllGermplasms:0.18083333333333335
SearchAllGenes:0.1511111111111111
SearchAllLoci:0.1511111111111111
