ThreadDumpGenerator:0.6366666666666667
ConnectionTest:0.32666666666666666
ThreadDumpOperation:0.2561111111111111
