El2Test:0.6216666666666667
AccessOpt:0.5533333333333333
Converter:0.4
