ConnectionSettings:0.9366666666666666
ConnectionSettingsBeanInfo:0.31666666666666665
ConnectionSetDatabase:0.21666666666666667
