ArabicTransducer:0.6586666666666667
ArabicGazetteer:0.6586666666666667
ArabicOrthoMatcher:0.6586666666666667
ArabicTokeniser:0.6586666666666667
ArabicInferedGazetteer:0.6586666666666667
