SubstitutionCacheImpl:0.36
AltSubstitutionCacheImpl:0.34
WFCommonLogic:0.19666666666666666
TaskCacheCtrl:0.19666666666666666
TaskListBuilder:0.17
