AspectJModel:0.4533333333333333
ResourceModel:0.44333333333333336
GraphEditorTab:0.32
AspectJGraph:0.30666666666666664
