AbstractEntityPersister:0.59
JdbcResourceRegistryImpl:0.3466666666666667
SessionImpl:0.33
Cascade:0.32666666666666666
LogicalConnectionImpl:0.24
