PosBottomHalf:0.445
KeyEventTranslator:0.38333333333333336
PositionManager:0.32
KeyEventWorkaround:0.16111111111111112
EntryCompare:0.16111111111111112
HeaderMouseHandler:0.15666666666666668
