Edge:0.7533333333333333
EdgeViewI:0.5478333333333333
SessionConvertor:0.37333333333333335
EdgeView:0.25333333333333335
