SearchPhaseExecutionException:0.7666666666666667
AsyncAction:0.25333333333333335
ESExceptionTests:0.24666666666666667
BaseAsyncAction:0.23666666666666666
TemplateQueryIT:0.23666666666666666
