WADOCacheImpl:0.5366666666666666
WADOImageResponseObjectImpl:0.43
WADOSupport:0.37333333333333335
RIDSupport:0.2833333333333333
ImageCachingException:0.21
