NumberOfAtomCalculator:0.6766666666666666
IPropertyCalculator:0.6566666666666666
