EventServiceImpl:0.6566666666666666
SendEventOperation:0.3333333333333333
ClientConnectionManagerImpl:0.2866666666666667
SpiDataSerializerHook:0.14333333333333334
