Vector:0.5881666666666665
ConcordancesEditor:0.34
LexicalTableEditor:0.33666666666666667
CreatePartitionDialog:0.24666666666666667
ComputeCorrespondanceAnalysisDialog:0.22666666666666666
LineLabelProvider:0.22166666666666668
ObjectSelectionDialog:0.22
VectorImpl:0.20333333333333334
PartitionComposer:0.16
ComputeLexicalTable:0.10333333333333333
