Dialect:0.8066666666666666
Loader:0.46
AbstractLoadPlanBasedLoader:0.29
MySQL5Dialect:0.2633333333333333
MultiTableTest:0.2
Oracle8iDialect:0.2
H2Dialect:0.18321428571428572
NativeSQLQueryPlan:0.14
BasicExecutor:0.12333333333333334
SQLServer2012Dialect:0.11
