Transaction:0.5833333333333334
Script:0.4033333333333333
ScriptException:0.3308333333333333
ScriptTest:0.22666666666666666
TransactionTest:0.21333333333333335
TransactionOutPoint:0.2
TransactionInput:0.194
