CmpConfiguration:0.85
EndEntityCertificateAuthenticationModule:0.4866666666666667
CmpMessageDispatcherSessionBean:0.22333333333333333
CrmfKeyUpdateTest:0.06666666666666667
