GeoImport:0.6266666666666667
Parser:0.5866666666666667
USGSParser:0.26666666666666666
GNSParser:0.13333333333333333
