Intersector:0.5
NinePatch:0.4166666666666667
AssetManager:0.30666666666666664
LwjglDebugStarter:0.15
