DBObject:0.5866666666666667
DBCollection:0.45666666666666667
ReadPreference:0.26
DBObjects:0.18666666666666668
DB:0.18333333333333332
DBCursor:0.17333333333333334
MongoException:0.10333333333333333
WriteResult:0.04666666666666667
Network:0.01
CursorNotFound:0.0
DuplicateKey:0.0
