OidcUser:0.6433333333333333
AuthorizationCodeAuthenticationFilterConfigurer:0.36666666666666664
OAuth2UserAuthority:0.33
DefaultOidcUser:0.31333333333333335
OidcUserAuthority:0.21666666666666667
