RequestLoggingFilter:0.37666666666666665
LoggingITest:0.35333333333333333
LogIfValidationFailsITest:0.28
LoggingIfValidationFailsTest:0.27666666666666667
RequestLoggingTest:0.25666666666666665
RequestPrinter:0.2546666666666667
SpecificationBuilderITest:0.21666666666666667
AuthenticationITest:0.21666666666666667
MockMvcRequestSpecificationMergingTest:0.21666666666666667
ProxyITest:0.17
