JCPEditor:0.7305555555555555
JCPMultiPageEditor:0.5366666666666666
