JglfwApplicationConfiguration:0.7930555555555554
JglfwGraphics:0.6333333333333333
JglfwApplication:0.5033333333333333
JglfwDebugStarter:0.14333333333333334
