Model:0.8933333333333333
ERDesignerComponent:0.3466666666666667
ConvertModelEditor:0.20666666666666667
Model20XMLPersister:0.17333333333333334
ERDesignerBundle:0.07
