HTMLDocument:0.45666666666666667
HTMLElement:0.4533333333333333
HTMLElementTest:0.32666666666666666
