BSON:0.5233333333333333
Input:0.4666666666666667
BSONDecoder:0.42
Bits:0.18333333333333332
