SarosRmiSWTWorkbenchBot:0.48
PopUpWindowObject:0.37333333333333335
ISessionViewObject:0.35428571428571426
SessionViewObject:0.32
ISarosRmiSWTWorkbenchBot:0.30916666666666665
Musician:0.29333333333333333
EditorObject:0.23666666666666666
WaitUntilObject:0.23666666666666666
RosterViewObject:0.21333333333333335
ViewObject:0.19666666666666666
TestHandleContacts:0.19333333333333333
SarosSWTBotChatInput:0.18333333333333332
TableObject:0.15
MainObject:0.15
TestHostAsDriverInvitesBelatedly:0.15
TestShareProjectUsingExistingProject:0.15
TreeObject:0.14666666666666667
TestCreatingNewFile:0.13333333333333333
TestParallelInvitationWithTerminationByHost:0.13333333333333333
TestFollowMode:0.13333333333333333
TestChangingNameInRosterView:0.13333333333333333
TestEditDuringInvitation:0.13
TestParallelInvitationWithTerminationByInvitees:0.13
TestBasicSarosElements:0.12666666666666668
TestChangingDriverWhileOtherFollow:0.11666666666666667
TestDriverChangeAndImmediateWrite:0.11666666666666667
WindowObject:0.06666666666666667
MenuObject:0.05333333333333334
TestChatViewFunctions:0.043333333333333335
PerspectiveObject:0.03333333333333333
ToolbarObject:0.016666666666666666
BasicObject:0.0
