JEditTextArea:0.6533333333333333
VFSBrowser:0.37
MouseHandler:0.2966666666666667
BeanShell:0.20777777777777778
