Fiber:0.7066666666666667
FiberTimedScheduler:0.49
FiberScheduler:0.47333333333333333
