Transition:0.579888888888889
XmlFlowBuilderTests:0.42333333333333334
