Structure:0.668888888888889
StructureTest:0.31166666666666665
