KaryotypeAdapterI:0.605
StrandedZoomableApolloPanel:0.5466666666666666
SyntenyMenu:0.4633333333333333
EnsemblChromosomePanel:0.29
SyntenyLinkPanel:0.2866666666666667
EnsemblDatabasePanel:0.27361111111111114
EnsemblDbDetailPanel:0.2611111111111111
Chromosome:0.24
ScaleView:0.21
EnsemblDbPanel:0.20333333333333334
SyntenyPanel:0.18
EnsemblAnalysisPanel:0.17944444444444446
SyntenyViewMenu:0.03333333333333333
