Property:0.5733333333333334
Gedcom:0.5566666666666666
Media:0.25333333333333335
Note:0.25333333333333335
PropertyEvent:0.25
PropertySet:0.21666666666666667
Submitter:0.21333333333333335
Source:0.21
Repository:0.21
EntityList:0.19
TimelineModel:0.18
ReportAppletDetails:0.17666666666666667
NavigatorView:0.15333333333333332
