SimpleRange:0.7482777777777778
RangeTest:0.4238888888888889
