CodeGenerationUtils:0.49666666666666665
CodecModel:0.3466666666666667
CodecCodeGenerator:0.28
ParameterModel:0.24333333333333335
MessageTypeEnumModel:0.17
DistributedObjectComparator:0.09
