BitmapFontCache:0.7133333333333334
TextMarkup:0.2733333333333333
BitmapFontTest:0.2
