Builder:0.5933333333333334
NetSaverLoaderUtils:0.305
BaseLayer:0.27
NeuralNetConfiguration:0.25666666666666665
LocalFileModelSaver:0.25
LocalFileGraphSaver:0.25
BatchNormalizationTest:0.19333333333333333
ModelSerializer:0.17333333333333334
NeuralNetConfigurationTest:0.11666666666666667
