AbstractMigrationLoadingTask:0.78
AntLargeTest:0.31666666666666665
V1_2__Another_user:0.20333333333333334
