StreamSession:0.8316666666666667
PacketSender:0.23666666666666666
