StringProperty:0.5066666666666667
TypeNameResolver:0.38666666666666666
PropertyBuilder:0.36
IntegerProperty:0.2966666666666667
BooleanProperty:0.2966666666666667
LongProperty:0.2966666666666667
DoubleProperty:0.2966666666666667
FloatProperty:0.2966666666666667
AbstractModelConverter:0.27666666666666667
ModelResolver:0.26666666666666666
DecimalProperty:0.1627777777777778
