TestDescriptor:0.5766666666666667
RootTestDescriptor:0.30333333333333334
AbstractTestDescriptor:0.20333333333333334
JUnit5TestEngine:0.20166666666666666
LeafDescriptor:0.17333333333333334
DummyTestDescriptor:0.17333333333333334
GroupDescriptor:0.17333333333333334
EngineDescriptor:0.06821428571428571
