GrooveState:0.4666666666666667
PrologPanel:0.46
BuiltinPredicateTests:0.28
Predicate_convert_valuenode:0.22333333333333333
