PDA:0.6033333333333334
Lexer:0.3875
DoubleKeyMap:0.3433333333333333
LexerFactory:0.16333333333333333
sempred_fptr:0.0011111111111111111
action_fptr:0.0011111111111111111
