ConfigurationProcessor:0.47333333333333333
JavaConfigWebApplicationContext:0.25666666666666665
ConfigurationPostProcessorTests:0.25
InnerClassTests:0.22333333333333333
AdvisedAutowiring:0.15
AdvisedBaseConfiguration:0.14333333333333334
