Mnemonic:0.7466666666666667
ArrayEditor:0.3541666666666667
JComponentTester:0.285
CustomCheckBoxMenuItem:0.1866666666666667
CustomCheckBoxPropertyListener:0.16111111111111112
EditorMenuItem:0.09666666666666666
EditorButton:0.09666666666666666
