ExternalFileRubyAnnotationModel:0.6333333333333333
RubyScriptDocumentProvider:0.4066666666666667
ExternalRubyDocumentProvider:0.2942222222222222
