MatrixUtil:0.41333333333333333
NDArray:0.37333333333333335
BlasWrapper:0.3233333333333333
NDArrayBlas:0.30666666666666664
DummyNDArray:0.19666666666666666
