Bounds:0.42
JoglMesh:0.3433333333333333
AndroidMesh:0.3433333333333333
AudioDecoding:0.24333333333333335
