INodeService:0.5483333333333333
NodeService:0.4766666666666667
IntegrationTest:0.38333333333333336
SymmetricManagementService:0.37333333333333335
