FontAwesome:0.6066666666666667
BootstrapButton:0.29
BootstrapEditText:0.24883333333333335
BootstrapCircleThumbnail:0.24666666666666667
FontAwesomeText:0.21744444444444444
BootstrapThumbnail:0.2038888888888889
