DatabaseLocalStorageManager:0.5785555555555555
DatabaseLocalStorageManagerConfig:0.5
TestDatabaseLocalStorageManagerConfig:0.3233333333333333
