Token:0.45
Builder:0.41333333333333333
Context:0.3927777777777778
Tokenizer:0.35111111111111115
Generator:0.33666666666666667
Parser:0.31666666666666665
TemplateMap:0.295
IndexerTest:0.21642857142857144
ClassScanner:0.205
ClassProperties:0.135
TokenIndexer:0.13333333333333333
BuildMojo:0.09
