SessionImpl:0.82
EntityOperation:0.38666666666666666
MultiPathCircleCascadeTest:0.30666666666666664
MultiPathCascadeTest:0.2733333333333333
