TestMapUsingMapStoreBuilder:0.6566666666666666
MapStoreTest:0.37666666666666665
SafeClusterTest:0.20666666666666667
LoadAllTest:0.20333333333333334
WriteBehindMapStoreWithEvictionsTest:0.16666666666666666
MapEvictAllTest:0.13666666666666666
InvocationFutureGetNewInstanceTest:0.13666666666666666
MapInstanceSharingTest:0.13666666666666666
WriteBehindWithEntryProcessorTest:0.13333333333333333
WriteBehindItemCounterTest:0.12
WriteBehindOnBackupsTest:0.11
WriteBehindMapStoreWithLoadAllTest:0.11
WriteBehindWriteBatchingTest:0.09
