MigrationOperation:0.5366666666666666
MigrationCallback:0.45
MigrationAwareServiceTest:0.41083333333333333
MigrationRequestOperation:0.25666666666666665
