BootstrapCheck:0.5266666666666666
Check:0.3997777777777778
MaxMapCountCheck:0.17333333333333334
BootstrapCheckTests:0.14833333333333334
MlockallCheck:0.14666666666666667
HeapSizeCheck:0.14666666666666667
MaxSizeVirtualMemoryCheck:0.14666666666666667
FileDescriptorCheck:0.14166666666666666
MinMasterNodesCheck:0.12
MaxNumberOfThreadsCheck:0.12
BootstrapSettings:0.04816666666666666
