MoleculesPage:0.7033333333333334
QSARFormEditor:0.6266666666666667
