StarTeamElement:0.7669444444444444
StreamPumper:0.38083333333333336
