SortBuilder:0.5633333333333334
GeoDistanceSortBuilder:0.44333333333333336
RandomSortDataGenerator:0.38666666666666666
ScriptSortBuilderTests:0.16
ScoreSortBuilderTests:0.12
GeoDistanceSortBuilderTests:0.10666666666666667
FieldSortBuilderTests:0.056666666666666664
