HttpQueryClient:0.43666666666666665
QueryManagerConfig:0.35
TestQueries:0.34
SqlQueryExecution:0.26
OperatorStats:0.25333333333333335
ExecutionStats:0.24
QueryRunner:0.18333333333333332
QueryExecutor:0.16333333333333333
FunctionAssertions:0.13666666666666666
ExecuteResource:0.11333333333333333
AbstractSqlBenchmark:0.10666666666666667
HackPlanFragmentSourceProvider:0.10333333333333333
TestQueryManagerConfig:0.1
