S3BlobStore:0.72
InternalAwsS3Service:0.3333333333333333
S3BlobStoreContainerTests:0.25666666666666665
S3Repository:0.21666666666666667
