Swap:0.157
Replication:0.157
BermudanSwaption:0.15444444444444444
DiscreteHedging:0.15444444444444444
FRA:0.11111111111111109
Repo:0.11111111111111109
Bonds:0.11111111111111109
Processes:0.11111111111111109
CoxRossWithHullWhite:0.11111111111111109
SobolChartSample:0.11111111111111109
