Sender:0.4905555555555555
Cookie:0.48
HttpTest:0.25666666666666665
