Protocol:0.7166666666666667
TCPProtocol:0.37
AbstractConfigurationParser:0.2966666666666667
NetworkTest:0.27111111111111114
AbstractARINCHandler:0.24666666666666667
DatagramProtocol:0.19333333333333333
NetworkConfigBasicTest:0.19333333333333333
Channel:0.19
NetworkUDPMultiOutputPortTest:0.18
NetworkWebProtocolTest:0.17
NetworkTCPTest:0.16333333333333333
ConnectionThread:0.16333333333333333
AbstractSocketProtocol:0.16166666666666665
AbstractPropertyClient:0.15333333333333332
NetworkBlockingTest:0.13666666666666666
NetworkTCPUniquePortTest:0.12666666666666668
NetworkUDPMultiOutputPort2Test:0.03666666666666667
PropertyParser:0.02
SocketProperties:0.0
