BasicAclProviderTests:0.5966666666666667
BasicAclProvider:0.5333333333333333
