NewMongoCollection:0.6966666666666665
NewMongoCollectionImpl:0.5429999999999999
