HashMultimapTest:0.48333333333333334
LinkedHashMultimapTest:0.48333333333333334
TreeMultimapTest:0.48333333333333334
