MockHttpServletRequest:0.5966666666666667
DigestProcessingFilterTests:0.4666666666666667
DigestProcessingFilterEntryPoint:0.31666666666666665
DigestProcessingFilter:0.22
StringSplitUtils:0.17833333333333334
NonceExpiredException:0.14333333333333334
DigestProcessingFilterEntryPointTests:0.13333333333333333
StringSplitUtilsTests:0.12777777777777777
