Messages:0.7208333333333333
BotTaskRowBuilder:0.2966666666666667
BotTaskHeaderBuilder:0.2377777777777778
