WebRole:0.6033333333333334
RoleServlet:0.32666666666666666
WebGroup:0.31
Day:0.2
SaveEntryAction:0.18666666666666668
AddEntryAction:0.01111111111111111
