RecoverySettings:0.7833333333333333
ClusterDynamicSettingsModule:0.35
ApplySettings:0.24333333333333335
