SelectQuery:0.5033333333333334
SelectImpl:0.39
SelectQueryImpl:0.36333333333333334
SelectForUpdateWaitStep:0.19
