UdpChannelTransport:0.41333333333333333
ReceiveChannelEndpoint:0.35333333333333333
SendChannelEndpoint:0.32666666666666666
