PatriciaTrie:0.6166666666666667
DataStructures:0.43333333333333335
