PartitionServiceImpl:0.36666666666666664
PostJoinOperation:0.29333333333333333
NodeEngineImpl:0.2866666666666667
MigrationThread:0.255
AddIndexOperation:0.22888888888888886
MapProxySupport:0.22666666666666666
ClusterServiceImpl:0.22333333333333333
ManagementService:0.22222222222222218
QueryOperation:0.10666666666666667
