SecurityEnforcementFilterTests:0.3933333333333333
AuthenticationProcessingFilter:0.3566666666666667
AuthenticationProcessingFilterTests:0.35333333333333333
SecurityEnforcementFilter:0.23
