MultipleEpochsIterator:0.5266666666666666
StackedDenoisingAutoEncoder:0.445
DBN:0.39
DeepAutoEncoderSDA:0.15666666666666668
