Default:0.6066666666666667
ClassReloadingStrategy:0.43
AgentBased:0.2833333333333333
