ProcessProbeTests:0.5622222222222222
OsProbeTests:0.49222222222222217
