Utils:0.57
RecordListener:0.46711904761904766
jOOQAbstractTest:0.31
AbstractRecord:0.29
BaseTest:0.27
DefaultRecordListener:0.22337301587301586
DefaultDSLContext:0.20333333333333334
AbstractRoutine:0.19666666666666666
UpdatableRecordImpl:0.19666666666666666
CursorIterator:0.18666666666666668
AbstractStoreQuery:0.17666666666666667
DefaultBindContext:0.13833333333333334
