KernelQedeqBo:0.7233333333333334
KernelQedeqBoStorage:0.29
FunctionVariableInterpreter:0.2863888888888889
PredicateVariableInterpreter:0.2863888888888889
LoadRequiredModules:0.24
DynamicDirectInterpreter:0.22333333333333333
SubjectVariableInterpreter:0.21805555555555556
WellFormedCheckerExecutor:0.1975
LoadDirectlyRequiredModules:0.19666666666666666
KernelNodeBo:0.17666666666666667
LoadRequiredModuleException:0.07
DependencyErrors:0.023888888888888887
LogicErrors:0.0
ServiceErrors:0.0
