STSUtil:0.7366666666666667
STS:0.5466666666666666
STSRequestData:0.34
