WxXmlMessage:0.5066666666666667
SendLocationInfo:0.29
WxMenuAPITest:0.24666666666666667
WxXmlMessageTest:0.13
ScanCodeInfo:0.12
WxConsts:0.1163888888888889
SendPicsInfo:0.07333333333333333
