AbstractCollectionPersister:0.5877777777777777
BasicCollectionPersister:0.35638888888888887
OneToManyPersister:0.3433333333333333
