ClientTransport:0.68
DelayedClientTransportTest:0.35333333333333333
OkHttpClientTransportTest:0.27
GrpcUtil:0.24677777777777776
InProcessTransport:0.23
NettyClientTransport:0.21333333333333335
ForwardingConnectionClientTransport:0.21333333333333335
ClientCallImplTest:0.21
OkHttpClientTransport:0.20222222222222222
ManagedChannelImplTest:0.19333333333333333
Rpc:0.19
DelayedClientTransport:0.16333333333333333
FailingClientTransport:0.11666666666666667
