QueryInfo:0.64
QueryStateMachine:0.38666666666666666
StageInfo:0.3333333333333333
Query:0.31666666666666665
SqlQueryExecution:0.24333333333333335
FailedQueryExecution:0.22
TestQueryStateMachine:0.2
ExplainAnalyzeOperator:0.14
QueryExecutionResource:0.085
