AdapterJavadocs:0.4730555555555555
InjectAdapterProcessor:0.4633333333333333
ModuleAdapterProcessor:0.38666666666666666
