AbstractServiceValidateControllerTests:0.5991666666666666
InMemoryTestLdapDirectoryServer:0.4066666666666667
Cas30ResponseViewTests:0.3333333333333333
