Cache:0.66
ResponseCacheTest:0.29333333333333333
CacheTest:0.28
UrlConnectionCacheTest:0.28
CacheAdapterTest:0.23555555555555557
HttpOverSpdyTest:0.2
OkUrlFactoryTest:0.19
CallTest:0.18666666666666668
