UserDataRemote:0.8383333333333334
UserDataLocal:0.8383333333333334
TestAuthenticationSession:0.32
LocalAuthenticationSessionBean:0.14
