BeanPanel:0.8366666666666667
ContextTabbedPane:0.20222222222222225
