AddGroupAction:0.6033333333333334
UserGroupEditor:0.4172222222222222
CreateUserAction:0.36
