BlojsomPlugin:0.39142857142857146
WeblogsPingPlugin:0.33666666666666667
BlojsomConfiguration:0.3333333333333333
TrackbackPlugin:0.215
BlojsomServlet:0.21333333333333335
DateFormatPlugin:0.205
EntriesLimiterPlugin:0.205
GoogleHighlightPlugin:0.205
AssociatedCategoriesPlugin:0.205
SimpleSearchPlugin:0.205
MetaPlugin:0.205
BlojsomBaseServlet:0.17666666666666667
CommentPlugin:0.13
SendEmailPlugin:0.12
AbstractCalendarPlugin:0.11666666666666667
HyperlinkURLPlugin:0.11666666666666667
ChronoPlugin:0.11666666666666667
IPBanningPlugin:0.04666666666666667
TextilePlugin:0.043333333333333335
WikiPlugin:0.03666666666666667
