FileSystemOutput:0.6816666666666666
BreadthRunnable:0.25666666666666665
BreadthCrawler:0.23
