BoundedLocalCache:0.5333333333333333
Node:0.4666666666666667
MultiThreadedTest:0.24522222222222226
BoundedLocalCacheTest:0.23666666666666666
CaffeinatedGuava:0.17277777777777778
AddTask:0.16444444444444445
Thrasher:0.13666666666666666
