JChemPaintPanel:0.5566666666666666
OpenAction:0.46888888888888897
JChemPaintEditorApplet:0.2966666666666667
