ApprovalRequest:0.6066666666666667
ApprovalRequestHelper:0.44666666666666666
EditEndEntityApprovalRequest:0.33666666666666667
AddEndEntityApprovalRequest:0.3333333333333333
