TransactionalMapProxySupport:0.5866666666666667
MapOperationProvider:0.4155555555555555
TxnLockAndGetOperation:0.39
RecordStore:0.37
DefaultMapOperationProvider:0.23666666666666666
MapTransactionTest:0.07
