TreeBrowser:0.7621031746031746
TermTreeBrowser:0.4816666666666667
TermTreeBrowserTest:0.38
