WindowTest:0.6962222222222223
Window2Test:0.49100000000000005
