WebClient:0.4266666666666667
TextUtil:0.35333333333333333
HtmlPage:0.34
WebResponseImpl:0.23333333333333334
HTMLParser:0.2188888888888889
MockWebConnection:0.20666666666666667
HttpWebConnection:0.19333333333333333
StringWebResponse:0.14
DebuggingWebConnection:0.09666666666666666
WebResponseImplTest:0.04
