ProtocolScepHttpTest:0.4666666666666667
IResponseMessage:0.4144722222222222
ScepResponseMessage:0.37
ScepRAServlet:0.22111111111111115
CmpErrorResponseMessage:0.19416666666666665
X509ResponseMessage:0.19416666666666665
CmpRevokeResponseMessage:0.19416666666666665
CmpConfirmResponseMessage:0.19416666666666665
CmpResponseMessage:0.19416666666666665
