HashID:0.5533333333333333
StoreServletBase:0.2633333333333333
CertStoreServletBase:0.18333333333333332
CAInHierarchy:0.15888888888888889
CRLStoreServletBase:0.13
CertFetchAndVerify:0.08333333333333333
ValidationAuthorityTst:0.05333333333333334
