Cfg:0.4995555555555555
NetworkPane:0.32
CheckboxActionListener:0.17311111111111113
