Leak:0.37333333333333335
LeakCanaryInternals:0.33
HeapDump:0.30666666666666664
DisplayLeakActivity:0.22333333333333333
LoadLeaks:0.18611111111111112
AndroidHeapDumper:0.17
DisplayLeakService:0.15333333333333332
LeakListAdapter:0.13888888888888887
LeakCanary:0.13666666666666666
