OperatorAssertions:0.32666666666666666
FieldOrderedTupleComparator:0.3235555555555556
TestTopNOperator:0.31
TopNIterator:0.2866666666666667
LimitIterator:0.15666666666666668
