Mission:0.8233333333333334
TravelToSettlement:0.38666666666666666
CollectResourcesMission:0.31666666666666665
