OracleMigrationMediumTest:0.5166666666666667
SqlStatement:0.35333333333333333
JdbcTemplate:0.2833333333333333
