PropertyHolder:0.38
CollectionBinder:0.36666666666666664
AbstractPropertyHolder:0.33666666666666667
AnnotationBinder:0.3333333333333333
MapBinder:0.17333333333333334
