RecentPlaceInfo:0.5633333333333334
GwtServerHelper:0.4633333333333333
PlaceClickHandler:0.24444444444444446
RecentPlacesMenuPopup:0.20333333333333334
