DialogHelper:0.6466666666666666
EditSource:0.25333333333333335
