ILayoutContainerElement:0.5537222222222222
DefaultLayoutParser:0.44333333333333336
DefaultLayoutPainter:0.29333333333333333
LayoutBaseContainerElement:0.2
