GceComputeServiceAbstractMock:0.505
GceDifferentTagsTest:0.4583333333333333
GceUnicastHostsProvider:0.24333333333333335
