SingleChannelMongoOperations:0.2966666666666667
MongoChannel:0.29
CommandResult:0.2733333333333333
MongoException:0.22333333333333333
MongoChannelTest:0.21666666666666667
SingleChannelMongoClient:0.19666666666666666
MongoCommandException:0.16666666666666666
MongoQueryFailureException:0.1368888888888889
MongoFindTest:0.10666666666666667
GetLastErrorTest:0.10666666666666667
