Viewer:0.57
Font3D:0.45666666666666667
Graphics3D:0.38
Text:0.37666666666666665
Shape:0.29333333333333333
Object2d:0.27587301587301594
Hover:0.25666666666666665
JnetManager:0.25
ColorManager:0.22
Sticks:0.21476190476190476
Echo:0.1938888888888889
NodeShape:0.14833333333333334
Frank:0.14333333333333334
Measures:0.14
Object2dShape:0.08166666666666667
Bbcage:0.043333333333333335
