SQLParser:0.4533333333333333
JtdsResultSet:0.41333333333333333
Support:0.3175
JtdsDatabaseMetaData:0.30333333333333334
JtdsStatement:0.29
TdsData:0.2811111111111111
JtdsPreparedStatement:0.25777777777777783
TdsCore:0.24944444444444447
SunTest:0.21666666666666667
ConnectionJDBC2:0.20666666666666667
