Fixer:0.34777777777777774
GeonetworkServiceException:0.23666666666666666
ISO19139InsertionService:0.08333333333333333
FixerTest:0.016666666666666666
