Mouse:0.7333333333333333
Cursor:0.3566666666666667
MouseTest:0.26
HWCursorTest:0.19666666666666666
