HttpWebConnection:0.499388888888889
HttpWebConnectionTest:0.36333333333333334
ServletContentWrapper:0.22666666666666666
ContentLengthLargerThanContentServlet:0.11333333333333333
ContentLengthLargerThanContentLargeContentServlet:0.11333333333333333
ContentLengthSmallerThanContentServlet:0.11333333333333333
ContentLengthSmallerThanContentLargeContentServlet:0.11333333333333333
