SPropsUtil:0.7166666666666667
FileRepositoryService:0.5833333333333334
LocalLuceneSessionFactory:0.2733333333333333
