RuntimeEnvironment:0.6183333333333333
HistoryGuru:0.5
Indexer:0.19666666666666666
