Encoder:0.615
BitArrayTestCase:0.4766666666666667
WifiConfigManager:0.4766666666666667
