Simulation:0.44111111111111106
Task:0.38666666666666666
TaskManager:0.26
Teach:0.24
SurfaceFeatures:0.235
UnitManager:0.23
VehicleMission:0.23
OrbitInfo:0.22337301587301586
ProduceFood:0.20333333333333334
ToggleResourceProcessMeta:0.18666666666666668
MoreMath:0.15666666666666668
MeteoriteImpactImpl:0.14826190476190476
SimulationTask:0.07666666666666666
