ExpressionAnalyzer:0.5766666666666667
InsertFromSubQueryAnalyzer:0.3333333333333333
CopyAnalyzer:0.32
InsertFromValuesAnalyzer:0.31666666666666665
