OrderBy:0.5615158730158731
SimpleCriteria:0.4033333333333333
OrderBySet:0.39666666666666667
