Statistics:0.56
AuthorizationStack:0.37
RuntimeEnvironmentTest:0.32666666666666666
AuthorizationFramework:0.21166666666666667
StatisticsFilter:0.21
StatisticsTest:0.20666666666666667
StatsMessageTest:0.13666666666666666
AuthorizationFilter:0.12666666666666668
