ConfigTest:0.5033333333333333
AbstractClusterInvoker:0.395
FailoverClusterInvoker:0.19666666666666666
FailbackClusterInvoker:0.15666666666666668
FailsafeClusterInvoker:0.13666666666666666
ForkingClusterInvoker:0.13666666666666666
FailfastClusterInvoker:0.13666666666666666
