StorageManagerConfig:0.6052222222222221
ShardOrganizer:0.43333333333333335
