FeatureSetI:0.6766666666666666
FeatureSet:0.3333333333333333
BaseEditorPanel:0.2833333333333333
AnnotationEditor:0.25
GAMEAdapter:0.21916666666666668
GAMESave:0.21911111111111112
RightClickActionListener:0.2111111111111111
StrandedFeatureSet:0.19666666666666666
