OidcTokenSigningService:0.5266666666666666
OidcConfiguration:0.4666666666666667
OidcProperties:0.2966666666666667
