DefaultDOManager:0.6766666666666666
SQLUtility:0.4766666666666667
SQLRebuilder:0.3433333333333333
