Times:0.6133333333333333
CastorTest:0.36666666666666664
DateTimeCastor:0.12
SqlTime2String:0.09333333333333334
String2SqlTime:0.09333333333333334
String2SqlDate:0.09333333333333334
String2Datetime:0.09333333333333334
DefaultCastorSetting:0.09333333333333334
String2Calendar:0.09333333333333334
SqlDate2String:0.08666666666666667
Calendar2String:0.08666666666666667
String2Timestamp:0.08666666666666667
Datetime2String:0.08666666666666667
Timestamp2String:0.08666666666666667
Dumps:0.04666666666666667
FailToCastObjectException:0.032380952380952385
