CollapseTopFieldDocs:0.48333333333333334
CollapsingTopDocsCollectorTests:0.37
ShardRef:0.32666666666666666
