ProfileModule:0.71
ObjectKeys:0.5040555555555557
User:0.36666666666666664
DefaultProfileCoreProcessor:0.3125
OpenIDConfig:0.30333333333333334
ProfileModuleImpl:0.2733333333333333
AuthenticationManagerImpl:0.20333333333333334
