DefinitionModule:0.71
WebKeys:0.48611111111111116
DefinitionModuleImpl:0.42333333333333334
Find:0.19666666666666666
FieldBuilderEntryAttributes:0.19666666666666666
ModifyEntryController:0.13
TypeToFindAjaxController:0.09
