DBCollectionTest:0.5177777777777777
DeleteOperation:0.2833333333333333
InsertOperation:0.2833333333333333
UpdateOperation:0.2833333333333333
