HardTokenData:0.5261666666666667
HardTokenSession:0.4766666666666667
HardTokenPropertyData:0.3233333333333333
RAInterfaceBean:0.29
LocalHardTokenSessionBean:0.25
HardTokenTest:0.20666666666666667
