Heritrix:0.5105555555555555
Credential:0.5066666666666667
HtmlFormCredential:0.21666666666666667
