CorpusManager:0.38666666666666666
VocabularyEditor:0.38333333333333336
PropertiesSelector:0.2127777777777778
ExecuteScriptImport:0.18
DeleteObject:0.13
ImportSelectedText:0.12
