QueryCmd:0.4866666666666667
SeriesBean:0.4
PatientBean:0.3433333333333333
StudyBean:0.3433333333333333
PatientQueryCmd:0.14
StudyQueryCmd:0.10333333333333333
SeriesQueryCmd:0.10333333333333333
ImageQueryCmd:0.10333333333333333
QueryBean:0.05333333333333334
