TestTools:0.5933333333333334
BaseCaAdminCommand:0.2633333333333333
CommonEjbcaWS:0.25333333333333335
ProtocolOcspHttpTest:0.24
LocalAuthorizationSessionBean:0.24
CAsTest:0.23333333333333334
CaInitCommand:0.16
AuthorizationSessionTest:0.15
SignLotsOfCertsTest:0.13666666666666666
CaImportCACertCommand:0.06666666666666667
