JacksonMessageBodyProvider:0.6066666666666667
AbstractService:0.3233333333333333
ResourceTest:0.22666666666666666
JavaBundle:0.13855555555555554
JerseyClientFactory:0.13666666666666666
ScalaBundle:0.12
