DataQueueProxy:0.30333333333333334
QueueContainer:0.24
QueueProxySupport:0.20333333333333334
ObjectQueueProxy:0.19
CompareAndRemoveOperation:0.18333333333333332
AddAllOperation:0.17666666666666667
CompareAndRemoveBackupOperation:0.17277777777777778
QueueIterator:0.16333333333333333
AddAllBackupOperation:0.08
ContainsOperation:0.08
