Hit:0.5233333333333333
SearchView:0.4266666666666667
ActionSearch:0.31333333333333335
ResultWidget:0.18
