AttributeType:0.6633333333333333
AttributeTypeManager:0.41305555555555556
XmlDataSource:0.3566666666666667
XmlParser:0.24666666666666667
AttributeTypeManagerImpl:0.18
XmlSave:0.17666666666666667
LuceneSearch:0.17
AttributesWindow:0.14
IssueWorklogStatusType:0.03
IssueKeyAttributeType:0.03
ScreenshotAttributeType:0.03
