HttpResponse:0.38666666666666666
LazyConfig:0.35333333333333333
HttpRequest:0.33666666666666667
Visitor:0.2812222222222222
Fetcher:0.25333333333333335
BasicCrawler:0.115
LazyCrawler:0.10666666666666667
