EditorLayerWrapper:0.39666666666666667
LayerTreeEditor:0.38666666666666666
ChangeWidgetEdit:0.3433333333333333
CutAndPasteWidgetEdit:0.34
AbstractWidget:0.2596666666666667
AbstractMoveWidgetEdit:0.23666666666666666
TreeEditorCopyHelper:0.23
DeleteCreateWidgetEdit:0.17333333333333334
ClickListener:0.16666666666666666
Property:0.11
CutCopyHelper:0.08833333333333333
