Block:0.7166666666666667
LazyFixedWidthBlock:0.33666666666666667
RunLengthEncodedBlock:0.25666666666666665
GroupByIdBlock:0.23
VariableWidthBlockBuilder:0.18666666666666668
FixedWidthBlockBuilder:0.18666666666666668
SliceArrayBlock:0.17
LazySliceArrayBlock:0.16
AbstractTestBlock:0.14666666666666667
FixedWidthBlock:0.13
VariableWidthBlock:0.10333333333333333
