WeldJoint:0.52
World:0.3655555555555556
WeldJointDef:0.2683333333333333
