PollableElement:0.37333333333333335
PollableContainer:0.3333333333333333
PollablesTest:0.32666666666666666
PollableService:0.29333333333333333
PollEvent:0.29
PollableNetwork:0.27666666666666667
Poller:0.25
PollableInterface:0.24733333333333335
PollerTest:0.22666666666666666
PollableNode:0.21222222222222223
DbPollEvent:0.17666666666666667
PendingPollEvent:0.14666666666666667
SimpleIter:0.07
InitCause:0.006666666666666667
Accumulator:0.0
