DriverConductor:0.45666666666666667
DriverConductorTest:0.3933333333333333
ClientProxy:0.3016666666666667
FlyweightTest:0.27666666666666667
ClientConductorTest:0.20833333333333334
DriverListenerAdapter:0.14666666666666667
ErrorCodeTest:0.1
