MockWebServer:0.4666666666666667
URLConnectionTest:0.33
HttpResponseCacheTest:0.27666666666666667
ConnectionPoolTest:0.27
UnknownLengthHttpInputStream:0.26
FixedLengthInputStream:0.25666666666666665
HttpEngine:0.24166666666666667
HttpOverSpdyTest:0.23666666666666666
ChunkedInputStream:0.21277777777777776
SpdySocketHandler:0.19333333333333333
AbstractHttpInputStream:0.16666666666666666
HttpTransport:0.14666666666666667
SpdyTransport:0.11333333333333333
