RetainingCountriesFragment:0.5033333333333333
MvpLceViewStateFragment:0.49
MvpViewStateFragment:0.38666666666666666
Country:0.2866666666666667
MainActivity:0.22666666666666666
FragmentContainerActivity:0.1277222222222222
RetainingFragmentLceViewState:0.016666666666666666
