DB:0.6033333333333334
ReadPreference:0.4166666666666667
DBCollection:0.31333333333333335
ReadPreferenceTest:0.25666666666666665
DBTCPConnector:0.21666666666666667
SecondaryReadPreference:0.17333333333333334
PrimaryPreferredReadPreference:0.17333333333333334
NearestReadPreference:0.17333333333333334
SecondaryPreferredReadPreference:0.16
QueryOpTest:0.030833333333333334
TaggableReadPreference:0.023333333333333334
