AdminThread:0.6066666666666667
BufferManagementStrategy:0.27199999999999996
BasicBufferManagementStrategy:0.24333333333333335
