FolderForm:0.5766666666666667
PatientDTO:0.5733333333333334
FolderCtrl:0.28777777777777774
RetrievePatientDatasetCmd:0.04
DTO2Dataset:0.03666666666666667
PatientEditCtrl:0.017777777777777778
PatientUpdateCtrl:0.006666666666666667
ContentEditBean:0.006666666666666667
