Range:0.42
SWDownloadFile:0.3933333333333333
HTTPRangeSet:0.38
UploadState:0.24944444444444447
