StringUtility:0.8566666666666667
DateUtility:0.20333333333333334
