IsoCheckerState:0.4995
Util:0.4766666666666667
Shape:0.43666666666666665
DeltaTarget:0.41305555555555556
Search:0.4066666666666667
Multiplicity:0.39666666666666667
Morphism:0.37666666666666665
SPORule:0.36666666666666664
MergeMap:0.36
DefaultDeltaApplier:0.3566666666666667
RuleGraph:0.3566666666666667
Level:0.35
VarSupport:0.34
RuleToHostMap:0.33666666666666667
ElementMap:0.33666666666666667
GraphInfo:0.32666666666666666
EdgeSignature:0.32666666666666666
LayoutMap:0.31333333333333335
InstanceModelRep:0.2966666666666667
Materialisation:0.29333333333333333
RuleToShapeMap:0.28
AnchorSearchItem:0.27666666666666667
DefaultIsoChecker:0.2733333333333333
LevelMap:0.26
MatrixAutomaton:0.25666666666666665
ShapeNode:0.255
GraphToTikz:0.255
ReteMatch:0.25333333333333335
EquationSystem:0.25
GraphCreationTest:0.24
GraphMorphism:0.24
DefaultApplication:0.23
GraphJModel:0.22666666666666666
BinaryEdgeTest:0.22333333333333333
NodeSingEqSystem:0.22
AbstractCondition:0.22
TypeGraph:0.21666666666666667
StatePanel:0.21666666666666667
RuleDependencies:0.21333333333333335
GraphNeighEquiv:0.21
SPOEvent:0.20888888888888887
DefaultRuleView:0.2080952380952381
GraphTest:0.20666666666666667
ShapeJGraph:0.20666666666666667
ShapeEdge:0.20666666666666667
ReteNetwork:0.2
PreMatch:0.2
DefaultGraphView:0.19666666666666666
EdgeMatEqSystem:0.19666666666666666
TestMultiplicity:0.19666666666666666
CompositeEvent:0.195
RuleGraphMorphism:0.18666666666666668
NACTest:0.18666666666666668
NodeTypeSearchItem:0.18366666666666667
DefaultGraphTransition:0.18333333333333332
NodeTypeMultipleRecord:0.1830952380952381
ViewToTypeMap:0.18
MaterialiseEdge:0.17666666666666667
SearchPlanStrategy:0.17666666666666667
MinimalAnchorFactory:0.16333333333333333
DefaultHostGraph:0.16
MatchingAlgorithm:0.15666666666666668
ConnectedPartsComparator:0.13666666666666666
RuleFactory:0.13666666666666666
ConditionSearchItem:0.13666666666666666
NotCondition:0.12333333333333334
PositiveCondition:0.12
IndegreeComparator:0.11666666666666667
HostGraphMorphism:0.11666666666666667
NodeTypeSingularRecord:0.10666666666666667
BoundPartsComparator:0.09
TypeFactory:0.08833333333333333
TestMaterialisation:0.08666666666666667
ForallCondition:0.08666666666666667
ShapeNeighEquiv:0.07666666666666666
ViewToHostMap:0.07333333333333333
FilteredDeltaTarget:0.065
FrozenDeltaApplier:0.06333333333333334
ViewToRuleMap:0.06333333333333334
TestShape:0.06
DeltaStore:0.058333333333333334
PlainToAspectMap:0.043333333333333335
AspectToPlainMap:0.02666666666666667
GraphToAspectMap:0.02666666666666667
ViewToModelMap:0.02
DeltaApplier:0.006666666666666667
