OptionsPageBuilder:0.37
AbstractOptionProperties:0.29
OptionProperties:0.25666666666666665
TabbedPaneOption:0.23333333333333334
