Spark:0.3933333333333333
MatcherFilter:0.31666666666666665
GenericIntegrationTest:0.31
RequestWrapper:0.2966666666666667
ResponseWrapper:0.16
