ShapeRenderer:0.686888888888889
LwjglDebugStarter:0.2667777777777778
