FlowFacesContext:0.5366666666666666
FlowFacesContextTests:0.26
ClientIdIterator:0.2061111111111111
TestGetMessagesContext:0.19666666666666666
FacesMessageIterator:0.18666666666666668
SummaryMessageCriteria:0.006666666666666667
DetailMessageCriteria:0.006666666666666667
IdentifiedMessageCriteria:0.006666666666666667
UserMessageCriteria:0.006666666666666667
