Order:0.6833333333333333
Checkout:0.44
CheckoutController:0.3
ShopOrderViewer:0.19666666666666666
