GwtTeamingMessages:0.39055555555555554
GwtViewHelper:0.31333333333333335
GwtMenuHelper:0.31333333333333335
UIData:0.29111111111111115
FolderRow:0.29
EntryMenuPanel:0.27666666666666667
CalendarFolderView:0.24444444444444446
DataTableFolderViewBase:0.17333333333333334
