FreeTypeDisposeTest:0.5780952380952381
FreeTypeTest:0.5333333333333333
InternationalFontsTest:0.42
