WebUtils:0.71
PasswordManagementProperties:0.21666666666666667
VerifyPasswordResetRequestAction:0.21666666666666667
PasswordManagementWebflowConfigurer:0.1811111111111111
PasswordChangeAction:0.17
SendPasswordResetInstructionsAction:0.08333333333333333
CasWebflowConstants:0.016666666666666666
