AssetManager:0.5752222222222222
AssetManagerTest:0.47333333333333333
AssetErrorListener:0.3746111111111111
