SetStartGraphAction:0.5630555555555555
ResourceDisplay:0.5366666666666666
ActionStore:0.4266666666666667
