ClearCase:0.6566666666666666
ClearCaseTest:0.27666666666666667
