WorkbenchFrame:0.74
UndoPlugIn:0.37333333333333335
RedoPlugIn:0.37333333333333335
