GoogleAccountsServiceResponseBuilder:0.47
CompressionUtils:0.37333333333333335
GoogleAppsConfigurationInitializer:0.3433333333333333
PrivateKeyFactoryBean:0.27
Saml10ObjectBuilder:0.13833333333333334
GoogleAccountsServiceFactory:0.13333333333333333
