TextToSpeech:0.5633333333333334
AppleSpeechInterface:0.43333333333333335
AppleSpeak:0.30333333333333334
