CruiseControlFeedTest:0.3055555555555555
FileSystemTest:0.27
ProjectXMLHelperTest:0.26
CruiseControlControllerTest:0.24666666666666667
NantBuilderTest:0.24666666666666667
FeedTest:0.24
SVNTest:0.23666666666666666
MergeLoggerTest:0.2272222222222222
CVSTest:0.21333333333333335
MavenBuilderTest:0.17805555555555555
EmailPublisherTest:0.17666666666666667
RSSPublisherTest:0.15
CVSBootstrapperTest:0.15
ArtifactsPublisherTest:0.14666666666666667
HttpFileTest:0.14565656565656565
BuildStatusTest:0.14333333333333334
SVNBootstrapperTest:0.08333333333333333
