Json:0.7383333333333333
AssetManager:0.33
ReflectionPool:0.31333333333333335
MainMenuScreen:0.20333333333333334
