ParsedValueEvaluator:0.6366666666666667
ParametersInterceptor:0.3255555555555556
TextParseUtil:0.2866666666666667
StrutsResultSupport:0.25
EmbeddedJSPResultTest:0.24
AbstractTest:0.23666666666666666
BeanSelectionProvider:0.23333333333333334
TextParseUtilTest:0.18666666666666668
XWorkConfigurationProvider:0.17
StrutsConstants:0.03888888888888889
