Code2HTML:0.38333333333333336
Code2HTMLUtilities:0.2966666666666667
HTMLStyle:0.11
Code2HTMLPlugin:0.09027777777777778
HTMLCSSStyle:0.08666666666666667
HTMLGutter:0.08333333333333333
HTMLEntity:0.04
HTMLPainter:0.02666666666666667
Code2HTMLOptionPane:0.02666666666666667
HTMLCSSGutter:0.016666666666666666
LineTabExpander:0.016666666666666666
LineWrapper:0.013333333333333334
LinePosition:0.006666666666666667
