Tools:0.7033333333333334
HelpAction:0.33666666666666667
AboutAction:0.32666666666666666
InfoAction:0.32
