Setting:0.6933333333333334
SettingsModule:0.3233333333333333
SettingTests:0.2966666666666667
SettingsModuleTests:0.09
