Cookie:0.68
HttpRequest:0.43
HttpBrowser:0.26916666666666667
HttpResponse:0.22666666666666666
EchoServlet:0.17333333333333334
HttpBrowserTest:0.07333333333333333
Data:0.014285714285714285
