PrinterCalibration:0.5683333333333334
PrinterService:0.5622222222222222
PrintableImageBox:0.24
