Config:0.6233333333333333
Resource:0.39
Lib:0.29
DatabaseLib:0.2633333333333333
MetadataLib:0.23666666666666666
GuiBuilder:0.23
ConfigLib:0.21
EmbeddedDBLib:0.2
SiteLib:0.17666666666666667
Worker:0.16333333333333333
OldConfigLib:0.11333333333333333
Gast:0.11333333333333333
TextLib:0.1
EmbeddedSCLib:0.1
MainFrame:0.07333333333333333
LogLib:0.07
App:0.06666666666666667
Util:0.06666666666666667
StartupConfigPanel:0.06
SampleData:0.055
ServerLib:0.05
Setup:0.03666666666666667
Cli:0.03
CreateDB:0.03
Args:0.03
ProfileLib:0.03
Starter:0.025833333333333333
