CqiClient:0.6083333333333333
StructuralUnitProperty:0.48333333333333334
Specificites:0.22666666666666666
StructuralUnit:0.21
