VonDataUtils:0.4
VonDeviceUtils:0.33666666666666667
VonBarUtils:0.2866666666666667
ActivityVonPhoto:0.28
MainActivity:0.2
