Codec:0.42209523809523813
Jackson2AfterBurnCodec:0.34
Jackson2Codec:0.29333333333333333
JacksonGroupDecoder:0.22166666666666668
BenchmarkMain:0.18666666666666668
GsonCodec:0.17333333333333334
JsonLibCodec:0.17333333333333334
JsonSmartCodec:0.17333333333333334
FastjsonSCodec:0.17333333333333334
SimpleJsonCodec:0.17333333333333334
FastjsonManualCodec:0.17333333333333334
JacksonCodec:0.17333333333333334
FastjsonBeanToArrayCodec:0.17333333333333334
FastjsonGenCodec:0.17333333333333334
FastjsonCodec:0.16277777777777777
