MapService:0.5666666666666667
MapProxySupport:0.4066666666666667
SizeOperationFactory:0.2454444444444444
BasicTest:0.22666666666666666
MapGetAllOperationFactory:0.22333333333333333
QueryOperation:0.2127777777777778
MapEntrySet:0.16666666666666666
