SentenceSplitter:0.6797222222222223
TestControllers:0.5378888888888889
