Vertx:0.8066666666666666
Verticle:0.53
DeploymentManager:0.41333333333333333
DefaultVertx:0.29
DeploymentTest:0.28
TestVerticle:0.17238095238095238
IsolatingClassLoader:0.16
VertxTestBase:0.14666666666666667
AbstractVerticle:0.12666666666666668
