FlowExecutionImplTests:0.6166666666666667
OgnlExpression:0.6033333333333334
FooException:0.29161111111111115
FooFlowAction:0.08666666666666667
