CrateDocCollector:0.43666666666666665
JobCollectContext:0.37666666666666665
LuceneOrderedDocCollector:0.23666666666666666
JobCollectContextTest:0.19
Builder:0.16
LuceneShardCollectorProvider:0.13
CrateDocCollectorTest:0.11666666666666667
SharedShardContext:0.11666666666666667
ShardCollectSource:0.09333333333333334
