INodeService:0.5533333333333333
NodeService:0.49
BootstrapService:0.41333333333333333
NodeServiceTest:0.25333333333333335
MockNodeService:0.22666666666666666
