ConfigTest:0.5166666666666667
ServiceConfig:0.5033333333333333
AbstractReferenceConfig:0.47
AbstractConfig:0.4166666666666667
