RedissonLock:0.74
RedissonReadLock:0.5333333333333333
RedissonWriteLock:0.5333333333333333
RedissonReadWriteLock:0.10333333333333333
