JavaScriptBeautifier:0.7466666666666667
JavaScriptFunctionLogger:0.32111111111111107
JavaScriptBeautifierFilter:0.21333333333333335
JavaScriptFunctionLoggerTest:0.08333333333333333
