AjaxController:0.4066666666666667
ICBrokerModuleImpl:0.32
WebKeys:0.28977777777777775
TreeTag:0.26666666666666666
