JakartaMultiPartRequest:0.4938888888888889
JakartaStreamMultiPartRequest:0.48
PellMultiPartRequest:0.3333333333333333
