WebserviceBeanImpl:0.37666666666666665
ProcessManagerModule:0.29333333333333333
ElementGrid:0.29
AbstractFormInstanceCreator:0.23
ComponentGrid:0.20333333333333334
ElementButton:0.20111111111111113
ProcessInstancesView:0.16
ComponentTree:0.12666666666666668
ComponentFactory:0.10333333333333333
FormInstanceCreator:0.09333333333333334
Function:0.06
FormRenderer:0.04666666666666667
