Context:0.4633333333333333
Configuration:0.37666666666666665
RawLogFactory:0.32666666666666666
RawLogFactoryTest:0.26666666666666666
