LexerATNSimulator:0.63
TestT:0.19
TestSemPredEvalLexer:0.18666666666666668
SimState:0.16916666666666666
TestU:0.13
