AtmosphereResourceImpl:0.6966666666666667
DefaultBroadcaster:0.6333333333333333
Servlet30CometSupport:0.29
AsynchronousProcessor:0.26666666666666666
