TypeName:0.4766666666666667
TypeVariableName:0.43333333333333335
TypeNameTest:0.32666666666666666
ArrayTypeName:0.16666666666666666
WildcardTypeName:0.16666666666666666
ParameterizedTypeName:0.16666666666666666
