Robolectric:0.65
ApplicationTest:0.31666666666666665
ShadowSQLiteProgram:0.30333333333333334
WebViewTest:0.24333333333333335
