GspsEncode:0.6427777777777778
KeyObjectFilter:0.4166666666666667
ScaleFilter:0.24333333333333335
