InvariantModel:0.44333333333333336
Mango:0.39
Worker:0.30666666666666664
FactorizationModel:0.28
InvariantStatus:0.28
ModuleInvocationSym:0.24333333333333335
BaseInvariantAgent:0.21666666666666667
ConditionalMethodTestAgent:0.21333333333333335
ConditionalMethodAgent:0.21
MethodInvariantAgent:0.21
Workstation:0.21
TranslationManager:0.14333333333333334
BindModuleAgent:0.12333333333333334
EvalConditionalAgent:0.11666666666666667
InvertConditionalAgent:0.11666666666666667
EvaluatePredicateAgent:0.04
