RuntimeEnvironment:0.5566666666666666
Project:0.3
Group:0.29
AuthorizationPluginClassLoader:0.26
AuthorizationFramework:0.22
TestPlugin:0.20716666666666667
IAuthorizationPlugin:0.17
