Qedeq2Xml:0.5316666666666666
QedeqNotNullTraverser:0.35333333333333333
AbstractModuleVisitor:0.235
QedeqVisitor:0.235
QedeqTraverser:0.2275
