QuerySql:0.39
NutDao:0.37333333333333335
NutDaoTest:0.31666666666666665
SqlMaker:0.2833333333333333
