AminoAcidTest:0.7933333333333333
ProteinBuilderToolTest:0.43
ToolsTests:0.19666666666666666
DataClassesTests:0.19666666666666666
