CSWEBRIMSOAPServiceSkeletonTest:0.4166666666666667
CSWEBRIMSOAPServiceSkeleton:0.37333333333333335
Log4jLoggerAdapter:0.35894444444444445
StaticLoggerBinder:0.04
