CRSValidator:0.45
ValidatorContainer:0.3466666666666667
CSValidator:0.29
NetcdfAxis:0.24666666666666667
ObjectFactoryTest:0.22
AuthorityFactoryTest:0.2111111111111111
IOTestCase:0.20333333333333334
NetcdfMetadataTest:0.17
Utilities:0.14
NetcdfCRSTest:0.11
Orientation:0.07100000000000001
ValidatorTest:0.01
