Utils:0.571388888888889
LocalClassMetadataLight:0.5333333333333333
ClassMetadataNode:0.31
QueryManagerService:0.21
ViewBuilder:0.20666666666666667
GISViewService:0.18333333333333332
AcceptActionProvider:0.16
