Euler:0.7616666666666667
EulerRunner:0.25333333333333335
