Constants:0.4666666666666667
CommunicationsStub:0.3466666666666667
ViewScene:0.30333333333333334
ObjectViewTopComponent:0.29333333333333333
LocalObject:0.23666666666666666
RackViewScene:0.21
RackViewTopComponent:0.17333333333333334
RackViewService:0.056666666666666664
