DefaultMappingModelReader:0.5266666666666666
JsonModel:0.43
JacksonProvider:0.4033333333333333
JsonProviderFactory:0.12666666666666668
