NBrowseApplet:0.5133333333333333
UrlManager:0.3233333333333333
EdgeDataSetAttr:0.28
MouseManager:0.2733333333333333
DynamicTreeTableModel:0.26
VerticalFlowLayout:0.10333333333333333
LBEdgeButton:0.1
MultiLineToolTipUI:0.06666666666666667
EdgeAttr:0.06666666666666667
JMultiLineToolTip:0.05
EdgeFilter:0.02
ColorManager:0.013333333333333334
SchemaIO:0.006666666666666667
