MockPublisher:0.8566666666666667
PluginXMLHelper:0.38666666666666666
PluginXMLHelperTest:0.2833333333333333
