SetOfAtomContainersTest:0.77
SetOfAtomContainers:0.6733333333333333
CoreClassesTests:0.20666666666666667
