ClusterService:0.48
BaseManager:0.43333333333333335
MBackupAwareOp:0.29333333333333333
Migrator:0.15666666666666668
BackupPacketProcessor:0.14333333333333334
