ManufactureProcess:0.6733333333333333
ManufacturePanel:0.3933333333333333
ManufactureGood:0.36277777777777775
ManufactureTabPanel:0.27666666666666667
ManufactureBuildingPanel:0.23333333333333334
