TestArticleCollection:0.4266666666666667
TestPubmedFetcher:0.38333333333333336
TestAgricolaFetcher:0.36
