UAScriptManager:0.49
GroovyScript:0.3933333333333333
JSScriptPanel:0.37
XULPanel:0.3466666666666667
PluginScriptPanel:0.22666666666666666
