SMARTSSearchTest:0.47333333333333333
SmartsDumpVisitor:0.37666666666666665
Smarts2MQLVisitor:0.34
HybridizationNumberAtom:0.2733333333333333
SmartsQueryVisitor:0.23666666666666666
ASTHybrdizationNumber:0.08666666666666667
