FileSystemMgtService:0.6127777777777778
FileSystemMgtBean:0.29933333333333334
