ShadowPreference:0.6
PreferenceGroupTest:0.3566666666666667
ShadowPreferenceGroup:0.08333333333333333
PreferenceTest:0.08333333333333333
