TextUtil:0.43666666666666665
WebClient:0.3933333333333333
HtmlForm:0.30666666666666664
Handler:0.24333333333333335
HtmlAnchor:0.22916666666666666
HtmlPage:0.19583333333333333
TextUtilTest:0.08333333333333333
JavaScriptEngineTest:0.043333333333333335
JavaScriptURLConnection:0.023333333333333334
