ClusterServiceImpl:0.4866666666666667
NonBlockingIOThread:0.36666666666666664
ClusterStateManager:0.33
CollectionService:0.25
QueueService:0.20833333333333334
StateManagerExceptionHandler:0.1927777777777778
