RWorkspace:0.6688888888888889
ConvertDocument:0.43
BuildCwbEncodeArgsFromWTC:0.4166666666666667
