FormObjectAccessor:0.7333333333333333
FlowAction:0.5966666666666667
