Member:0.7066666666666667
Address:0.4666666666666667
MemberImpl:0.3566666666666667
Node:0.25666666666666665
PartitionManager:0.23666666666666666
AddressMatcher:0.23
ClusterImpl:0.22333333333333333
ClusterManager:0.21666666666666667
ConnectionManager:0.21
NodeIOService:0.20333333333333334
Ip6AddressMatcher:0.18
IOService:0.17587301587301588
AddressPicker:0.17111111111111113
DefaultLogger:0.16333333333333333
GroupProperties:0.13666666666666666
AddressUtil:0.12
HazelcastClusterTest:0.10333333333333333
AddressUtilTest:0.10333333333333333
LoggingServiceImpl:0.08666666666666667
SocketAcceptor:0.06666666666666667
SocketConnector:0.05111111111111111
AddressHolder:0.04
