ThreadMonitorImpl:0.7166666666666667
ThreadMonitorModule:0.36333333333333334
