ClientConductor:0.6066666666666667
MediaConductorCursor:0.2866666666666667
MappedBufferManagementStrategyTest:0.25
