WriteBehindQueue:0.5266666666666666
DelayedEntry:0.4033333333333333
MapStoreTest:0.24
EmptyWriteBehindQueue:0.20666666666666667
WriteBehindStore:0.2
WriteBehindQueueTest:0.19
ArrayWriteBehindQueue:0.18
WriteBehindQueues:0.17
BoundedArrayWriteBehindQueue:0.16666666666666666
SynchronizedWriteBehindQueue:0.16333333333333333
StoreWorker:0.15666666666666668
AbstractDelayedEntry:0.08666666666666667
