StudyListLocal:0.8440873015873016
ExportPage:0.42333333333333334
StudyListBean:0.33166666666666667
