AdminProcessor:0.5033333333333333
Option:0.3028333333333333
DataModelService:0.28
Permission:0.24611111111111109
InitMgmtService:0.12666666666666668
