EmailSenderImpl:0.5766666666666667
EmailResources:0.3333333333333333
