TaskFilter:0.49333333333333335
GwtTeamingMessages:0.31666666666666665
TaskListing:0.24666666666666667
GwtTeamingTaskListingImageBundle:0.23666666666666666
GwtTeaming:0.22
EventWrapper:0.15466666666666667
