KroesRule8:0.56
KroesRule2:0.33166666666666667
KroesRule8Test:0.16333333333333333
