Interpreter:0.57
OperationStartedEvent:0.27
RequestResponseProcess:0.21916666666666668
SessionEndedEvent:0.2041666666666667
SessionStartedEvent:0.2041666666666667
OneWayProcess:0.19577777777777777
NotificationProcess:0.19333333333333336
OperationEndedEvent:0.18666666666666668
