AdminScriptRunner:0.45
Process:0.39666666666666667
ProcessFilter:0.38
ExecutionLogic:0.30333333333333334
ProcessDAO:0.20555555555555557
