Trigger:0.6366666666666667
Data:0.4766666666666667
IConfigurationService:0.4737857142857143
ConfigurationService:0.32666666666666666
NodeService:0.25
DataService:0.2
DbTriggerTest:0.17666666666666667
SimpleIntegrationTest:0.14666666666666667
CsvExtractor10:0.14333333333333334
CsvExtractor13:0.13666666666666666
CsvExtractor14:0.13
CsvExtractor:0.12
StreamReloadDataCommand:0.09333333333333334
