SmallCollection:0.3933333333333333
DefaultIsoChecker:0.3591666666666667
GraphTest:0.30666666666666664
Bisimulator:0.2966666666666667
PartitionMap:0.26666666666666666
CertificateStrategy:0.2434285714285714
IsoNodeRecord:0.13333333333333333
IsoMatcher:0.12666666666666668
ObjectWrapSpeedTest:0.07333333333333333
