CsvData:0.67
AbstractProtocolDataWriter:0.3333333333333333
ManageIncomingBatchListener:0.31333333333333335
ExtractDataReader:0.22666666666666666
StagingDataWriter:0.16
