View:0.7833333333333333
Products3WithDescriptionsListTest:0.37333333333333335
SetPropertyValueNotifyingAction:0.14
