CrawlController:0.5066666666666667
ProcessorChain:0.48
ProcessorChainList:0.3433333333333333
