Parser:0.6866666666666666
Generator:0.6611111111111111
