Box2DCharacterControllerTest:0.4827777777777778
BumperElement:0.28
WallElement:0.28
ApplyForce:0.22333333333333333
