HttpClientOptions:0.5
Http2ServerTest:0.32666666666666666
HttpClientOptionsConverter:0.25333333333333335
Http2ClientTest:0.22
VertxClientHandlerBuilder:0.19666666666666666
Http2TestBase:0.07333333333333333
