ResourceUtils:0.7166666666666667
SamlUtils:0.39
SamlMetadataUIConfiguration:0.35
ChainingMetadataResolverCacheLoader:0.31333333333333335
