ExecutionEventConditions:0.6033333333333334
JUnit4TestEngineClassExecutionTests:0.35
RunListenerAdapter:0.31666666666666665
