IntegerFieldMapper:0.6433333333333333
StringFieldMapper:0.3466666666666667
MapperBuilders:0.29333333333333333
DocumentMapperParser:0.28400000000000003
ValueAndBoost:0.043333333333333335
