CompactOffHeapLinearHashTable:0.6866666666666666
VanillaChronicleHash:0.5766666666666667
