Stash:0.5433333333333333
RestSearchScrollAction:0.49666666666666665
RestAnalyzeAction:0.49666666666666665
