PredictionContext:0.7933333333333333
ParserATNSimulator:0.43
ATNConfigSet:0.33
ATNSimulator:0.07666666666666666
