MongoException:0.43333333333333335
DBCollection:0.41333333333333333
AbstractCommand:0.22666666666666666
GetLastErrorCommand:0.20333333333333334
DBCollectionTest:0.19666666666666666
TestWriteConcern:0.18
TestMapper:0.13666666666666666
