YDownTest:0.61
LwjglDebugStarter:0.31666666666666665
DesktopControllersBuild:0.20544444444444446
