DictionaryBlock:0.51
Page:0.31
PageProcessorCompiler:0.2866666666666667
DictionaryBlockEncoding:0.185
GenericPageProcessor:0.18
TestDictionaryBlockEncoding:0.10333333333333333
TestPage:0.09666666666666666
