WidgetGalleryView:0.4166666666666667
ChatRoomParticipant:0.4033333333333333
DemoElement:0.37666666666666665
MainDemo:0.29463756613756614
CompositeDemoSuite:0.27051984126984113
WizardDemoSuite:0.27051984126984113
SimpleExplanationDemoSuite:0.27051984126984113
NoteCompositeDemoSuite:0.27051984126984113
NormalExplanationDemoSuite:0.27051984126984113
RosterDemoSuite:0.27051984126984113
InstructionDemoSuite:0.27051984126984113
ExplanationDemoSuite:0.27051984126984113
ListExplanatoryDemoSuite:0.27051984126984113
ProjectDemoSuite:0.27051984126984113
ChatDemoSuite:0.27051984126984113
SimpleExplanatoryDemoSuite:0.27051984126984113
IllustratedCompositeDemoSuite:0.27051984126984113
RosterSessionDemoSuite:0.27051984126984113
DecorationDemoSuite:0.27051984126984113
NormalExplanatoryDemoSuite:0.27051984126984113
RoundedCompositeDemoSuite:0.27051984126984113
ListExplanationDemoSuite:0.27051984126984113
ExplanatoryDemoSuite:0.27051984126984113
BasicDemoSuite:0.27051984126984113
PagesDemoSuite:0.27051984126984113
ImageManager:0.23666666666666666
AbstractDemo:0.22
ChatControlDemo:0.20666666666666667
CompositeUtils:0.19578968253968257
DemoExplorer:0.1875
ChatDemo:0.17666666666666667
DemoContentProvider:0.15416666666666667
DemoBannerComposite:0.09666666666666666
HugeExplanationCompositeDemo:0.04666666666666667
SimpleRoundedCompositeDemo:0.04666666666666667
RoundedCompositeDemo:0.043333333333333335
AllWizardsDemo:0.023333333333333334
BuddyDisplayCompositeDemo:0.021999999999999995
SummaryItemCompositeDemo:0.021999999999999995
ExplanatoryCompositeDemo:0.016666666666666666
ExplanationOnlySimpleExplanatoryCompositeDemo:0.016666666666666666
SimpleExplanatoryCompositeDemo:0.016666666666666666
ItemsOnlyListExplanatoryCompositeDemo:0.016666666666666666
ExplanationOnlyExplanatoryCompositeDemo:0.016666666666666666
ListExplanatoryCompositeDemo:0.016666666666666666
IntroductoryTextOnlyListExplanatoryCompositeDemo:0.016666666666666666
EnterXMPPAccountCompositeDemo:0.016666666666666666
RefreshDemo:0.013333333333333334
BuddySelectionCompositeDemo:0.009166666666666667
BaseBuddySelectionCompositeDemo:0.009166666666666667
BaseProjectSelectionCompositeDemo:0.009166666666666667
ProjectSelectionCompositeDemo:0.009166666666666667
ExplanationOnlyExplanationCompositeDemo:0.006666666666666667
HugeSimpleExplanationCompositeDemo:0.006666666666666667
ExplanationCompositeDemo:0.006666666666666667
SimpleIllustratedCompositeDemo:0.0033333333333333335
JIDComboDemo:0.0033333333333333335
NoteCompositeDemo:0.0033333333333333335
SimpleNoteCompositeDemo:0.0033333333333333335
IllustratedCompositeDemo:0.0033333333333333335
WizardPageDemo:0.0025
EmptyTextDemo:0.0025
EnterXMPPAccountDemo:0.0
IntroductoryTextOnlyListExplanationCompositeDemo:0.0
ListExplanationCompositeDemo:0.0
SimpleExplanationCompositeDemo:0.0
CreateXMPPAccountDemo:0.0
BuddySessionDisplayCompositeDemo:0.0
CreateXMPPAccountDemo2:0.0
ProjectDisplayCompositeDemo:0.0
IconOnlyExplanationCompositeDemo:0.0
AddBuddyDemo:0.0
BuddySelectionDemo:0.0
IconOnlySimpleExplanationCompositeDemo:0.0
ConfigurationDoneDemo:0.0
ExplanationOnlySimpleExplanationCompositeDemo:0.0
ProjectSelectionDemo:0.0
GeneralSettingsDemo:0.0
ItemsOnlyListExplanationCompositeDemo:0.0
