SyntenyLinkPanel:0.5633333333333334
SyntenyLinkPolygon:0.4877777777777777
PropertyScorePaint:0.4066666666666667
