GUI:0.6133333333333333
TasksCheckerTask:0.30666666666666664
TaskChecker:0.25
