RedisClient:0.77
SingleConnectionManager:0.2997222222222222
SentinelConnectionManager:0.27666666666666667
