Style:0.6666666666666666
ModuleTestBase:0.42333333333333334
Module:0.4166666666666667
PhoneServlet:0.15
