ClientConnectionManagerImpl:0.5466666666666666
Heartbeat:0.33444444444444443
ClientSmartInvocationServiceImpl:0.31
ClientSmartListenerService:0.2633333333333333
