AbstractSelection:0.19213542
FS:0.03691783
MLogger:0.02024782
