Intersector:0.57
BoundingBox:0.5233333333333333
Rectangle:0.3933333333333333
Circle:0.22
