AuthenticationProperties:0.42888888888888893
SqrlConfiguration:0.24
SqrlPersistenceUnitPostProcessor:0.21333333333333335
SqrlGenerateQRAction:0.19666666666666666
SqrlWebflowConfigurer:0.12333333333333334
