ExecutableScript:0.49
GroovyScript:0.20333333333333334
ScriptImpl:0.2
ExtractFieldScriptEngine:0.18333333333333332
FieldValueScriptEngine:0.18333333333333332
ExpressionSearchScript:0.15333333333333332
PutFieldValuesScriptEngine:0.12333333333333334
ScriptedUpsertScriptEngine:0.12333333333333334
FieldIncrementScriptEngine:0.12333333333333334
ExtractContextInSourceScriptEngine:0.12333333333333334
MustacheExecutableScript:0.10666666666666667
ExpressionExecutableScript:0.10666666666666667
AbstractExecutableScript:0.0725
