PairAttributeCalculator:0.49
AnaphoricityAttributeCalculator:0.4666666666666667
SyntaxAttributeCalculator:0.4
AnnotationSelector:0.31100000000000005
GoldStandardLabeler:0.11
SvmVectorCreator:0.10666666666666667
ThreadDelegator:0.0011111111111111111
