PrintPreview:0.66
PrintDialog:0.38
SimpleListCellRenderer:0.3233333333333333
State:0.09666666666666666
