SeqFeature:0.43333333333333335
Transcript:0.3433333333333333
ApolloPanel:0.31
ExonHolder:0.2966666666666667
FeatureSet:0.29333333333333333
DrawableSeqFeature:0.25333333333333335
AnnotationView:0.24333333333333335
