ScriptPanel:0.7633333333333333
ScriptPlugin:0.55
ScriptManagerWrapper:0.19527777777777777
