dateEditor:0.9233333333333333
BasicValueTag:0.3566666666666667
