jOOQAbstractTest:0.5933333333333334
FetchTests:0.36333333333333334
AbstractResultQuery:0.3566666666666667
SQLiteDatabase:0.3
