CryptoTokenMBean:0.4766666666666667
AlgorithmTools:0.38666666666666666
PKCS11CATokenTest:0.26666666666666666
KeyPairGuiInfo:0.2644444444444445
CATokenTestBase:0.17444444444444446
