MonitoringEvent:0.6233333333333333
StandardMonitor:0.16333333333333333
