IntermediateExecutionBuilder:0.42333333333333334
StepFactory:0.3433333333333333
LinearExecution:0.30666666666666664
HopSymbolTableWalker:0.29
LineInformation:0.22
ClassExecution:0.20333333333333334
CallStep:0.2
TypeDescriptor:0.17
MethodExecution:0.11
