StatementGeneratorTest:0.5458333333333333
RewriterTest:0.30333333333333334
LambdaExpressionTest:0.25
CastResolver:0.25
