XContentHelper:0.5433333333333333
UpdateRequest:0.30666666666666664
Alias:0.30666666666666664
Request:0.27666666666666667
ClientYamlTestSuite:0.24666666666666667
UserAgentParser:0.21333333333333335
BlobStoreRepository:0.21
ClientYamlSuiteRestSpec:0.19666666666666666
DocumentParser:0.19
RestHighLevelClient:0.19
IndexTemplateMetaDataTests:0.12333333333333334
XContentTestUtilsTests:0.10333333333333333
