X509CA:0.8177777777777778
CertReqServlet:0.46388888888888885
