STLObject:0.7383333333333333
Main:0.6576666666666667
