CrateSettings:0.6587222222222222
InformationSchemaTest:0.5266666666666666
ClusterSettingsExpression:0.24333333333333335
SysClusterSettingsTest:0.16
