SQLGenerator:0.29
DB2SQLGenerator:0.2866666666666667
SQL92SQLGenerator:0.28
MySQLSQLGenerator:0.26666666666666666
PostgresSQLGenerator:0.26666666666666666
MSSQLSQLGenerator:0.25666666666666665
H2SQLGenerator:0.25666666666666665
OracleSQLGenerator:0.25666666666666665
MyRenderer:0.14666666666666667
ERDesignerBundle:0.12
ReverseEngineerEditor:0.11333333333333333
