RemoteTodo:0.44
TodosDwrImplTest:0.41
TodosDwrImpl:0.2833333333333333
TodosDwr:0.2633333333333333
