MainWindow:0.5566666666666666
MainDesktopPane:0.4866666666666667
MainScene:0.38
MarsProject:0.2402777777777778
