AbstractSymmetricEngine:0.6
DerbyDbDialect:0.4033333333333333
HsqlDbDialect:0.38666666666666666
LoadFromClientIntegrationTest:0.30333333333333334
