MultiLayerNeuralNetConfigurationTest:0.4033333333333333
CNNGradientCheckTest:0.33666666666666667
ConvolutionLayerSetupTest:0.32666666666666666
