MacOSXGLCanvas:0.47333333333333333
MacOSXDisplay:0.45
MacOSXFrame:0.36666666666666664
MacOSXCanvasListener:0.2
