FieldManager:0.6797222222222223
charManager:0.39222222222222225
