SciXMLResource:0.31666666666666665
HandBagSingleton:0.27666666666666667
Bc_oscarPlugin:0.25
MemoryHandBag:0.23333333333333334
Oscar3Props:0.17333333333333334
RecognizedChemistryResourceCreator:0.12666666666666668
