OrcStorageManager:0.5516666666666666
TestOrcStorageManager:0.36
TestShardCompactor:0.3333333333333333
ShardCompactor:0.2611111111111111
RaptorPageSink:0.21333333333333335
