MatrixUtil:0.46
Word2VecDataFetcher:0.36333333333333334
MasterActor:0.22166666666666668
NeuralNetworkOptimizer:0.21666666666666667
Viterbi:0.2
Window:0.19
ActorNetworkRunnerApp:0.165
Word2VecDataSetIterator:0.15455555555555553
MultiLayerNetworkOptimizer:0.14333333333333334
Word2VecSimilarityTester:0.13
