HttpProtocol:0.5566666666666666
NettyRequestFactory:0.31
HttpUtils:0.24666666666666667
