FileEntry:0.38333333333333336
IndexerTest:0.32666666666666666
DirectoryListingTest:0.31333333333333335
SCCSgetTest:0.24
CommandLineOptionsTest:0.16
