Rubberband:0.4533333333333333
RotatableCanvas:0.42333333333333334
Selection:0.38
RubberbandListener:0.24940873015873027
RubberbandRectangle:0.03666666666666667
RubberbandEvent:0.02666666666666667
