Config:0.8366666666666667
Transcript:0.37666666666666665
