Sync:0.45666666666666667
BoundedLocalCache:0.44333333333333336
Ref:0.31583333333333335
ReferenceTest:0.26
CacheGenerator:0.24
