DefinitionModule:0.5466666666666666
AbstractBinderProcessor:0.4
SearchUtils:0.33138888888888884
DefinitionModuleImpl:0.31
EntityIndexUtils:0.27666666666666667
AdvancedSearchController:0.22666666666666666
