LoggingRunner:0.4633333333333333
DataSizeRunner:0.41
MatrixRunner:0.38666666666666666
DataTask:0.24
