CategoryList:0.5466666666666666
ReportList:0.38666666666666666
