JdbcModelReader:0.7455555555555556
Db2ModelReader:0.31333333333333335
AbstractDatabasePlatform:0.31333333333333335
IDatabasePlatform:0.2025
