AWT:0.6233333333333333
Robot:0.5466666666666666
FailedException:0.31
FocusWatcher:0.21
