MsgManager:0.5633333333333334
Message:0.3466666666666667
NetworkTableModel:0.26666666666666666
HostMsg:0.20333333333333334
