AbstractFlywayMojo:0.46
MigrateMojo:0.09666666666666666
HistoryMojo:0.043333333333333335
InitMojo:0.03
CleanMojo:0.03
StatusMojo:0.02666666666666667
