MongoMultiServerBinding:0.38
MongoClients:0.2966666666666667
MongoServerBindings:0.2966666666666667
MongoClientsImpl:0.21833333333333332
MongoConnectionManagers:0.15133333333333332
