DocumentTest:0.5877777777777777
LocationTest:0.31666666666666665
NodeImplTest:0.2866666666666667
