ItemResource:0.8033333333333333
TestItemResource:0.3433333333333333
AllJUnitTests:0.26666666666666666
