WindowNode:0.5766666666666667
ChildReplacer:0.20666666666666667
TestEffectivePredicateExtractor:0.20666666666666667
Rewriter:0.20583333333333337
