ALC:0.7072222222222222
ALCcontext:0.2866666666666667
ALCdevice:0.23666666666666666
