DataManager:0.35
ExtentsStrategy:0.3233333333333333
ReusableObjManager:0.24833333333333332
ReplacementStrategy:0.2434285714285714
KeywordsStrategy:0.19333333333333333
ContactsStrategy:0.19333333333333333
FormatsStrategy:0.18333333333333332
