Database:0.8266666666666667
Filter:0.54
AbstractDatabase:0.38666666666666666
JavaGenerator:0.33666666666666667
AbstractElementContainerDefinition:0.15666666666666668
AvoidAmbiguousClassesFilter:0.09666666666666666
