ReportModule:0.79
ReportModuleImpl:0.64
QKey:0.49
WebKeys:0.3333333333333333
ReportDownloadController:0.2633333333333333
