SharedClusterSnapshotRestoreIT:0.6877777777777778
SnapshotsService:0.5383333333333332
