Json:0.5633333333333334
Serializable:0.44
Skin:0.27666666666666667
