TBookDao:0.16333333333333333
TTriggersDao:0.16
XTestCase_85Dao:0.16
TDatesDao:0.15666666666666668
TBookStoreDao:0.15333333333333332
T_639NumbersTableDao:0.13
TBooleansDao:0.13
XTestCase_71Dao:0.12666666666666668
T_725LobTestDao:0.12666666666666668
TIdentityPkDao:0.12666666666666668
XTestCase_64_69Dao:0.12666666666666668
TDirectoryDao:0.06333333333333334
TBookSaleDao:0.05333333333333334
TAuthorDao:0.05333333333333334
TArraysDao:0.05333333333333334
