Options:0.6933333333333334
Rule:0.6866666666666666
SimulationListener:0.5833333333333334
DefaultGxl:0.49333333333333335
GrammarView:0.45666666666666667
Groove:0.43
AspectualRuleView:0.42
Simulator:0.37
RuleNameLabel:0.36
RuleFactory:0.35833333333333334
RuleSystem:0.3383333333333333
GrammarViewXml:0.33711904761904765
AspectualViewGps:0.32
GraphInfo:0.30333333333333334
AspectualGraphView:0.28833333333333333
AspectualGrammarView:0.2866666666666667
SPORule:0.2733333333333333
SimulationAdapter:0.255
RulePanel:0.24333333333333335
CTLModelChecker:0.24333333333333335
LayedOutXml:0.24
Generator:0.23666666666666666
GraphTest:0.23333333333333334
ExplorationTest:0.22333333333333333
GenerateThread:0.22305555555555553
LTSPanel:0.21666666666666667
RuleJTree:0.21666666666666667
RuleDependencies:0.21
Editor:0.21
RenameRuleAction:0.20666666666666667
EnableRuleAction:0.20666666666666667
DeleteRuleAction:0.20666666666666667
UndoHistory:0.2
Imager:0.2
SaveGraphAction:0.19444444444444445
JGraphPanel:0.19333333333333333
TypeDiscoverer:0.19
LTSJGraph:0.18333333333333332
StatePanel:0.18333333333333332
TemporalFormula:0.17642857142857143
Validator:0.16333333333333333
AttributedGraphTest:0.15333333333333332
NACTest:0.15333333333333332
RuleTreeNode:0.15
ExploreStrategyMenu:0.14
AspectJGraph:0.14
ShowPropertiesAction:0.13333333333333333
Gossips:0.12333333333333334
CloseEditorAction:0.12
RuleContentParser:0.11333333333333333
SaveGrammarAction:0.11
RuleSelectionListener:0.1075
DefaultRuleFactory:0.10666666666666667
VarroBenchmark:0.08666666666666667
CalculatorSample:0.08333333333333333
NewRuleAction:0.08
MyLTSListener:0.07333333333333333
EditPropertiesAction:0.06666666666666667
DirectoryTreeNode:0.06
AspectGxl:0.06
MyTreeCellRenderer:0.04666666666666667
LayedOutGps:0.04666666666666667
RunAction:0.0033333333333333335
LoadStartGraphAction:0.0033333333333333335
MyMouseListener:0.0
