GetGroupsResponse:0.38666666666666666
ResponseFactory:0.38333333333333336
GetGroupResponse:0.26
GetUsersResponse:0.18
FilterMetadataResponse:0.12333333333333334
GetUserResponse:0.12333333333333334
GroupFactory:0.11333333333333333
UserFactory:0.10333333333333333
GetUserResponseTest:0.08388888888888889
GetUsersResponseTest:0.08388888888888889
FilterMetadataResponseTest:0.08388888888888889
GetGroupsResponseTest:0.08388888888888889
GetGroupResponseTest:0.08388888888888889
