ServerDescription:0.62
Builder:0.3566666666666667
TaggableReadPreference:0.31666666666666665
ConnectionString:0.31666666666666665
ServerDescriptionTest:0.23666666666666666
DescriptionHelper:0.2
ServerSelectionSelectionTest:0.19333333333333333
