CAData:0.5533333333333333
CAAdminSessionBean:0.49333333333333335
CAsTest:0.30666666666666664
CaSessionBean:0.24333333333333335
CaSessionLocal:0.17833333333333334
