ExecuteScriptImport:0.4766666666666667
MainPage:0.37333333333333335
AddBase:0.25
LanguageSwitchHandler:0.21361111111111114
OpenEmptyEditor:0.1927777777777778
ImportSelectedText:0.115
