RobolectricModel:0.625
RobolectricProcessorTest:0.42333333333333334
ServiceLoaderGenerator:0.30666666666666664
