CacheConfig:0.5433333333333333
AbstractCacheService:0.5266666666666666
AbstractCacheConfig:0.3333333333333333
OnJoinCacheOperation:0.29
MembershipUpdateTest:0.11
CacheDataSerializerHook:0.013333333333333334
