ColoredPrintingTestListener:0.37666666666666665
RunListenerAdapter:0.19333333333333333
EngineExecutionListener:0.17333333333333334
SummaryCreatingTestListener:0.17333333333333334
TestExecutionListener:0.17333333333333334
CompositeTestExecutionListener:0.17333333333333334
JUnit5RunnerListener:0.15333333333333332
TrackingEngineExecutionListener:0.14666666666666667
ExecutionListenerAdapter:0.14333333333333334
LoggingListener:0.14333333333333334
