NutDao:0.485
EntityOperator:0.38333333333333336
NutMappingField:0.29
NutTransaction:0.24666666666666667
BatchTransTest:0.19
DaoSupport:0.17333333333333334
ConnInfo:0.1525
OracleJdbcExpert:0.14666666666666667
