FormFieldResult:0.5066666666666667
FormResult:0.37333333333333335
InvoicePayment:0.21000000000000002
ShipmentMethodSelectionProcessor:0.20666666666666667
AddressProcessor:0.19583333333333333
WirecardEFTPayment:0.18333333333333332
WirecardCCPayment:0.15666666666666668
PaymentMethodSelectionProcessor:0.13333333333333333
