StringHandler:0.6733333333333333
Constant:0.37333333333333335
RegExpr:0.36
TypeLabel:0.3566666666666667
Prefix:0.3
Atom:0.26666666666666666
LTSLabels:0.23142857142857143
Wildcard:0.23
LayoutIO:0.22666666666666666
QualName:0.22333333333333333
SplitParser:0.22166666666666668
CtrlDoc:0.21333333333333335
LabelPattern:0.21333333333333335
Infix:0.21
Postfix:0.21
Options:0.2
AbstractStringAlgebra:0.19
AspectEdge:0.18333333333333332
AbstractAutomatonTest:0.17666666666666667
CellEditor:0.17333333333333334
StringType:0.15333333333333332
PolicyMapParser:0.15333333333333332
Antlr4Grapher:0.14333333333333334
SettingListParser:0.14
MatchHint:0.0
