CrawlURI:0.67
CandidateURI:0.48333333333333334
Frontier:0.31666666666666665
ToePool:0.23
CrawlScope:0.20333333333333337
ToeThread:0.19111111111111112
StatisticsTracker:0.18333333333333332
