RedissonBlockingQueue:0.5583333333333333
RedissonBoundedBlockingQueue:0.36666666666666664
RedissonBlockingDeque:0.2633333333333333
