SymbolOvalRenderer:0.15666666666666668
SymbolRectangleRenderer:0.15666666666666668
SymbolCircleRenderer:0.15666666666666668
SymbolRunwayRenderer:0.14666666666666667
SymbolGenericRenderer:0.10333333333333333
SymbolRotatedRenderer:0.10333333333333333
SymbolTargetRenderer:0.10333333333333333
