WsFederationCredential:0.6266666666666667
ServiceRegistryInitializer:0.5366666666666666
WsFederationAction:0.31
CasServiceRegistryInitializationConfiguration:0.23
