WebserviceBean:0.48333333333333334
KuwaibaService:0.4033333333333333
WebserviceBeanImpl:0.23
