CharacterDataAreaEditorDelegate:0.3433333333333333
DataAreaEditor:0.32666666666666666
DataAreaText:0.31666666666666665
AbstractDataAreaEditorDelegate:0.23666666666666666
CopyAction:0.14
