IndexShard:0.67
Action:0.37
InternalClusterService:0.2966666666666667
DiscoveryWithServiceDisruptionsIT:0.27
TransportReplicationAction:0.19333333333333333
PrimaryPhase:0.17666666666666667
IndexShardReferenceImpl:0.16666666666666666
ShardStateAction:0.14666666666666667
