OidcServerDiscoverySettings:0.5066666666666667
CasOAuthConfiguration:0.29
OidcConstants:0.22872222222222216
OidcWellKnownEndpointController:0.22
OidcProperties:0.2
OAuth20AccessTokenResponseGenerator:0.07666666666666666
