Def:0.49
EFunctionRef:0.3333333333333333
Struct:0.325
Walker:0.31666666666666665
RuntimeClass:0.2733333333333333
ScriptImpl:0.24666666666666667
PainlessParser:0.23666666666666666
BasicAPITests:0.23333333333333334
FuncrefContext:0.18166666666666667
PIC:0.18
DefBootstrapTests:0.14666666666666667
LNewObj:0.14666666666666667
LDefArray:0.13666666666666666
LDefField:0.13666666666666666
LDefCall:0.12666666666666668
DefBootstrap:0.07333333333333333
FunctionRefTests:0.056666666666666664
WriterConstants:0.0
