AECmd:0.48
StoreScp:0.2966666666666667
MoveScpService:0.23666666666666666
StoreScpService:0.23333333333333334
MoveTask:0.23
AEBean:0.20666666666666667
SqlBuilder:0.20333333333333334
MoveScp:0.19666666666666666
AEService:0.19666666666666666
AEData:0.19599999999999998
SingleValue:0.12266666666666666
