GceDiscoveryTests:0.5666666666666667
GceUnicastHostsProvider:0.35
GceModule:0.17333333333333334
GceNameResolver:0.16
GceDiscoveryPlugin:0.14666666666666667
GceNetworkTests:0.14
TestPlugin:0.1
