DateTime:0.36
DateFieldType:0.2966666666666667
DateMathParserTests:0.2833333333333333
DocValueFormat:0.27116666666666667
LegacyDateFieldMapperTests:0.24666666666666667
LegacyDateFieldMapper:0.20777777777777776
DateMathParser:0.20666666666666667
DateHistogramIT:0.19
DateFieldTypeTests:0.14666666666666667
LegacyDateFieldTypeTests:0.14666666666666667
DateMathExpressionResolver:0.14
Decimal:0.12333333333333334
DoubleIndexingDocTests:0.1
