FpsStatusLineItem:0.7333333333333333
Activator:0.2
LWJGLTestView:0.03333333333333333
