NetTest:0.4266666666666667
FileSystemTest:0.4266666666666667
NetClientOptionsImpl:0.31
HttpServerOptionsImpl:0.30666666666666664
HttpClientOptionsImpl:0.30666666666666664
NetServerOptionsImpl:0.29333333333333333
DeploymentTest:0.28
WebsocketTest:0.28
KeyStoreTest:0.24666666666666667
DatagramTest:0.24666666666666667
HttpTest:0.12
VertxOptionsTest:0.02666666666666667
