DefaultJSONParser:0.576388888888889
IOUtilsTest:0.22
TimestampDeserializer:0.18333333333333332
DateDeserializer:0.18333333333333332
SqlDateDeserializer:0.18333333333333332
StackTraceElementDeserializerTest:0.08666666666666667
