HTMLDocument:0.5066666666666667
HTMLElement:0.47
DomNode:0.43666666666666665
CSSStyleSheet:0.3433333333333333
