Caches:0.6233333333333333
BaseRegion:0.3333333333333333
BulkOperationsTestCase:0.32
TransactionalAccessDelegate:0.27666666666666667
