FeatureProperty:0.61
FeatureGroupProperty:0.37
FeatureView:0.25883333333333336
FeatureTierManager:0.2
FeatureGroupTypes:0.15
FileMenu:0.10666666666666667
