JAttr:0.605
Options:0.49333333333333335
Simulator:0.33666666666666667
FilterLTSAction:0.2866666666666667
LTSTab:0.25666666666666665
LTSDisplay:0.25
LTSJGraph:0.24333333333333335
ShowHideLTSAction:0.16833333333333333
