PcorePage:0.43333333333333335
PcoreEditorContributor:0.41333333333333333
HitsFilter:0.19499999999999998
