Connection:0.48333333333333334
HazelcastClientClusterTest:0.24666666666666667
OutRunnable:0.22666666666666666
JoinRequest:0.21222222222222223
ClusterService:0.20694444444444446
InRunnable:0.2021111111111111
DynamicClusterTest:0.2
Acceptor:0.1511111111111111
TestUtility:0.08666666666666667
DefaultClientBinder:0.03833333333333333
