Corpus:0.5866666666666667
MainCorpus:0.58
RVariablesView:0.2866666666666667
