MemoryPool:0.5766666666666667
ConfidenceChange:0.36777777777777776
TransactionBroadcastTest:0.23333333333333334
EnoughAvailablePeers:0.10333333333333333
