Flow:0.7366666666666667
State:0.5533333333333333
