Options:0.71
SimulationListener:0.5733333333333334
AspectGraph:0.38666666666666666
GraphProperties:0.37
DeleteRuleAction:0.3644444444444444
Simulator:0.34
Editor:0.33666666666666667
DefaultGxl:0.2833333333333333
PropertiesDialog:0.27666666666666667
TableModel:0.23583333333333334
NodeEdgeSetGraph:0.23333333333333334
RuleJTree:0.22666666666666666
LTSPanel:0.22333333333333333
RulePanel:0.22333333333333333
EditGraphAction:0.21666666666666667
SimulationAdapter:0.215
AbstractGraph:0.21333333333333335
NodeSetEdgeSetGraph:0.21
UndoHistory:0.20333333333333334
ToolbarAction:0.19
MyMouseListener:0.18833333333333332
StatePanel:0.17333333333333334
ExploreStrategyMenu:0.14666666666666667
RunAction:0.14666666666666667
GotoStartStateAction:0.14666666666666667
NewGraphAction:0.14333333333333334
InternalGraph:0.11666666666666667
EditPropertiesAction:0.115
SaveGrammarAction:0.11
RenameRuleAction:0.11
RuleNameDialog:0.09166666666666666
NewRuleAction:0.07
CopyRuleAction:0.06666666666666667
EditGraphPropertiesAction:0.02
EditRuleAction:0.016666666666666666
ListComparator:0.006666666666666667
