LocalTransientQuery:0.4766666666666667
ClassNodeWidget:0.3233333333333333
QueryBuilderTopComponent:0.29
ExportSettingsPanel:0.22333333333333333
GraphicalQueryBuilderService:0.21666666666666667
QueryEditorScene:0.21333333333333335
SimpleCriteriaNodeWidget:0.11
BooleanFilterNodeWidget:0.04666666666666667
