FormatFunction:0.25642857142857145
Scalar:0.22
LogBaseFunction:0.2175
ArithmeticFunction:0.215
ArrayDifferenceFunction:0.1975
ArrayCatFunction:0.18
ArrayUniqueFunction:0.18
DateFormatFunction:0.16333333333333333
SubscriptFunction:0.15083333333333335
Log10Function:0.1475
LikeOperator:0.14416666666666667
LengthFunction:0.13333333333333333
LowerFunction:0.12166666666666667
UpperFunction:0.12166666666666667
AbsFunction:0.12
GenericExtractFunction:0.11666666666666667
FloorFunction:0.11083333333333334
CeilFunction:0.11083333333333334
RoundFunction:0.11083333333333334
SquareRootFunction:0.08666666666666667
