GwtClientHelper:0.5222222222222223
ActivityStreamUIEntry:0.51
GwtUIHelper:0.42333333333333334
TrackInfo:0.41
