XMLHttpRequest:0.72
XMLHttpRequestTest:0.36333333333333334
GAELoadPageTest:0.15646031746031744
