Controller:0.4766666666666667
Sequence:0.47
Config:0.41333333333333333
LazyLoadListener:0.3272804232804233
CGI:0.3233333333333333
ExpandableFeatureSet:0.31666666666666665
LazySequenceI:0.27051984126984113
LinearView:0.27
TierProperty:0.2625
StrandedZoomableApolloPanel:0.25666666666666665
DrawableAnnotatedSeqFeature:0.23666666666666666
SiteView:0.23
ScaleView:0.22666666666666666
AbstractSequence:0.21333333333333335
EnsCGIAdapter:0.20666666666666667
GFFAdapter:0.205
FeatureView:0.19333333333333333
ApolloFrame:0.16
DataUtil:0.13333333333333333
LazyLoadEvent:0.13333333333333333
FastaFile:0.12666666666666668
NonWindowControlledObject:0.10666666666666667
AbstractLazySequence:0.10333333333333333
EnsCGISequence:0.07333333333333333
DataAdapterSequence:0.06666666666666667
Location:0.06666666666666667
DebugLazySequence:0.043333333333333335
DragSourceViewI:0.04
CacheSequenceLoader:0.03666666666666667
HTMLUtil:0.03333333333333333
EFetchAdapterSequence:0.02666666666666667
ControllerDebugListener:0.025
SRSSequence:0.023333333333333334
