TermAppender:0.8111111111111111
Publication:0.5388888888888889
TermAppenderTest:0.18666666666666668
