Uri:0.7166666666666667
ChannelManager:0.36333333333333334
AsyncHttpProviderUtils:0.36
NettyRequestSender:0.2966666666666667
HttpProtocol:0.21444444444444447
NettyRequestFactory:0.185
NettyConnectListener:0.175
ChannelConnector:0.15
NettyRequestFactoryBase:0.15
ConnectionPoolPartitioning:0.12
