IcalModule:0.7172222222222222
AjaxController:0.45666666666666667
DefaultFolderEmailFormatter:0.36666666666666664
IcalModuleImpl:0.25333333333333335
