DefaultPasswordEncoder:0.6033333333333334
DefaultPasswordEncoderTests:0.3933333333333333
PlainTextPasswordEncoder:0.20333333333333334
PlainTextPasswordEncoderTests:0.18666666666666668
