SubqueryPlanner:0.41
TestLogicalPlanner:0.2733333333333333
IsScalarPlanVisitor:0.2
PlanOptimizers:0.15666666666666668
