Delegates:0.39
DefinitionLogic:0.35333333333333333
EJB3Delegate:0.35
DoNothingTaskHandler:0.24666666666666667
EjbTransactionSupport:0.22333333333333333
DatabaseTaskXmlParser:0.2025
TabHeaderTag:0.18333333333333332
AlfHandlerData:0.17333333333333334
