Tab:0.7966666666666666
WarehousesTest:0.31555555555555553
