TransformTable:0.5533333333333333
TransformService:0.4033333333333333
TriggerRouterService:0.38666666666666666
ITriggerRouterService:0.235
TransformTableMapper:0.09444444444444444
