GwtServerHelper:0.42333333333333334
ActivityStreamTopEntry:0.38
GwtTeamingMessages:0.32666666666666666
GwtRpcService:0.31337301587301586
GwtRpcServiceAsync:0.2833333333333333
ActivityStreamUIEntry:0.27666666666666667
ActivityStreamCtrl:0.24666666666666667
GwtActivityStreamHelper:0.21666666666666667
GwtRpcServiceImpl:0.18666666666666668
ActivityStreamComment:0.14444444444444446
ActivityStreamReply:0.10333333333333333
