Button:0.49
Skin:0.4066666666666667
ButtonStyle:0.3933333333333333
InputMultiplexer:0.32666666666666666
Image:0.2816666666666667
CheckBox:0.23666666666666666
ButtonGroup:0.21666666666666667
ObjectMap:0.16444444444444445
UITest:0.13333333333333333
ProjectiveTextureTest:0.12333333333333334
SoundTest:0.11666666666666667
TableTest:0.11
