StringParameterInjectingInvocationContextProvider:0.6733333333333333
MethodTestDescriptor:0.4266666666666667
TestTemplateInvocationTests:0.23
MyTestTemplateTestCase:0.20333333333333334
TestTemplateInvocationContext:0.12333333333333334
StringParameterResolvingInvocationContextProvider:0.013333333333333334
