SymmetricDatabase:0.8533333333333334
AdminTreeControl:0.4033333333333333
PopupListener:0.25166666666666665
ConnectionDialog:0.19333333333333336
TreeCellRenderer:0.14777777777777779
AbstractScreen:0.08738888888888888
AppFrame:0.08333333333333333
InfoScreen:0.07
IAppController:0.052388888888888895
