JavaCV:0.56
OpenCVFrameGrabber:0.49333333333333335
MatBytePairVector:0.22666666666666666
RectIntPairVector:0.22666666666666666
ExposureCompensator:0.15833333333333333
DetectionBasedTracker:0.14416666666666667
