Builder:0.5666666666666667
SimpleResponse:0.3466666666666667
SimpleRequest:0.3466666666666667
SimpleResponseOrBuilder:0.013333333333333334
SimpleRequestOrBuilder:0.013333333333333334
