SingleElectronTest:0.7466666666666667
SingleElectron:0.6333333333333333
CoreClassesTests:0.17666666666666667
