RedissonLock:0.4766666666666667
RedissonCountDownLatch:0.4266666666666667
RedissonObject:0.2733333333333333
RedissonBucketTest:0.26
RedissonTopic:0.17333333333333334
RObject:0.013333333333333334
