RuleModel:0.5866666666666667
TranslateArrayHeapItem:0.2833333333333333
TranslateHeapItem:0.2833333333333333
FreeVariableSym:0.20666666666666667
DFLocator:0.19333333333333333
TranslateValueH:0.19
