SyntenyLinkMenu:0.6033333333333334
SyntenyLinkPanel:0.41333333333333333
