JobTask:0.28
ProcessLog:0.26666666666666666
ExecutionContext:0.26
NodeLog:0.22
TaskLog:0.18333333333333332
InitializerLogic:0.18
ProcessLogDAO:0.17
AddNodeIdToProcessLogPatch:0.14
ExpiredJobCheckerTask:0.013333333333333334
AssignStalledTasks:0.006666666666666667
LDAPSynchronizerTask:0.006666666666666667
IAttributes:0.0
CacheUsageStatisticLogger:0.0
