ErrorCode:0.37666666666666665
EjbcaWS:0.36
CommonEjbcaWS:0.35
RequestMessageUtils:0.2833333333333333
SignRequestSignatureException:0.26
CertificateRequestSessionBean:0.15333333333333332
