DefaultInternalKernelServices:0.44666666666666666
DummyInternalKernalServices:0.26666666666666666
InternalKernelServices:0.25583333333333336
XmlQedeqFileDao:0.22
Xml2Xml:0.20133333333333334
LoadXmlOperatorListUtility:0.20133333333333334
