ServerExtensionLoader:0.4866666666666667
AbstractServerEngine:0.31
WidgetExtension:0.14333333333333334
