ParameterConstants:0.6477777777777778
DataService:0.39
DataGapDetector:0.21666666666666667
