RenderResourceAction:0.6833333333333333
ResourcesFlowBuilder:0.26666666666666666
RenderResourceActionTests:0.11
