FlowExecutionListener:0.7966666666666666
FlowExecutionManager:0.4166666666666667
FlowExecutionListenerList:0.35
FlowExecutionListenerAdapter:0.20583333333333334
