LooknFeelPanel:0.4166666666666667
AdvancedPanel:0.31666666666666665
UpdatesPanel:0.31666666666666665
GeneralPanel:0.25333333333333335
