Materialisation:0.6266666666666667
PatternShapeMorphism:0.3933333333333333
