Qedeq2Utf8Visitor:0.7162222222222222
Element2Utf8Impl:0.29333333333333333
