Profilers:0.5633333333333334
QueryPhase:0.39666666666666667
AggregationPhase:0.2833333333333333
