CertTools:0.6566666666666666
ProtocolScepHttpTest:0.25333333333333335
TestSignSession:0.24666666666666667
TestBatchMakeP12:0.23
RSASignSessionBean:0.22333333333333333
TestRemoveCA:0.10333333333333333
TestCAs:0.07
