Simulation:0.5733333333333334
MasterClock:0.37666666666666665
MainScene:0.29333333333333333
MainWindow:0.23666666666666666
SpinningGlobe:0.2
TabPanelCareer:0.19777777777777777
