TDigestState:0.52
AbstractWireSerializingTestCase:0.3333333333333333
AbstractInternalTDigestPercentiles:0.3233333333333333
AbstractInternalHDRPercentiles:0.30666666666666664
InternalTDigestPercentileRanks:0.23
