PropertySheet:0.30666666666666664
PropertySheetDashboardWidget:0.2866666666666667
OutsidePlantComponent:0.2833333333333333
OutsidePlantModule:0.25
OutsidePlantComponentOld:0.24
OutsidePlantViewDashboardWidget:0.07
DashboardEventListener:0.0011111111111111111
OutsidePlantDashboard:0.0
OutsidePlantModuleOld:0.0
