TestCommandLineUtilities:0.4483333333333333
Util:0.31333333333333335
MakePatch:0.31
