Issue744:0.6866666666666666
JSONLexerBase:0.5466666666666666
JavaBeanDeserializer:0.30666666666666664
JSONScanner:0.3
ASMDeserializerFactory:0.21
DateFieldTest10:0.17
DateTest:0.14333333333333334
