JnetManager:0.4866666666666667
Jnet:0.38
MouseManager:0.30216666666666664
ColorSwatch:0.19666666666666666
PreviewPanel:0.18666666666666668
