SequenceDBTreeItem:0.6033333333333334
SequenceDB:0.5966666666666667
PropertiesFile:0.23
ViewContentProvider:0.1888888888888889
ViewLabelProvider:0.13333333333333333
NameSorter:0.10666666666666667
