FileReadingCollectorTest:0.37666666666666665
TransportSQLActionTest:0.2966666666666667
ColumnPolicyIntegrationTest:0.27666666666666667
PartitionedTableIntegrationTest:0.27666666666666667
CopyIntegrationTest:0.2733333333333333
RegexpIntegrationTest:0.26666666666666666
SysNodesExpressionsOnHandlerTest:0.24666666666666667
KillIntegrationTest:0.24666666666666667
DefaultSchemaIntegrationTest:0.23666666666666666
EmptyStringRoutingIntegrationTest:0.23333333333333334
NodeSettingsTest:0.22166666666666668
