Default:0.43333333333333335
Nexus:0.17888888888888888
NoOpHotSpotStatement:0.17
AndroidClassLoadingStrategy:0.1511111111111111
NoOpStatement:0.14
