Redisson:0.6366666666666667
ConnectionManager:0.6266666666666667
RedissonObjectFactory:0.37666666666666665
MasterSlaveConnectionManager:0.31
CommandAsyncService:0.23333333333333334
RedissonObject:0.22666666666666666
CommandBatchService:0.20333333333333334
