Condition:0.62
Materialisation:0.38666666666666666
PlanData:0.31666666666666665
ConditionSearchItem:0.31333333333333335
TestMatching:0.04666666666666667
