JavaNetTest:0.7163333333333335
DefaultVertx:0.6144444444444445
