MProxyReal:0.44
PartitionManager:0.38
ClusterTest:0.3
QueryTest:0.22333333333333333
Entries:0.20833333333333334
ConcurrentMapManager:0.17
BaseManager:0.13
