ClientMapProxy:0.43666666666666665
NearCache:0.39
ClientNearCache:0.3722222222222222
MapProxySupport:0.31666666666666665
