CreateTableAnalysis:0.7033333333333334
CreateAlterTableStatementAnalyzerTest:0.4866666666666667
CreateTableStatementAnalyzer:0.3279841269841269
