Visitor:0.55
Class:0.38666666666666666
Container:0.37666666666666665
InstanceExporter:0.34
Field:0.31666666666666665
Object:0.29333333333333333
TypeExporter:0.29
TypeToGroove:0.26666666666666666
Enum:0.25333333333333335
MetaToGroove:0.25333333333333335
InstanceToGraphviz:0.24333333333333335
InstanceToGroove:0.22333333333333333
InstanceToGxl:0.21333333333333335
ConstraintToGroove:0.2
CustomDataType:0.19666666666666666
ContainerValue:0.18666666666666668
TypeToGxl:0.18666666666666668
TypeToGraphviz:0.18333333333333332
TypeToEcore:0.18333333333333332
Tuple:0.18
InstanceToEcore:0.17666666666666667
BoolValue:0.14333333333333334
StringValue:0.14333333333333334
StringType:0.13333333333333333
RealType:0.13333333333333333
IntType:0.13333333333333333
KeysetProperty:0.12583333333333332
IdentityProperty:0.12333333333333334
BoolType:0.12
IntValue:0.12
RealValue:0.12
OppositeProperty:0.11
ContainmentProperty:0.11
TupleValue:0.11
DefaultValueProperty:0.10166666666666667
AbstractProperty:0.07666666666666666
CustomDataValue:0.07166666666666667
EnumValue:0.07166666666666667
Acceptor:0.0
