ContractSpecLexer:0.44333333333333336
WithinCenter:0.30522222222222223
TestContracts:0.2916666666666667
ContractSpecParser:0.28
