FileSystemUtils:0.6633333333333333
PluginsService:0.4533333333333333
Spawner:0.2622222222222223
FileSystemUtilsTests:0.16
PluginsServiceTests:0.1275
SpawnerNoBootstrapTests:0.10833333333333334
