TransportService:0.7966666666666666
SearchTransportService:0.44666666666666666
TransportSearchAction:0.365
TransportSearchActionTests:0.12333333333333334
