ShardAllocationDecision:0.39666666666666667
UnassignedInfo:0.29333333333333333
WeightedDecision:0.27666666666666667
Balancer:0.25333333333333335
ShardAllocationDecisionTests:0.25
MoveDecision:0.16333333333333333
Decision:0.16
RelocationDecision:0.056666666666666664
