ZookeeperRegistry:0.4472222222222223
Constants:0.426626984126984
RedisRegistry:0.32666666666666666
