User:0.61
SitemapNode:0.34833333333333333
ViewTypes:0.29333333333333333
