Selector:0.4033333333333333
TokenQueue:0.3433333333333333
SelectorTest:0.2866666666666667
SelectorParseException:0.20333333333333334
