ShardSnapshotStatus:0.4266666666666667
DiscoveryNodes:0.3333333333333333
SnapshotShardsService:0.32666666666666666
IndicesClusterStateService:0.25
SnapshotsService:0.23
IndicesClusterStateServiceRandomUpdatesTests:0.16333333333333333
UpdateIndexShardSnapshotStatusRequest:0.12666666666666668
SharedClusterSnapshotRestoreIT:0.11
