StaticInfoDecoder:0.47333333333333333
StaticInfoEncoder:0.4266666666666667
UpdateDecoder:0.33666666666666667
PerformanceEncoder:0.31333333333333335
GcStatsDecoder:0.31
PerParameterStatsEncoder:0.31
PerParameterStatsDecoder:0.29
PerformanceDecoder:0.29
MemoryUseDecoder:0.26666666666666666
GcStatsEncoder:0.23
UpdateEncoder:0.22333333333333333
MemoryUseEncoder:0.07666666666666666
