OgnlExpression:0.44666666666666666
ELExpressionParserTests:0.22333333333333333
OgnlExpressionParserTests:0.22333333333333333
