FormAction:0.525
MultiPartEnumeration:0.4830555555555555
HttpRequestParameterMap:0.2966666666666667
