RobolectricTestRunner:0.38
ShadowEnvironmentTest:0.28
ShadowResources:0.24666666666666667
Robolectric:0.22666666666666666
ReflectionHelpers:0.22333333333333333
ParallelUniverse:0.19666666666666668
TestClassRunnerForParameters:0.16055555555555553
ShadowMediaStore:0.023333333333333334
