InternalEngineTests:0.44333333333333336
ClusterServiceTests:0.37666666666666665
ESTestCase:0.365
UpdateSettingsIT:0.35333333333333333
DeprecationLogger:0.18333333333333332
