Saros:0.6283333333333333
ConcurrentDocumentServer:0.36666666666666664
StatisticsAggregator:0.34
