Pager:0.8033333333333333
SqlMaker:0.36333333333333334
DefaultPagerMaker:0.26
SqlServer2005Pager:0.23666666666666666
UnknownPager:0.10333333333333333
PostgresqlPager:0.10333333333333333
OraclePager:0.05
MysqlPager:0.04
DB2Pager:0.04
