WritePrimaryResult:0.6566666666666666
TransportReplicationActionTests:0.41
TransportDeleteAction:0.35
TransportIndexAction:0.29333333333333333
DynamicMappingDisabledTests:0.26372222222222225
WriteReplicaResult:0.22
TransportWriteActionTests:0.21333333333333335
TestAction:0.21
ConcreteShardRequest:0.16666666666666666
AsyncPrimaryAction:0.1527777777777778
NoopReplicationOperation:0.14694444444444446
TransportShardBulkAction:0.13333333333333333
