DefaultBroadcaster:0.78
EventCacheBroadcasterCacheTest:0.23666666666666666
JerseyBroadcasterUtil:0.23333333333333334
ChatResource:0.16
