Transaction:0.6872222222222223
TransactionImpl:0.3933333333333333
BatchModeTransaction:0.30333333333333334
TransactionDriver:0.25
