IRubyScriptDocumentProvider:0.4083333333333333
RubySourceViewer:0.37666666666666665
RubySourceViewerConfiguration:0.3466666666666667
RubyAbstractEditor:0.34
RubyEditor:0.2916666666666667
PreferenceConstants:0.19666666666666666
RubyDocumentProvider:0.13777777777777778
ITextConverter:0.0867222222222222
AdaptedSourceViewer:0.06666666666666667
RubyUI:0.05
TabConverter:0.03333333333333333
