Column:0.5633333333333334
Template:0.26666666666666666
TrimOperands:0.14333333333333334
TemplateTest:0.10666666666666667
