IssueServiceTest:0.6361666666666667
IssueDAOImplTest:0.30666666666666664
IssueActivityDAOImplTest:0.25
