IDbDialect:0.8440873015873016
AbstractDbDialect:0.48333333333333334
SimpleIntegrationTest:0.43666666666666665
