DefaultKernelQedeqBo:0.6633333333333333
StateManager:0.53
ModuleConstantsExistenceChecker:0.32
DefaultKernelQedeqBoTest:0.20333333333333334
