Node:0.49616666666666664
AdminModuleImpl:0.49333333333333335
AdminModule:0.4372222222222223
SearchNodeInfo:0.43
ManageSearchNodesController:0.18
