Config:0.7033333333333334
Style:0.404
GAMEPanel:0.28555555555555556
IOUtil:0.24333333333333335
GAMEAdapterGUI:0.24
