FloatingActionButton:0.74
FloatingActionMenu:0.41
ExpansionPanel:0.39666666666666667
FloatingActionMenuActivity:0.056666666666666664
