FetchHTTP:0.49333333333333335
PatchedHttpClient:0.37666666666666665
HttpRecorderGetMethod:0.12666666666666668
SingleHttpConnectionManager:0.1
