Messages:0.5333333333333333
OrgFunctionDefinition:0.35
Swimlane:0.35
FormNode:0.32
OrgFunctionsRegistry:0.2866666666666667
CustomizationRegistry:0.25333333333333335
ConstructorView:0.23
SwimlaneElement:0.22333333333333333
NodeFigure:0.20333333333333334
ValidationUtil:0.13666666666666666
PortabilityRefactoring:0.13
ProcessDefinitionSearchVisitor:0.12666666666666668
CopyGraphCommand:0.10666666666666667
SQLActionHandlerConfigDialog:0.105
SwimlaneElementRegistry:0.10333333333333333
DesignerVariableEditorPage:0.10333333333333333
DesignerSwimlaneEditorPage:0.09
CenteredFlowLayout:0.016666666666666666
