DrawableSeqFeature:0.87
DrawableAnnotatedSeqFeature:0.47333333333333333
DrawableResultSeqFeature:0.31333333333333335
