SubProcessState:0.5383333333333333
UserTypeFormat:0.44
MultiProcessState:0.29
SubstitutionCriteriaNotEquals:0.15666666666666668
