AbstractRecord:0.5633333333333334
AuthorWithoutAnnotations:0.5580555555555556
FetchTests:0.29
