MapperService:0.3566666666666667
ElasticsearchIntegrationTest:0.3433333333333333
CountQueryTests:0.30333333333333334
QueryCollector:0.2866666666666667
ChildrenTests:0.28
QueriesLoaderCollector:0.27666666666666667
SimpleSortTests:0.27666666666666667
SearchQueryTests:0.27
IdFieldMapper:0.23333333333333334
IdMappingTests:0.11
TypeParser:0.09666666666666666
