MethodNode:0.5566666666666666
JMethod:0.3
JavaMethod:0.27666666666666667
JavaClass:0.26666666666666666
MainWindow:0.23
InsnGen:0.1877222222222222
ClassGen:0.18
JClass:0.09333333333333334
