AbstractSaml20ObjectBuilder:0.3466666666666667
GoogleAccountsServiceFactory:0.33666666666666667
JsonServiceRegistryDao:0.3233333333333333
SuccessfulHandlerMetaDataPopulator:0.14
MongoServiceRegistryDao:0.13
SamlProtocolConstants:0.12666666666666668
CasProtocolConstants:0.0
