X11:0.5333333333333333
Structure:0.4866666666666667
Function:0.34
CustomCallback:0.3272804232804233
NativeLong:0.31333333333333335
X11WindowUtils:0.23333333333333334
X11Test:0.23333333333333334
CallbackReference:0.212
ArgumentsMarshalTest:0.20666666666666667
GC:0.20333333333333334
DefaultCallbackProxy:0.19833333333333333
WindowByReference:0.18333333333333332
CallbacksTest:0.17
ReturnTypesTest:0.16333333333333333
AlphaMaskDemo:0.16333333333333333
Custom:0.16333333333333333
Display:0.16
Xext:0.13444444444444445
Window:0.13333333333333333
Pixmap:0.13
XWindowAttributes:0.12
NativeMappedLibrary:0.10166666666666667
X11KeyboardUtils:0.09
Colormap:0.07666666666666666
Drawable:0.07666666666666666
XVisualInfo:0.07
XSetWindowAttributes:0.07
XTextProperty:0.07
XID:0.051666666666666666
Cursor:0.043333333333333335
Atom:0.04
Screen:0.02666666666666667
Visual:0.02666666666666667
Xrender:0.025833333333333333
AtomByReference:0.01
XWMHints:0.0
XSizeHints:0.0
