ViewScene:0.5488888888888889
ObjectConnectionWidget:0.3933333333333333
ViewBuilder:0.36
PhysicalConnectionProvider:0.23555555555555557
EdgeMenu:0.12666666666666668
