DBCollection:0.43333333333333335
AggregateOperation:0.31333333333333335
MongoCollectionPipeline:0.21777777777777782
CommandResultWithPayloadDecoder:0.15666666666666668
