TransactionOptions:0.49666666666666665
TransactionImpl:0.38333333333333336
TransactionQueueTest:0.32
QueueTransactionLog:0.26777777777777784
TransactionalQueueProxySupport:0.23333333333333334
