AbstractService:0.5783333333333334
AbstractScheduledService:0.42333333333333334
ServiceDelegate:0.3
