MapProxyImpl:0.5077777777777777
MapRandomizer:0.29333333333333333
MapProxySupport:0.2833333333333333
AllListener:0.22
MapListenerTest:0.10333333333333333
KeyToData:0.043111111111111114
MyEntryListener:0.02
