GedcomListenerAdapter:0.5083333333333333
Context:0.49
Gedcom:0.4533333333333333
ViewContext:0.44666666666666666
Model:0.26666666666666666
Back:0.22333333333333333
Plugin:0.20255555555555557
Table:0.2
PropertyTreeWidget:0.19666666666666666
ControlCenter:0.18666666666666668
ActionClose:0.18333333333333332
ActionOpen:0.16333333333333333
ReportValidate:0.16
ContextListWidget:0.15666666666666668
Content:0.15666666666666668
SearchView:0.15333333333333332
Undo:0.15
Stats:0.14666666666666667
Redo:0.14666666666666667
GedcomLifecycleListener:0.1369047619047619
ActionExit:0.13333333333333333
Callback:0.12666666666666668
TrackerPlugin:0.11333333333333333
ResultWidget:0.11
PluginManager:0.10333333333333333
GedcomLifecycleEvent:0.09333333333333334
InteractionListener:0.08666666666666667
GedcomTracker:0.08
ViewPlugin:0.05
