AnnotationRewriter:0.41333333333333333
ObjectiveCImplementationGeneratorTest:0.39666666666666667
MetadataWriterTest:0.35
NameTableTest:0.30333333333333334
MetadataGenerator:0.3
TypeImplementationGeneratorTest:0.27
TypeDeclarationGenerator:0.23694444444444443
SignatureGeneratorTest:0.21333333333333335
TypeImplementationGenerator:0.21166666666666667
MetadataWriter:0.19666666666666666
TranslationProcessor:0.06333333333333334
