Application:0.6933333333333334
AssetManager:0.34
ButtonGroup:0.30666666666666664
AndroidApplication:0.22
LwjglApplication:0.22
LwjglCanvas:0.22
JoglApplication:0.22
Logger:0.18666666666666668
