State:0.6166666666666667
Flow:0.6166666666666667
StateTests:0.24666666666666667
TransitionExecutingStateExceptionHandler:0.23333333333333334
