ShadowLayoutInflaterTest:0.5066666666666667
ParallelUniverseTest:0.38
ParallelUniverse:0.3168888888888889
ShadowAssetManagerTest:0.2966666666666667
CoreShadowsAdapter:0.2658333333333333
RobolectricTestRunnerSelfTest:0.25
ShadowResources:0.25
ShadowsAdapter:0.23327777777777778
QualifiersTest:0.19
DrawableResourceLoaderTest:0.16333333333333333
