MetaProperty:0.8266666666666667
MetaDefRenderer:0.2733333333333333
ChoosePropertyBean:0.23333333333333334
