Settings:0.83
Variables:0.38666666666666666
Utils:0.36
SimpleExploder:0.20333333333333334
TestSimpleExploder:0.19333333333333333
TestFtpSender:0.15666666666666668
Merger:0.15666666666666668
TestEmailSender:0.14
TestMerger:0.12333333333333334
TestSettings:0.02666666666666667
