UnixTimeFunctions:0.5566666666666666
Operations:0.5233333333333333
Visitor:0.3111111111111111
