MSH:0.46
HL7ServerService:0.41333333333333333
ADTService:0.3566666666666667
