StudyPermissionsBean:0.6133333333333333
StudyPermissionsPage:0.5033333333333333
HasStudyPermissionModel:0.2966666666666667
