JFXServerWrapper:0.5333333333333333
RectangleRenderer:0.4066666666666667
TriangleRenderer:0.21666666666666667
TranslationContainerRenderer:0.21666666666666667
LabelRenderer:0.19333333333333333
LineRenderer:0.19333333333333333
JFXServerGraphicsConfigHandler:0.18
