RubyClass:0.7366666666666667
RubyScript:0.27666666666666667
