ReportModel:0.6333333333333333
DashboardMainPage:0.4066666666666667
DisplayTableLink:0.2833333333333333
DisplayDiagramAndTableLink:0.1577777777777778
DynamicLinkPanel:0.1511111111111111
CreateOrEditReportForm:0.1511111111111111
ConfigureReportPage:0.14
ReportTreeTable:0.12333333333333334
DisplayLink:0.11
