IOSApplication:0.48
Intersector:0.38666666666666666
Source:0.2683333333333333
DragAndDrop:0.19333333333333333
IOSRobovmTests:0.19111111111111112
LwjglDebugStarter:0.10333333333333333
