EMPIException:0.4633333333333333
PersistenceManager:0.33666666666666667
PIXRequestHandler:0.26666666666666666
BaseEMPIAdapter:0.25666666666666665
PDSRequestHandler:0.24
SubjectIdentifierDAO:0.17
