id:0.7930555555555554
TestMenuItem:0.6988888888888889
TestMenu:0.45
MenuInflaterTest:0.11666666666666667
