ObjectKeys:0.4700555555555556
DefinitionModuleImpl:0.33
CoreDaoImpl:0.30666666666666664
AbstractZoneModule:0.24666666666666667
UserPropertiesPK:0.19866666666666666
