AsMapTest:0.6093333333333334
ConcurrentHashMap8Test:0.5530714285714285
