MockPreparedStatement:0.66
ConnectionWrapper:0.3433333333333333
MockConnection:0.33
MockStatement:0.30666666666666664
