ModuleManager:0.585
AnnotatedPOJOTest:0.3233333333333333
GenerateReportServlet:0.27666666666666667
