NumberFieldMapper:0.7183333333333334
ScaledFloatFieldType:0.29333333333333333
NumberFieldTypeTests:0.22666666666666666
NumberFieldMapperTests:0.19666666666666666
OutOfRangeSpec:0.17
ScaledFloatFieldMapper:0.13333333333333333
TypeParser:0.1311111111111111
