OcspConfiguration:0.7666666666666667
ConfigurationHolder:0.3466666666666667
OCSPServletBase:0.30333333333333334
OCSPServletStandAloneSession:0.25333333333333335
OCSPServletStandAlone:0.21666666666666667
OCSPUnidExtension:0.07
