Recurring:0.5433333333333333
RecurringPickerDialog:0.31666666666666665
CircleCheckedTextView:0.27666666666666667
MainActivity:0.18
ButtonFragment:0.14777777777777779
OnCheckedChangeListener:0.14772222222222223
ModeAdapter:0.06
EndAdapter:0.05333333333333334
