ValueAttribute:0.49944444444444436
ValueMirrors:0.3825
Round:0.36111111111111116
Environment:0.33555555555555555
Processor:0.17
