FedoraAccessServlet:0.7133333333333334
FedoraAccessSoapServlet:0.6166666666666667
