StripedExecutor:0.36666666666666664
EventServiceImpl:0.23666666666666666
TimeoutRunnable:0.19527777777777777
