SubnetEngine:0.7733333333333333
AddIPAddressFrame:0.2633333333333333
CreateSubnetFrame:0.24
