FilterToLucene:0.83
FilterToLuceneException:0.2897619047619048
FilterSearchEngine:0.2
QueryParameters:0.16
FilterToLuceneTest:0.09666666666666666
SearchEngineException:0.08666666666666667
SearchEngine:0.04666666666666667
SearchEngineFactory:0.0016666666666666668
