JFlexXrefTest:0.4866666666666667
CXrefTest:0.21666666666666667
CxxXrefTest:0.21666666666666667
RubyXrefTest:0.21666666666666667
AdaXrefTest:0.21
CustomAssertions:0.19
FortranXrefTest:0.16666666666666666
ShXrefTest:0.16666666666666666
PerlXrefTest:0.15666666666666668
