Output:0.5066666666666667
WriterProjector:0.38333333333333336
OutputS3:0.21666666666666667
OutputFile:0.2
RawRowWriter:0.10333333333333333
ColumnRowWriter:0.10333333333333333
DocWriter:0.10333333333333333
