jOOQAbstractTest:0.675
ResultQuery:0.5670555555555555
AbstractDelegatingSelect:0.32666666666666666
AbstractResultQuery:0.27666666666666667
