WidgetFactory:0.8066666666666666
XMLAttribute:0.4633333333333333
ARINCModelFactory:0.3566666666666667
AbstractLayer:0.32
LongLongPanel:0.31333333333333335
ServerConfigurationParser:0.2966666666666667
ARINCClientWidgetFactory:0.24166666666666667
ServerXMLSymbolsHandler:0.23666666666666666
AbstractXMLDFHandler:0.23666666666666666
SymbolPanel:0.23
AbstractWidgetRefHandler:0.23
BooleanPanel:0.23
PicturePanel:0.23
ServerWrapperDensityTest:0.22
WidgetListener:0.21666666666666667
DefaultClientXMLDFHandler:0.21166666666666667
StringPanel:0.20666666666666667
PropertyPanelFactory:0.18
DFHandlerWithExtension2Test:0.1733333333333333
ClientXMLDFHandlerWithExtension2Test:0.16666666666666666
TypedCellEditor:0.16333333333333333
EditorWidgetTableConstructor:0.16
AWTCursorEventsExtensionRenderer:0.15333333333333332
CursorEventsExtension:0.15
ExtensionsHelper:0.14
AbstractWidgetFactory:0.14
GrowableArrayPanel:0.14
GrowableTable:0.11
JFXCursorEventsExtensionRenderer:0.09333333333333334
NumberPanel:0.08666666666666667
ModelConstants:0.06
ExternalSourceProvider:0.04
ConfigProperties:0.0
