InternalAwsS3Service:0.3933333333333333
AwsS3Service:0.3455952380952381
AwsS3ServiceImplTests:0.33666666666666667
AbstractS3SnapshotRestoreTest:0.33
S3Repository:0.31
DummyS3Service:0.16666666666666666
TestAwsS3Service:0.08333333333333333
