AbstractHttpWebServiceMessageSenderTestCase:0.30333333333333334
HttpUrlConnectionTransportInputStream:0.26
CommonsHttpTransportInputStream:0.26
ResponseServlet:0.2127777777777778
NoResponseServlet:0.2127777777777778
