AbstractServerFactory:0.43333333333333335
JerseyEnvironment:0.27
JerseyContainerHolder:0.21666666666666667
