HandshakeInboundHandler:0.3466666666666667
HttpTest:0.31333333333333335
ClientConnection:0.29333333333333333
HttpServerResponseImpl:0.2866666666666667
Http2ServerResponseImpl:0.2866666666666667
