MethodName:0.5866666666666667
Rule:0.5466666666666666
RuleModel:0.3025
Parser:0.24
JavaMethodName:0.09333333333333334
MethodNameParser:0.07
