ConfConn:0.5133333333333333
TestConn:0.5133333333333333
