Document:0.5533333333333333
FolderWatcher:0.3636111111111111
ResultFilter:0.3516666666666667
ResultPanel:0.32
DocFetcher:0.27
ScopeFilter:0.14666666666666667
ParserFilter:0.04666666666666667
