Result:0.49666666666666665
CaptureActivity:0.42333333333333334
UPCEANExtensionSupport:0.3233333333333333
UPCEANReader:0.23
