WFSDialog:0.5266666666666666
PropertyCriteriaPanel:0.47
JUMPFeatureFactory:0.3333333333333333
SpatialCriteriaPanel:0.17666666666666667
PropertySelectionPanel:0.15333333333333332
