Util:0.55
SpdyConnection:0.43666666666666665
Reader:0.3
MockWebServer:0.2966666666666667
Job:0.24
Dispatcher:0.20333333333333334
