Material:0.5066666666666667
Attribute:0.32666666666666666
BaseBulletTest:0.22666666666666666
RayPickRagdollTest:0.17333333333333334
DefaultShader:0.16666666666666666
SoftMeshTest:0.13166666666666665
SoftBodyTest:0.12833333333333333
MeshShapeTest:0.12166666666666667
ConvexHullTest:0.10666666666666667
FloatAttribute:0.10333333333333333
BasicShapesTest:0.021111111111111112
