GGEPBlock:0.5266666666666666
MsgResRecord:0.3466666666666667
GGEPParser:0.27
PhexTestSuite:0.11
