Task:0.8066666666666666
MedicalAssistance:0.43333333333333335
Relax:0.17
