RWorkspace:0.5666666666666667
ConcordancesEditor:0.4033333333333333
Zip:0.3333333333333333
ParametersDialog:0.19111111111111112
CheckRPackages:0.17666666666666667
