ServerCache:0.47
CrawlController:0.42333333333333334
StatisticsTracker:0.36
DiskStackTest:0.24944444444444447
SettingsFrameworkTestCase:0.22
ServerCacheTest:0.13666666666666666
