Crop:0.7066666666666667
MonitorWindow:0.36666666666666664
CropTableModel:0.27666666666666667
BuildingPanelFarming:0.14
