IOBalancer:0.4633333333333333
TcpIpConnectionManager:0.4188888888888889
IOBalancerThread:0.24333333333333335
