SqlBuilder:0.33
StudyBean:0.31666666666666665
PatientBean:0.26666666666666666
MWLItemBean:0.26666666666666666
GPSPSPerformerBean:0.2225
