ITimed:0.44578571428571434
State:0.38333333333333336
DesignerGraphicalEditorPart:0.27666666666666667
ProjectFinder:0.26
Action:0.24666666666666667
TimerStateFigure:0.2377777777777778
WaitState:0.20333333333333334
DesignerEditor:0.17666666666666667
JpdlVersionRegistry:0.17333333333333334
ProcessDefinitionSearchVisitor:0.17333333333333334
PasteAction:0.16666666666666666
GPDSearchPage:0.16333333333333333
CopyAction:0.16333333333333333
GPDTreeLabelProvider:0.14
SQLActionHandlerConfigDialog:0.13666666666666666
RemoveTimerDelegate:0.09
AddTimerDelegate:0.09
GEFElementCreationFactory:0.07
EditorContextMenuProvider:0.043333333333333335
