CommonFactoryManager:0.5566666666666666
XY:0.25333333333333335
LatLonAlt:0.23333333333333334
RangeBearing:0.21555555555555558
UTM:0.21555555555555558
Pixel:0.20555555555555557
XYZ:0.17666666666666667
