MainDesktopPane:0.6583333333333333
AboutDialog:0.38666666666666666
