YubiKeyAccountRegistry:0.6567777777777779
YubiKeyAuthenticationHandler:0.28
JpaYubiKeyAccountRegistry:0.24333333333333335
MongoDbYubiKeyAccountRegistry:0.24
OpenYubiKeyAccountRegistry:0.14916666666666667
JsonYubiKeyAccountRegistry:0.14333333333333334
BaseYubiKeyAccountRegistry:0.13333333333333333
WhitelistYubiKeyAccountRegistry:0.1
MongoDbYubiKeyAccountRegistryTests:0.08666666666666667
