Visitor:0.55
ExpressionInterpreter:0.4766666666666667
NodeRewriter:0.23666666666666666
TestExpressionInterpreter:0.12
RewritingVisitor:0.11333333333333333
TestConditions:0.05
