AtomAPIMMessageTest:0.6133333333333333
AllCommonSystemTests:0.4766666666666667
AllSystemTestsConfigB:0.31333333333333335
