BeanFactory:0.5716666666666667
DisplayAnnotationHelper:0.35333333333333333
LoadingTermsListener:0.23666666666666666
