HttpTest:0.43666666666666665
ClientOptions:0.43333333333333335
NetClientOptions:0.4
WebsocketTest:0.3333333333333333
VertxTestBase:0.33
HttpClientOptions:0.2966666666666667
SSLHelper:0.2866666666666667
NetServerOptions:0.18333333333333332
HttpServerOptions:0.12666666666666668
