DefaultGenerator:0.5733333333333334
GeneratorStrategy:0.4866666666666667
DefaultGeneratorStrategy:0.43
