SimpleIndicesWarmerTests:0.45888888888888896
InternalIndicesWarmer:0.43
IndexDynamicSettingsModule:0.06666666666666667
