ObjMap:0.56
HitemUtil:0.53
RuleBase:0.43333333333333335
WorkerID:0.4033333333333333
DefinitionManager:0.3933333333333333
Vertex:0.38666666666666666
FormalTypes:0.37333333333333335
Graph:0.37333333333333335
Rule:0.37
ModuleReadOnlySym:0.35
ModuleManager:0.3466666666666667
RuleModel:0.34
ModuleInvocationSym:0.33
CoreRuleBaseWindowFactory:0.3233333333333333
InstanceManager:0.31333333333333335
InvariantModel:0.30666666666666664
ModuleLevelSym:0.2966666666666667
FactorizationModel:0.29333333333333333
HeapPointer:0.2833333333333333
MangoJarDirectory:0.28
BackupDelegate:0.28
InstanceUtil:0.27
FoundationSym:0.27
MangoClassPeer:0.2633333333333333
InvariantStatus:0.26
ParamSym:0.25666666666666665
Automatic:0.2564444444444445
ModuleHypothesisSym:0.25333333333333335
Contextual:0.2511111111111111
CoreUtilities:0.24666666666666667
HeapItemModel:0.24
TemplateRuleManager:0.24
HeapModel:0.23666666666666666
MangoMergeTreeModel:0.23666666666666666
MangoMethodPeer:0.2322222222222222
CoreVariableFactory:0.2305555555555555
TranslateModuleAgent:0.22666666666666666
StatisticManager:0.22333333333333333
CoreNumberFactory:0.22166666666666668
SymbolHashEngine:0.21666666666666667
Generalize:0.21422222222222226
HeapTracer:0.21
ExpLevelSym:0.21
LocatableFolderViewer:0.21
ListModelFactory:0.21
DeprecatedMethods:0.20199999999999999
InvariantHypoAgent:0.2
MFLocator:0.19666666666666666
CodeSurvey:0.19333333333333333
EmbeddedJVMFactory:0.19
MultiGraphModelFactory:0.19
Match:0.19
OverAgent:0.18666666666666668
GeneralizeAgent:0.18333333333333332
ApplyCondMapMsg:0.16333333333333333
WorkstationFindWindow:0.16333333333333333
CellUpdateTrap:0.16333333333333333
BackchainAgent:0.15333333333333332
MethodInstanceAgent:0.14666666666666667
ColorDataBinding:0.14666666666666667
LoopInstanceAgent:0.14666666666666667
ValueHAgent:0.14333333333333334
RuleResourceManager:0.14
CheckBoxVectorModel:0.13666666666666666
InitSessionMsg:0.12666666666666668
BindBoot:0.12333333333333334
ConvertCharArrayToStringAgent:0.12333333333333334
DebugFlagsDialog:0.11
MultiGraph3DViewCreateRequestMsg:0.1
StableRuleManager:0.09666666666666666
SourceModel:0.09333333333333334
AlphaDelegate:0.08333333333333333
UconDelegate:0.08
CodeDelegate:0.07666666666666666
SubType:0.06666666666666667
MatchAssumptionList:0.06666666666666667
GraphDelegate:0.06333333333333334
OmegaDelegate:0.06
EdgeDelegate:0.06
NewWorkerMsg:0.05
TemplateRuleKeyBindingManager:0.0
CoreMFLexportProxySymFactory:0.0
StatisticUpdateFactory:0.0
ComposeRuleManager:0.0
CoreSymFactory:0.0
CoreKonsFactory:0.0
