RedissonMultimap:0.4066666666666667
RedissonSetMultimap:0.24666666666666667
RedissonListMultimap:0.24333333333333335
RMultimapAsync:0.2
RedissonListMultimapTest:0.17
RedissonSetMultimapTest:0.17
RMultimap:0.14416666666666667
