MapContextSource:0.7266666666666667
MapContext:0.65
ServerMapItem:0.5966666666666667
ServerMapItemList:0.5066666666666667
MapSourceWidget:0.41333333333333333
MapItemRenderer:0.31777777777777777
ARINCMapHorz:0.26666666666666666
ARINCMapVert:0.25333333333333335
ARINCModelFactory:0.24666666666666667
MapItemPaints:0.23333333333333334
MapVertRenderer:0.19666666666666666
ARINCMapHorzSource:0.18666666666666668
ARINCMapGrid:0.18666666666666668
ARINCMapHorzItems:0.18333333333333332
ARINCMapVertItems:0.18333333333333332
MapVertItemsRenderer:0.18
MapHorzItemsRenderer:0.18
MapHorzRenderer:0.17333333333333334
RefItem:0.17333333333333334
MapGridRenderer:0.16666666666666666
ARINCMapVertSource:0.16
MapSymbol:0.15666666666666668
ItemStyle:0.14333333333333334
AbstractMapItem:0.13666666666666666
AbstractLegendRenderer:0.13
ARINCMapWidget:0.08
ItemSynchronization:0.05
InnerMouseInputAdapter:0.023333333333333334
MapItemsListReversedComparator:0.0
AbstractMapItemRenderer:0.0
