GwtClientHelper:0.7291666666666666
FolderEntryComposite:0.36666666666666664
FolderEntryHeader:0.3111111111111111
FolderEntryDocument:0.17777777777777778
