CMap:0.49666666666666665
ConcurrentMapManager:0.2733333333333333
ClusterTest:0.2
MapStoreTest:0.19666666666666666
EvictOperationHandler:0.1622222222222222
QueryOperationHandler:0.1622222222222222
GetOperationHandler:0.1622222222222222
SizeOperationHandler:0.14333333333333334
StoreAwareOperationHandler:0.12333333333333334
