Groove:0.4716666666666667
Shape:0.46
Util:0.21666666666666667
ShapeNextState:0.21666666666666667
Exporter:0.19
EquivRelation:0.16166666666666665
CountingSet:0.12388888888888891
