Driver:0.44666666666666666
SplitRunner:0.2773333333333333
RecordProjectOperator:0.25
PrioritizedSplitRunner:0.24333333333333335
DriverContext:0.24
TestingJob:0.22166666666666668
SimulationSplit:0.22166666666666668
TaskContext:0.21666666666666667
AbstractScanFilterAndProjectOperator:0.20666666666666667
PipelineContext:0.18
TaskHandle:0.1
DriverSplitRunner:0.06666666666666667
