LdapUtils:0.43
Ldap:0.3
PasswordManagementConfiguration:0.28
PasswordValidator:0.20333333333333334
InitPasswordChangeAction:0.20333333333333334
PasswordChangeAction:0.19333333333333333
PasswordManagementProperties:0.06333333333333334
