QueryRegionImplTest:0.44333333333333336
BaseTransactionalDataRegion:0.3933333333333333
QueryResultsRegionImpl:0.31666666666666665
