BaseMonochromeBitmapSource:0.49
BlackPointEstimator:0.4583333333333333
QRCodeBlackBox1TestCase:0.15333333333333332
QRCodeBlackBox2TestCase:0.15333333333333332
QRCodeBlackBox4TestCase:0.14666666666666667
QRCodeBlackBox3TestCase:0.14666666666666667
DataMatrixBlackBox2TestCase:0.12
