CDKAtomTypeMatcherTest:0.5766666666666667
CDKAtomTypeMatcher:0.4769444444444444
