displayStructure:0.6233333333333333
displayStructureAsPDFTable:0.58
CdkwebServlet:0.29866666666666664
DisplayAction:0.16
AtomicQsarAction:0.16
