PosPanel:0.6166666666666667
PayDialog:0.5466666666666666
