ProxettaAsmUtil:0.5666666666666667
AsmUtil:0.52
ProxettaWrapperClassBuilder:0.22666666666666666
ProxyAspectData:0.22444444444444447
TraceSignatureVisitor:0.21333333333333335
TargetClassInfoReader:0.21
ProxyPointcutSupport:0.20333333333333334
ProxettaMethodBuilder:0.19333333333333333
ProxettaClassBuilder:0.16333333333333333
InvokeReplacerMethodAdapter:0.15
SuperClassVisitor:0.14666666666666667
