TagW:0.42333333333333334
DicomMediaIO:0.3327777777777778
DefaultView2d:0.31333333333333335
View2d:0.27
InfoLayer:0.23722222222222225
PresentationStateReader:0.17222222222222225
Activator:0.17
EventManager:0.15666666666666668
