Field:0.8333333333333334
jOOQAbstractTest:0.4033333333333333
AbstractField:0.39666666666666667
