NoPixelDataServletResponse:0.5166666666666667
RecodeDicom:0.47
WadoParams:0.014071428571428572
