MetaData:0.3566666666666667
CaptchaInfo:0.3021624579124578
XSLTOutputter:0.25666666666666665
AuthenticationResult:0.22
PDFOutputEvent:0.21333333333333335
LocaleInfo:0.1880833333333333
BundleResult:0.155
ResultSet:0.14666666666666667
UrlInfo:0.12
ParameterWrapper:0.10333333333333333
CommandInfo:0.08333333333333333
ContextInfo:0.06666666666666667
ValueAdapter:0.06333333333333334
AbstractControllerResult:0.04637301587301587
SessionInfo:0.016666666666666666
GeoInfo:0.016666666666666666
LoginStatusWrapper:0.016666666666666666
LoginModeWrapper:0.016666666666666666
ControllerJdomResult:0.016666666666666666
TlsInfo:0.016666666666666666
ClassAttribute:0.016666666666666666
HrefAttribute:0.016666666666666666
ControllerResult:0.013333333333333334
HttpHeaderInfo:0.0033333333333333335
ExceptionInfo:0.0033333333333333335
BaseResult:0.0
