Viewer:0.5366666666666666
ModelSet:0.5166666666666667
JnetAdapter:0.485
BoxInfo:0.465
PointGroup:0.41833333333333333
StateManager:0.405
JnetManager:0.4
Font3D:0.39166666666666666
GlobalSettings:0.355
NodeCollection:0.34833333333333333
Graphics3D:0.3433333333333333
Eval:0.34
PickingManager:0.29
SelectionManager:0.2866666666666667
CommandHistory:0.2834523809523809
ModelManager:0.2756746031746032
LayouterInterface:0.2756746031746032
TransformManager:0.2733333333333333
ColorManager:0.27166666666666667
FileDialog:0.26
JnetPopupSwing:0.2500396825396825
Compiler:0.24333333333333335
FileManager:0.2380952380952381
Cylinder3D:0.23142857142857143
MouseManager:0.23111111111111116
StatusManager:0.23
JnetPopup:0.22476190476190477
Normix3D:0.22337301587301586
Line3D:0.22337301587301586
Sphere3D:0.22337301587301586
TempArray:0.22337301587301586
Layouter:0.22111111111111115
RepaintManager:0.22
MyStatusListener:0.21476190476190476
NodeInfoMaker:0.21476190476190476
EdgeInfoMaker:0.21476190476190476
RawNodeProperties:0.2105952380952381
Hermite3D:0.2105952380952381
Circle3D:0.2105952380952381
EdgeCollection:0.21
Platform3D:0.20642857142857143
DataManager:0.20642857142857143
NBSelectionManager:0.20642857142857143
ModelCollection:0.20476190476190476
Triangle3D:0.20142857142857143
FrameRenderer:0.2
NodeMover:0.1930952380952381
Collapser:0.1930952380952381
Rgb16:0.18642857142857144
ScriptManager:0.18333333333333332
JnetPanel:0.12
