MultiLayerNetwork:0.54
Evaluation:0.43666666666666665
Prediction:0.29
EvalTest:0.22333333333333333
