NeuralNetConfiguration:0.5633333333333334
Builder:0.35333333333333333
MultiLayerNetwork:0.32666666666666666
