MockVisitor:0.7366666666666667
MockVisitorAdapter:0.7366666666666667
MockElement:0.43666666666666665
MockService:0.38
MockNetworkTest:0.23666666666666666
MockNetwork:0.2
MockInterface:0.2
MockNode:0.19
PollAnticipator:0.16666666666666666
PollerTest:0.12
ElementCounter:0.10333333333333333
MockContainer:0.1
MockUtil:0.01
