DefaultCometSupportResolver:0.6116666666666667
AtmosphereServlet:0.3655555555555556
WebSocketAtmosphereHandler:0.32866666666666666
