StudyBean:0.5166666666666667
FileSystemMgtBean:0.29333333333333333
FileCopyService:0.29
