Euler:0.7233333333333334
Parser:0.6033333333333334
EulerRunner:0.25333333333333335
