DefinitionHelper:0.87
DefaultFolderEmailFormatter:0.31666666666666665
NotifyBuilderSelect:0.2866666666666667
