PropertyChoice:0.5933333333333334
TextAnnotation:0.33666666666666667
ChoiceAnnotation:0.25
RealNumberAnnotation:0.22666666666666666
ChoiceProperty:0.21666666666666667
DBMoleculeDaoTest:0.15666666666666668
PropertyChoiceDao:0.01
PropertyChoiceDaoTest:0.006666666666666667
IPropertyChoiceDao:0.0
