Builder:0.29583333333333334
ProvisionListenerCallbackStore:0.25166666666666665
BindingProcessor:0.24333333333333335
RootModule:0.23
BindingTest:0.21216666666666667
TypeListenerTest:0.2086111111111111
BinderTest:0.19083333333333333
ProvisionListenerTest:0.17666666666666667
MembersInjectorImpl:0.14
InjectableReference:0.12666666666666668
ProvisionListenerStackCallback:0.12333333333333334
Capturer:0.11666666666666667
InjectorShell:0.08833333333333333
Interface:0.06
Initializer:0.056666666666666664
Implementation:0.023888888888888887
