IssueHandlerImpl:0.52
ListAttachmentsAction:0.27666666666666667
WorkflowUtilities:0.26138888888888884
FormatCustomFieldTag:0.25333333333333335
CreateIssueAction:0.08666666666666667
