Layer:0.45666666666666667
VariationalAutoencoder:0.2733333333333333
Builder:0.19333333333333333
