Builder:0.5433333333333333
ComputationGraph:0.43333333333333335
NeuralNetConfigurationTest:0.3233333333333333
TestUpdaters:0.28
BaseLayer:0.25333333333333335
GraphBuilder:0.16333333333333333
MultiLayerTest:0.12
TestComputationGraphNetwork:0.09
