SnmpWalker:0.8233333333333334
Snmp4JWalker:0.30333333333333334
