ClassName:0.5166666666666667
TypeName:0.48
TypeVariableName:0.31
ArrayTypeName:0.19
WildcardTypeName:0.17666666666666667
ParameterizedTypeName:0.15
