ColorComponent:0.44666666666666666
Filters:0.3961111111111111
FeedViewer:0.365
MColorPicker:0.2846666666666667
Reminder:0.15833333333333333
IconAction:0.14
CustomIconAction:0.13666666666666666
