AccessMatchValue:0.8033333333333333
AccessMatchValueReverseLookupRegistryTest:0.36
AlwaysAllowLocalAuthenticationToken:0.27666666666666667
TestAlwaysAllowLocalAuthenticationToken:0.23
X509CertificateAuthenticationToken:0.22666666666666666
TestX509CertificateAuthenticationToken:0.19
AdminsRemoveAdminCommand:0.10666666666666667
AdminsAddAdminCommand:0.10666666666666667
HexSerialNumberValidator:0.08333333333333333
