Connection:0.6866666666666666
ControlPointMarker:0.44
ControlPointMarkerDragListener:0.31333333333333335
ControlPointInfoWindowClosedListener:0.2966666666666667
MarkerButton:0.23555555555555552
ConnectionButton:0.23
GISView:0.18
MeasureButton:0.1662777777777778
NodeMarkerDragListener:0.07666666666666666
ControlPointMarkerClickListener:0.058333333333333334
RootView:0.055
NodeMarkerClickListener:0.05388888888888888
NodeMarker:0.043333333333333335
ConnectionUtils:0.03333333333333333
TreeView:0.023333333333333334
PropertyView:0.013333333333333334
DropMapUI:0.0
