Optimize:0.52
OptimizeRequest:0.33666666666666667
ElasticsearchIntegrationTest:0.2866666666666667
InternalEngine:0.20444444444444446
ShardOptimizeRequest:0.19
TransportOptimizeAction:0.18666666666666668
Defaults:0.16
VersionsTests:0.13666666666666666
InternalEngineTests:0.09333333333333334
RestOptimizeAction:0.07333333333333333
OptimizeRequestBuilder:0.06333333333333334
