FactoryImpl:0.515
ClusterManager:0.4266666666666667
PartitionManager:0.38333333333333336
ManagementService:0.2733333333333333
