TransformedData:0.8666666666666667
IdentityColumnTransform:0.3022222222222222
TransformDataLoader:0.25666666666666665
