PageConfig:0.6033333333333334
SCCSHistoryParser:0.31
Handler:0.20333333333333334
RazorHistoryParser:0.17888888888888888
SubversionHistoryParser:0.1688888888888889
GitHistoryParser:0.14333333333333334
MercurialHistoryParser:0.14333333333333334
BazaarHistoryParser:0.14333333333333334
SubversionHistoryParserTest:0.14
CVSHistoryParser:0.13666666666666666
MonotoneHistoryParser:0.13666666666666666
ClearCaseHistoryParser:0.13666666666666666
DirectoryListing:0.13333333333333333
AccuRevHistoryParser:0.11333333333333333
