InstallServiceImpl:0.505
ReverseProxyPage:0.25666666666666665
LicenseInformationPage:0.22333333333333333
LuceneConfigPage:0.18
DatabaseConfigPage:0.13
InitialConfigPage:0.13
