TestDescriptor:0.7366666666666667
DiscoverySelectorResolver:0.38
UniqueIdFilter:0.2633333333333333
AbstractTestDescriptor:0.25666666666666665
