Builder:0.7666666666666667
Internal:0.4
JavaGenerator:0.30666666666666664
ProtoAdapter:0.2866666666666667
AllTypes:0.26
FieldBinding:0.24333333333333335
RuntimeMessageAdapter:0.21
GsonTest:0.16833333333333333
MessageTypeAdapter:0.14
MapProtoAdapter:0.11666666666666667
ImmutableList:0.08277777777777777
ProtoAdapter_AllTypes:0.07444444444444444
MapEntryProtoAdapter:0.0033333333333333335
