HtmlRadioButtonInput2Test:0.3333333333333333
HtmlCheckBoxInput2Test:0.2833333333333333
HtmlFileInputTest:0.25333333333333335
CSSStyleSheet2Test:0.21666666666666667
HtmlFrame2Test:0.20666666666666667
HtmlTableRowTest:0.18666666666666668
HtmlResetInputTest:0.15
