Button:0.5666666666666667
EditText:0.36666666666666664
CheckBox:0.28555555555555556
TextView:0.28555555555555556
RadioButton:0.2833333333333333
