RecursiveAutoEncoder:0.56
BaseLayer:0.47
RecursiveAutoEncoderTest:0.20666666666666667
TestSparkMultiLayer:0.14666666666666667
