WebFilterSlowTests:0.6066666666666667
RequestWrapper:0.5633333333333334
TestServlet:0.3566666666666667
