FileSystemMgt2Service:0.3566666666666667
MwlReplicaService:0.2966666666666667
MCMScuService:0.29
MPPSEmulatorService:0.25333333333333335
ForwardByQueryService:0.25333333333333335
StudyReconciliationService:0.24333333333333335
CompressionService:0.24333333333333335
SyncFileStatusService:0.24333333333333335
StoreScpService:0.23666666666666666
MD5CheckService:0.20666666666666667
