COMClass:0.38333333333333336
TlbPropertyPut:0.3233333333333333
TlbPropertyPutStub:0.28
COMBaseObject:0.23
TlbFunction:0.20666666666666667
TlbAbstractMethod:0.0
