Mongo:0.6566666666666666
Cluster:0.4822222222222223
MongoConstructorsTest:0.23333333333333334
