Settings:0.7366666666666667
AbstractSender:0.35
EmailTest:0.27666666666666667
SenderFactory:0.22111111111111115
AbstractBurster:0.2125
BursterSettings:0.014285714285714285
