HtmlElement:0.55
HtmlInput:0.32666666666666666
Event:0.31333333333333335
SelectTest:0.2
FormField:0.19
InputTest:0.17666666666666667
