ReloadableType:0.5966666666666667
SpringLoadedTests:0.31
ReloadingJVM:0.30333333333333334
Java8:0.24277777777777781
SpringLoadedTestsInSeparateJVM:0.12
Java8Tests:0.08333333333333333
