RedissonSet:0.5833333333333334
RedissonSetMultimapValues:0.2966666666666667
RedissonSetCache:0.29
RedissonSetCacheReactive:0.25777777777777783
RSet:0.2
RSetCache:0.09166666666666666
ScanIterator:0.08738888888888888
