SnmpPeerFactory:0.45666666666666667
EventConstants:0.3555555555555555
Collectd:0.32666666666666666
SnmpEventInfo:0.31
SnmpPeerFactoryTest:0.29
MergeableDefinition:0.21
MergeableRange:0.1611111111111111
SnmpConfigManager:0.15666666666666668
SnmpEventInfoTest:0.07
SpecificComparator:0.05333333333333334
RangeComparator:0.04666666666666667
MergeableSpecific:0.043333333333333335
ConfigureSnmpTest:0.016666666666666666
