InputState:0.47333333333333333
Painter:0.44666666666666666
ComponentTestFixture:0.445
