JPF:0.5433333333333333
StackFrame:0.4322222222222223
TestAttrs:0.4033333333333333
