Mesh:0.32
Vertex:0.18
Model:0.15
Triangle:0.07611111111111112
Frame:0.05333333333333334
