SpectrumResource:0.5766666666666667
SpectrumUtils:0.4266666666666667
DBFolderResource:0.21666666666666667
RunDemo:0.18666666666666668
