NewSessionCreator:0.85
NewSessionWizardLauncher:0.43333333333333335
newSession:0.3433333333333333
FinishStep:0.3233333333333333
AddSessionAction:0.2866666666666667
