LocalObjectViewLight:0.5433333333333333
LocalObjectView:0.5266666666666666
CommunicationsStub:0.4766666666666667
AbstractScene:0.46711904761904766
SDHModuleTopComponent:0.2633333333333333
PhysicalPathScene:0.24666666666666667
TopologyViewScene:0.24666666666666667
RackViewScene:0.24666666666666667
SDHModuleScene:0.22337301587301586
ChildrenViewScene:0.22337301587301586
GISViewTopComponent:0.21
TopologyViewService:0.20333333333333334
GISViewScene:0.20142857142857143
GISViewService:0.16666666666666666
SDHModuleService:0.14666666666666667
ImageFileFilter:0.14333333333333334
ChildrenViewBuilder:0.12
