Block:0.6233333333333333
Node:0.5033333333333333
PartitionServiceImpl:0.24333333333333335
CMapTest:0.1
