MultiMapRecord:0.5766666666666667
MultiMapDataSerializerHook:0.44333333333333336
MultiMapEventFilter:0.33
MultiMapMigrationOperation:0.3
EntrySetResponse:0.3
MultiMapResponse:0.23333333333333334
