TestArticleCollection:0.33666666666666667
FetchIntoPubTest:0.32666666666666666
MarcToMedlineTest:0.2833333333333333
TestPubmedFetcher:0.12333333333333334
