Timeout:0.57
FailOnTimeout:0.53
HasNullTimeUnit:0.2833928571428571
Builder:0.2833333333333333
TimeoutRuleTest:0.08666666666666667
