StatsSnapshot:0.49666666666666665
JPPFStats:0.3566666666666667
StatsFormatter:0.31
JPPFDriverStatsUpdater:0.29
ReflectionUtils:0.18666666666666668
