ConditionEvaluationResult:0.7233333333333334
ScriptExecutionConditionTests:0.38333333333333336
ScriptExecutionCondition:0.31
