AtomDiffTest:0.31333333333333335
AbstractChemObjectDiffTest:0.24666666666666667
LonePairDiffTest:0.04666666666666667
IsotopeDiffTest:0.04
SingleElectronDiffTest:0.04
ElementDiffTest:0.04
BondDiffTest:0.04
ElectronContainerDiffTest:0.04
AtomTypeDiffTest:0.04
ChemObjectDiffTest:0.016666666666666666
AtomContainerDiffTest:0.013333333333333334
AbstractDifferenceListTest:0.013333333333333334
