Euler:0.5933333333333334
BuiltinManager:0.37333333333333335
Codd:0.35
RdfXml:0.25333333333333335
