AntFarmPlugin:0.7083333333333334
AntFarmOptionPane:0.48333333333333334
TargetRunner:0.38
