HiveClientConfig:0.5122222222222222
LegacyAccessControl:0.38666666666666666
HiveQueryRunner:0.2966666666666667
TestHiveClientConfig:0.2
LegacySecurityModule:0.17666666666666667
