PostgresqlDataHandler:0.5133333333333333
InformixDataHandler:0.5033333333333333
MySQLDataHandler:0.44
