PredicateDefinitionVo:0.42
FunctionDefinitionVo:0.3
RuleVo:0.23333333333333334
PropositionVo:0.23333333333333334
AxiomVo:0.23333333333333334
InitialFunctionDefinitionVo:0.14666666666666667
InitialPredicateDefinitionVo:0.14666666666666667
