QueueContainer:0.5466666666666666
PollBackupOperation:0.29
ClearBackupOperation:0.29
OfferOperation:0.27666666666666667
QueueStoreWrapper:0.27
OfferBackupOperation:0.24777777777777782
RemoveBackupOperation:0.24777777777777782
QueueItem:0.24
ObjectQueueProxy:0.23666666666666666
PollOperation:0.23111111111111116
RemoveOperation:0.2227777777777778
ClearOperation:0.21944444444444447
QueueService:0.20333333333333334
QueueMigrationOperation:0.20111111111111113
QueueProxySupport:0.18666666666666668
