SwingUndoRedoFactory:0.22
EnterElementSwingModule:0.18
SwingConvertToRadicalEdit:0.17333333333333334
SwingReplaceAtomEdit:0.17333333333333334
SwingChangeIsotopeEdit:0.17333333333333334
SwingClearAllEdit:0.15
ConvertToRadicalAction:0.10333333333333333
NewAction:0.10333333333333333
