CmpPbeVerifyer:0.49
CrmfRATcpRequestTest:0.4533333333333333
CrmfRARequestTest:0.2866666666666667
CrmfMessageHandler:0.14333333333333334
CrmfRAPbeRequestTest:0.10666666666666667
