BackendBean:0.43333333333333335
RemoteObject:0.30333333333333334
GenericUnidirectionalAdapter:0.25
HierarchyUtils:0.19111111111111112
GenericPhysicalContainer:0.18333333333333332
