GPUFluxWhittedTracer:0.37333333333333335
GPUFluxTracer:0.3333333333333333
GPUFluxLightTracer:0.09666666666666666
GPUFluxPathTracer:0.09666666666666666
