RubyEditorMessages:0.7766666666666666
ToggleCommentAction:0.3466666666666667
