HopLexer:0.43
HopParser:0.4166666666666667
HopSymbolTableWalker:0.41333333333333333
AntlrTokenReader:0.17333333333333334
DFA16:0.148
