FileSystemMgt2Service:0.7833333333333333
FindScuService:0.37277777777777776
FindScuDelegate:0.21777777777777782
