HttpUtils:0.5733333333333334
WebSocketImplBase:0.4066666666666667
