RuleEvent:0.5066666666666667
Parser:0.495
Aspect:0.49333333333333335
Grammar:0.4633333333333333
AspectNode:0.4166666666666667
Properties:0.4166666666666667
AspectEdge:0.41333333333333333
TransPredicates:0.38666666666666666
GrammarProperties:0.37333333333333335
Rule:0.3333333333333333
AspectParser:0.29444444444444445
UnitPar:0.28
VariableNode:0.26666666666666666
TypeModel:0.2522222222222222
RuleApplication:0.25
Condition:0.25
DeltaStore:0.2397222222222222
AbstractRuleEvent:0.23666666666666666
DefaultRuleNode:0.23666666666666666
AspectJEdge:0.23333333333333334
AspectJVertex:0.23
PropertiesTable:0.22666666666666666
MatchApplier:0.22333333333333333
GTS:0.22
Simulator:0.22
DefaultGraphNextState:0.21666666666666667
RecipeTransition:0.21666666666666667
DefaultRuleTransition:0.21333333333333335
HostModel:0.21333333333333335
PredicateTests:0.21
ReteNetworkTest:0.19333333333333333
RuleNode:0.19333333333333333
Level2:0.19
RuleModel:0.18666666666666668
ValueNodeSearchItem:0.18333333333333332
LabelValue:0.18
RulePar:0.17666666666666667
CellEditor:0.17333333333333334
RuleEffect:0.17333333333333334
BasicEvent:0.17
SystemStore:0.16333333333333333
PlanData:0.16333333333333333
RuleApplicationTest:0.16
Signature:0.16
SwingTarget:0.15
OracleParser:0.14
ProcedurePar:0.14
VisibleValue:0.13
AdornmentValue:0.09333333333333334
ApplyMatchAction:0.05
PropertyKey:0.04555555555555555
PathParser:0.023333333333333334
Keywords:0.0
