Actor:0.5866666666666667
Channel:0.49666666666666665
PrimitiveChannelRingBenchmark:0.2966666666666667
LightweightThreadWithAnIntChannel:0.2567063492063492
