GwtTeamingMessages:0.93
ShareItemCell:0.31333333333333335
ShareThisDlg2:0.25527777777777777
ElementWrapper:0.19666666666666666
