SimpleClob:0.5448333333333333
BinObject:0.2966666666666667
BinaryDaoTest:0.16666666666666666
