ResourceFormatTest:0.6933333333333334
ChemFormatTest:0.44333333333333336
ABINITFormatTest:0.21466666666666667
