WindowUtils:0.9333333333333333
W32WindowUtils:0.3466666666666667
X11AlphaMaskTest:0.30333333333333334
