HttpProtocol:0.6824444444444445
XmlRpcProtocol:0.4066666666666667
