WebUrlUtil:0.7433333333333333
EntityIndexUtils:0.5433333333333333
FileUrlTag:0.22333333333333333
ReadFileController:0.11666666666666667
