Context:0.49666666666666665
Planner:0.3433333333333333
AggregationProjection:0.2966666666666667
CollectSetAggregation:0.24333333333333335
ContextBuilder:0.20666666666666667
PlannerTest:0.18666666666666668
StatementAnalyzer:0.18666666666666668
SelectStatementAnalyzer:0.12333333333333334
NodeBuilder:0.09444444444444444
AggregationSearcherContext:0.023888888888888887
AggregationSearcher:0.01
AggregationSplitter:0.009166666666666667
