JPPFNode:0.485
JobManagementTestRunner:0.3433333333333333
NodeInformationHandler:0.2
WaitingResultsState:0.15333333333333332
JPPFDriverAdmin:0.10666666666666667
TestJPPFDriverAdminMBean:0.06666666666666667
Setup1D2N1C:0.04666666666666667
