ElementUtil:0.5533333333333333
ObjectiveCImplementationGeneratorTest:0.34
AnonymousClassConverterTest:0.29
EnumRewriter:0.22666666666666666
EnumRewriterTest:0.17
ElementUtilTest:0.06666666666666667
