StructuredbManager:0.9133333333333333
StructuredbManagerTest:0.37333333333333335
