NewMongoCollectionImpl:0.4066666666666667
QueryOperation:0.4066666666666667
DBCollection:0.38333333333333336
AggregateOperation:0.31333333333333335
CountOperation:0.25666666666666665
