QueryAnalyzerTests:0.4266666666666667
QueryExtraction:0.3933333333333333
Builder:0.27
PercolatorFieldMapperTests:0.23833333333333334
PercolatorFieldMapper:0.23666666666666666
Range:0.23666666666666666
QueryAnalyzer:0.22
FieldType:0.19666666666666666
Result:0.14666666666666667
CandidateQueryTests:0.06333333333333334
