TransportSQLActionTest:0.4975
Planner:0.39666666666666667
PlannerTest:0.31333333333333335
ESGetNode:0.23
PlannerContextBuilder:0.2038888888888889
TransportExecutorTest:0.20333333333333334
ESGetTask:0.09166666666666666
