Domain:0.5666666666666667
tmpPageContext:0.39938888888888885
IAuthDomain:0.3466666666666667
EmailVerifierRegistrationHandler:0.32666666666666666
