Compiler:0.7482777777777778
ToggleBreakpointAction:0.4016666666666666
