Layer:0.8733333333333333
HierarchicalLayoutAlgorithm:0.30666666666666664
LongestPathLA:0.18333333333333332
LayerImpl:0.17
