Image:0.5566666666666666
MatrixManipulations:0.44666666666666666
Main:0.37666666666666665
CalibrateImage:0.24666666666666667
Ellipse:0.22833333333333333
CalibrateCamera:0.1688888888888889
