InputStreamReader:0.45
OutputStreamWriter:0.42
CoderResult:0.36666666666666664
PrintStream:0.275
PrintWriter:0.26
ByteArrayInputStreamTest:0.21333333333333335
Properties:0.21
BufferedWriterTest:0.21
PrintWriterTest:0.2
PrintStreamTest:0.16333333333333333
NewInstance:0.15666666666666668
Timestamp:0.12666666666666668
InputStreamReaderTest:0.1
OutputStreamWriterTest:0.09333333333333334
MockPrintStream:0.03
