LabelStore:0.5666666666666667
Simulator:0.5266666666666666
Options:0.39166666666666666
GraphJModel:0.28
GraphJVertex:0.21333333333333335
TypePanel:0.18288888888888888
RefreshGrammarAction:0.16666666666666669
Grammar_1_0_Action:0.12
