PrinterService:0.5466666666666666
PLutBuilder:0.5416666666666666
PrinterServiceMBean:0.3233333333333333
PrintableImageBox:0.16333333333333333
