AxisMotor:0.6533333333333333
NullCartesianMachine:0.43
Main:0.2733333333333333
NullStepperMotor:0.25333333333333335
BotConsoleFrame:0.20666666666666667
RequestRangeResponse:0.19666666666666668
PrintTabPanel:0.19666666666666666
GenericStepperMotor:0.19
GenericStepperPositionPanel:0.13333333333333333
