JPPFTaskBundle:0.6166666666666667
ClientTaskBundleBase:0.4
JPPFPriorityQueue:0.23222222222222225
NodeNioServer:0.22666666666666666
JPPFNode:0.1988888888888889
ClientTaskBundle:0.19388888888888892
PeerNode:0.15555555555555556
Test:0.14555555555555555
