GwtTestStarter:0.595
AssetDescriptor:0.48333333333333334
LwjglDebugStarter:0.21777777777777776
