Settlement:0.44666666666666666
BuildingManager:0.37666666666666665
PhysicalCondition:0.37
Person:0.36
Simulation:0.3566666666666667
UnitManager:0.3233333333333333
USGSMarsMap:0.32
UIConfig:0.285
SimulationConfig:0.25
HealthProblem:0.24333333333333335
CannedMarsMap:0.23083333333333333
MarsGlobe:0.22333333333333333
NavButtonDisplay:0.21333333333333335
MapPanel:0.21
Sleep:0.21
MainDesktopPane:0.21
Airlock:0.20333333333333334
GlobeDisplay:0.2
TendGreenhouse:0.2
ResearchScience:0.2
Teach:0.19666666666666666
MedicalAssistance:0.18666666666666668
MainWindow:0.18333333333333332
MarsProject:0.18
UnloadVehicle:0.17
Workout:0.16666666666666666
PDSConnectionManager:0.16666666666666666
Relax:0.16333333333333333
ResearchMaterialsScience:0.15
ResearchMedicine:0.15
StudyRockSamples:0.15
ResearchBotany:0.15
TimeWindow:0.14666666666666667
NavigationTabPanel:0.14333333333333334
AboutDialog:0.14
VehicleTableModel:0.12333333333333334
ShadingMapLayer:0.10666666666666667
ToolFrameListener:0.09
