ServiceView:0.5155555555555557
InvisibleRoot:0.31666666666666665
DatabasesRoot:0.23333333333333334
WebServicesRoot:0.23
AbstractServiceContainer:0.21
LocalServicesRoot:0.05333333333333334
