AbstractWFSWrapper:0.5833333333333334
JUMPFeatureFactory:0.5666666666666667
WFSPlugIn:0.4166666666666667
