OutageService:0.27166666666666667
DefaultOutageService:0.27
OutageAllController:0.26666666666666666
OutagesFilteringView:0.2633333333333333
OutageSuppressedController:0.09166666666666666
OutageCurrentController:0.09166666666666666
OutageResolvedController:0.09
OutageListBuilder:0.09
