Schedule:0.3933333333333333
PollerService:0.38333333333333336
PollSchedule:0.23666666666666666
ScheduleProxy:0.12666666666666668
ScheduleTest:0.09333333333333334
ScheduleInterval:0.03
ScheduleTimer:0.03
ScheduleEntry:0.023333333333333334
