BufferLogger:0.4866666666666667
ClientMessageDecoder:0.38
SynthTabbedPaneUI:0.36
LoaderUtilities:0.34
SwingUtilities2:0.33666666666666667
ServerMessageConstructor:0.30333333333333334
SynthGraphicsUtils:0.2833333333333333
ClientMessageConstructor:0.27666666666666667
BearingCacheEntry:0.2593888888888889
MessageDecoder:0.25333333333333335
SynthInternalFrameTitlePane:0.24666666666666667
InstrumentedClient:0.24083333333333334
SynthToolTipUI:0.23666666666666666
Synth2Parser:0.21666666666666667
ClientComUtilities:0.19
SynthProgressBarUI:0.19
SynthMenuItemUI:0.18666666666666668
Translation:0.18
SynthSliderUI:0.17333333333333334
ServerComUtilities:0.16777777777777778
SynthTitlePaneLayout:0.16166666666666665
DummyProtocol:0.15444444444444444
InstrumentedMessageProcessor:0.15
InstrumentedServerMessageProcessor:0.14
InstrumentedClientMessageProcessor:0.14
Synth2GlobalProperties:0.12666666666666668
RelationshipsGenerator:0.11333333333333333
InstrumentedServer:0.1075
ClientLoaderUtilities:0.08666666666666667
SynthLabelHaloLayout:0.013333333333333334
