TestMutablePeriod_Constructors:0.4633333333333333
ReadWritableTimePeriod:0.3500396825396825
MutableTimePeriod:0.3433333333333333
TestMutablePeriod_Updates:0.32666666666666666
AbstractTimePeriod:0.27
AbstractDuration:0.25
