ArchiverConductor:0.48
ReplaySession:0.38333333333333336
ArchiveIndex:0.33
SystemTest:0.19333333333333333
ArchiveIndexTest:0.18333333333333332
ImageArchivingSessionTest:0.16944444444444445
ArchiveDataChunkReadingCursor:0.16666666666666666
ChunkHandler:0.0011111111111111111
