Robot:0.6233333333333333
ComponentReference:0.43333333333333335
