PingbackPlugin:0.5233333333333333
WeblogsPingPlugin:0.5233333333333333
CachingFetcher:0.33166666666666667
CrosspostPlugin:0.20333333333333334
