ChannelInputSource:0.39
ChannelOutputDestination:0.33666666666666667
DirectBufferPool:0.30333333333333334
DirectBufferPoolImpl:0.27
DirectBufferPoolQueue:0.24333333333333335
ObjectPool:0.075
