AtmosphereResource:0.8366666666666667
AtmosphereResourceImpl:0.5933333333333334
BaseTest:0.26666666666666666
AndroidAtmosphereInterceptor:0.21666666666666667
