TigerParser:0.58
FilterOptions:0.41
TigerNode:0.35333333333333333
JBrowseOptionPane:0.32
GeneralOptions:0.26666666666666666
MethodNode:0.26
JavaParser:0.2
MutableFilterOptions:0.2
ErrorNode:0.15333333333333332
CUNode:0.15
FieldNode:0.056666666666666664
