View:0.7766666666666666
MetaMember:0.3609523809523809
