attr:0.560484126984127
ResTable:0.43
ShadowArscAssetManager:0.43
ShadowResourcesTest:0.2866666666666667
CppAssetManager:0.25333333333333335
