IndexShard:0.5
Fields:0.4976111111111112
VerifyIndex:0.4066666666666667
TranslogRecoveryPerformer:0.375
InternalEngine:0.25633333333333336
RecoveryState:0.23
RecoveryStateTest:0.17333333333333334
