IngestPlugin:0.3423333333333333
PipelineStore:0.25333333333333335
GeoProcessorFactoryTests:0.21
IngestActionFilterTests:0.18333333333333332
IngestActionFilter:0.14333333333333334
PutPipelineTransportAction:0.14333333333333334
Factory:0.12333333333333334
IngestClientIT:0.12
IngestRestFilter:0.11333333333333333
GeoIpProcessor:0.11333333333333333
GrokProcessor:0.05333333333333334
