ModuleManager:0.4033333333333333
EmailNotifications:0.32666666666666666
SellerTest:0.2966666666666667
SaveAction:0.27111111111111114
SubscribeToEmailNotificationsAction:0.19666666666666666
