BatchConsumerToRowReceiver:0.6533333333333333
LuceneShardCollectorProvider:0.5626111111111112
