EncodeTag:0.3433333333333333
LinkTag:0.3433333333333333
ImageLinkTag:0.23
DecodeTag:0.20666666666666667
WikiVersionTag:0.16666666666666666
