Robot:0.46
ComponentReferenceTest:0.29
ComponentTester:0.2733333333333333
FileDialogRecorderTest:0.24
ComponentReference:0.23666666666666666
WindowRecorderTest:0.2227777777777778
FileDialogRecorder:0.22111111111111115
AllTests:0.19555555555555557
UnitTestSuite:0.16777777777777778
FileDialogTerminator:0.06322222222222224
