ProcessDefinition:0.8
SubprocessDefinition:0.5566666666666666
SwimlanedNode:0.25777777777777783
JpdlSerializer:0.23622222222222225
BpmnSerializer:0.21
SubprocessDialog:0.2
ProcessSerializer:0.08
PropertyNames:0.0
