ParameterHandler:0.5833333333333334
CommandBase:0.42
ParameterHandlerTest:0.29
PasswordUsingCommandBase:0.2633333333333333
