InvitationProcess:0.64
XMPPChatTransmitter:0.3933333333333333
EnterNamePage:0.3333333333333333
IncomingInvitationProcess:0.2733333333333333
