CrmfMessageHandler:0.7833333333333333
CmpMessageDispatcher:0.18666666666666668
