WorkspaceOperations:0.4066666666666667
IOUtils:0.39
WYSIWYGPlugin:0.30666666666666664
JpdlSerializer_2:0.2733333333333333
ExportParWizardPage:0.27
SwimlaneElement:0.27
BSHDecisionProvider:0.25
ChooseFormTypeDialog:0.25
ParamDefComposite:0.24666666666666667
GPDTreeContentProvider:0.24666666666666667
EditorPartBase:0.24666666666666667
CKSelectElement:0.21666666666666667
ProcessDefinitionSearchVisitor:0.21333333333333335
DesignerSwimlaneEditorPage:0.20638888888888887
DesignerVariableEditorPage:0.20638888888888887
LabeledNodeGraphicalEditPart:0.20444444444444446
XMLEditorDialog:0.19666666666666666
XmlContentView:0.19666666666666666
DefaultParamsComposite:0.19666666666666666
ParFileExportOperation:0.19094444444444444
CopyAction:0.19094444444444444
ActionGraphicalEditPart:0.19
CellEditorListener:0.19
DesignerGraphicalEditorPart:0.18
ParFileExporter:0.17
CKEditorDialogCreatorHelper:0.17
XSNFormType:0.17
ActiveLayoutEditPolicy:0.15
EditorContextMenuProvider:0.14666666666666667
DelegableProvider:0.14333333333333334
GPDSearchQuery:0.14
ActionDecorationEditPolicy:0.13666666666666666
ExplorerTreeView:0.12805555555555556
RunaWFESyncSettingsPage:0.12666666666666668
LDAPSyncSettingsPage:0.12333333333333334
ApplicationActionBarAdvisor:0.11333333333333333
SQLHandlerCellEditorProvider:0.11333333333333333
EmailAttachmentsConfig:0.11333333333333333
CKTextElement:0.10666666666666667
NewProcessAction:0.1
ImportAction:0.1
ExportAction:0.1
FtlTagSupportServlet:0.08
CreateFormDelegate:0.07333333333333333
