DbOomQuery:0.7191666666666666
DbHintTest:0.25333333333333335
