CoreDao:0.67
EntityIdentifier:0.3933333333333333
BinderModule:0.33666666666666667
BinderModuleImpl:0.26666666666666666
FolderModule:0.2535396825396825
FolderModuleImpl:0.23333333333333334
FolderDaoImpl:0.21666666666666667
CoreDaoImpl:0.21333333333333335
ProfileDaoImpl:0.20333333333333334
ViewEntryController:0.09666666666666666
WebKeys:0.07
