Articles:0.5133333333333333
Genes:0.4633333333333333
GenesWithAliases:0.41333333333333333
SqlSearcher:0.23666666666666666
