Mappings:0.8466666666666667
MappedSuperclass:0.5033333333333333
AnnotationBinder:0.39
Configuration:0.3333333333333333
MappingsImpl:0.2866666666666667
