UserDefineLibrary:0.5
UserDefineRecognition:0.46594444444444444
ToAnalysis:0.3433333333333333
