JEditTextArea:0.7
TextAreaPainter:0.4533333333333333
PluginJAR:0.37833333333333335
BufferChangeListener:0.20722222222222222
