CustomMustacheFactory:0.6411111111111112
MustacheScriptEngineService:0.43833333333333335
MustacheExecutableScript:0.30666666666666664
CustomMustacheFactoryTests:0.23333333333333334
