PluginInfo:0.44666666666666666
ElasticsearchAssertions:0.32
PluginInfoTests:0.27
HttpServer:0.25
PluginsService:0.24611111111111114
PluginManagerTests:0.23666666666666666
PluginManager:0.21077777777777779
RestPluginsAction:0.17
Fields:0.02666666666666667
DummyPluginInfo:0.006666666666666667
