DataHandler:0.74
DatabaseUpgrades:0.26
WikiCache:0.25666666666666665
QueryHandler:0.2535396825396825
WikiPageInfo:0.22
AnsiQueryHandler:0.22
JAMWikiServlet:0.21
ImageUtil:0.2
ImageMetadata:0.17
UpgradeServlet:0.16333333333333333
AnsiDataHandler:0.16333333333333333
ImageLinkTag:0.13666666666666666
ItemsServlet:0.13666666666666666
