SessionFactoryImpl:0.6266666666666667
SessionFactoryServiceRegistryFactoryImpl:0.36666666666666664
SessionFactoryServiceRegistryImpl:0.24666666666666667
EventListenerServiceInitiator:0.24666666666666667
SessionFactoryServiceRegistryFactory:0.23441666666666672
SessionFactoryServiceInitiator:0.23441666666666672
StatisticsInitiator:0.19333333333333333
