ActionTest:0.35333333333333333
AbstractArchiveActionTest:0.3233333333333333
Stub:0.0
