OcspConfiguration:0.5833333333333333
IHealtChecker:0.3342936507936507
OCSPUtil:0.3233333333333333
OCSPServletStandAloneSession:0.2966666666666667
ExtOCSPHealthCheck:0.29444444444444445
OCSPServletStandAlone:0.20333333333333334
