BasicMessageFormatter:0.5366666666666666
MessageDescriptionDetail:0.5166666666666667
Messages:0.39533333333333337
