GraphicsRenderer:0.49333333333333335
TreeOutput:0.42333333333333334
ReportGraphicalTree:0.35
GraphicsTreeRenderer:0.30666666666666664
OutputFactory:0.2833333333333333
GraphicsWriter:0.27051984126984113
AbstractTreeRenderer:0.22
ScreenOutput:0.12333333333333334
PdfWriter:0.11284259259259263
CenteredArranger:0.11
TreeArranger:0.10666666666666667
TreeBuilder:0.10666666666666667
AlignLeftArranger:0.09266666666666667
AbstractArranger:0.08333333333333333
GraphicsFileOutput:0.08333333333333333
BasicTreeBuilder:0.07333333333333333
AlignRightArranger:0.07333333333333333
SvgWriter:0.06519973544973545
