Corpus:0.5833333333333334
Concordance:0.36333333333333334
Line:0.3466666666666667
Vocabulary:0.21333333333333335
Subcorpus:0.17333333333333334
TSResult:0.13
LexicographicLeftContextComparator:0.10666666666666667
LexicographicRightContextComparator:0.10666666666666667
LexicographicKeywordComparator:0.10666666666666667
TSCorpus:0.10333333333333333
SelectionResult:0.08273352573352574
SendData:0.01
