BuildingConfig:0.5933333333333334
SupplyTableModel:0.2833333333333333
GoodsUtil:0.2633333333333333
ResupplyDetailPanel:0.25666666666666665
ResupplyManager:0.20333333333333334
NewModifyResupplyDialog:0.18333333333333332
EquipmentFactory:0.13333333333333333
CategoryCellEditor:0.03666666666666667
TypeCellEditor:0.006666666666666667
