BasicInvocation:0.5633333333333334
BasicInvocationFuture:0.5066666666666667
BasicOperationService:0.36333333333333334
