HostClassNameStandardsTest:0.68
HostClassNameTest:0.5517222222222222
HostClassNameCompleteTest:0.22666666666666666
