RuleTransition:0.5933333333333334
Frame:0.55
RuleEvent:0.39972222222222226
Call:0.38666666666666666
SwitchStack:0.38
Step:0.37666666666666665
Switch:0.37
Assignment:0.35333333333333333
Valuator:0.33666666666666667
Template:0.3233333333333333
Derivation:0.31666666666666665
Term:0.31666666666666665
CtrlVar:0.3
CtrlSchedule:0.28
Location:0.26666666666666666
Quad:0.24333333333333335
DeltaTerm:0.24
CtrlPar:0.23666666666666666
GTS:0.22333333333333333
RecipeTransition:0.22333333333333333
ExploreData:0.22333333333333333
TermDerivationTest:0.21666666666666667
Position:0.21444444444444447
DefaultRuleTransition:0.20666666666666667
MatchApplier:0.20666666666666667
GraphTransition:0.20142857142857143
CtrlState:0.19666666666666666
AbstractRuleEvent:0.1930952380952381
DefaultGraphNextState:0.19
AutomatonBuildTest:0.18666666666666668
ShapeNextState:0.18
CtrlJVertex:0.18
Triple:0.18
BodyTerm:0.17666666666666667
TransitTerm:0.175
SeqTerm:0.17333333333333334
ProgramBuildTest:0.17333333333333334
RecipeEvent:0.15
TemplateBuilder:0.14333333333333334
CtrlFrame:0.1308730158730159
Stage:0.11666666666666667
TemplateBuildTest:0.1
RecipeTransitionLabel:0.08
StepMatchCollector:0.061111111111111116
ClosingStrategy:0.03333333333333333
LocationKey:0.02666666666666667
