MainScene:0.62
MapPanel:0.26777777777777784
ChatBox:0.25666666666666665
BorderSlideBar:0.21666666666666667
SettlementWindow:0.2088888888888889
NavigatorWindow:0.19
ToolWindow:0.175
ResupplyWindow:0.12
