Options:0.49666666666666665
Simulator:0.36
ExtensionFilter:0.35
Editor:0.29333333333333333
BehaviourOption:0.255
