CheckInstrumentationVisitor:0.4866666666666667
InstrumentClass:0.46
Classes:0.42380555555555555
