CollectNode:0.47
ImplementationSymbolVisitor:0.27
LocalDataCollectorTest:0.26666666666666666
LocalDataCollectOperation:0.19333333333333333
TestModule:0.11916666666666667
