ObsoletePubSource:0.5666666666666667
PubSourceAliasTable:0.4633333333333333
