JUnit5:0.7266666666666667
RunnerListener:0.5033333333333333
Launcher:0.3883333333333333
