ReplaySession:0.41333333333333333
ArchiveConductor:0.38666666666666666
Catalog:0.38333333333333336
RecordingFragmentReader:0.3433333333333333
ReplaySessionTest:0.3
TestUtil:0.24
RecordingSessionTest:0.09166666666666666
