DenoisingAutoEncoderMatrix:0.6233333333333333
BaseMultiLayerNetwork:0.38666666666666666
SdAMatrix:0.275
MnistSdaTest:0.15333333333333332
RBMTest:0.15333333333333332
DAMnistTest:0.12666666666666668
