Pointer:0.51
Structure:0.49666666666666665
StructureTest:0.37666666666666665
PointerType:0.25333333333333335
