Http2ClientStream:0.3
VertxHttp2Stream:0.2966666666666667
Http2ServerRequestImpl:0.22333333333333333
VertxHttp2NetSocket:0.21333333333333335
Push:0.2132777777777778
