ProtocolNegotiatorsTest:0.4166666666666667
NettyServer:0.41333333333333333
ProtocolNegotiators:0.2733333333333333
NettyServerBuilder:0.24666666666666667
NettyServerTransport:0.19666666666666666
NettyClientTransportTest:0.19333333333333333
ServerTlsHandler:0.09
