Database:0.8733333333333333
JavaGenerator:0.49666666666666665
GenerationTool:0.25777777777777783
AbstractDatabase:0.25333333333333335
