Kernel32:0.9066666666666666
WinNT:0.560484126984127
Kernel32Test:0.39666666666666667
Kernel32UtilTest:0.28
Kernel32Util:0.25666666666666665
