Default:0.43
PoolStrategy:0.31333333333333335
TypePoolClassLoadingTest:0.29444444444444445
ForBuildEntryPoint:0.2833333333333333
ForBuildPlugin:0.2833333333333333
AgentBuilderDefaultTest:0.23333333333333334
