BasicTransactionalTestCase:0.49666666666666665
ReadOnlyAccess:0.32
AbstractReadOnlyAccessTestCase:0.24666666666666667
EntityRegionImplTestCase:0.22333333333333333
CollectionRegionImplTestCase:0.16333333333333333
ReadOnlyExtraAPITestCase:0.15
CollectionRegionImpl:0.14333333333333334
BasicReadOnlyTestCase:0.10472222222222223
