ApplicationEntityManagerImpl:0.7953333333333333
RemoteTask:0.36666666666666664
