CalendarAppointment:0.37333333333333335
GwtCalendarHelper:0.33666666666666667
CalendarFolderView:0.3233333333333333
GwtTeamingMessages:0.3222222222222222
CalendarDisplayDataRpcResponseData:0.2816666666666667
