ResourceManager:0.5133333333333333
Resource:0.4066666666666667
ResourceManagerServlet:0.2733333333333333
ResourceManagerConfig:0.23
Term2TermTableGenerator:0.0
