QueueClientProxy:0.4633333333333333
HazelcastClientTest:0.38666666666666666
DynamicClusterTest:0.2733333333333333
ListenerManager:0.26
HazelcastClientMultiMapTest:0.23666666666666666
OutRunnable:0.23333333333333334
MapClientProxy:0.20666666666666667
TopicClientProxy:0.2
ValueIterator:0.18333333333333332
HazelcastClientTransactionTest:0.17333333333333334
MapItemRemoveHandler:0.0033333333333333335
