Table:0.5055555555555555
TextField:0.45
Image:0.28527777777777774
UITest:0.2511111111111111
NinePatch:0.25
