TableView:0.51
GaServer:0.44
Enhancer:0.225
MethodInfoView:0.21666666666666667
ClassInfoView:0.19833333333333333
SearchClassCommand:0.13333333333333333
