CertificateProfile:0.55
X509CAInfo:0.44666666666666666
GlobalConfiguration:0.29
X509CA:0.22333333333333333
CAAdminSessionBean:0.21583333333333332
CaInitCommand:0.12333333333333334
