SocketFacade:0.63
IOUtil:0.36333333333333334
OIOSocketFactory:0.36
Connection:0.2966666666666667
DownloadEngine:0.22
UploadEngine:0.21833333333333332
SWDownloadWorker:0.21666666666666667
ChatManager:0.19
ConnectionEngine:0.18333333333333332
PushWorker:0.17333333333333334
PushHandler:0.17333333333333334
NIOServer:0.13333333333333333
IncomingConnectionDispatcher:0.13333333333333333
ChatEngine:0.11
DummySocket:0.09333333333333334
PushRequestSleeper:0.08666666666666667
BrowseHostConnection:0.08
DefaultSocketFacade:0.06
OIOServer:0.05333333333333334
ConnectionFactory:0.05
PresentationManager:0.03333333333333333
DefaultPresentationManager:0.0025
