IntHashMap:0.6477777777777778
CompositeIterator:0.28555555555555556
EnumerationIterator:0.27555555555555555
