JavaSourceTests:0.3933333333333333
TestExtensionRegistryTests:0.32666666666666666
SucceedingTestCase:0.19333333333333333
AbstractSuperTest:0.19333333333333333
SampleTestCase:0.18
MethodInjectionTestCase:0.09
BeforeAndAfterAllMethodInjectionTestCase:0.06
BeforeAndAfterMethodInjectionTestCase:0.06
MockitoExtensionInBaseClassTest:0.043333333333333335
