ObjectInputValue:0.55
UIRepeatListComponent:0.4855555555555555
MakumbaDataComponent:0.30777777777777776
CreateObjectComponent:0.26
ValueSavingPhaseListener:0.23
