ChemObjectManipulator:0.36333333333333334
SetOfReactionsManipulator:0.36083333333333334
ReactionManipulator:0.3566666666666667
SetOfMoleculesManipulator:0.2275
