UserAttributeEditorTests:0.4866666666666667
UserAttributeEditor:0.4777777777777778
