InfoPanel:0.7566666666666667
EditMissionDialog:0.2966666666666667
