SessionView:0.7133333333333334
ConsistencyAction:0.37666666666666665
SessionLabelProvider:0.25
AdvancedPreferencePage:0.15666666666666668
