Vss:0.46027777777777773
VssJournal:0.4066666666666667
CVS:0.37722222222222224
P4:0.37722222222222224
SourceControl:0.3712222222222222
PVCS:0.2988888888888889
ClearCase:0.29503968253968255
MockSourceControl:0.29503968253968255
FileSystem:0.29503968253968255
ProjectXMLHelper:0.24666666666666667
ModificationSetTest:0.21
