Log:0.57
ScriptEditor:0.51
ComponentTester:0.3333333333333333
ComponentTesterTest:0.19777777777777777
ComponentBrowser:0.1927777777777778
AbstractEditorAction:0.16166666666666665
TesterMethodAction:0.06333333333333334
AbstractEditorToggleAction:0.056666666666666664
RunScriptAction:0.023333333333333334
InsertLaunchStepAction:0.023333333333333334
StopOnFailureAction:0.023333333333333334
SaveScriptAction:0.023333333333333334
InsertTerminateStepAction:0.023333333333333334
LaunchScriptAction:0.023333333333333334
StopOnErrorAction:0.023333333333333334
InsertSequenceStepAction:0.023333333333333334
MoveUpStepAction:0.023333333333333334
SelectTestSuiteAction:0.023333333333333334
OpenScriptAction:0.023333333333333334
InsertScriptStepAction:0.023333333333333334
MoveDownStepAction:0.023333333333333334
TerminateScriptAction:0.023333333333333334
CloseScriptAction:0.023333333333333334
ExitAction:0.023333333333333334
CutStepAction:0.023333333333333334
NewScriptAction:0.023333333333333334
DuplicateScriptAction:0.023333333333333334
RenameScriptAction:0.006666666666666667
