AbstractNearCacheBasicTest:0.69
TransactionalMapDataStructureAdapter:0.4666666666666667
TransactionalMapDataStructureAdapterTest:0.44333333333333336
MethodAvailableMatcherTest:0.18333333333333332
