FileHandle:0.3233333333333333
JoglGraphicsBase:0.22333333333333333
LwjglGraphics:0.22333333333333333
BitmapFont:0.21333333333333335
ParticleEffect:0.18666666666666668
AndroidGraphics:0.18666666666666668
LwjglFileHandle:0.18666666666666668
JoglFileHandle:0.18666666666666668
AndroidAudio:0.17
AndroidFileHandle:0.13
LwjglFiles:0.11
JoglFiles:0.11
