PrintTask:0.5605555555555556
PrintWidget:0.3822222222222222
