AttributeFilter:0.61
SeriesBean:0.24333333333333335
StudyBean:0.24333333333333335
AttributeFilterLoader:0.2111111111111111
PatientBean:0.20222222222222225
MWLItemBean:0.18666666666666668
SeriesRequestBean:0.17666666666666667
GPSPSPerformerBean:0.17666666666666667
VerifyingObserverBean:0.16666666666666666
