DrawableSeqFeature:0.47333333333333333
FeatureView:0.4166666666666667
CORBAAdapter:0.37333333333333335
TierMenu:0.22666666666666666
ShowMenu:0.22333333333333333
