Security:0.6366666666666667
PluginsService:0.5066666666666667
Bootstrap:0.4166666666666667
