ValuesSourceParser:0.5033333333333333
Builder:0.4666666666666667
NumericValuesSourceMetricsAggregatorParser:0.11666666666666667
DateHistogramParser:0.11333333333333333
HistogramParser:0.11
TermsParser:0.11
SignificantTermsParser:0.11
AbstractPercentilesParser:0.10666666666666667
IpRangeParser:0.10333333333333333
GeoDistanceParser:0.10333333333333333
RangeParser:0.08666666666666667
DateRangeParser:0.08666666666666667
ValueCountParser:0.08666666666666667
Input:0.0
