InternalGeoHashGrid:0.5
InternalAggregation:0.48
InternalTerms:0.29333333333333333
GeoHashGridParser:0.23666666666666666
GeoHashGridTests:0.18333333333333332
