TicketRegistryProperties:0.7238888888888889
CouchbaseTicketRegistryConfiguration:0.33
MemcachedTicketRegistryConfiguration:0.26666666666666666
MongoDbServiceRegistryConfiguration:0.19333333333333333
