Dispatcher:0.67
DefaultActionInvocation:0.41888888888888887
DefaultActionInvocationTest:0.3
PrepareOperations:0.24666666666666667
DispatcherTest:0.15666666666666668
