Types:0.44666666666666666
FunctionInvocation:0.4033333333333333
OperatorRewriter:0.2733333333333333
CastResolver:0.23666666666666666
Autoboxer:0.22833333333333333
ArrayRewriter:0.20333333333333334
Functionizer:0.19666666666666666
NilCheckResolver:0.18
DestructorGenerator:0.08666666666666667
JavaCloneWriter:0.03666666666666667
