choiceEditor:0.6033333333333334
charEnumEditor:0.42
setintEnumEditor:0.21333333333333335
intEnumEditor:0.13333333333333333
