QueryManagerTopComponent:0.52
ContainmentManagerTopComponent:0.47
PoolsTopComponent:0.33666666666666667
ListTypeManagerTopComponent:0.30666666666666664
ContainmentManagerService:0.03333333333333333
RefreshLocalCacheAction:0.0
