FileInput:0.59
ByteInput:0.32
MediaRenderer:0.22333333333333333
CacheEntry:0.08333333333333333
