DownloadEngine:0.6166666666666667
GUIUtils:0.49666666666666665
SearchMonitorTab:0.3466666666666667
