Robot:0.41333333333333333
DialogTester:0.29333333333333333
FrameTester:0.2733333333333333
