CacheProxy:0.46
AbstractInternalCacheProxy:0.38666666666666666
AbstractCacheProxyBase:0.3566666666666667
AbstractCacheProxy:0.2866666666666667
LoadAllTask:0.21000000000000002
