SessionManagementConfigurer:0.5266666666666666
AuthenticationConfigBuilder:0.52
HttpConfigurationBuilder:0.3566666666666667
SecurityContextConfigurer:0.15666666666666668
