Filter:0.6766666666666667
JavaScriptProtocol:0.24333333333333335
FrameworkConfig:0.02
