MetricsOptions:0.6533333333333333
VertxOptionsTest:0.2866666666666667
MetricsOptionsTest:0.2733333333333333
