PluginsService:0.56
Plugin:0.5166666666666667
IndexService:0.39
JvmExamplePlugin:0.2633333333333333
SmbSimpleFsIndexStore:0.20333333333333334
SmbMmapFsIndexStore:0.05333333333333334
