PairwiseOidcRegisteredServiceUsernameAttributeProvider:0.45
OAuth20Utils:0.44666666666666666
LdapServiceRegistryDao:0.2633333333333333
OidcServerDiscoverySettingsFactory:0.22416666666666665
TicketHolder:0.18333333333333332
