SPORule:0.4766666666666667
TreeMatch:0.45666666666666667
SearchPlan:0.30666666666666664
PlanData:0.24333333333333335
SearchPlanStrategy:0.21388888888888885
SearchEngineFactory:0.19444444444444445
MatchStrategy:0.19
ReteMatchStrategy:0.07
