JFXColors:0.45666666666666667
SwingColors:0.34
CommonConfiguration:0.33
SwingUIManager:0.245
ServerConfiguration:0.245
EngineEventLogger:0.23666666666666666
JFXUtilsFactory:0.21444444444444447
ARINCColors:0.2
