ExceptionHandler:0.6350714285714286
Spark:0.46
Service:0.3466666666666667
ExceptionHandlerImpl:0.25
