Redisson:0.52
RedissonMap:0.4766666666666667
RedissonMapCache:0.38
RedissonMapCacheTest:0.29333333333333333
RedissonMapReactive:0.24333333333333335
RedissonBatch:0.23333333333333334
RMapCache:0.22337301587301586
RedissonMapCacheReactive:0.2
RedissonLocalCachedMap:0.19333333333333333
EvictionScheduler:0.07666666666666666
MapCacheEvictionTask:0.06
