LSTM:0.33
LSTMGradient:0.23666666666666666
MultiLayerGradient:0.22333333333333333
NeuralNetworkGradient:0.22
OutputLayerGradient:0.19666666666666666
Model:0.15833333333333333
