Gate:0.5633333333333334
TestGate:0.37333333333333335
TestAnnotation:0.3466666666666667
HtmlDocumentHandler:0.32
AnnotationImpl:0.18944444444444442
