DisplayZone:0.4166666666666667
ServerFreeCockpitRuntimeNotif3Test:0.2966666666666667
AbstractCockpitItem:0.28
CockpitItemsManager:0.2678730158730158
FreeServerCockpit:0.26
ServerFreeCockpitRuntimeNotif6Test:0.15666666666666668
FreeServerLayerXMLDFHandler:0.14
ServerFreeCockpitRuntimeNotif4Test:0.07333333333333333
ServerFreeCockpitRuntimeNotif5Test:0.04666666666666667
