DefaultANTLRErrorStrategy:0.5977777777777777
BaseRecognizer:0.5966666666666667
