TGXmlMetaDataReader:0.48
DataLoader:0.47
DatabaseList:0.32166666666666666
NbrowseJdbcAdapter:0.28
DataAdapterI:0.15833333333333333
TouchGraphXmlAdapter:0.14666666666666667
NbrowseDatabase:0.11666666666666667
