GatewayAllocator:0.41333333333333333
CorruptedFileTest:0.33
ElasticsearchAllocationTestCase:0.19333333333333333
IndexDynamicSettingsModule:0.16333333333333333
InternalPrimaryShardAllocator:0.08333333333333333
InternalReplicaShardAllocator:0.08333333333333333
TestAllocateDecision:0.06333333333333334
