ReportEntry:0.52
ColoredPrintingTestListener:0.3233333333333333
CompositeTestExecutionListener:0.20333333333333334
TestReporter:0.12333333333333334
