S3FileInput:0.5233333333333333
FileReadingCollector:0.48333333333333334
FileReadingCollectorTest:0.42333333333333334
LocalFsFileInput:0.19
