Value:0.5766666666666667
Class:0.41333333333333333
Container:0.41
Field:0.39666666666666667
Object:0.39
Enum:0.37
CustomDataType:0.32
AbsNode:0.31333333333333335
ExportBuilder:0.3
GlossaryToEcore:0.29333333333333333
ConstraintToGroove:0.2833333333333333
EnumValue:0.2833333333333333
GlossaryToGxl:0.28
GxlUtil:0.2680952380952381
Tuple:0.25
IntValue:0.24666666666666667
GlossaryToGroove:0.24666666666666667
RealValue:0.24666666666666667
StringType:0.24
RealType:0.24
ContainerValue:0.24
IntType:0.24
DesignToGroove:0.23333333333333334
BoolType:0.23
BoolValue:0.22833333333333333
GrooveToType:0.22333333333333333
StringValue:0.22
CustomDataValue:0.21833333333333332
OppositeProperty:0.215
GlossaryExportBuilder:0.21333333333333335
MetaToGroove:0.21333333333333335
GrammarVisitor:0.21333333333333335
DefaultValueProperty:0.20833333333333334
AbsNodeList:0.2063968253968254
AbsNodeIter:0.2063968253968254
ContainmentProperty:0.20166666666666666
DesignToGxl:0.2
DesignExportBuilder:0.19333333333333333
DesignToEcore:0.19
GxlToGlossary:0.19
GrooveExport:0.18166666666666667
Config:0.18
KeysetProperty:0.17583333333333334
TupleValue:0.175
GrammarGraph:0.17333333333333334
DataType:0.17
AbstractProperty:0.1625
EcoreExport:0.16
ConceptualPorter:0.16
IdentityProperty:0.15666666666666668
EcorePorter:0.1375
Concept:0.13666666666666666
GxlPorter:0.11083333333333334
GrooveToMeta:0.056666666666666664
Preference:0.05333333333333334
Exceptions:0.04373015873015874
