Constants:0.47
MiscUtil:0.4533333333333333
GwtServerHelper:0.37333333333333335
WebUrlUtil:0.26
EntityIndexUtils:0.22333333333333333
