ToAnalysis:0.45666666666666667
NumRecognition:0.43666666666666665
AsianPersonRecognition:0.29
IndexAnalysis:0.25
Graph:0.22
WordAlert:0.17333333333333334
IndexDemo:0.09666666666666666
Demo:0.07666666666666666
RightRate:0.07666666666666666
PersonRecognitionTest:0.07666666666666666
Test:0.06
