UrlUtils:0.5366666666666666
ZookeeperRegistry:0.30333333333333334
AbstractRegistry:0.24333333333333335
