ClientConfig:0.6333333333333333
ConnectionManager:0.38666666666666666
RegionFactoryDefaultTest:0.20666666666666667
HazelcastClientLoader:0.11666666666666667
