FunctionDefinition:0.24
InitialPredicateDefinition:0.1586111111111111
InitialFunctionDefinition:0.1586111111111111
NodeType:0.155
PredicateDefinition:0.11055555555555555
