HqlSqlWalker:0.5433333333333333
IntoClause:0.48
SelectExpressionList:0.21666666666666667
BulkManipulationTest:0.1
