SuspensionPoint:0.45
RubyThread:0.39
RubyStackFrame:0.38666666666666666
SuspensionReader:0.3
RubyDebuggerProxy:0.27666666666666667
RubyLoop:0.18055555555555555
StepThread:0.16
StepSuspensionPoint:0.08666666666666667
ExceptionSuspensionPoint:0.08333333333333333
BreakpointSuspensionPoint:0.013333333333333334
XmlStreamReaderException:0.006666666666666667
