PseudoAtom:0.4766666666666667
AtomContainerSet:0.328
OrderQueryBond:0.3182777777777778
MDLWriter:0.30666666666666664
CDKAtomTypeMatcher:0.2966666666666667
CMLWriter:0.2775
SDFFormat:0.27
AtomTypeManipulator:0.2683333333333333
CDKManager:0.25333333333333335
MolecularFormulaManipulator:0.2475
PDBAtom:0.23666666666666666
LongestAliphaticChainDescriptor:0.23
PeriodicTable:0.22666666666666666
SmilesParser:0.21666666666666667
SmartsQueryVisitor:0.21333333333333335
CDKManagerTest:0.20333333333333334
Mol2Writer:0.20333333333333334
SmilesGenerator:0.19666666666666666
IteratingPCSubstancesXMLReader:0.19666666666666666
Fingerprinter:0.18666666666666668
TemplateHandler:0.18
DefaultRandomAccessChemObjectReader:0.17
SDFWriter:0.17
FragmentAtom:0.15166666666666667
RandomAccessSDFReader:0.15166666666666667
GraphOnlyFingerprinter:0.15
SybylAtomTypeMatcher:0.09666666666666666
PathTools:0.08333333333333333
RDFCalculator:0.08333333333333333
AromaticOrSingleQueryBond:0.03
Symbols:0.03
IIteratingChemObjectReader:0.0
