FlushingHandler:0.6466666666666666
App:0.4033333333333333
