BootstrapButton:0.43333333333333335
BootstrapEditText:0.4266666666666667
FontAwesomeText:0.36
BootstrapCircleThumbnail:0.29333333333333333
BootstrapThumbnail:0.2733333333333333
