AndroidInput:0.28833333333333333
Vector3:0.27666666666666667
AssetManager:0.2633333333333333
Quaternion:0.26
JniGenSharedLibraryLoader:0.24333333333333335
NativeCodeGenerator:0.19066666666666668
AudioBuild:0.17
