MovAvgIT:0.3466666666666667
AggregationBuilders:0.29
Factory:0.28
CardinalityAggregatorFactory:0.2633333333333333
SerialDiffIT:0.22166666666666668
MissingParser:0.07
ValueCountParser:0.07
ValueCountTests:0.06549999999999999
MissingTests:0.04666666666666667
CardinalityParser:0.03666666666666667
CardinalityTests:0.016888888888888887
