SourceElementParser:0.766888888888889
SelectionEngine:0.5533333333333333
