Annotations:0.4866666666666667
StyleInfo:0.42726190476190484
ValueAttribute:0.36666666666666664
ValueType:0.3233333333333333
Proto:0.29333333333333333
NullabilityAnnotationInfo:0.15677777777777777
Scheme:0.0
