GeoQueryContext:0.5766666666666667
GeoContextMapping:0.44666666666666666
GeoContextMappingTests:0.31333333333333335
