KerasLeakyReLUTest:0.24333333333333335
KerasAtrousConvolution2DTest:0.16666666666666666
KerasDeconvolution2DTest:0.12666666666666668
KerasConvolution2DTest:0.12666666666666668
KerasAtrousConvolution1DTest:0.12666666666666668
KerasConvolution1DTest:0.10333333333333333
