Frontier:0.48333333333333334
CrawlScope:0.43666666666666665
CrawlController:0.26
StatisticsTracker:0.21633333333333335
DomainScope:0.21
PathScope:0.21
HostScope:0.21
OrFilter:0.19666666666666666
FilterScope:0.15
BroadScope:0.10333333333333333
