Util:0.6166666666666667
SiteScapeFileSystem:0.4220674603174603
CrossContextConstants:0.4032222222222222
WebdavSiteScape:0.3433333333333333
CCClient:0.33
SiteScapeFileSystemImpl:0.29
DispatchServer:0.16
AuthenticationManager:0.12666666666666668
CCExecutionTemplate:0.05333333333333334
