SearchBookContentsResult:0.4866666666666667
SearchBookContentsActivity:0.4033333333333333
URIResultHandler:0.27
NetworkThread:0.26666666666666666
