RuntimeEnvironment:0.6066666666666667
Repository:0.36
JDBCHistoryCache:0.33666666666666667
JDBCHistoryCacheTest:0.23
FileHistoryCache:0.16333333333333333
HistoryGuru:0.13666666666666666
