Wallet:0.4622222222222222
DustySendRequested:0.33666666666666667
CouldNotAdjustDownwards:0.33666666666666667
WalletTest:0.30666666666666664
ExceededMaxTransactionSize:0.1276190476190476
CompletionException:0.0
