FilterSecurityInterceptorBeanDefinitionParser:0.4666666666666667
FilterSecurityInterceptorBeanDefinitionParserTests:0.32483333333333336
