XmlPage:0.48333333333333334
DomComment:0.4166666666666667
XMLDocument:0.31
XmlPageTest:0.08333333333333333
