SharedProject:0.44
ISharedProject:0.43361111111111106
JupiterDocumentServer:0.32
StopManager:0.32
Jupiter:0.29
ActivitySequencer:0.24333333333333335
SharedResourcesManager:0.16666666666666666
ConsistencyWatchdogHandler:0.16
ActivityQueuesManager:0.15333333333333332
QueueItem:0.12333333333333334
ActivityQueue:0.10833333333333334
ConcurrentDocumentClient:0.09666666666666666
ConcurrentDocumentServer:0.09333333333333334
JupiterServer:0.04
TransformationResult:0.03333333333333333
JupiterClient:0.025
