Config:0.7466666666666667
HazelcastInstance:0.5533333333333333
ClientProtocolErrorCodes:0.32022222222222224
SpringXmlConfigBuilder:0.2633333333333333
ExecutionServiceImpl:0.25333333333333335
ProxyManager:0.24666666666666667
HazelcastClientInstanceImpl:0.23333333333333334
HazelcastInstanceImpl:0.23
ServiceManagerImpl:0.2188888888888889
HazelcastOSGiInstanceImpl:0.21555555555555558
ConfigXmlGenerator:0.18
HazelcastInstanceProxy:0.17333333333333334
HazelcastClientProxy:0.17333333333333334
ClientExceptionFactory:0.11
ClientExceptionFactoryTest:0.10666666666666667
ExecutorServiceTestSupport:0.05694444444444445
DefaultMessageTaskFactoryProvider:0.01
InternalExecutionService:0.0
