StandardLibrary:0.5533333333333333
Plugin:0.47166666666666657
QuorumParser:0.36
Breakpoint:0.33
CompilerError:0.33
VirtualMachineAnnotator:0.27051984126984113
AbstractVirtualMachine:0.2633333333333333
CompilerErrorManager:0.25666666666666665
PluginCall:0.24666666666666667
LineInformation:0.21333333333333335
VirtualMachineEvent:0.21333333333333335
CodeCompletionResult:0.17
LibraryIndexEntry:0.14333333333333334
ExceptionManager:0.14
StringPrintStream:0.13888888888888887
CodeCompletionItem:0.13666666666666666
CodeCompletionRequest:0.13666666666666666
BreakpointManager:0.10888888888888888
VariableWatch:0.07333333333333333
VirtualMachineListener:0.058333333333333334
PluginManager:0.03
PluginReturn:0.0
