GraphJEdge:0.6111111111111112
AspectJVertex:0.19266666666666665
