JsonModel:0.5833333333333334
PathToken:0.26
FieldFilter:0.22666666666666666
JsonAsserterImpl:0.22
JsonModelTest:0.17
