CaChangeCertProfileCommand:0.7752777777777778
CaEditCertificateProfileCommand:0.5703333333333334
