TestCluster:0.5333333333333333
SpecificMasterNodesTests:0.4666666666666667
AbstractIntegrationTest:0.4066666666666667
ElasticSearchTestCase:0.14833333333333334
SimpleValidateQueryTests:0.07666666666666666
ClusterServiceTests:0.05
MinimumMasterNodesTests:0.043333333333333335
ShardsAllocatorModuleTests:0.01
