ScheduledExecutorServiceTestSupport:0.6622222222222222
ICountdownLatchRunnableTask:0.4602777777777778
