LuceneQueryBuilderTest:0.69
QueryBuilderHelper:0.43
Literal:0.23333333333333334
BooleanQueryBuilder:0.21666666666666667
