AccessUtils:0.4633333333333333
Entry:0.42333333333333334
EntityIndexUtils:0.36
WorkflowControlledEntry:0.2633333333333333
Constants:0.20333333333333334
