GwtTeamingMessages:0.32666666666666666
EntryMenuPanel:0.2866666666666667
FolderRow:0.28
GwtRpcServiceImpl:0.25333333333333335
GwtMenuHelper:0.24666666666666667
GwtServerHelper:0.21
GuestbookFolderView:0.17666666666666667
GetSignGuestbookUrlCmd:0.13
ObjectKeys:0.09992063492063492
DataTableFolderViewBase:0.09
GuestCell:0.03333333333333333
DescriptionHtmlCell:0.03333333333333333
DescriptionHtmlColumn:0.0
GuestColumn:0.0
