GPUFluxLightModel:0.5
FluxSpectrum:0.4266666666666667
GPUFluxTracer:0.42
GPUFluxWhittedTracer:0.11972222222222222
GPUFluxLightTracer:0.1
GPUFluxPathTracer:0.1
