LwjglApplicationConfiguration:0.6489523809523811
LwjglGraphics:0.5933333333333334
