DerbyDialect:0.4766666666666667
HibernateLogger:0.4
DerbyTenSixDialect:0.3333333333333333
StandardDialectResolver:0.14333333333333334
