Table:0.8483333333333334
TableLayoutTest:0.31666666666666665
