XwsSecurityInterceptor:0.49583333333333335
AbstractWsSecurityInterceptor:0.41333333333333333
