StringUtils:0.49333333333333335
Database:0.4666666666666667
Query:0.4533333333333333
Logic:0.43666666666666665
DBConnection:0.43022222222222223
Responder:0.41444444444444445
InvalidValueException:0.39
Pointer:0.38666666666666666
table:0.35333333333333333
Node:0.3446666666666667
SourceSyntaxPoints:0.3433333333333333
HtmlChoiceWriter:0.33
JspParseData:0.32666666666666666
FormResponder:0.32666666666666666
NameResolver:0.31333333333333335
ASTUtil:0.31200000000000006
TableManager:0.30333333333333334
booleanEditor:0.2966666666666667
version:0.29
AnalysableExpression:0.2833333333333333
HqlAnalyzeWalker:0.2733333333333333
JSONArray:0.27
SQLPointer:0.26666666666666666
ReadableFormatter:0.26666666666666666
FieldFormatter:0.2633333333333333
JSONObject:0.2633333333333333
copy:0.26111111111111107
RecordParser:0.25333333333333335
ElementData:0.2488888888888889
ComparisonValidationRule:0.24333333333333335
DbConnectionProvider:0.24
TaglibDocGenerator:0.23333333333333334
HibernateTransaction:0.23333333333333334
AnalysableElement:0.23333333333333334
QuerySectionProcessor:0.23333333333333334
Base64:0.23166666666666666
DeleteTag:0.23166666666666666
ptrEditor:0.23
CodeGenerator:0.23
FieldInfo:0.23
FormTagBase:0.23
NumberRangeValidationRule:0.22666666666666666
GraphTS:0.22666666666666666
JSONTokener:0.22666666666666666
DataDefinitionImpl:0.22555555555555554
tableHibernate:0.22333333333333333
PaginationTag:0.22333333333333333
QueryTag:0.22
MDDProvider:0.22
MqlNode:0.21666666666666667
tableHibernateOld:0.21666666666666667
tableOld:0.21666666666666667
ReservedKeywords:0.21611111111111114
FunctionInliner:0.21555555555555553
FieldDefinitionImpl:0.21333333333333335
RecordInfo:0.21333333333333335
dateEditor:0.21
HqlParser:0.21
ObjectImporter:0.21
HqlAnalyzer:0.20333333333333334
jspViewer:0.20333333333333334
RequestAttributes:0.20199999999999999
ErrorFormatter:0.19666666666666666
choiceEditor:0.19666666666666666
LineViewer:0.19333333333333333
booleanViewer:0.19
textEditor:0.18666666666666668
intEditor:0.18666666666666668
NameResolverHook:0.1811111111111111
charEditor:0.18
InlineVisitor:0.18
RecordEditor:0.18
ResponderCacheManager:0.17666666666666667
PageAttributes:0.17666666666666667
ShowResources:0.175
ExternalSetAPITest:0.17
GeneratedCodeViewer:0.16666666666666666
ReferenceChecker:0.16333333333333333
MakumbaResourceServlet:0.16
ResponseControllerHandler:0.16
SourceViewControllerHandler:0.1577777777777778
DataServlet:0.15666666666666668
MDDTypeConverter:0.15
DirectoriesExcludingRepositoriesFilter:0.14833333333333334
textViewer:0.14666666666666667
MakumbaInfoTag:0.14666666666666667
AddTag:0.14666666666666667
charViewer:0.14666666666666667
Pass1FunctionInliner:0.14
binaryViewer:0.14
SearchFieldTag:0.13666666666666666
FieldViewer:0.13666666666666666
MDDRelationVisualiser:0.13333333333333333
ObjectToRecord:0.12666666666666668
NameCase:0.12
DataTypeListerServlet:0.11333333333333333
LogoutTag:0.11
Grouper:0.11
LoginTag:0.11
ParameterAssigner:0.10333333333333333
DataObjectViewerServlet:0.09333333333333334
MakumbaDownloadServlet:0.07666666666666666
checkForeignKeys:0.07666666666666666
DataPointerValueConverter:0.07333333333333333
