Semaphore:0.4033333333333333
Mutex:0.25333333333333335
App:0.11333333333333333
Thief:0.06666666666666667
Jar:0.04
