PropertyBuilder:0.5933333333333334
PropertyDeserializer:0.38
ModelSerializerTest:0.27666666666666667
