XLink:0.5233333333333333
Processor:0.47333333333333333
Harvester:0.38
XmlSerializer:0.22
JeevesJCS:0.19666666666666666
UUIDMapper:0.10944444444444446
Show:0.09
Geonetwork:0.09
