CompletionEngine:0.6533333333333333
RubyScriptCompletion:0.39
CompletionProposalComparator:0.04833333333333333
