StrandedZoomableApolloPanel:0.42333333333333334
LinearView:0.32666666666666666
DiscreteGraphView:0.2425
GraphVisibilityListener:0.19333333333333333
VisibilityEvent:0.15666666666666668
DiscreteGraphMouseListener:0.056666666666666664
