InvokeDynamic:0.5316666666666666
InvokeDynamicTest:0.3
AbstractTypeDescriptionTest:0.24666666666666667
ForExistingField:0.24
ForInstanceField:0.23666666666666666
ForMethodParameter:0.2
ForThisInstance:0.11666666666666667
WithImplicitArguments:0.06666666666666667
SimpleWithFieldInvisible:0.0025
SimpleWithField:0.0025
SimpleWithArgument:0.0025
