Facade:0.6280555555555556
FacadeClient:0.39666666666666667
FacadeImpl:0.26
JaxRpcFacade:0.165
RemoteFacade:0.09666666666666666
