FunctionRegistry:0.6577777777777777
TestArrayOperators:0.21
TestMapOperators:0.19666666666666666
