ResourceGroupId:0.67
TestResourceGroupIdTemplate:0.2177777777777777
TestResourceGroupId:0.18333333333333332
