JDateTime:0.7733333333333333
DstTest:0.25
JDateTimeTest:0.2
FormatterTest:0.15666666666666668
TimeZoneTest:0.12333333333333334
