ComponentTester:0.58
Action:0.44666666666666666
StepEditorTest:0.3433333333333333
EventRecorderTest:0.3
Annotation:0.29333333333333333
ComponentRecorderTest:0.2866666666666667
ComponentTesterTest:0.23
ComponentBrowser:0.23
OSXTest:0.21333333333333335
JSpinnerTester:0.20666666666666667
ArrayEditorTest:0.20333333333333334
ChoiceRecorderTest:0.19333333333333333
JComboBoxRecorderTest:0.19333333333333333
TextFieldTest:0.19111111111111112
MyAnnotation:0.18333333333333332
Call:0.16333333333333333
ActionTest:0.14333333333333334
AnnotationTest:0.13444444444444445
UnitTestSuite:0.12666666666666668
FakeRef:0.0
