RequestPathFlowExecutorArgumentExtractor:0.8333333333333334
RequestPathFlowExecutorArgumentExtractorTests:0.38333333333333336
