ConcordancesEditor:0.8633333333333333
CreateSubcorpusDialog:0.37333333333333335
TxmBrowser:0.3466666666666667
