ReplaySession:0.5716666666666667
SessionWorker:0.36333333333333334
DedicatedModeArchiveConductor:0.29
