TestShadowing:0.5833333333333334
PrestoVerifier:0.5730555555555555
PrestoVerifierModule:0.27666666666666667
