Future:0.5866666666666667
FutureImpl:0.48
FutureTest:0.4633333333333333
