LSTM:0.7433333333333333
LSTMParamInitializer:0.20333333333333334
LSTMTest:0.13333333333333333
