Entry:0.5333333333333333
Default:0.4633333333333333
FieldBinderTest:0.33666666666666667
MethodDelegationFieldTest:0.3333333333333333
Appender:0.31333333333333335
ForImplementation:0.2966666666666667
MethodPool:0.20333333333333334
MethodDelegationOriginTest:0.19666666666666666
ByteBuddyParameterRetentionTest:0.18
AnnotationVisibilityTest:0.11
ForAbstractMethod:0.03
ForAnnotationDefaultValue:0.023333333333333334
ForInlining:0.02
ForCreation:0.01
AbstractDefiningEntry:0.006666666666666667
