AtomContainerTest:0.3466666666666667
SetOfAtomContainersTest:0.19666666666666666
ChemObjectListenerImpl:0.15833333333333333
ChemSequenceTest:0.15
ChemFileTest:0.15
SetOfMoleculesTest:0.15
ChemModelTest:0.14666666666666667
