NodeInfo:0.5733333333333334
NodeService:0.4066666666666667
NodeInfoStreamingTests:0.24
NodesInfoResponse:0.23333333333333334
HttpServer:0.16666666666666666
