SQLParseService:0.6
SQLTypeMappingTest:0.5466666666666666
TransportSQLAction:0.4066666666666667
