GraphState:0.61
Grammar:0.5333333333333333
AbstractGraphState:0.35333333333333333
StartGraphState:0.20666666666666667
