TestResult:0.5316666666666666
AbstractBlackBoxTestCase:0.23666666666666666
AbstractNegativeBlackBoxTestCase:0.21666666666666667
EAN13BlackBox2TestCase:0.12
PDF417BlackBox2TestCase:0.12
RSS14BlackBox2TestCase:0.12
UPCABlackBox3ReflectiveTestCase:0.12
UPCABlackBox4TestCase:0.12
UPCEBlackBox2TestCase:0.12
EAN13BlackBox4TestCase:0.12
UPCABlackBox2TestCase:0.12
UPCABlackBox5TestCase:0.12
UPCABlackBox1TestCase:0.12
FalsePositives2BlackBoxTestCase:0.11333333333333333
PartialBlackBoxTestCase:0.11333333333333333
DataMatrixBlackBox2TestCase:0.11333333333333333
FalsePositivesBlackBoxTestCase:0.11333333333333333
