IntervalConverter:0.3653333333333333
TestConverterManager:0.35
TestStringConverter:0.33
TestReadableIntervalConverter:0.29
TestInterval_Constructors:0.24666666666666667
AbstractInterval:0.20916666666666667
StringConverter:0.16
ReadableIntervalConverter:0.08611111111111111
