DashboardDelegator:0.5266666666666666
DashboardService:0.5152777777777778
SystemInfoPanel:0.39
