CgpDispatcher:0.8666666666666667
CGPServerTest:0.2633333333333333
