DOWriter:0.8112698412698413
SimpleDOWriter:0.45666666666666667
DefaultDOManager:0.39444444444444443
