ReaderFactoryTest:0.4033333333333333
CML2Test:0.39666666666666667
HINReaderTest:0.237
JumboTest:0.23366666666666666
JChemPaintTest:0.19805555555555554
PDBReaderTest:0.1947222222222222
INChIReaderTest:0.16266666666666663
CrystClustReaderTest:0.16266666666666663
INChIPlainTextReaderTest:0.16266666666666663
ShelXReaderTest:0.16266666666666663
