Pointer:0.6
FileMonitorTest:0.36666666666666664
Structure:0.2633333333333333
Kernel32:0.25087301587301586
IntegerType:0.23666666666666666
HANDLE:0.23
FILE_NOTIFY_INFORMATION:0.22833333333333333
W32FileMonitor:0.12333333333333334
Opaque:0.07333333333333333
LONG_PTR:0.03
ULONG_PTR:0.023333333333333334
WPARAM:0.006666666666666667
HANDLEByReference:0.006666666666666667
UINT_PTR:0.006666666666666667
SIZE_T:0.0
W32API:0.0
SSIZE_T:0.0
