NodeNioServer:0.5333333333333333
ObjectDeserializationTask:0.28625396825396826
JPPFRemoteContainer:0.18333333333333332
RemoteNodeIO:0.12666666666666668
LocalNodeIO:0.12666666666666668
