SearchContext:0.6133333333333333
SamplerAggregator:0.33666666666666667
TermsAggregatorFactory:0.26666666666666666
TestSearchContext:0.23333333333333334
FilteredSearchContext:0.23333333333333334
AggregatorTestCase:0.22333333333333333
SignificantTermsAggregatorFactory:0.2
DefaultSearchContext:0.19333333333333333
DiversifiedAggregatorFactory:0.19
