ByteBuddy:0.8233333333333334
SubclassInstrumentationContextDelegateTest:0.23333333333333334
