MProxyImpl:0.545
HazelcastTest:0.46166666666666667
BufferUtil:0.2733333333333333
Serializer:0.2
