GenerateLatexTest:0.7405555555555555
GenerateUtf8Test:0.5543333333333333
