Field:0.4033333333333333
Type:0.31666666666666665
ReflectionCacheSourceCreator:0.26
Stage:0.25
Skin:0.24666666666666667
ClassReflection:0.19222222222222224
