CustomAttribute:0.43666666666666665
FileAttachment:0.43666666666666665
FileModuleImpl:0.38333333333333336
FolderDaoImpl:0.25333333333333335
FolderDao:0.15638888888888888
