Flyway:0.52
DbSupport:0.43644444444444447
MySQLDbSupport:0.3433333333333333
MigrationTestCase:0.32666666666666666
HsqlDbSupport:0.30666666666666664
H2DbSupport:0.2866666666666667
PostgreSQLDbSupport:0.26
OracleDbSupport:0.22666666666666666
DbMigrator:0.21377777777777776
