SelfRegister:0.5333333333333333
Change:0.43666666666666665
Profile:0.33644444444444443
Get:0.2866666666666667
SendLink:0.016666666666666666
