Main:0.54
GCodeWriter:0.47
CartesianGCode:0.30333333333333334
PrintTabFrame:0.27666666666666667
GCodeExtruder:0.22111111111111115
