IDBResource:0.5826111111111111
PersistedDBSpectrumResource:0.52
SpectrumDBResource:0.2866666666666667
DatabaseManager:0.2633333333333333
Bc_databasePlugin:0.18333333333333332
RunDemo:0.14333333333333334
