FlowPropertyResolver:0.64
FlowExecutionHolder:0.4779444444444444
FlowVariableResolver:0.2866666666666667
