DriverConnectionManager:0.6608333333333334
NodeProvisioningRunner:0.22277777777777777
ProxySettingTask:0.22277777777777777
