RevokeEndEntityCommand:0.5703333333333334
UnRevokeEndEntityCommand:0.5703333333333334
