Config:0.8033333333333333
DocViewerController:0.4266666666666667
ConfigRemoteServiceImpl:0.2677777777777778
DocViewer:0.20333333333333334
PatientViewContainer:0.19333333333333336
ConfigObserver:0.13333333333333333
