MultiUserChatManager:0.553
MessagingManager:0.33
MultiChatSession:0.30333333333333334
ChatView:0.2633333333333333
