JobInformation:0.5133333333333333
ServerJob:0.3466666666666667
ConnectionPoolRunner:0.25333333333333335
JPPFJobManager:0.24
AbstractServerJobBase:0.23666666666666666
DriverJobManagement:0.19666666666666666
JobEventTask:0.1
MyTask:0.02666666666666667
