Authorization:0.81
ReadOnlyContext:0.35
DefaultAuthorization:0.26666666666666666
DisseminationService:0.17666666666666667
ActionNamespace:0.09
DatastreamResolverServlet:0.05333333333333334
DatastreamMediation:0.03
