SimpleUrlValidatorFactoryBean:0.6133333333333333
HttpClientProperties:0.3422222222222222
DefaultSingleLogoutServiceLogoutUrlBuilderTests:0.27666666666666667
CasCoreWebConfiguration:0.25333333333333335
