AdminProcessor:0.47
Pointtransfer:0.46907142857142875
Common:0.46907142857142875
PointtransferQueryService:0.3333333333333333
