AtlasRegion:0.51
SpriteBatch:0.42
BitmapFont:0.33
SpriteCacheTest:0.30333333333333334
BitmapFontCache:0.26
TextureAtlas:0.22333333333333333
TileTest:0.20333333333333334
TextureRegion:0.20027777777777778
ParticleEmitter:0.19333333333333333
TextureAtlasTest:0.14
IsometricTileTest:0.13666666666666666
BitmapFontTest:0.13333333333333333
ParticleEmitterTest:0.09333333333333334
