SenderChannel:0.5133333333333333
MediaDriverAdminThread:0.3333333333333333
Aeron:0.27666666666666667
TopologyBuilder:0.21
SharedDirectories:0.21
