MapPanel:0.41333333333333333
MainDesktopPane:0.31
GlobeDisplay:0.2833333333333333
DesktopPane:0.26666666666666666
Resupply:0.2608333333333333
ToolWindowTask:0.235
SettlementMapPanel:0.21666666666666667
ExplorationSitesPanel:0.20333333333333334
MiningSitePanel:0.14
ProspectingSitePanel:0.13333333333333333
FieldSitePanel:0.13333333333333333
UnitWindowTask:0.11333333333333333
MapTask:0.0
