MSWordDocumentFormat:0.5333333333333333
PdfDocumentFormat:0.38666666666666666
RtfDocumentFormat:0.3255555555555556
