BindingDirectoryEditor:0.38
MessageFileEditor:0.38
MessageFileEditorInput:0.29333333333333333
BindingDirectoryEditorInput:0.29333333333333333
AbstractObjectEditorInput:0.2633333333333333
