Environment:0.65
Node:0.4866666666666667
EnvironmentTests:0.35333333333333333
Security:0.2966666666666667
NodeTests:0.15666666666666668
