ShadowViewTest:0.5066666666666667
ResXMLTree:0.38666666666666666
ShadowXmlBlock:0.33666666666666667
