PayloadMethodEndpointAdapterTest:0.22
PayloadMethodEndpointAdapter:0.13766666666666666
MarshallingMethodEndpointAdapter:0.1
MarshallingMethodEndpointAdapterTest:0.07666666666666666
AbstractMethodEndpointAdapter:0.07666666666666666
