ClientMapSource:0.6844444444444445
ClientContainerWidget:0.5733333333333334
