ShadowView:0.7
ShadowWrangler:0.38333333333333336
ViewTest:0.2633333333333333
