Iterator:0.5233333333333333
AbstractTraversableTest:0.38666666666666666
IteratorTest:0.2866666666666667
Node:0.25
AbstractIterator:0.235
TraversableOnce:0.17
