InsnGen:0.5266666666666666
ArithNode:0.29333333333333333
CodeShrinker:0.21
RegionGen:0.19333333333333333
LiteralArg:0.17333333333333334
RegionMaker:0.16333333333333333
