DefaultAuthenticationContextBuilder:0.4033333333333333
SimpleTestUsernamePasswordAuthenticationHandler:0.36
AuthenticationContextBuilder:0.22333333333333333
DefaultPrincipalElectionStrategy:0.13666666666666666
