IPubChemManager:0.8475
PubChemManager:0.5833333333333334
Activator:0.41333333333333333
FinishRunnable:0.2
IJavaScriptPubChemManager:0.1276190476190476
IJavaPubChemManager:0.1276190476190476
PubChemManagerFactory:0.11333333333333333
