Def:0.6233333333333333
FunctionRef:0.4633333333333333
EFunctionRef:0.17666666666666667
ELambda:0.17666666666666667
ECapturingFunctionRef:0.17666666666666667
