OsgiMultiServiceProxyFactoryBean:0.43666666666666665
TargetSourceLifecycleListenerWrapper:0.24666666666666667
OsgiReferenceCollectionNamespaceHandlerTest:0.20333333333333334
ServiceBeanDefinitionParser:0.15666666666666668
CollectionBeanDefinitionParser:0.15
ReferenceBeanDefinitionParser:0.15
OsgiServiceNamespaceHandlerTest:0.14666666666666667
