Publication:0.5166666666666667
UdpTransport:0.38666666666666666
MediaConductor:0.33666666666666667
DataFrameHandler:0.3
EventLogger:0.13666666666666666
