GwtClientHelper:0.43666666666666665
GwtMainPage:0.41
OnSelectBinderInfo:0.30333333333333334
MainMenuControl:0.2816666666666667
ContentControl:0.23361111111111113
AdminControl:0.21944444444444447
ActivityStreamCtrl:0.20833333333333334
FolderOptionsDlg:0.1988888888888889
ContextChangingEvent:0.17666666666666667
