Vector3D:0.49666666666666665
PolyLine3D:0.3333333333333333
MapsExtensionsDependencyTest:0.30666666666666664
ConeMesh:0.25
Map3DItemListRenderer:0.23666666666666666
MainLibrariesDependencyTest:0.22133333333333335
Line3DSegmentRenderer:0.21666666666666667
ServerMap3DItemsUtilities:0.19333333333333333
SphereSegment:0.15333333333333332
