MDate:0.5433333333333333
MetaInfo:0.3333333333333333
Task:0.24666666666666667
MText:0.21666666666666667
FeedThread:0.21333333333333335
ArchiveChannel:0.20333333333333334
XMLRPCClient:0.19666666666666666
MDataOutputStream:0.19305555555555554
InsertDateAction:0.18333333333333332
CalendarWidget:0.16333333333333333
LinkMetaInfo:0.14777777777777779
SummaryCategory:0.10333333333333333
DateRenderer:0.0033333333333333335
