BinderHelper:0.6733333333333333
MobileAjaxController:0.32666666666666666
WebKeys:0.18833333333333332
