StreamUtil:0.5833333333333334
FileUtil:0.5666666666666667
JoddArrayListTest:0.30333333333333334
CompositeIteratorTest:0.3
CompositeEnumerationTest:0.25666666666666665
PrettyStringBuilderTest:0.19
