RecordStore:0.8266666666666667
PartitionWideEntryBackupOperation:0.2377777777777778
MultipleEntryBackupOperation:0.2377777777777778
EntryBackupOperation:0.23666666666666666
DefaultRecordStore:0.16666666666666666
MapStoreTest:0.14666666666666667
ValueSetterEntryProcessor:0.04
