LoggingTool:0.45
MFAnalyser:0.30333333333333334
CycleBasis:0.26416666666666666
AllRingsFinder:0.24666666666666667
CanonicalLabeler:0.24333333333333335
GeometryTools:0.24111111111111108
CrystalGeometryTools:0.22666666666666666
ConnectivityChecker:0.21661111111111112
SmilesParser:0.20333333333333334
PathTools:0.19
MoleculeGraphs:0.18833333333333332
FiguerasSSSRFinder:0.18333333333333332
SSSRFinder:0.17333333333333334
FortranFormat:0.10333333333333333
