DateTime:0.47333333333333333
DateTimeUtils:0.37
MutableDateTime:0.36
Instant:0.33611111111111114
AbstractDateTime:0.3233333333333333
DateMidnight:0.27
TestDateMidnight_Basics:0.25
TestDateTime_Basics:0.24
BaseDateTime:0.1211111111111111
AbstractInstant:0.09333333333333334
