PersistencyHandler:0.5933333333333334
WikiPreparedStatement:0.5533333333333333
QueryHandler:0.47333333333333333
DatabaseConnection:0.36666666666666664
FileHandler:0.28
DefaultQueryHandler:0.27666666666666667
AdminServlet:0.20333333333333334
DatabaseHandler:0.17333333333333334
MySqlQueryHandler:0.06333333333333334
OracleQueryHandler:0.016666666666666666
PostgresQueryHandler:0.016666666666666666
