VersionTests:0.5833333333333334
Version:0.5272222222222223
