ReflectionHelpers:0.8333333333333334
ActivityController:0.38333333333333336
ServiceController:0.23805555555555558
ParallelUniverse:0.19333333333333333
Api19RuntimeAdapter:0.15666666666666668
Api21RuntimeAdapter:0.15666666666666668
