KeywordTokenizer:0.8366666666666667
KeywordTokenizerTest:0.42333333333333334
AllJUnitTests:0.25
