SecureSession:0.7133333333333334
PatientModel:0.24
StudyListPage:0.23333333333333334
PrivPatientModel:0.20750000000000002
TrashListPage:0.1775
WebLoginContext:0.13666666666666666
