ValidatableResponseOptionsImpl:0.6833333333333333
ValidatableResponseOptions:0.3466666666666667
RestAssuredMatchers:0.2866666666666667
ValidatableMockMvcResponseImpl:0.25666666666666665
