Office:0.57
MetaModel:0.4166666666666667
MetaTab:0.39666666666666667
EntityTab:0.39666666666666667
IMetaModel:0.2833333333333333
OfficeValue:0.26666666666666666
IOffice:0.24666666666666667
ModuleTestBase:0.22333333333333333
OfficesTest:0.22333333333333333
MetaConsult:0.22166666666666668
ReceptionistHome:0.22166666666666668
DescriptionsCalculator:0.20333333333333334
OfficeData:0.19666666666666666
OfficeCMP:0.19333333333333333
MetaAggregate:0.17
OfficeBean:0.13666666666666666
