MockBundle:0.6333333333333333
DefaultBundleContextProperties:0.4866666666666667
