ProcessorTestSuite:0.57
Source:0.5580555555555556
PermissionUtils:0.2633333333333333
