ShadowIntent:0.45
RobolectricPackageManager:0.32466666666666666
IntentTest:0.29333333333333333
ResourceExtractor:0.224
WebViewTest:0.22333333333333333
RobolectricPackageManagerTest:0.18666666666666668
ShadowWebView:0.18333333333333332
