AuthConfiguration:0.5466666666666666
HttpClientBuilder:0.46
HttpClientBuilderTest:0.3566666666666667
JerseyClientIntegrationTest:0.30666666666666664
HttpClientConfigurationTest:0.16
