AbstractFlywayMojo:0.8066666666666666
DbMigrate:0.5111111111111111
