PEView:0.57
OpenC:0.5533333333333333
PEViewImp:0.43666666666666665
FileMImp:0.328
SarosCImp:0.328
TeamCImp:0.328
EditorImp:0.2966666666666667
TestPackageExplorerViewComponent:0.29
Tester:0.2816666666666667
OpenCImp:0.2633333333333333
TestSessionViewComponent:0.24666666666666667
TestBasicComponentByAlice:0.24
EclipseComponentImp:0.22337301587301586
TestEditorComponentByAlice:0.22
TestUserWithWriteAccessSavesFiles:0.19333333333333333
TestEditorComponentByAliceAndBob:0.17333333333333334
TestAllParticipantsFollowUserWithWriteAccess:0.16666666666666666
TestConcurrentEditing:0.13333333333333333
STFController:0.12666666666666668
SarosMImp:0.0975
STF:0.07
