SpinnerListener:0.43333333333333335
Spinner:0.4033333333333333
TaskTable:0.3678888888888889
GwtTeamingMessages:0.32666666666666666
GwtTeamingTaskListingImageBundle:0.2833333333333333
UIData:0.27666666666666667
EventHelper:0.24
TaskButton:0.23
ValueSpinner:0.21
ButtonSelector:0.21
TimePicker:0.19666666666666666
TaskDueDateDlg:0.08
TaskPickDateEvent:0.03
