FloatType:0.47333333333333333
FloatOperators:0.27
TestFloatOperators:0.16333333333333333
