RubyBlock:0.41
Position:0.37
RubyModule:0.30333333333333334
RubyMethod:0.30333333333333334
RubyClass:0.30333333333333334
