Tab:0.6466666666666666
Modules:0.49
ModuleManager:0.42333333333333334
