Node:0.64
Constants:0.37333333333333335
IDataLoaderService:0.35833333333333334
DataLoaderService:0.31333333333333335
RegistrationRequest:0.25
IRegistrationService:0.24666666666666667
DataLoaderServiceTest:0.24333333333333335
RegistrationService:0.20666666666666667
PullService:0.11666666666666667
RegistrationRequestMapper:0.10666666666666667
PullServlet:0.09666666666666666
RegistrationServlet:0.09666666666666666
PullResourceHandler:0.07333333333333333
RegistrationResourceHandler:0.0025
