HostListCommandTest:0.6
HostListCommand:0.5966666666666667
DeploymentGroupCreateCommand:0.18
LabelTest:0.16666666666666666
