AuditReaderImpl:0.5066666666666667
CustomTrackingRevisionEntity:0.39666666666666667
RevisionInfoConfiguration:0.35333333333333333
DefaultTrackingEntitiesTest:0.3
DefaultTrackingModifiedTypesRevisionEntity:0.24333333333333335
AnnotatedTrackingRevisionEntity:0.22
AuditReader:0.1646111111111111
CustomEntityTrackingRevisionListener:0.05
CustomTrackingEntitiesTest:0.007777777777777777
DefaultTrackingModifiedTypesRevisionInfoGenerator:0.006666666666666667
AnnotatedTrackingEntitiesTest:0.0033333333333333335
