RSS20Feed:0.6066666666666667
RSS20FeedEntry:0.6033333333333334
FeedResource:0.44666666666666666
