ECKey:0.44666666666666666
ECDSASignature:0.2793333333333333
ECKeyTest:0.24666666666666667
TransactionSignature:0.195
