Engine:0.45666666666666667
IndexShard:0.44666666666666666
Delete:0.44333333333333336
EngineConfig:0.36666666666666664
InternalEngine:0.3466666666666667
InternalEngineTests:0.2833333333333333
IndexShardRecoveryPerformer:0.27
ShadowIndexShard:0.215
ShadowEngine:0.20666666666666667
IndexingMemoryController:0.17666666666666667
ShadowEngineTests:0.17
EngineFactory:0.15644444444444447
StoreRecovery:0.13666666666666666
IndexingMemoryControllerTests:0.13166666666666665
MockInternalEngine:0.09666666666666666
IndexShardTests:0.09
InternalEngineFactory:0.05333333333333334
MockEngineFactory:0.0
