Builder:0.28
AsyncSequencer:0.27444444444444444
SentenceTransformer:0.27
VectorCalculationsThread:0.21444444444444447
ParagraphVectorsTest:0.20333333333333334
VocabConstructor:0.19444444444444445
AbstractVectors:0.17
ParagraphVectors:0.03333333333333333
