ArticleQueryService:0.5733333333333334
IndexProcessor:0.3466666666666667
DomainProcessor:0.30666666666666664
