CacheKeyTest:0.8544444444444443
Jdbc3KeyGenerator:0.5633333333333334
