SniffingConnectionPool:0.5166666666666667
SnifferTask:0.32
SniffingConnectionPoolTests:0.31666666666666665
SnifferTests:0.25333333333333335
