InterfaceFrame:0.43
VlansFrame:0.43
RelateToInterface:0.04666666666666667
ReleaseFromInterface:0.043333333333333335
ReleaseFromVlanAction:0.043333333333333335
RelateToVlanAction:0.015
