Builder:0.42
ParallelInference:0.39166666666666666
BasicInferenceObserver:0.22333333333333333
BasicInferenceObservable:0.22333333333333333
