Word2Vec:0.5933333333333334
InMemoryLookupCache:0.44666666666666666
Word2VecLoader:0.18333333333333332
Huffman:0.15
