Robolectric:0.5066666666666667
RobolectricTest:0.45
RobolectricTestRunnerSelfTest:0.32666666666666666
ParallelUniverse:0.19833333333333336
MyTestApplication:0.11333333333333333
ParallelUniverseTest:0.11
MockProvider:0.03916666666666667
