TpchMetadata:0.57
TpchColumnHandle:0.51
TpchIndexedData:0.41
TpchRecordSetProvider:0.17
TpchIndexResolver:0.16772222222222222
SampledTpchRecordSetProvider:0.16666666666666666
IndexedTpchConnectorFactory:0.16
TpchConnectorFactory:0.12333333333333334
RowNumberTpchColumn:0.02
