SDFEditor:0.69
MoleculeListLabelProvider:0.41333333333333333
StructureTablePage:0.3433333333333333
MoleculeListContentProvider:0.3
