ClientMapProxy:0.6797222222222223
ClientReplicatedMapProxy:0.3938888888888889
