AccessPathNullnessPropagation:0.43666666666666665
NullAway:0.37666666666666665
IndirectInitialization2:0.24333333333333335
NullAwayTryFinallyCases:0.22
IndirectInitialization:0.19333333333333333
