ReportModule:0.6533333333333333
RelevanceDashboardHelper:0.3566666666666667
ObjectKeys:0.2720555555555556
WebKeys:0.2720555555555556
NullReportModule:0.27
AjaxController:0.25666666666666665
ReportModuleImpl:0.21666666666666667
