Buffer:0.6833333333333333
BufferedSource:0.63
ByteString:0.47333333333333333
BufferedSourceTest:0.26
RealBufferedSource:0.23
HashingSinkTest:0.20333333333333334
HashingSink:0.17666666666666667
HashingTest:0.17333333333333334
RealBufferedSourceTest:0.15333333333333332
ReadUtf8LineTest:0.09333333333333334
