EmptyArray:0.7016825396825397
OldFileChannelTest:0.6066666666666667
