Vector:0.7175
Matrix3f:0.30333333333333334
Matrix4f:0.2866666666666667
Vector2f:0.2633333333333333
