InstanceBean:0.6133333333333333
SqlBuilder:0.38666666666666666
QueryCmd:0.36666666666666664
ContentItemBean:0.28
ImageQueryCmd:0.19777777777777777
