ClassMetadata:0.33666666666666667
ApplicationEntityManagerImpl:0.31
WebserviceBean:0.30333333333333334
Util:0.29
KuwaibaService:0.24
SDHModule:0.23
CypherQueryBuilder:0.22666666666666666
InvalidArgumentException:0.21666666666666667
BusinessEntityManagerImpl:0.19333333333333333
MetadataEntityManagerImpl:0.19
InventoryException:0.18333333333333332
UnsupportedPropertyException:0.17333333333333334
MetadataObjectNotFoundException:0.17
ObjectNotFoundException:0.17
NotAuthorizedException:0.14833333333333334
ApplicationObjectNotFoundException:0.13333333333333333
OperationNotPermittedException:0.13333333333333333
ArraySizeMismatchException:0.13166666666666665
WrongMappingException:0.09333333333333334
DatabaseException:0.09333333333333334
ConnectionException:0.09333333333333334
