NewtonSafe:0.4483333333333333
Ridder:0.4
Newton:0.36333333333333334
Secant:0.15666666666666668
FalsePositionTest:0.0
RidderTest:0.0
SimpsonIntegralTest:0.0
SecantTest:0.0
InverseCumulativePoissonTest:0.0
MoroInverseCumulativeNormalTest:0.0
SegmentIntegralTest:0.0
