XMLType:0.8066666666666666
DefaultARINCUtils:0.36333333333333334
DefaultDataTypeHandler:0.23666666666666666
