InsertFromValuesAnalyzerTest:0.36333333333333334
UpdateAnalyzerTest:0.33
BaseAnalyzerTest:0.29503968253968255
DropTableAnalyzerTest:0.29
CopyAnalyzerTest:0.23333333333333334
DeleteAnalyzerTest:0.21
TestMetaDataModule:0.19
TestModule:0.11666666666666667
