Sample:0.37
SampleAction:0.2866666666666667
RecordFactory:0.2633333333333333
SampleFactory:0.20333333333333334
Record:0.19333333333333333
