RowBetweenCondition:0.6797222222222223
BetweenCondition:0.40388888888888885
