Kea:0.7966666666666666
CorpusImporter:0.14333333333333334
