MultipartRequestEntity:0.5033333333333333
AsyncHttpProviderUtils:0.3466666666666667
PropertiesBasedResumableProcessor:0.22
SimpleAsyncHttpClientTest:0.21
BasicAuthTest:0.18333333333333332
