NearCacheConfig:0.63
EvictionConfig:0.4166666666666667
ConfigXmlGenerator:0.37333333333333335
