TestBiomoby4:0.35333333333333333
testBiomoby:0.29333333333333333
testBiomoby2:0.29
TestBiomoby3:0.25333333333333335
