IcuAnalysisBinderProcessor:0.21666666666666667
SimpleIcuCollationTokenFilterTests:0.12
IcuCollationTokenFilterFactory:0.11
IcuTokenizerFactory:0.07333333333333333
IcuIndicesAnalysis:0.06388888888888888
AnalysisICUPlugin:0.02666666666666667
IcuTransformTokenFilterFactory:0.023333333333333334
IcuFoldingTokenFilterFactory:0.02
IcuNormalizerTokenFilterFactory:0.02
SimpleIcuAnalysisTests:0.016666666666666663
IcuIndicesAnalysisModule:0.0
