Saros:0.4
JingleFileTransferManager:0.4
DataTransferManager:0.27
ITransport:0.21865079365079368
Socks5Transport:0.20533333333333334
JingleTransport:0.17
BytestreamTransport:0.16666666666666666
FileMediaManager:0.1577777777777778
JingleFileTransferSession:0.14666666666666667
IBytestreamConnectionListener:0.013333333333333334
