UmlProcessor:0.5121111111111112
IndexGenerator:0.39166666666666666
