HashAggregationBuilder:0.6861111111111111
InMemoryHashAggregationBuilder:0.49666666666666665
AggregationNode:0.4033333333333333
Aggregator:0.28
