Concordance:0.47333333333333333
Vocabulary:0.44333333333333336
QueryIndex:0.38666666666666666
