OkHeaders:0.710388888888889
HttpLoggingInterceptorTest:0.28
FramedTransport:0.27133333333333337
HttpConnection:0.25333333333333335
HeadersTest:0.23666666666666666
HttpURLConnectionImpl:0.23666666666666666
ChunkedSource:0.19633333333333333
OkUrlFactoryTest:0.17333333333333334
