EdgeAttribLoader:0.4766666666666667
TabFile:0.42333333333333334
