QueryStats:0.4766666666666667
StageStats:0.3933333333333333
QueryStateMachine:0.35
BasicQueryInfo:0.32
