TypeExporter:0.5166666666666667
ConstraintToGroove:0.4633333333333333
