VocabWord:0.6233333333333333
InMemoryLookupTable:0.5066666666666667
Builder:0.35
WeightLookupTable:0.33916666666666667
