ControlState:0.6166666666666667
ControlTransition:0.55
AutomatonBuilder:0.3466666666666667
SystemRecord:0.25666666666666665
ControlTest:0.21777777777777782
