UserMgmtService:0.7533333333333333
LoginProcessor:0.34
InitProcessor:0.09666666666666666
