SourceBuilder:0.3933333333333333
StatementGenerator:0.38333333333333336
TreeUtil:0.35333333333333333
ObjectiveCImplementationGenerator:0.31333333333333335
GenerationTest:0.26
ObjectiveCHeaderGenerator:0.26
ObjectiveCSourceFileGenerator:0.23
AnonymousClassConverterTest:0.22
SourceFileGenerator:0.17
TranslationProcessor:0.13666666666666666
ObjectiveCSegmentedHeaderGenerator:0.10333333333333333
