TaskQueueChecker:0.56
NodeNioServer:0.42888888888888893
RemoteNodeMessage:0.22666666666666666
