OAuth20AuthorizeEndpointController:0.47333333333333333
UsernamePasswordWrapperAuthenticationHandler:0.4266666666666667
DefaultUsernameAttributeProviderMapper:0.295
