Block:0.4923888888888888
Range:0.36666666666666664
UncompressedBlock:0.36666666666666664
UncompressedSliceBlockCursor:0.2544444444444444
UncompressedLongBlockCursor:0.22444444444444447
UncompressedBlockCursor:0.2111111111111111
UncompressedDoubleBlockCursor:0.19777777777777777
AlignmentIterator:0.04
