MockPollerConfig:0.4666666666666667
MockDatabase:0.36
Querier:0.24666666666666667
JDBCTemplate:0.19666666666666666
Updater:0.1775793650793651
MockQueryManager:0.14416666666666667
