GapScanner:0.5533333333333333
LossHandler:0.4666666666666667
GapScannerTest:0.45666666666666667
