Future:0.7233333333333334
Promise:0.4533333333333333
Futures:0.43213888888888885
