BaseManipulator:0.6511111111111112
BaseManipulatorTest:0.24666666666666667
