ClientMapNearCacheTest:0.5515555555555556
AbstractParameterizedHazelcastClassRunner:0.4866666666666667
