MongoCredential:0.37333333333333335
MongoClientURI:0.35333333333333333
DBPort:0.32
MongoClientURITest:0.22333333333333333
MongoCredentialTest:0.21666666666666667
ScramSha1Authenticator:0.056666666666666664
