PublicationImage:0.41333333333333333
IpcPublication:0.36666666666666664
NetworkPublication:0.31333333333333335
SubscriptionLink:0.31
AeronClient:0.24333333333333335
CounterLink:0.22
PublicationLink:0.22
DriverManagedResource:0.09166666666666666
