InitMethodTest:0.2833333333333333
ParamTest:0.2833333333333333
PropertyTest:0.26
ShutdownTest:0.26
SetsTest:0.21
ProviderTest:0.21
MixScopeTest:0.21
WireTest:0.18666666666666668
MiscTest:0.17666666666666667
PetiteProxettaContainer:0.17
ManualTest:0.16666666666666666
ScopeTest:0.14666666666666667
FullTypeTest:0.14333333333333334
PetiteShutdownTest:0.12
ProxettaAwareContainerTest:0.11
