GaussianInputWriter:0.26
XYZWriter:0.25333333333333335
CMLWriter:0.23333333333333334
MDLWriter:0.22333333333333333
Mol2Writer:0.21333333333333335
CDKSourceCodeWriter:0.20666666666666667
SMILESWriter:0.2
MDLRXNWriter:0.19
HINWriter:0.19
SVGWriter:0.18333333333333332
PDBWriter:0.18333333333333332
CrystClustWriter:0.15333333333333332
ShelXWriter:0.12
ChemObjectWriter:0.04
