PasteItemsPlugIn:0.6861111111111111
JUMPConfiguration:0.43666666666666665
AutoAssignAttributePlugIn:0.385
ClipToFencePlugIn:0.33166666666666667
