SocketIO:0.4033333333333333
DatagramSocketIO:0.4033333333333333
ServerSocketIO:0.3566666666666667
SocketIOBase:0.13333333333333333
