CAToken:0.6427777777777778
MessagesTest:0.42333333333333334
ExtraAlgorithmsPKCS12Test:0.4166666666666667
