Collection:0.5383333333333333
RootClass:0.3
CacheableNaturalIdTest:0.21666666666666667
NonStrictReadWriteCacheTest:0.21666666666666667
FirstLevelCacheTest:0.14
SecondLevelCacheTest:0.13666666666666666
EntityPersister:0.04
CollectionPersister:0.04
