MatrixImpl:0.8333333333333334
SpecificitesResult:0.39666666666666667
Project:0.38
