ObjectiveCImplementationGenerator:0.34
RewriterTest:0.31
InitializationNormalizerTest:0.2866666666666667
StatementGeneratorTest:0.2866666666666667
InnerClassExtractorTest:0.26
ObjectiveCImplementationGeneratorTest:0.21666666666666667
AnonymousClassConverterTest:0.20666666666666667
