ExprTree:0.38
Expression:0.3433333333333333
Parameter:0.3433333333333333
AspectEdge:0.32
Operator:0.31666666666666665
CallExpr:0.31666666666666665
Constant:0.3
Variable:0.2866666666666667
LabelValue:0.2866666666666667
CtrlFactory:0.27666666666666667
GrooveCmdLineParser:0.26
AspectGraph:0.24666666666666667
FieldExpr:0.23666666666666666
GraphToKth:0.22333333333333333
Util:0.22166666666666668
GrammarProperties:0.19666666666666666
Transformer:0.19476190476190477
VariableNode:0.17476190476190476
Generator:0.17333333333333334
GrammarModel:0.17
Assignment:0.16
GraphConverter:0.15666666666666668
LogReporter:0.11166666666666666
ExpressionTest:0.10333333333333333
PropertiesHandler:0.03333333333333333
