ArticleBean:0.36333333333333334
UserBean:0.36
NullUserBean:0.30666666666666664
PdfRedirector:0.25333333333333335
Login:0.24
HitBean:0.23666666666666666
PubServlet:0.2
PubProperties:0.09666666666666666
