Atom03Feed:0.8216666666666667
Atom03FeedTest:0.22666666666666666
