SubPropertyAction:0.36666666666666664
ValuesSelectionAction:0.35
PropertyAction:0.33666666666666667
SubClassAction:0.20666666666666667
InstanceAction:0.20666666666666667
TopClassAction:0.16666666666666666
DeleteOntologyResourceAction:0.16333333333333333
SearchPR:0.16
EnterEscListener:0.13
ImportCorpusAction:0.12333333333333334
JDBCDSPersistence:0.12333333333333334
SaveDatasetAsArffAction:0.11
SaveOntologyAction:0.11
LoadDatasetAction:0.11
SelectDirectoryAction:0.11
LoadDatasetFromArffAction:0.11
SerializeTransducerAction:0.11
SaveModelAction:0.11
LoadOntologyDataAction:0.11
LoadModelAction:0.11
SaveDatasetAction:0.11
CleanUpAction:0.11
BtnListener:0.09
