Robolectric:0.44
ShadowListView:0.32666666666666666
ShadowSparseArray:0.2633333333333333
ListViewTest:0.12333333333333334
ListAdapterBuilder:0.03
