JChemPaintPanel:0.48
JChemPaint:0.47
JChemPaintEditorPanel:0.44333333333333336
OpenAction:0.24
AppCloser:0.016666666666666666
