TransportListener:0.41
TransportSet:0.4066666666666667
ManagedChannelImplTransportManagerTest:0.34
TransportSetTest:0.16333333333333333
