LogHandler:0.8233333333333334
GOTO:0.7866666666666666
