AtomicQsarAction:0.7719444444444444
QsarAction:0.5442777777777777
