TimeSlot:0.59
TrayIconManagerImp:0.39
Starter:0.3333333333333333
XmlTimeSlot:0.23333333333333334
