ResourceUtil:0.4
MobileDevice:0.36833333333333335
GwtMobileDeviceHelper:0.2644444444444445
SelfResource:0.14666666666666667
