Byte:0.39666666666666667
Lut:0.3333333333333333
DicomImageReader:0.2833333333333333
Short:0.27
PaletteColorUtils:0.12666666666666668
DicomImageReadParam:0.06611111111111112
