Response:0.44
Request:0.43
Headers:0.37
Builder:0.2966666666666667
HttpEngine:0.22666666666666666
HttpURLConnectionImpl:0.22666666666666666
HttpTransport:0.17333333333333334
Entry:0.15666666666666668
HttpAuthenticator:0.1511111111111111
Job:0.14333333333333334
ParsedHeaders:0.12666666666666668
HeadersTest:0.1
CacheStrategy:0.1
