SchemaValidatorImpl:0.35333333333333333
HibernateSchemaManagementTool:0.31666666666666665
SchemaMigratorImpl:0.2733333333333333
AvailableSettings:0.22033333333333333
SchemaDropperImpl:0.20333333333333334
SchemaCreatorImpl:0.14666666666666667
TableGeneratorQuotingTest:0.13
