RetrofitTest:0.4766666666666667
Retrofit:0.36333333333333334
Builder:0.3333333333333333
OkHttpCall:0.24
MethodHandler:0.18
RequestFactory:0.15333333333333332
