RemoteTask:0.49
StageStateChangeListener:0.4666666666666667
TaskStateChangeListener:0.4666666666666667
TaskExecution:0.4401190476190476
Query:0.44
ExchangeClient:0.35
HttpRemoteTask:0.3433333333333333
SharedBuffer:0.3433333333333333
SqlStageExecution:0.3333333333333333
AbstractTestQueries:0.27666666666666667
TaskOutput:0.22
TaskManager:0.2105952380952381
CurrentRequest:0.19333333333333333
SqlTaskExecution:0.16444444444444442
SqlTaskManager:0.14833333333333334
SqlQueryExecution:0.13666666666666666
StatementResource:0.13
StageExecutionNode:0.1258730158730159
MockTaskManager:0.10833333333333334
TaskResource:0.1
UpdateLoop:0.075
ExchangeOperator:0.07166666666666667
SimpleQuery:0.07
HttpRemoteTaskFactory:0.07
ExchangePageIterator:0.04
FutureUtils:0.013333333333333334
