ITestManager:0.6122222222222222
TestManager:0.34
Activator:0.22666666666666666
AbstractManagerMethodDispatcherTest:0.14
JavaManagerMethodTest:0.006666666666666667
JavaScriptManagerMethodTest:0.006666666666666667
IJTestManager:0.0
IJSTestManager:0.0
AllManagerMethodDispatcherTests:0.0
