EventExpander:0.4633333333333333
EventUtil:0.4533333333333333
Persist:0.35
EventdTest:0.27666666666666667
EventHandler:0.14333333333333334
