SVN:0.7866666666666666
SVNTest:0.35333333333333333
SVNBootstrapper:0.26
SVNBootstrapperTest:0.17
