SQL:0.7266666666666667
Metadata:0.37666666666666665
UrlAttribute:0.27666666666666667
LoaderConfig:0.2633333333333333
ExternalUrl:0.16055555555555553
UrlLoader:0.15666666666666668
