LTS:0.7866666666666666
LTSListener:0.7233333333333334
GraphShape:0.48333333333333334
LTSAdapter:0.48333333333333334
AbstractGraph:0.4
GTS:0.39
Simulator:0.37
AbstractGraphShape:0.2966666666666667
GraphTest:0.27666666666666667
CacheReference:0.2733333333333333
ScenarioMenu:0.24583333333333332
RelationCalculator:0.24
AbstractStrategy:0.21333333333333335
LTLBenchmarker:0.21333333333333335
ExplorationStatistics:0.21333333333333335
Generator:0.21
AbstractCacheHolder:0.19666666666666666
GraphShapeCache:0.19666666666666666
ReteStrategy:0.19333333333333333
ProductGTS:0.19
LTSPanel:0.19
LinearStrategy:0.17666666666666667
GraphJModel:0.17666666666666667
LaunchThread:0.17
GeneratorScenarioFactory:0.16666666666666666
ReteLinearStrategy:0.16
ScenarioFactory:0.1525
ClosingStrategy:0.15
CycleAcceptor:0.11476190476190477
AntWorld:0.11333333333333333
GraphCache:0.10333333333333333
MyLTSListener:0.10333333333333333
GTSComparator:0.09666666666666666
GTSListener:0.09333333333333334
FinalStateAcceptor:0.08666666666666667
GenerateProgressMonitor:0.08333333333333333
StatisticsListener:0.055
NewStateCollector:0.05333333333333334
RandomNewStateChooser:0.05333333333333334
PredicateAcceptor:0.04
AnyStateAcceptor:0.016666666666666666
ExploreListener:0.0
