SaveAsAction:0.5066666666666667
AbstractJChemPaintPanel:0.4666666666666667
JCPMenuTextMaker:0.45
