Drawable:0.62
SequenceI:0.5966666666666667
FeatureView:0.44666666666666666
SiteView:0.43666666666666665
AnnotationEditor:0.4033333333333333
Selection:0.38333333333333336
DrawableSeqFeature:0.38333333333333336
DrawableFeatureSet:0.31666666666666665
DragFeatureView:0.30333333333333334
AbstractSequence:0.2966666666666667
FeatureList:0.27666666666666667
ApolloPanel:0.27
AnnotationMenu:0.22666666666666666
PickViewI:0.22416666666666665
TranslatedSequence:0.22
SelectionSet:0.20666666666666667
ScoreCalculator:0.205
Sites:0.2
ScaleView:0.19
EnsCGISequence:0.18333333333333332
SequenceSelector:0.18333333333333332
AnnotationView:0.18333333333333332
GAMESequence:0.17
SiteCodon:0.15
GCScoreCalculator:0.14666666666666667
SelectionManager:0.14333333333333334
MouseManager:0.12333333333333334
FeatureIterator:0.09833333333333333
RightClickActionListener:0.09
