DefaultWidgetFinderTest:0.4666666666666667
Step:0.4622222222222222
AbstractResolver:0.46
