AttributeType:0.5766666666666667
ComplexAttribute:0.3466666666666667
FeatureCollection:0.2833333333333333
AttributeDescriptor:0.135
