InstallThread:0.12605916
ConsoleInstall:0.12136775
Install:0.11093887
NonInteractiveInstall:0.07721265
SwingInstall:0.07369281
