AuthorizationCodeGrantConfigurer:0.67
AuthorizationCodeRequestRedirectFilter:0.5116666666666667
AuthorizationEndpointConfig:0.25666666666666665
