CsvFileArgumentsProvider:0.6933333333333334
CsvFileArgumentsProviderTests:0.26666666666666666
