MiscUtil:0.5566666666666666
GwtUIHelper:0.4766666666666667
ShowHelpTag:0.4
HelpData:0.25
