Reprap:0.5533333333333333
GenericExtruder:0.44333333333333336
Preferences:0.21
Main:0.19333333333333333
