EmbeddedJettyServer:0.5666666666666667
EmbeddedJettyFactory:0.29333333333333333
EmbeddedServers:0.25333333333333335
