GraphManager:0.5933333333333334
Library:0.5166666666666667
Workbench:0.3433333333333333
DoNothingVisitor:0.08333333333333333
