Scheduler:0.7
ShadowHandler:0.31333333333333335
HandlerTest:0.29
SchedulerTest:0.20666666666666667
