SeriesBean:0.5466666666666666
UpdateAttributesService:0.4088888888888889
UpdateAttributesBean:0.27
