SimpleSearchIT:0.5033333333333333
QueryPhaseTests:0.3466666666666667
EarlyTerminatingCollector:0.29333333333333333
EarlyTerminationException:0.2754444444444445
