MetaBroadcaster:0.5216666666666666
DefaultAtmosphereObjectFactory:0.4533333333333333
Universe:0.31833333333333336
AtmosphereResourceStateRecoveryTest:0.2
AtmosphereResourceSessionFactory:0.19555555555555557
DefaultAtmosphereResourceSessionFactory:0.10666666666666667
MetaBroadcasterInjectable:0.10333333333333333
InjectAnnotation:0.013333333333333334
