FeatureSchema:0.6283333333333333
AnnotationSchema:0.5766666666666667
