AdditionalItemsLoadable:0.49666666666666665
Product:0.31333333333333335
MoreItemsViewHolder:0.29333333333333333
HomeView:0.28650000000000003
LoadItemsClickListener:0.27051984126984113
HomeAdapter:0.25
HomePresenter:0.22333333333333333
DependencyInjection:0.21
HomeFragment:0.19333333333333333
SectionHeader:0.13333333333333333
HomeFeedLoader:0.06333333333333334
ProductsOfCategoriesLoaded:0.03333333333333333
ProductsOfCategoriesLoadingError:0.03333333333333333
ProductsOfCategoriesLoading:0.0
