Task:0.5066666666666667
TaskManager:0.4866666666666667
VFSManager:0.36666666666666664
BufferIORequest:0.14
DraggedURLLoader:0.13666666666666666
GetFileTypeRequest:0.09333333333333334
