AdminHomeAction:0.41333333333333333
InitializeLanguagesAction:0.24666666666666667
