WebHelper:0.5722222222222222
Tabs:0.57
ConfigureConfigurationController:0.23
SessionListener:0.11333333333333333
ObjectKeys:0.043333333333333335
