TimeSlotTracker:0.7466666666666667
Configuration:0.4633333333333333
PlatformUtils:0.33
Starter:0.33
ConfigurationWindow:0.26666666666666666
ConfigurationPanel:0.25333333333333335
UserIdleDetectorConfigTab:0.06
