ClientQueueTest:0.5266666666666666
QueueAbstractTest:0.3433333333333333
QueueTestsFrom2X:0.26666666666666666
QueueSplitBrainTest:0.19666666666666666
