NetworkElementFactory:0.5733333333333334
Service:0.41333333333333333
ElementUtil:0.28
