Multiplicity:0.5966666666666667
AllAbstractionTests:0.4
TestMultiplicity:0.21333333333333335
TestShape:0.155
TestGraphNeighEquiv:0.11
TestPreMatch:0.11
