GuideWindow:0.7233333333333334
MainDesktopPane:0.5466666666666666
MainWindowMenu:0.47
