UserDao:0.6133333333333333
GenericDaoTest:0.36666666666666664
UserDaoTest:0.23333333333333334
LibraryDao:0.10333333333333333
StructureDao:0.1
ILibraryDao:0.0
