AbstractStatisticsViewControllerConfiguration:0.5666666666666667
OverViewReportController:0.23333333333333334
