StatisticManager:0.5866666666666667
DataGapRouteReader:0.31666666666666665
AbstractStatsByPeriodMap:0.2855555555555555
ProcessInfoDataWriter:0.18666666666666668
DataGapDetector:0.18
