Options:0.7133333333333334
TranslationProcessor:0.3
ObjectiveCHeaderGeneratorTest:0.2633333333333333
Import:0.24333333333333335
HeaderMappingPreProcessor:0.15333333333333332
