MainWindow:0.4766666666666667
SimulationConfigEditor:0.47
BuildingPanel:0.30333333333333334
SettlementTransparentPanel:0.2633333333333333
CrewEditorFX:0.22666666666666666
MonitorWindow:0.22
CrewEditor:0.21666666666666667
MarsProject:0.21666666666666667
TableTab:0.20666666666666667
