TableSqlMaker:0.5933333333333334
DatabaseMeta:0.5566666666666666
AutoGenerateValueTest:0.22666666666666666
