AbstractContextOptionPane:0.24081026
ActionSet:0.11593567
jEdit:0.09206988
JEditActionSet:0.080604605
GUIUtilities:0.072641
EditAction:0.067663506
JEditAbstractEditAction:0.036127176
EnhancedDialog:0.02537843
