OptionGroup:0.3406797
OptionsDialog:0.24945639
PluginManager:0.048686422
JEditTextArea:0.022050869
PropertiesChanging:0.022007387
jEdit:0.021868259
MacOSXPlugin:0.01992471
EditBus:0.008966209
