ClientConnection:0.63
Http1xTest:0.4033333333333333
ClientHandler:0.2777777777777778
Http1xPool:0.19
