Jaxb2UnmarshallerTest:0.5333333333333333
JaxbUtilsTest:0.46
Jaxb2MarshallerTest:0.2183333333333333
