TransactionImplementation:0.6797222222222223
ParameterAssigner:0.3708333333333333
