FileHistoryCache:0.5333333333333333
MercurialRepository:0.5188888888888888
FileHistoryCacheTest:0.29333333333333333
