QedeqNotNullTraverser:0.42
Context2SimpleXPath:0.37
QedeqVoBuilder:0.3
AbstractModuleVisitor:0.19416666666666665
QedeqVisitor:0.19416666666666665
VisitorContextTest:0.19
