OcspKeyBinding:0.4033333333333333
OcspResponseGeneratorSessionBean:0.2966666666666667
AuthenticationKeyBinding:0.23666666666666666
OCSPServlet:0.23666666666666666
StartServicesServlet:0.16194444444444442
OcspResponseGeneratorSessionLocal:0.013333333333333334
