UDT:0.6153333333333333
UDTImpl:0.38
JavaGenerator:0.37222222222222223
