ProxyServerActor:0.465
ActorRefDelegate:0.41333333333333333
InstrumentMethod:0.39
ObjectProxyServerImpl:0.23333333333333334
