AggregationCollector:0.5666666666666667
LocalAggregationTask:0.35
SymbolVisitor:0.25666666666666665
PlanVisitor:0.24666666666666667
TestJobExecutor:0.08333333333333333
