Config:0.5133333333333333
Display:0.45
Jpdbi:0.20333333333333334
