TableRowGroup:0.54
HTMLTableElementTest:0.31866666666666665
RowContainer:0.16666666666666666
HTMLTableSectionElementTest:0.07666666666666666
