AuthenticationException:0.7466666666666667
CachingAuthenticator:0.53
OAuthInjectable:0.29333333333333333
OAuthProvider:0.12666666666666668
