SourceFileExceptionTest:0.7491111111111111
ConfigAccessTest:0.4266666666666667
