Queries:0.6566666666666666
QueryParseContext:0.29333333333333333
SimpleChildQuerySearchTests:0.29333333333333333
QueryFacetExecutor:0.13333333333333333
FQueryFilterParser:0.13333333333333333
QueryFilterParser:0.13333333333333333
NestedFilterParser:0.13333333333333333
QueryWrapperFilterFactory:0.08333333333333333
