LocalObjectLightWrapper:0.63
SpecialRelationshipChildren:0.33744444444444444
GraphicalRepSpecialRelationshipService:0.2733333333333333
