Redisson:0.6233333333333333
ConnectionManager:0.5933333333333334
