TestSymbolIssues:0.8333333333333334
AnalysisPipeline:0.6066666666666667
