Planner:0.4166666666666667
ESClusterUpdateSettingsPlan:0.4
LegacyUpsertById:0.28
DocReferences:0.24861111111111114
IndexParts:0.21
DependencyCarrierDDLTest:0.16666666666666666
DeletePartitions:0.15416666666666667
