CaptchaProcessor:0.7466666666666667
CommentProcessorTestCase:0.3466666666666667
CommentProcessor:0.22
