AbstractSearchScript:0.49
SearchLookup:0.2866666666666667
CustomBoostFactorWeight:0.24666666666666667
