FieldSet:0.7916666666666666
FieldSetTests:0.30666666666666664
