ExecutorTestHelper:0.425
MetaObjectTest:0.3933333333333333
CustomBeanWrapperFactory:0.3068888888888889
BaseExecutorTest:0.2833333333333333
