WebUrlUtil:0.4655555555555555
SPropsUtil:0.45666666666666667
ZoneContextHolder:0.44333333333333336
LoginFilter:0.25
BaseZoneModule:0.19666666666666666
ZoneContextValve:0.07333333333333333
