InstanceFileLocatorFactory:0.7033333333333334
MBeanInstanceFileLocator:0.6066666666666667
MBeanInstanceFileLocatorTest:0.24
InstanceFileLocatorFactoryTest:0.06
