HyperSearchOperationNode:0.21214607
HyperSearchRequest:0.1079423
HyperSearchFileNode:0.040781215
HyperSearchResult:0.037456214
GUIUtilities:0.03629094
HyperSearchTreeNodeCallback:0.032982618
View:0.031381216
jEdit:0.031077407
SearchAndReplace:0.0306911
Buffer:0.023279443
JEditBuffer:0.019165808
SearchDialog:0.017894182
EditPane:0.017696453
DockableWindowManager:0.0151037
SyntaxUtilities:0.011876775
EditBus:0.010583566
BufferUpdate:0.007933447
EBMessage:0.007034106
HyperSearchFolderNode:0.0070023765
StyleEditor:0.0067491317
DirectoryListSet:0.0064075477
OperatingSystem:0.0061800065
RolloverButton:0.004386409
EBComponent:0.0042159003
HyperSearchNode:0.004077226
DefaultFocusComponent:0.0035389601
SearchMatcher:0.0035187881
SyntaxStyle:0.0024717324
SearchFileSet:9.858555E-4
