MultiChannelGroupByHash:0.47
FeaturesConfig:0.43333333333333335
GroupByHash:0.23666666666666666
SystemSessionProperties:0.21333333333333335
RaptorQueryRunner:0.17111111111111113
TestFeaturesConfig:0.16
GroupByHashPageIndexer:0.12666666666666668
DictionaryLookBack:0.03
