BinderModule:0.5656230158730161
BinderProcessor:0.5553888888888888
AbstractBinderProcessor:0.3433333333333333
SearchFilter:0.30666666666666664
WorkspaceTreeHelper:0.2733333333333333
BinderModuleImpl:0.17
WebKeys:0.1163888888888889
