HttpTransportManager:0.6166666666666667
HttpOutgoingTransport:0.3933333333333333
ParameterConstants:0.376
