Duration:0.3433333333333333
String32:0.31333333333333335
ShortName:0.31333333333333335
String8:0.31333333333333335
String16:0.31333333333333335
URN:0.31333333333333335
PostalAddress:0.2866666666666667
Subscription:0.26
AuditableEvent:0.26
RegistryObject:0.25
Person:0.19166666666666668
Organization:0.19166666666666668
TelephoneNumber:0.14666666666666667
Service:0.14666666666666667
Slot:0.14
ClassificationNode:0.13666666666666666
ExternalIdentifier:0.13666666666666666
Association:0.13666666666666666
PersonName:0.13666666666666666
ServiceBinding:0.13083333333333333
Registry:0.10666666666666667
URI:0.09666666666666666
SpecificationLink:0.09333333333333334
EmailAddress:0.09333333333333334
Identifiable:0.09333333333333334
UUID:0.07333333333333333
Sequence:0.07333333333333333
String4:0.07333333333333333
Classification:0.07
Language:0.06666666666666667
LongName:0.06666666666666667
ExtrinsicObject:0.06333333333333334
ValueList:0.056666666666666664
LocalizedString:0.056666666666666664
Notification:0.056666666666666664
VersionInfo:0.05444444444444444
FreeFormText:0.04611111111111111
ObjectRef:0.03611111111111111
ClassificationScheme:0.023333333333333334
NotifyAction:0.023333333333333334
QueryExpression:0.006666666666666667
ExternalLink:0.006666666666666667
InternationalString:0.0033333333333333335
Action:0.0033333333333333335
Federation:0.0
Value:0.0
User:0.0
RegistryPackage:0.0
AbstractValueToString:0.0
AdhocQuery:0.0
