ChadoInstance:0.8366666666666667
JdbcChadoAdapter:0.53
ParameciumDBChadoInstance:0.33666666666666667
AbstractChadoInstance:0.2866666666666667
