WebServiceTemplate:0.4755555555555555
MarshallingUtils:0.27888888888888885
MarshallingUtilsTest:0.043333333333333335
