PaymentSession:0.5666666666666667
WalletTool:0.48333333333333334
Threading:0.4342063492063492
