BioclipseActivator:0.5866666666666667
Activator:0.3541111111111111
