Foo:0.37
SelectTest:0.28
PropertyTagTest:0.23666666666666666
RestActionInvocationTest:0.22222222222222224
WaitConfigurationProvider:0.16666666666666666
DefaultActionInvocationTest:0.15333333333333332
