Builder:0.5433333333333333
NumberFieldMapperTests:0.31
ScaledFloatFieldMapperTests:0.17333333333333334
