DefaultObjectDeserializer:0.5333333333333333
WriteClassNameTest_Set:0.40888888888888886
ArrayListTypeDeserializer:0.3288888888888889
