JTreeLocation:0.38
ArgumentParser:0.3433333333333333
JTreeTester:0.2633333333333333
ComponentRecorder:0.24666666666666667
JTreeLocationTest:0.20666666666666667
JTreeTesterTest:0.2
JListTester:0.19
JTableTester:0.18
JTreeRecorder:0.10666666666666667
