Utils:0.6366666666666667
RestAdapterTest:0.34
RestAdapter:0.24666666666666667
RestHandler:0.1211111111111111
