ContentTypeHandlerManager:0.6166666666666667
ContentTypeHandlerManagerTest:0.43333333333333335
RestWorkflowInterceptor:0.43
