FsDirectoryService:0.7766666666666666
IndexStoreTests:0.24333333333333335
