ServiceRegistryDao:0.8833333333333333
ServiceRegistryInitializer:0.4
AbstractServiceRegistryDao:0.23666666666666666
