Comment:0.616388888888889
CommentQueryService:0.3477777777777778
NotificationQueryService:0.27
