FieldErrorTagTest:0.5538888888888889
ActionErrorTagTest:0.3383333333333333
ActionMessageTagTest:0.3383333333333333
