Contour:0.48333333333333334
NodeLayout:0.4166666666666667
TreeLayout:0.31666666666666665
