URLValidator:0.3566666666666667
StringLengthFieldValidator:0.31666666666666665
RegexFieldValidator:0.2966666666666667
RequiredStringValidator:0.22333333333333333
