Data:0.6233333333333333
NodeHost:0.27166666666666667
NodeGroupChannelWindow:0.26805555555555555
BatchInfo:0.19416666666666665
TriggerHistory:0.19166666666666668
OutgoingBatches:0.16416666666666666
DataGap:0.15833333333333333
DataEvent:0.15833333333333333
DataRef:0.06833333333333333
