SummaryComputer:0.6155555555555555
Sentence:0.2633333333333333
TagContentTest:0.07333333333333333
