CallTest:0.295
Builder:0.28833333333333333
RequestTest:0.24666666666666667
