Tds:0.6233333333333333
TdsResultSetMetaData:0.26666666666666666
TdsUtil:0.26666666666666666
TdsDefinitions:0.02
