List:0.43666666666666665
Array:0.39
Stream:0.38
Seq:0.37333333333333335
CharSeqTest:0.3233333333333333
Vector:0.2866666666666667
ArrayTest:0.28
StreamTest:0.28
StackTest:0.28
ListTest:0.28
AbstractSeqTest:0.22916666666666666
QueueTest:0.19
VectorTest:0.19
Stack:0.18666666666666668
CharSeq:0.17666666666666667
Queue:0.16666666666666666
