Shadow:0.5866666666666667
SandboxClassLoaderTest:0.4666666666666667
ShadowImpl:0.34
IShadow:0.3175
