OsgiServiceProxyFactoryBean:0.77
ServiceReferenceInjectionBeanPostProcessor:0.36
OsgiServiceAnnotationTest:0.24666666666666667
CardinalityOptions:0.18333333333333332
AbstractOsgiServiceProxyFactoryBean:0.155
OsgiReferenceNamespaceHandlerTest:0.14
ServiceRefAwareWithSingleServiceTest:0.13666666666666666
OsgiSingleServiceProxyFactoryBeanTest:0.13666666666666666
ServiceProxyFactoryBeanTest:0.11333333333333333
ReferenceBeanDefinitionParser:0.11
OsgiMultiServiceProxyFactoryBean:0.08666666666666667
