HandlerSettings:0.7633333333333333
NettyFlowControlTest:0.47333333333333333
AutoWindowSizingOnTest:0.31333333333333335
