View:0.53
ModuleTestBase:0.3566666666666667
MetaView:0.3
POJOPersistenceProviderBase:0.28
ModuleManagerJava5:0.22
SearchByViewKeyAction:0.1925
Classes:0.18333333333333332
ProgrammerTest:0.08666666666666667
Programmer:0.04
Experience:0.03666666666666667
