SelectAnalyzerTest:0.6333333333333333
SymbolFormatter:0.4533333333333333
SelectStatementAnalyzer:0.3233333333333333
SortSymbolValidator:0.11333333333333333
