IocObject:0.8566666666666667
XmlIocLoader:0.4
AnnotationIocLoader:0.23333333333333334
ObjectMakerImpl:0.23
IocLoading:0.16666666666666666
