DictionaryBlock:0.7233333333333334
TestDictionaryBlock:0.32666666666666666
DictionaryBlockEncoding:0.26166666666666666
