QueryRetrieveScpService:0.8333333333333334
MoveTask:0.21666666666666667
GetTask:0.21333333333333335
