SQLiteDatabaseTest:0.68
Pony:0.4736666666666666
RealApisTest:0.2260714285714285
