SerializationService:0.6066666666666667
Node:0.5166666666666667
EntryOperation:0.23333333333333334
Foo:0.19420634920634922
GroupProperties:0.17194444444444446
TestManagedContext:0.15333333333333332
TxnMultiMapTest:0.15
TxnCommitBackupOperation:0.14333333333333334
SerializationTest:0.07
