AbstractDbDialect:0.48
IDbDialect:0.235
MsSqlDbDialect:0.20666666666666667
MySqlDbDialect:0.20666666666666667
OracleDbDialect:0.20666666666666667
