Pipeline:0.5
ConfigurationUtils:0.41
PipelineExecutionServiceTests:0.27666666666666667
PipelineFactoryTests:0.2733333333333333
Factory:0.11666666666666667
SimulateExecutionServiceTests:0.09916666666666667
