PortletTestUtils:0.54
PortletProcessingInterceptor:0.30666666666666664
PortletSessionContextIntegrationInterceptorTests:0.2833333333333333
PortletProcessingFilterEntryPoint:0.14333333333333334
MockPortletAuthenticationManager:0.056666666666666664
