SimpleValue:0.6061111111111112
SequenceStyleConfigUnitTest:0.25666666666666665
