JoinGraph:0.7533333333333333
Builder:0.5
PlanOptimizers:0.21
TestReorderJoins:0.20666666666666667
Rewriter:0.09
