ISODateTimeFormat:0.4766666666666667
LocalDate:0.41333333333333333
TestLocalTime_Constructors:0.36333333333333334
TestISODateTimeFormatParsing:0.31333333333333335
TestLocalDateTime_Constructors:0.30666666666666664
LocalTime:0.26666666666666666
TestYearMonthDay_Constructors:0.2633333333333333
TestLocalDate_Constructors:0.25333333333333335
TestTimeOfDay_Constructors:0.24666666666666667
LocalDateTime:0.24333333333333335
TestDateTime_Constructors:0.23
TestAll:0.07388888888888888
