Mongo:0.5933333333333334
MongoClientOptions:0.47333333333333333
Builder:0.34
MongoOptionsTest:0.13333333333333333
