MockTransportService:0.29
DiscoveryWithNetworkFailuresTests:0.27666666666666667
NetworkPartition:0.24666666666666667
NoOpDisruptionScheme:0.20333333333333334
SingleNodeDisruption:0.20333333333333334
ServiceDisruptionScheme:0.18527777777777776
NetworkDelaysPartition:0.08
