GuiLib:0.7633333333333333
MainPanel:0.6155555555555556
