EntryMenuPanel:0.49
GwtViewHelper:0.35333333333333333
GwtTeamingMessages:0.32666666666666666
FolderViewBase:0.30333333333333334
SearchUtils:0.30333333333333334
InvokeAddNewFolderEvent:0.30333333333333334
GwtTeamingImageBundle:0.2833333333333333
EventHelper:0.24400000000000002
FolderDisplayDataRpcResponseData:0.24333333333333335
GwtRpcServiceImpl:0.23
GwtServerHelper:0.214
GwtMenuHelper:0.20666666666666667
ViewPinnedEntriesEvent:0.16666666666666666
DataTableFolderViewBase:0.14666666666666667
SaveFolderPinningStateCmd:0.02666666666666667
FolderRowComparator:0.0
