CsvPrinter:0.4666666666666667
Query:0.45888888888888885
TestCsvPrinter:0.25666666666666665
