GwtTeamingImageBundle:0.54
GwtQuickViewDlg:0.49333333333333335
GwtMainPage:0.41333333333333333
WorkSpaceActionHandler:0.35800000000000004
