EventProxyException:0.7566666666666667
SnmpCollector:0.33
SnmpThresholder:0.2866666666666667
TcpEventProxy:0.28
LatencyThresholder:0.27
