BoundedLocalCache:0.4866666666666667
ReferenceTest:0.3333333333333333
IsValidBoundedLocalCache:0.23
LoadingCacheTest:0.21833333333333332
CacheGenerator:0.19333333333333333
ExpirationTest:0.16333333333333333
