WASSIBQManager:0.6333333333333333
DestinationInformationDialog:0.5366666666666666
DestinationInformationHandler:0.03333333333333333
