Setting:0.6872222222222223
ClusterSettingsIT:0.4033333333333333
