Builder:0.5533333333333333
AbstractTestQueries:0.3566666666666667
FunctionRegistry:0.31333333333333335
