DurableExecutorConfig:0.7733333333333333
DurableExecutorConfigReadOnly:0.30666666666666664
