DSL:0.5733333333333334
Dual:0.4166666666666667
jOOQAbstractTest:0.4
GeneralTests:0.24333333333333335
TableFunctionTests:0.11333333333333333
