DownloadAdapter:0.5033333333333333
DownloadTaskQueue:0.47333333333333333
MultiTaskActivity:0.23
