TopicOverloadAbstractTest:0.5533333333333333
ClientReliableTopicOverloadTest:0.24888888888888885
TopicOverloadTest:0.1188888888888889
TopicOverloadDistributedTest:0.1188888888888889
