ServiceManager:0.5366666666666666
BasicOperationService:0.5066666666666667
CompletableFutureTask:0.37
