VocabularyWriter:0.55
WebCrawler:0.4033333333333333
HttpAccessor:0.4033333333333333
