BuildDefinitionDivs:0.5366666666666666
TreeTag:0.51
ViewController:0.2833333333333333
