HttpSecurityBeanDefinitionParserTests:0.6402777777777778
Elements:0.5405555555555556
HttpSecurityBeanDefinitionParser:0.48
