ToolboxDialog:0.79
ToolboxPlugIn:0.25333333333333335
EditingPlugIn:0.21666666666666667
MoveCloser:0.13
