PollablesTest:0.38333333333333336
PollableContainer:0.24333333333333335
PollContext:0.2426111111111111
PollableInterface:0.23
PollableElement:0.22333333333333333
PollableNode:0.21333333333333335
PollableService:0.18333333333333332
PollableNetwork:0.15666666666666668
MockPollContext:0.0761111111111111
PollOutage:0.05333333333333334
