ContextImpl:0.3433333333333333
HttpTest:0.23333333333333334
NetTest:0.22666666666666666
NetServerImpl:0.21666666666666667
HttpServerImpl:0.21666666666666667
DatagramSocketImpl:0.19
DnsClientImpl:0.18333333333333332
DNSTest:0.18
DatagramTest:0.18
WorkerContext:0.13
EventLoopContext:0.13
MultiThreadedWorkerContext:0.12333333333333334
