DB:0.64
MongoCredential:0.56
JavaClientTest:0.29333333333333333
DBPort:0.2633333333333333
MongoClientURI:0.25333333333333335
GSSAPIAuthenticator:0.22666666666666666
MongoCredentialTest:0.21333333333333335
Authenticator:0.16333333333333333
MongoClientURITest:0.16
GenericSaslAuthenticator:0.15
NativeAuthenticator:0.12
DBPortTest:0.11333333333333333
MongoURITest:0.11
GSSAPICredentialsExample:0.08333333333333333
MongoCredentialsExample:0.08333333333333333
MongoClientTest:0.08333333333333333
