WidgetFactory:0.48
XMLWidget:0.3933333333333333
XMLObject:0.39
GLGraphics2D:0.37
XMLAttribute:0.35333333333333333
XMLMapItem:0.33
XMLObjectAttribute:0.32
ARINCDefinition:0.3046666666666667
XMLMessage:0.30333333333333334
Param:0.2966666666666667
AbstractEditorEngine:0.28
ServerWidgetDefinition:0.25
SynthModel:0.24666666666666667
DefaultBufferOfItemsConverter:0.24
LookDefinitionHandler:0.24
FastLineVisitor:0.23972222222222223
ServerXMLWidget:0.23666666666666666
Channel:0.2211111111111111
G2DGLShapeDrawer:0.21333333333333335
ARINCModelFactory:0.20333333333333334
BufferOfItemsConverter:0.2
LineDrawingVisitor:0.19666666666666666
EditorEngine:0.19333333333333333
AbstractWidgetFactory:0.19
LookDefinitionHandlerCheckKO5Test:0.17666666666666667
ServerXMLMapItem:0.17333333333333334
BoundedAttribute:0.16666666666666666
SynthLineUI:0.16666666666666666
LookDefinitionHandlerCheck2Test:0.15333333333333332
LegendRenderer:0.13666666666666666
NetworkCloneDecoderTest:0.06333333333333334
