DownloadConfigDialog:0.6266666666666667
FWLogoPanel:0.17666666666666667
