CrateSettings:0.6833333333333333
BulkShardProcessor:0.4066666666666667
SymbolBasedBulkShardProcessor:0.31333333333333335
ProjectionToProjectorVisitor:0.2966666666666667
PlannerTest:0.27
NodeVisitor:0.24666666666666667
InformationSchemaTest:0.21333333333333335
TransportBulkCreateIndicesAction:0.17
AbstractIndexWriterProjector:0.15666666666666668
IndicesCreatedObserver:0.14666666666666667
TimeSetting:0.13333333333333333
SysClusterSettingsTest:0.12
UpdateProjector:0.11666666666666667
ClusterSettingsExpression:0.03333333333333333
