AjaxController:0.44666666666666666
MobileAjaxController:0.31333333333333335
LoginFilter:0.23333333333333334
DashboardAjaxController:0.17333333333333334
