SysCheckerIntegrationTest:0.6136111111111111
CrateCoreModule:0.31
SysChecksModule:0.21666666666666667
