ASTUtil:0.7133333333333334
SourceElementParser:0.6033333333333334
