ConcordancesEditor:0.6266666666666667
LineLabelProvider:0.41333333333333333
SpecificitiesTableEditor:0.3466666666666667
