ViewUtil:0.48333333333333334
FormSubmissionUtils:0.32666666666666666
WebResources:0.27
UploadedFile:0.24666666666666667
EditLinkedListsTag:0.16333333333333333
MultipartRequestHandler:0.15333333333333332
EditListTag:0.14966666666666667
FormPresentationUtils:0.14333333333333334
SubmitStartProcessFormAction:0.11666666666666667
FileUploadServlet:0.11166666666666666
ViewListTag:0.11
DisplayLinkedListsTag:0.10666666666666667
SubmitTaskFormAction:0.08333333333333333
DisplayLinkedMapsTag:0.07666666666666666
DisplayVariableTag:0.07333333333333333
InputVariableTag:0.07333333333333333
Resources:0.023333333333333334
