GeneAlleleLinkingBean:0.65
GeneAlleleLinkingBeanImpl:0.4033333333333333
ObsoleteGene:0.2966666666666667
NullGeneAlleleLinkingBean:0.2633333333333333
GeneAlleleLinkingTable:0.22611111111111115
GeneAlleleLinkingBeanFactory:0.2
AlleleBeanTest:0.15
