ParameterStringBuilder:0.6333333333333333
Lucene:0.37333333333333335
Articles:0.25666666666666665
Hits:0.22666666666666666
Genes:0.1813888888888889
Terms:0.1813888888888889
