Builder:0.5633333333333334
NeuralNetConfiguration:0.5633333333333334
RBM:0.44
MultiLayerTest:0.18666666666666668
RBMTests:0.17333333333333334
TrainMultiLayerConfigTest:0.14666666666666667
TestSparkMultiLayer:0.14
MultiNeuralNetConfLayerBuilderTest:0.14
