BinderProcessor:0.6333333333333333
AccessControlManager:0.63
FileModuleImpl:0.31
EntityIndexUtils:0.3
NullAccessControlManager:0.2966666666666667
AbstractBinderProcessor:0.29333333333333333
AccessControlManagerImpl:0.26666666666666666
AbstractAdminModule:0.24333333333333335
DefaultTemplateCoreProcessor:0.19333333333333333
SharingModuleImpl:0.16333333333333333
