ServletFlowExecutionManager:0.39
DefaultFlowExecutionStorage:0.36333333333333334
FlowExecutionManager:0.36
HttpSessionScopeAccessor:0.31536507936507924
ExternallyScopedTokenTransactionSynchronizer:0.13333333333333333
ContinuationFlowExecutionStorage:0.0033333333333333335
ExternalScopeAccessor:0.0011111111111111111
