Consumer:0.5
ChannelTest:0.31
Channels:0.26666666666666666
CircularBuffer:0.23666666666666666
TickerChannelTest:0.22333333333333333
CircularObjectBuffer:0.145
CircularDoubleBuffer:0.135
CircularLongBuffer:0.135
CircularFloatBuffer:0.135
CircularIntBuffer:0.135
TickerIntChannel:0.11722222222222221
TickerDoubleChannel:0.11
TickerLongChannel:0.11
TickerFloatChannel:0.11
TickerObjectChannel:0.04
