MAbout:0.51
PrintPreview:0.43666666666666665
PrintDialog:0.3933333333333333
