PharmacophoreQueryBond:0.4766666666666667
PharmacophoreQueryAngleBond:0.4766666666666667
PharmacophoreQueryAngleBondTest:0.21
