PrimitiveSerializers:0.49333333333333335
DocumentSerializer:0.4033333333333333
Builder:0.3466666666666667
DocumentSerializerTest:0.15666666666666668
