XmlPlugin:0.54
TagHighlight:0.4633333333333333
GeneralOptionPane:0.21333333333333335
SAXParserImpl:0.17666666666666667
SwingHTMLParserImpl:0.14333333333333334
