TypeName:0.43666666666666665
TypeVariableName:0.4033333333333333
ClassName:0.38666666666666666
AnnotatedTypeNameTest:0.34
WildcardTypeName:0.23666666666666666
ArrayTypeName:0.22
ParameterizedTypeName:0.19333333333333333
