DummyAuditLogger:0.49894444444444447
AuditLogger:0.39466666666666667
TransactionLogger:0.37833333333333335
OCSPServletBase:0.33
PatternLogger:0.2
ITransactionLogger:0.18
IPatternLogger:0.10166666666666667
IOCSPLogger:0.0
