Window:0.5033333333333333
Document:0.41333333333333333
DocumentTest:0.36
WindowTest:0.18333333333333332
