Util:0.9066666666666666
UtilTest:0.2633333333333333
