Constants:0.7266666666666667
WebserviceBean:0.43333333333333335
WebserviceBeanImpl:0.4033333333333333
BGPSynchronizer:0.35333333333333333
Util:0.33
ComponentConnectionCreator:0.25
KuwaibaService:0.24333333333333335
SyncUtil:0.22
BridgeDomainSyncProvider:0.20666666666666667
