SessionImpl:0.5716666666666667
RegisteredSynchronization:0.38666666666666666
SynchronizationCallbackCoordinatorImpl:0.3130555555555556
