QueryCmd:0.3433333333333333
StoreScp:0.3
SeriesQueryCmd:0.2995238095238095
StudyQueryCmd:0.29333333333333333
SeriesBean:0.24333333333333335
StudyBean:0.21666666666666667
StorageBean:0.16
