StringGrid:0.6566666666666666
StringUtils:0.5066666666666667
