Factory:0.8966666666666666
Resource:0.6994007936507937
