ServerMapItem:0.6
ServerEngine:0.6
ServerMapItemList:0.54
ConcreteLayer:0.49333333333333335
ARINCMapHorzItems:0.4533333333333333
Legend:0.398
Triangle:0.38333333333333336
WidgetDefinition:0.38333333333333336
Channel:0.38
ServerApplication:0.37333333333333335
LookDefinition:0.3566666666666667
ConcreteLayerPainter:0.35
ARINCModelFactory:0.35
LookDefinitionHandler:0.33466666666666667
ARINCMapVertItems:0.32666666666666666
ItemStyle:0.3146666666666667
DefaultProcessingListener:0.30333333333333334
BasicServerEngine:0.2985555555555556
EditorApplication:0.2966666666666667
AbstractContainer:0.29
ItemList:0.2833333333333333
ARINCMapGrid:0.28
TriangleDouble:0.28
LegendAnchor:0.278
AbstractMapItem:0.2733333333333333
SymbolGeneric:0.25666666666666665
AbstractProjectedMapItem:0.25333333333333335
TriangleSegment:0.24666666666666667
BufferOfItems:0.24083333333333334
SymbolRotated:0.24
TriangleEnd:0.24
ServerDisplay:0.23666666666666666
SymbolOval:0.23166666666666666
LineStart:0.23166666666666666
SymbolCircle:0.23166666666666666
FilledPolyStart:0.23166666666666666
SymbolRunway:0.23166666666666666
SymbolTarget:0.23166666666666666
SymbolRectangle:0.23166666666666666
LineSegment:0.23166666666666666
DrawLineToCursor:0.23166666666666666
ServerMessageProcessor:0.22333333333333333
ItemSynchronization:0.22333333333333333
BoundedProperty:0.21333333333333335
TriangleStart:0.21333333333333335
EditorApplications:0.21
ServerWindow:0.21
AbstractEditorEngine:0.21
AbstractEventQueue:0.20666666666666667
AbstractARINCElement:0.20666666666666667
ServerXMLDFHandler:0.20333333333333334
SynthLookGenerator:0.20333333333333334
LookDefinitionWriter:0.20166666666666666
LineArc:0.2
AbstractWidget:0.19666666666666666
ServerBinaryDFHandler:0.19333333333333333
ComponentDefinition:0.19
MapHorzItemsRenderer:0.18333333333333332
AbstractServerEngine:0.18333333333333332
MapVertItemsRenderer:0.18333333333333332
AbstractMapItemList:0.17666666666666667
WidgetsGenerator:0.17
ServerMapItemsUtilities:0.16666666666666666
TriangleEndDouble:0.16333333333333333
TriangleSegmentDouble:0.16333333333333333
LegendPopUp:0.16
SynthWriter:0.15666666666666668
LegendAnchorRotated:0.155
EditorEngine:0.15
LookDefinitionHandler3Test:0.15
LookDefinitionHandler2Test:0.15
ToSynthModel:0.13333333333333333
MapHorzSourceProjection2Test:0.11666666666666667
LookDefinitionHandlerTest:0.11666666666666667
LookDefinitionWriterTest:0.11333333333333333
AbstractWidgetComponent:0.10666666666666667
NotRenderedWidget:0.10666666666666667
AbstractInteractiveWidget:0.10666666666666667
WidgetChangeTag:0.10666666666666667
AbstractServerObject:0.10666666666666667
AbstractInteractiveContainer:0.10666666666666667
MapVertSourceProjection2Test:0.09333333333333334
LayerHelper:0.08333333333333333
ToSynthGenerator:0.07972222222222221
RawSynthStyle:0.065
MapItemsRenderer:0.04
AbstractExtension:0.023333333333333334
EndReceptionRunnable:0.0
