RepeatListenerSupport:0.5482222222222222
JobLocator:0.4407777777777778
ExitCodeMapper:0.4407777777777778
JobFactory:0.42333333333333334
JobRegistry:0.42333333333333334
ExportedJobLauncher:0.39166666666666666
ListableJobRegistry:0.27051984126984113
CommandLineJobRunner:0.16
CompositeRepeatListener:0.13666666666666666
SimpleExportedJobLauncher:0.13333333333333333
SystemExiter:0.10666666666666667
RepeatListenerTests:0.1
SimpleExportedJobLauncherTests:0.08666666666666667
SimpleJvmExitCodeMapper:0.06666666666666667
RetryListenerSupport:0.06066666666666667
StubJobLauncher:0.03666666666666667
ScheduledJobParametersFactoryTests:0.03
DefaultJobParametersFactoryTests:0.02666666666666667
RetryListenerTests:0.023333333333333334
SimpleJvmExitCodeMapperTests:0.02
ScheduledJobParametersFactory:0.02
CommandLineJobRunnerTests:0.011111111111111112
CompositeRepeatListenerTests:0.006666666666666667
RetryListenerSupportTests:0.0044444444444444444
DefaultJobParametersFactory:0.0033333333333333335
JvmSystemExiter:0.0
