PluginXMLHelper:0.44666666666666666
PluginRegistry:0.42333333333333334
PluginRegistryTest:0.37666666666666665
ProjectXMLHelper:0.2966666666666667
MockBadBuilder:0.17407539682539683
EmailPublisherTest:0.15333333333333332
PluginXMLHelperTest:0.14
