StatisticsTracker:0.4819999999999999
MemUURISet:0.4
MemFPUURISet:0.07133333333333333
