DateUtility:0.5833333333333334
Server:0.3466666666666667
TestRESTAPI:0.29
FedoraAPIMBindingSOAPHTTPImpl:0.22
FieldSearchResultSQLImpl:0.21666666666666667
FedoraClient:0.21
FedoraAccessServlet:0.18333333333333332
DatastreamResource:0.17333333333333334
ListMethodsServlet:0.16666666666666666
FedoraAPIABindingSOAPHTTPImpl:0.16333333333333333
FieldSearchSQLImpl:0.15666666666666668
MethodResource:0.15333333333333332
TestDateUtility:0.14666666666666667
FedoraObjectResource:0.13666666666666666
ListDatastreamsServlet:0.11
DateTimeParam:0.10333333333333333
