AWSRequestMetrics:0.89
RequestExecutor:0.47
SdkHttpRequestExecutor:0.20333333333333334
SdkHttpRequestRetryHandler:0.19666666666666666
