BundleCreationTst:0.7533333333333333
RunBundleCreationTest:0.3933333333333333
