JoddJspFunctions:0.5266666666666666
JspValueResolver:0.3383333333333333
CsrfShield:0.2733333333333333
URLCoder:0.25333333333333335
