NodeService:0.7166666666666667
ConfigurationChangedFilter:0.31333333333333335
ConfigurationChangedDataRouter:0.2633333333333333
NodeServiceSqlMap:0.21333333333333335
