AbstractAuthenticationTargetUrlRequestHandler:0.5466666666666666
SavedRequestAwareAuthenticationSuccessHandler:0.5166666666666667
SimpleUrlAuthenticationSuccessHandlerTests:0.26666666666666666
SavedRequestAwareAuthenticationSuccessHandlerTests:0.07666666666666666
