BatchModifyParser:0.5916666666666667
OneEmptyObjectTestSetup:0.25666666666666665
NewObjectDialog:0.24
CreateAction:0.23666666666666666
