GwtTeamingMessages:0.5422222222222223
GetDownloadFileUrlCmd:0.38666666666666666
GwtClientHelper:0.3606666666666667
DownloadCell:0.24333333333333335
GwtServerHelper:0.2306666666666667
GwtRpcServiceImpl:0.19333333333333333
