FluxSpectrum:0.7766666666666666
SpectralDiscretization:0.43
FluxSpectralLight:0.14666666666666667
