DefaultDOManager:0.5644444444444445
FedoraAPIMBindingSOAPHTTPImpl:0.4766666666666667
FedoraAPIABindingSOAPHTTPImpl:0.43
