ConstructionStageInfo:0.5866666666666667
BuildingConfig:0.43
Building:0.33
StructureMapLayer:0.18333333333333332
ConstructionSiteTest:0.17
ConstructionStageInfoTest:0.14333333333333334
ConstructionStageTest:0.14333333333333334
ConstructionConfig:0.12666666666666668
