JPPFDriver:0.5433333333333333
NioServer:0.43
NodeNioServer:0.34
ClassNioServer:0.29
ClientNioServer:0.2513888888888889
AcceptorNioServer:0.2513888888888889
