Player:0.47333333333333333
Canvas:0.45
MapControls:0.37
UserInputHandler:0.20333333333333334
CanvasKeyListener:0.18333333333333332
FullScreenFrame:0.14666666666666667
WindowedFrame:0.10777777777777776
