EncodedRuleFormula:0.27666666666666667
ConditionalScenario:0.24333333333333335
ScenarioMenu:0.21666666666666667
GeneratorScenarioFactory:0.14
AcceptorEnumerator:0.12333333333333334
InvariantViolatedAcceptor:0.11444444444444445
ExploreCondition:0.09333333333333334
StrategyEnumerator:0.08666666666666667
Predicate:0.06666666666666667
ConditionalAcceptor:0.056111111111111105
ConditionalBFSStrategy:0.03
PredicateAcceptor:0.02666666666666667
ScenarioFactory:0.019166666666666665
ConditionalStrategy:0.006944444444444445
