ExecutorManager:0.47
SimpleMapTest:0.3466666666666667
GroupProperties:0.31666666666666665
