EditorManager:0.59
SarosUI:0.35333333333333333
SharedDocumentProvider:0.2811111111111111
UndoManager:0.21666666666666667
EditorPool:0.20111111111111113
JDTSupport:0.17333333333333334
IJDTSupport:0.14833333333333334
JDTFacade:0.11333333333333333
