QueryDataResultStream:0.46
ClientMapProxy:0.4066666666666667
HazelcastClient:0.30333333333333334
ClusterRuntimeState:0.2582777777777777
LocalMapStatsImpl:0.24722222222222223
MapClientRequestTest:0.18333333333333332
AbstractMapQueryRequest:0.15333333333333332
ClientMapTest:0.14666666666666667
