ObjectNode:0.7133333333333334
ActionlessObjectNode:0.34
NavigationTreeTopComponent:0.23
CreateMultipleSpecialBusinessObjectAction:0.2125
EditConnectionsFrame:0.20666666666666667
ActionlessObjectChildren:0.14166666666666666
