ReflectHelper:0.4166666666666667
RadialLayoutAlgorithm:0.38
TreeLayoutAlgorithm:0.3233333333333333
EditableGraphWidget:0.29
Recursion:0.25666666666666665
ActionInvoke:0.20333333333333334
GraphAttributes:0.03333333333333333
AbstractLayoutAlgorithm:0.0
