ManagedChannelImpl:0.5033333333333333
ManagedChannelImplTest:0.30666666666666664
AuthorityOverridingTransportFactory:0.20333333333333334
NettyTransportTest:0.18
NettyTransportFactory:0.14666666666666667
OkHttpTransportFactory:0.09333333333333334
InProcessClientTransportFactory:0.06666666666666667
ClientTransportFactory:0.013333333333333334
