RepeatTemplate:0.9133333333333333
SimpleRepeatTemplateTests:0.13333333333333333
