DiskQueue:0.5133333333333333
HeaderlessObjectOutputStream:0.12666666666666668
HeaderlessObjectInputStream:0.12666666666666668
