ClassMetaReader:0.51
SystemLog:0.5066666666666667
AsyncAopIocLoader:0.21333333333333335
MethodParamNamesScaner:0.18333333333333332
