NettyResponseFuture:0.67
AsyncProvidersBasicTest:0.43
NettyChannelHandler:0.3566666666666667
HttpProtocol:0.2733333333333333
