DBCollection:0.6033333333333334
Index:0.5033333333333333
DBCollectionTest:0.09
