TestHazelcastInstanceFactory:0.49
ExceptionUtil:0.29
DefaultPortableReaderSpecTest:0.28
CacheClearTest:0.25333333333333335
CacheDestroyTest:0.21666666666666667
