SeriesBean:0.4533333333333333
StudyBean:0.4533333333333333
InstanceBean:0.4
IANScpService:0.2
AvailabilityUpdateBean:0.11
