UniqueIdSelectorResolver:0.51
UniqueIdSelectorResolverTests:0.4266666666666667
JUnit4DiscoveryRequestResolver:0.30666666666666664
ClasspathRootSelectorResolver:0.18
PackageNameSelectorResolver:0.18
MethodSelectorResolver:0.16333333333333333
DiscoverySelectorResolver:0.15
ClassSelectorResolver:0.12333333333333334
