MainScene:0.7433333333333333
TimeWindow:0.37666666666666665
MasterClock:0.3744444444444444
