ShardManager:0.7666666666666667
DatabaseShardManager:0.5333333333333333
TestDatabaseShardManager:0.25666666666666665
