LocalRegionCache:0.3566666666666667
AbstractAccessDelegate:0.28
ReadWriteAccessDelegate:0.22666666666666666
EvictionEntry:0.21833333333333332
ReadOnlyAccessDelegate:0.20666666666666667
NonStrictReadWriteAccessDelegate:0.19333333333333333
HazelcastLocalCacheRegionFactory:0.14333333333333334
TimestampsRegionCache:0.13
