SelfResource:0.41333333333333333
AbstractBinderResource:0.41
AbstractResource:0.25666666666666665
