Robot:0.54
WidgetTester:0.41333333333333333
RobotTest:0.3566666666666667
CComboTester:0.2966666666666667
CComboTesterTest:0.26666666666666666
App:0.24333333333333335
MouseWatcher:0.23
MenuItemTester:0.22333333333333333
KeyWatcher:0.15166666666666667
