EvaluationAttempt:0.44333333333333336
SetValueAttempt:0.24333333333333335
AbstractExpressionParser:0.20666666666666667
BeanWrapperExpression:0.18666666666666668
OgnlExpression:0.18666666666666668
ParserException:0.10666666666666667
