Tree:0.6366666666666667
TreeTag:0.5666666666666667
TreeNodeTag:0.18666666666666668
