ClientConductor:0.5166666666666667
ClientConductorTest:0.3233333333333333
Aeron:0.19
Context:0.15
