SunshineStandardRaytracer:0.6163333333333334
SunshineSpectralPT:0.41333333333333333
