UIData:0.7433333333333333
OrderComparator:0.44333333333333336
