ApplicationResolver:0.5166666666666667
RobolectricTestRunner:0.3433333333333333
RootAndDirectory:0.19666666666666666
ApplicationResolverTest:0.19
RobolectricTestRunnerInterface:0.187
ShadowAssetManager:0.16666666666666666
ActivityTest:0.13666666666666666
ApplicationTest:0.11666666666666667
WithTestDefaultsRunner:0.04666666666666667
