RowContextReferenceResolver:0.5006666666666666
SystemCollectSource:0.24666666666666667
CollectSourceResolver:0.16333333333333333
MetaDataInformationModule:0.16
CollectOperationModule:0.14
