TcpIpJoiner:0.53
DefaultAddressPicker:0.42333333333333334
AddressUtilTest:0.31333333333333335
WanNoDelayReplication:0.24
