Wallet:0.8
WalletEventListener:0.6903333333333334
WalletTest:0.2866666666666667
AbstractWalletEventListener:0.23333333333333334
ChainSplitTests:0.23333333333333334
