SyntenyComparaAdapter:0.72
SyntenyComparaAdapterGUI:0.5966666666666667
SyntenyAdapterGUI:0.29333333333333333
