NetworkApplicationEntity:0.5991666666666666
DicomOutputStreamTest:0.48833333333333334
Itr:0.37
