RawData:0.5
RawResultData:0.49333333333333335
RawDownload:0.4166666666666667
RawResult:0.39666666666666667
