Model:0.49666666666666665
ModelItem:0.36
TableCell:0.3
RelationEdge:0.2633333333333333
IconFactory:0.23333333333333334
ERDesignerMainFrame:0.22666666666666666
BaseEditor:0.22166666666666668
ModelIOUtilities:0.2
JDBCReverseEngineeringStrategy:0.16333333333333333
ModelProperties:0.13666666666666666
DatabaseConnectionEditorView:0.1
DatabaseConnectionEditor:0.09666666666666666
DialectFactory:0.09333333333333334
ConnectionDescriptor:0.051666666666666666
