RequestScopeInjector:0.6133333333333333
InjectorsManager:0.29833333333333334
ServletUtilTest:0.2966666666666667
InitMethodResolver:0.2966666666666667
ScopeDataManager:0.18666666666666668
MyWebApplication:0.18
MiscAction:0.15411111111111112
IdRequestInjectorInterceptor:0.12
