ClientConductor:0.5383333333333333
UnicastSenderTest:0.43666666666666665
RetransmitHandlerTest:0.33916666666666667
AeronTest:0.28
