IType:0.6466666666666666
TestUnitView:0.3933333333333333
RubyScriptStructureBuilder:0.31333333333333335
RubyCore:0.30333333333333334
RubyMethod:0.25333333333333335
RubyType:0.23333333333333334
RubyField:0.23
RubyTypeElementInfo:0.22666666666666666
RubyProject:0.21333333333333335
TestunitPlugin:0.21
Member:0.20666666666666667
IMethod:0.11666666666666667
BatchOperation:0.02666666666666667
