MagicWeapon:0.5566666666666666
FlyingMagicWeapon:0.23333333333333334
BlindingMagicWeapon:0.23333333333333334
SoulEatingMagicWeapon:0.23333333333333334
