CommCore:0.41333333333333333
HttpProtocol:0.4
OutputPort:0.24688888888888888
HttpMessage:0.22666666666666666
Scanner:0.21666666666666667
CommChannel:0.2
CommProtocolFactory:0.17333333333333334
OLParser:0.17333333333333334
CommListener:0.14244444444444446
PreBufferedInputStream:0.13666666666666666
SelectableStreamingCommChannel:0.08666666666666667
Parameters:0.06333333333333334
DecodedMessage:0.06333333333333334
HttpProtocolFactory:0.013333333333333334
Headers:0.006666666666666667
SoapProtocolFactory:0.006666666666666667
SodepsProtocolFactory:0.006666666666666667
HttpsProtocolFactory:0.006666666666666667
XmlRpcProtocolFactory:0.006666666666666667
SodepProtocolFactory:0.006666666666666667
