IRubyPartitions:0.66
RubyPartitionScannerTest:0.37333333333333335
RubySourceViewerConfiguration:0.33
RubyAutoIndentStrategy:0.235
RubyFormatter:0.22666666666666666
CommentFormattingStrategy:0.19555555555555554
