ReferenceTypeArrayCreator:0.27666666666666667
DownCastAssignment:0.2633333333333333
ArgumentLoadingAssignment:0.2633333333333333
ArrayCreator:0.14772222222222223
Bar:0.13
ArrayFactory:0.12333333333333334
ArgumentAnnotationBinderTest:0.1
Delegate:0.06
ByteBuddyTest:0.03166666666666667
