EncodingTest:0.49
EchoServlet:0.4166666666666667
Echo2Servlet:0.17666666666666667
HttpConnectionTest:0.14333333333333334
Data:0.06333333333333334
