Types:0.5933333333333334
OuterReferenceFixer:0.2733333333333333
ASTFactory:0.2530555555555556
AnonymousClassConverterTest:0.24666666666666667
InnerClassExtractorTest:0.24333333333333335
InnerClassExtractor:0.23
AnonymousClassConverter:0.12166666666666667
