TableDDLUtils:0.5141666666666667
TableAbstract:0.4675
ReferenceUtils:0.42333333333333334
