ThresholdResourceType:0.4533333333333333
SnmpThresholdConfiguration:0.44
ThresholderTestCase:0.27
ThresholdGroup:0.21
LatencyThresholderTest:0.14333333333333334
SnmpThresholderTest:0.13333333333333333
