Request:0.6861111111111111
NettyAsyncHttpProvider:0.42
RequestImpl:0.37666666666666665
RequestBuilderBase:0.26666666666666666
