DFA:0.49666666666666665
TestATNDeserialization:0.41333333333333333
ParserInterpreter:0.30777777777777776
TestATNParserPrediction:0.25
TestRig:0.10911111111111112
