XMPPChatTransmitter:0.5166666666666667
MultiUserChatManager:0.39666666666666667
JingleFileTransferManager:0.31666666666666665
PrivateChatManager:0.22138888888888886
MessagingAction:0.16333333333333333
IChatManager:0.013333333333333334
