NoNotificationChemObjectBuilder:0.6508333333333334
NNBond:0.38333333333333336
