StructuralUnitProperty:0.5233333333333333
Lexicon:0.3566666666666667
Diagnostic:0.33666666666666667
RepartitionDialog:0.2866666666666667
CqpPropertyDataProxy:0.09
