HDRPercentileRanksTests:0.32
TDigestPercentilesTests:0.32
TDigestPercentileRanksTests:0.32
HDRPercentilesTests:0.32
AbstractNumericTestCase:0.24666666666666667
ExtendedStatsTests:0.21333333333333335
MaxAggregator:0.19666666666666666
ExtendedStatsAggregator:0.19666666666666666
StatsAggregator:0.19666666666666666
AvgAggregator:0.19666666666666666
MinAggregator:0.19666666666666666
SumAggregator:0.19666666666666666
StatsTests:0.18
MinTests:0.18
AvgIT:0.18
MaxTests:0.18
SumIT:0.18
