StringObject:0.5966666666666667
EditorJModel:0.3566666666666667
EditableJVertex:0.33666666666666667
EditableJEdge:0.31666666666666665
