CSSStyleDeclaration:0.52
Node:0.4166666666666667
Window:0.29
HTMLCollection:0.2833333333333333
Document:0.27666666666666667
HTMLElement:0.2633333333333333
HTMLSelectElement:0.22
HTMLOptionsCollection:0.21
XMLHttpRequest:0.2
MouseEvent:0.18666666666666668
DOMImplementation:0.13333333333333333
XMLSerializer:0.11
