TestException:0.44
Throwable:0.4
TestExceptionJPF:0.30666666666666664
JPF_java_lang_Throwable:0.18333333333333332
