BufferSetManager:0.26116744
BufferSetListener:0.21749511
jEdit:0.14075954
EditPane:0.12126208
View:0.096063405
Buffer:0.086519346
JEditBuffer:0.07533408
BufferSwitcher:0.057409488
BufferSetWidgetFactory:0.056801084
Log:0.04294165
StandardUtilities:0.038471624
ViewOptionPane:0.026219841
