BufferSetAdapter:0.61030835
BufferSet:0.2893662
EditPane:0.22252554
Buffer:0.064675786
