AbstractContextOptionPane:0.23246948
ActionSet:0.12329824
JEditActionContext:0.09273695
jEdit:0.079945326
JEditActionSet:0.078791946
EditAction:0.07387479
GUIUtilities:0.062457323
ActionContext:0.058649793
JEditAbstractEditAction:0.03631006
EnhancedDialog:0.019022325
