VFS:0.18369561
AbstractBrowserTask:0.16181134
VFSManager:0.12327468
VFSBrowser:0.110066965
Task:0.05074578
jEdit:0.050240166
Log:0.03452334
