DockableWindowManagerProvider:0.7495924
View:0.13151646
DockableWindowManager:0.120868266
DockingLayoutManager:0.07335772
DockableWindowFactory:0.058423903
PerspectiveManager:0.041898925
