DockingFrameworkProvider:0.5877927
DockableWindowManagerImpl:0.13782054
DockableWindowManager:0.085162275
View:0.08322988
DockableWindowFactory:0.046412963
