GUIUtilities:0.19386032
JEditTextArea:0.15360753
