HyperSearchResults:0.11940062
SyntaxUtilities:0.112675324
SyntaxStyle:0.061413784
