RichTextTransferable:0.37266034
PasteSpecialDialog:0.25978917
Registers:0.12328398
JEditRichText:0.0949872
