JEditTrayIcon:0.13472334
JEditSwingTrayIcon:0.07637881
EditBus:0.025121033
ServiceManager:0.017062532
jEdit:0.01650759
Log:0.0085394755
EBComponent:0.0043034554
