ManagePanel:0.06961343
InstallPanel:0.06841678
