VFS:0.08779393
EditBus:0.08724541
Buffer:0.064201795
BufferUpdate:0.050829392
View:0.049900413
jEdit:0.04716579
VFSFile:0.046657357
StatusWidgetFactory:0.041118532
EditPane:0.037451755
VFSManager:0.03085499
EditPaneUpdate:0.020896006
Widget:0.020249015
Log:0.014911064
