VFSFile:0.05070329
FileVFS:0.044587485
