MacrosProvider:0.11295403
PluginsProvider:0.0863427
RecentDirectoriesProvider:0.06603667
RecentFilesProvider:0.0603653
EnhancedMenuItem:0.039614964
BrowserCommandsMenu:0.0356719
VFSBrowser:0.029665558
StandardUtilities:0.024481505
