JEditDataFlavor:0.2186277
Registers:0.13336782
View:0.04397287
TextArea:0.024143036
jEdit:0.022895912
EnhancedDialog:0.01210832
JEditRichText:0.0023488065
