JEditTransferableService:0.5276602
StandaloneTextArea:0.10570412
RichTextTransferable:0.080570005
TextArea:0.040293206
JEditBuffer:0.033786993
Mode:0.010351776
