TextArea:0.09737212
View:0.06959819
JEditTextArea:0.05727862
Selection:0.039182562
ViewUpdate:0.033542156
StatusWidgetFactory:0.031477604
jEdit:0.022290383
EditBus:0.018555578
Widget:0.0084074205
