PerspectiveManager:0.024873933
MiscUtilities:0.023663169
