VFSManager:0.099964984
TaskManager:0.09407405
Task:0.04687465
WorkThreadPool:0.046093374
AbstractBrowserTask:0.043465417
TaskMonitor:0.026963482
VFSBrowser:0.024538167
WorkThread:0.023974823
IOProgressMonitor:0.022021981
Buffer:0.01454278
BrowserView:0.012972933
PluginManager:0.012551841
HyperSearchRequest:0.012042995
Log:0.011441521
EditPane:0.009355144
PluginManagerOptionPane:0.0085948855
BufferSwitcher:0.008259779
VFSDirectoryEntryTable:0.0071024615
HyperSearchResult:0.006399503
SearchAndReplace:0.0059326463
TextArea:0.005798044
HelpSearchPanel:0.005648702
HelpTOCPanel:0.005553259
InstallPanel:0.00461774
LogViewer:0.002882882
