AnonymousAuthenticationTokenTests:0.5793333333333334
RememberMeAuthenticationTokenTests:0.5793333333333334
