InstallServiceImpl:0.38666666666666666
AppResource:0.31333333333333335
NewLuceneHANodeDialog:0.20333333333333334
DatabasePage:0.19666666666666666
LucenePage:0.19666666666666666
