Document:0.5333333333333333
Format:0.4066666666666667
FormatOptionsWidget:0.31666666666666665
TXTFormat:0.07666666666666666
PSFormat:0.04
ScreenFormat:0.04
