KeywordType:0.33111111111111113
AssociationType:0.33111111111111113
Classification:0.33111111111111113
MaintenanceFrequency:0.33111111111111113
CoverageContentType:0.33111111111111113
DateType:0.33111111111111113
