CoordinateOperation:0.5866666666666667
Datum:0.4720000000000001
CodeListTest:0.30666666666666664
ClassScanner:0.28
ReferenceSystem:0.11161111111111112
KeyConstantsTest:0.05333333333333334
