SameDiffLayer:0.6833333333333333
SameDiffDense:0.30333333333333334
BaseSameDiffLayer:0.285
SameDiffConv:0.2588888888888889
AbstractSameDiffLayer:0.25666666666666665
