FeatureEditorDialog:0.5633333333333334
FeatureEditPanel:0.3333333333333333
GeneEditPanel:0.2966666666666667
TranscriptEditPanel:0.22333333333333333
ReadWriteField:0.19166666666666668
