KafkaColumnHandle:0.5722222222222222
TestUtils:0.41833333333333333
KafkaTableDescriptionSupplier:0.285
