DBCollection:0.7966666666666666
MyCollection:0.33
DBCollectionTest:0.20333333333333334
GridFSTest:0.2
