TileSet:0.46
TiledLayer:0.36666666666666664
TiledLoader:0.2833333333333333
TileAtlas:0.13333333333333333
