IJingleFileTransferListener:0.5619999999999999
XMPPChatTransmitter:0.4766666666666667
JingleFileTransferSession:0.3933333333333333
NetworkView:0.25333333333333335
FileMediaManager:0.23166666666666666
JingleFileTransferManager:0.19
Receive:0.18066666666666667
