RecordingWriter:0.5133333333333333
ReplaySessionTest:0.25333333333333335
ArchiveConductor:0.23583333333333334
RecordingSession:0.22
Context:0.17666666666666667
RecordingWriterTest:0.15666666666666668
Configuration:0.14833333333333334
