SpectrumEditor:0.5866666666666667
GeneralMetadataFormPage:0.51
MetadataFormPage:0.20333333333333334
SpectrumEditorContributor:0.06333333333333334
MetadataModifiyListener:0.056666666666666664
