SeqFeature:0.5666666666666667
AssemblyFeatureI:0.4091111111111111
AssemblyFeature:0.23666666666666666
Evidence:0.23
