Injector:0.86
ParentInjectorTest:0.34
InjectorImpl:0.31666666666666665
ToolStageInjector:0.23666666666666666
RealOverriddenModuleBuilder:0.21333333333333335
OverrideModuleTest:0.17666666666666667
