Node:0.4533333333333333
MethodGraph:0.39666666666666667
MethodGraphCompilerDefaultTest:0.32
Simple:0.29
AccessBridgeWrapper:0.19
Default:0.19
Entry:0.18
Prepared:0.18
Detached:0.16166666666666665
MethodGraphNodeUnresolvedTest:0.10666666666666667
MethodGraphNodeSimpleTest:0.10666666666666667
