StreamUtility:0.44666666666666666
DOTranslationUtility:0.35333333333333333
METSLikeDODeserializer:0.3233333333333333
DefaultDOManager:0.3
StringUtility:0.25666666666666665
FOXMLDODeserializer:0.25
ExportOptionsDialog:0.22333333333333333
FOXMLDOSerializer:0.21666666666666667
METSLikeDOSerializer:0.21666666666666667
SimpleDOReader:0.20027777777777778
ValidationUtility:0.12333333333333334
