EmbedClient:0.5066666666666667
ClientConfigurationParser:0.45666666666666667
ServerConfigurationParser:0.42
ARINC661App:0.38333333333333336
AppliConfiguration:0.378
UAScriptManager:0.3646666666666667
ScenarioPanel:0.35333333333333333
ServerWrapper:0.35
DefaultXMLExporter:0.338
XULPanel:0.32666666666666666
JSScriptPanel:0.32666666666666666
ServerBinaryDFHandler:0.3
ScenarioDecoderAction:0.27666666666666667
ARINCCSSDocumentHandler:0.27666666666666667
UIDefinitionHandler:0.2625
ARINCSettings:0.25333333333333335
EditorXMLDFHandler:0.24666666666666667
AbstractScript:0.24666666666666667
PluginScriptPanel:0.23666666666666666
DefaultBinaryExporter:0.23583333333333334
StandAloneServerGUI:0.21916666666666668
ScriptConfigurationHandler:0.21916666666666668
ClientWrapper:0.21166666666666667
ARINCStarter:0.2105952380952381
SaveAsAction:0.20833333333333334
EditorBinaryDFHandler:0.20666666666666667
SavePPTAction:0.19666666666666666
PicturesHandler:0.19666666666666666
ApplyScriptAction:0.19666666666666666
StandAloneWindowServerGUI:0.1963888888888889
ServerStarter:0.19333333333333333
OpenXMLAction:0.19
ScenarioDebuggerAction:0.17333333333333334
ConfigCockpitAction:0.16666666666666666
ARINCStarterWrapper:0.16333333333333333
UIDefinitionParser:0.16333333333333333
PropertyList:0.15666666666666668
EmbedClientStatefulTest:0.15333333333333332
EmbedClientConfigStatefulTest:0.15333333333333332
EmbedClientConfigStatelessTest:0.15333333333333332
EditorMenuFactory:0.15333333333333332
EmbedClientDataDrivenTest:0.15333333333333332
EmbedClientStatelessTest:0.15333333333333332
EmbedClientConfigDefaultTest:0.15333333333333332
EmbedClientConfigStatefulTest2:0.15333333333333332
EmbedClientConfigStatefulTest3:0.15333333333333332
APIFactory:0.15333333333333332
EmbedClientConfigStatefulTest4:0.15333333333333332
ConfigurationLoader:0.14666666666666667
ConfigParser:0.12
EngineConfigurator:0.11333333333333333
