AdtRecord:0.63
AdtJdbcConnection:0.6166666666666667
Verify:0.14333333333333334
