WikiResultSet:0.2966666666666667
TemplateTag:0.26666666666666666
NamespaceHandler:0.22388888888888886
AuthMsgTag:0.2
WikiListTag:0.16
EnabledTag:0.13666666666666666
WikiSignatureTag:0.13
