AbstractTestHiveClient:0.43666666666666665
ConnectorSplitManager:0.27666666666666667
HiveClient:0.26
SplitManager:0.25666666666666665
DualSplitManager:0.22
ClassLoaderSafeConnectorSplitManager:0.15666666666666668
TestSqlTaskManager:0.13333333333333333
InformationSchemaSplitManager:0.09
SystemSplitManager:0.08
NativeSplitManager:0.08
TpchSplitManager:0.07666666666666666
JmxSplitManager:0.06333333333333334
