JobLauncher:0.6566666666666666
SimpleJobLauncher:0.43333333333333335
TaskExecutorJobLauncherTests:0.31
BatchCommandLineLauncherTests:0.26666666666666666
Test:0.23777777777777775
RestartFunctionalTests:0.19
StubJobLauncher:0.17
BatchCommandLineLauncher:0.17
SimpleJobLauncherTests:0.14333333333333334
GracefulShutdownFunctionalTest:0.11333333333333333
TestBean:0.09777777777777777
TypeConverterMethodInterceptorTests:0.07333333333333333
TypeConverterMethodInterceptor:0.04666666666666667
