RunNotifier:0.5766666666666667
SafeNotifier:0.2733333333333333
RunNotifierTest:0.23666666666666666
CountingListener:0.05333333333333334
ThreadSafeListener:0.04
