Queries:0.59
QueryParseContext:0.4533333333333333
SimpleChildQuerySearchTests:0.23333333333333334
FQueryFilterParser:0.13666666666666666
QueryFilterParser:0.13666666666666666
NestedFilterParser:0.13666666666666666
QueryWrapperFilterFactory:0.03666666666666667
