MultifactorTriggerSelectionStrategy:0.8933333333333333
DefaultMultifactorTriggerSelectionStrategy:0.6166666666666667
AbstractServiceValidateController:0.30666666666666664
DefaultMultifactorTriggerSelectionStrategyTests:0.2866666666666667
Cas30ResponseViewTests:0.18
CasCoreServicesConfiguration:0.17
Cas20ResponseViewTests:0.13666666666666666
