ThreadContext:0.37
Record:0.31
WriteHandler:0.30277777777777776
Entry:0.24666666666666667
ClusterService:0.24666666666666667
CMap:0.22666666666666666
ConcurrentMapManager:0.21
ClusterManager:0.20666666666666667
SortedHashMap:0.20333333333333334
BaseManager:0.19666666666666666
