SparkSequenceVectors:0.448
SparkWord2Vec:0.2
Builder:0.15666666666666668
VocabRddFunction:0.12666666666666668
TrainingFunction:0.09
DistributedFunction:0.09
