Errors:0.5166666666666667
InjectorImpl:0.4033333333333333
ParentInjectorTest:0.2511111111111111
PrivateModuleTest:0.19333333333333333
State:0.19142857142857145
InheritingState:0.16
BindingProcessor:0.13333333333333333
WeakKeySet:0.06333333333333334
FailingModule:0.023333333333333334
FailingPrivateModule:0.023333333333333334
