EventListenerRegistration:0.7633333333333333
EventListenerRegistrationService:0.5333333333333333
Configuration:0.51
Ejb3Configuration:0.3466666666666667
JpaEventListenerRegistration:0.2
EventListenerRegistryImpl:0.16666666666666666
StandardServiceInitiators:0.11216666666666666
EagerKeyManyToOneTest:0.09
AbstractJPATest:0.07
CallbackTest:0.05
EnversEventListenerRegistration:0.02666666666666667
EventListenerRegistrationServiceInitiator:0.02
EventListenerServiceInitiator:0.016666666666666666
LegacyHibernateValidatorEventListenerRegistration:0.01
EventListenerRegistrationServiceImpl:0.0
