ValidationErrorAware:0.6875
DefaultWorkflowInterceptor:0.49166666666666664
ValidationErrorAwareTest:0.2833333333333333
