MapFacadeBean:0.5766666666666667
EmailNotifications:0.44666666666666666
SellerTest:0.3233333333333333
ModuleInfo:0.16
