AbstractActivityReceiver:0.24666666666666667
IActivityReceiver:0.2
ViewportActivity:0.18166666666666667
TextEditActivity:0.18166666666666667
EditorActivity:0.18166666666666667
FileActivity:0.18166666666666667
RoleActivity:0.12133333333333333
TextSelectionActivity:0.12133333333333333
FolderActivity:0.09988888888888889
IActivity:0.013333333333333334
