AutoConstructorMapper:0.6433333333333334
DefaultResultSetHandler:0.5588888888888889
AutoConstructorTest:0.24
