NetworkTab:0.59
ConnectToHostHandler:0.31666666666666665
SubmitSearchHandler:0.2733333333333333
