CacheProxy:0.65
EventDispatcher:0.24666666666666667
LoadingCacheProxy:0.21666666666666667
CaffeineConfiguration:0.19333333333333333
