BlockJUnit4ClassRunner:0.5788888888888889
ParentRunner:0.5416666666666666
MultipleFailureException:0.3888888888888889
