TransportSQLActionTest:0.42
Columns:0.38166666666666665
RestSqlActionTest:0.37333333333333335
InformationSchemaServiceTest:0.31666666666666665
TablesTable:0.255
AnalyzerService:0.25333333333333335
AnalyzerServiceTest:0.12666666666666668
IndicesTable:0.12333333333333334
TableConstraintsTable:0.12333333333333334
ColumnsTable:0.11666666666666667
