DashboardHelper:0.78
ListFolderHelper:0.3333333333333333
ProfilesBinderHelper:0.19333333333333333
WorkspaceTreeHelper:0.19111111111111112
AdvancedSearchController:0.17666666666666667
