WebHelper:0.8277777777777778
AjaxWebHelper:0.39
ExecutionLogic:0.36333333333333334
ProcessIdFormat:0.19666666666666666
StrutsWebHelper:0.18666666666666668
