NodeExecutionManagerImpl:0.6066666666666667
JPPFNode:0.48333333333333334
NodeTaskWrapper:0.2633333333333333
TimeoutTimerTask:0.17
AbstractNodeTaskWrapper:0.02666666666666667
