Generator:0.7433333333333333
Analyzer:0.6933333333333334
