Euler:0.5483333333333333
Codd:0.41933333333333334
