LogBufferAppender:0.4266666666666667
LogBufferAppenderTest:0.35
LogBufferDescriptor:0.2585555555555555
FrameDescriptor:0.16
