CacheTest:0.45666666666666667
CacheControl:0.4533333333333333
HeaderParser:0.25
CacheStrategy:0.21777777777777782
Factory:0.20444444444444446
