RealConnection:0.8566666666666667
StreamAllocation:0.5233333333333333
ConnectionPool:0.27
ConnectionPoolTest:0.13
