PropertyPanelFactory2Test:0.2866666666666667
ExtensionServerWidgetsInEditor2Test:0.2733333333333333
SaveUACDSAction4Test:0.25038888888888894
ApplyScriptJFXAction24Test:0.24666666666666667
ApplyScriptJFXAction25Test:0.24333333333333335
JFXMaskRenderer2Test:0.23333333333333334
UACDSHandlerTest:0.22283333333333333
ConvertScriptAction3Test:0.22283333333333333
ConvertScriptActionTest:0.21616666666666665
ConvertScriptAction2Test:0.21616666666666665
UACDSHandler2Test:0.21616666666666665
PropertyPanelFactory3Test:0.2033888888888889
PropertyPanelFactory4Test:0.2033888888888889
JFXMutuallyExclRenderer3Test:0.17944444444444446
MaskContainerRenderer2Test:0.14666666666666667
JFXMaskRenderer3Test:0.023333333333333334
MaskContainerRenderer3Test:0.02
