ContextListWidget:0.8088888888888889
ReportValidate:0.7766666666666666
