ThresholdResourceType:0.5766666666666667
SnmpThresholder:0.3933333333333333
SnmpThresholdNetworkInterface:0.3
ThresholdingVisitor:0.29
DefaultThresholdsDao:0.24
