ProjectSelectionWizardPage:0.4777777777777777
ConfigurationSummaryWizardPage:0.4777777777777777
BuddySessionDisplayComposite:0.25666666666666665
CreateXMPPAccountWizard:0.24666666666666667
BaseBuddySelectionComposite:0.23666666666666666
ShareProjectWizard:0.18333333333333332
OverwriteErrorDialog:0.14666666666666667
BuddyDisplayComposite:0.12
