InfoPStock:0.6166666666666667
StatusBar:0.36666666666666664
PosPanel:0.2966666666666667
