ElasticsearchAssertions:0.4666666666666667
ESIntegTestCase:0.42
ExceptionSerializationTests:0.33666666666666667
CompletionSuggestSearchIT:0.24333333333333335
SearchQueryIT:0.23
ElasticsearchAssertionsTests:0.1375
