HttpSecurity:0.6072222222222222
DefaultLoginPageGeneratingFilter:0.5016666666666667
FilterComparator:0.39
