Activator:0.6633333333333333
InChIManager:0.5866666666666667
InChIManagerFactory:0.14666666666666667
IInChIManager:0.10305555555555555
