IndexingDialog:0.7405555555555555
PrefDialog:0.4026666666666667
