BasicAccessRuleSet:0.5466666666666666
BasicAccessRuleSetEncoder:0.47333333333333333
BasicAccessRuleSetDecoder:0.24666666666666667
