Callability:0.55
BinomialConvertibleEngine:0.38333333333333336
ConvertibleBonds:0.31666666666666665
SoftCallability:0.21666666666666667
