Flow:0.5933333333333334
FlowTests:0.39666666666666667
FlowExecutionControlContext:0.31009523809523803
FlowExecutionControlContextImpl:0.27666666666666667
MockFlowExecutionControlContext:0.19333333333333333
