ArrayUtils:0.5122222222222222
ConfigurationProcessor:0.4655555555555555
JavaConfigApplicationContext:0.39
