RSet:0.7290277777777778
RedissonSet:0.57
RSetAsync:0.18416666666666667
RedissonSetTest:0.17666666666666667
RedisCommands:0.06333333333333334
