PatientBean:0.4033333333333333
ResultsBean:0.33666666666666667
SeriesBean:0.28
IndexedImageSource:0.25
StudyBean:0.22666666666666666
