SelectKeyTest:0.8716666666666667
SelectKeyGenerator:0.7166666666666667
