Range:0.62
InteractiveDataAdapterUI:0.6
DataAdapter:0.5866666666666667
ProgressListener:0.51
VectorUtil:0.42333333333333334
FastTranslatedGraphics:0.37
DataAdapterChooser:0.3566666666666667
XMLElement:0.33
ProgressableInputStream:0.31666666666666665
AbstractDataAdapterUI:0.3
BackgroundImagePanel:0.2966666666666667
RangeHash:0.29333333333333333
DataAdapterUI:0.2793333333333333
VectorFilter:0.27051984126984113
EqualityComparator:0.27051984126984113
VectorTransformer:0.27051984126984113
VisualDataAdapter:0.22266666666666665
MultiProperties:0.22
ObjectUtil:0.19666666666666666
DataAdapterRegistry:0.18
ProgressEvent:0.09333333333333334
DataAdapterException:0.09333333333333334
ReverseComparator:0.08777777777777777
NestedException:0.07333333333333333
DataAdapterUIListener:0.07
Comparator:0.07
ReusableProgressEvent:0.06444444444444446
Memer:0.05
VectorCondenser:0.045
AbstractIntDataAdapUI:0.044166666666666674
ProgressBarProgressListener:0.04
DataAdapterUIEvent:0.018888888888888886
ComparisonConstants:0.016666666666666666
AbstractDataAdapter:0.016666666666666666
IOOperation:0.01
ProgressableFileInputStream:0.006666666666666667
Commitable:0.006666666666666667
MethodRunnerActionListener:0.006666666666666667
Pair:0.0033333333333333335
EqualsEqualityComparator:0.0
ComparableComparator:0.0
