ShardManager:0.6033333333333334
DatabaseShardManager:0.48
TestDatabaseShardManager:0.41333333333333333
StorageModule:0.33666666666666667
RaptorMetadata:0.2833333333333333
TestRaptorMetadata:0.25333333333333335
RaptorSplitSource:0.2
