Employee:0.5266666666666666
SqlPredicateTest:0.35333333333333333
DateHelperTest:0.24392857142857144
ReflectionHelper:0.20666666666666667
ObjectWithShort:0.02
ObjectWithByte:0.02
ObjectWithDouble:0.02
ObjectWithSqlDate:0.02
ObjectWithLong:0.02
ObjectWithInteger:0.02
ObjectWithBoolean:0.02
ObjectWithSqlTimestamp:0.02
ObjectWithUUID:0.02
ObjectWithFloat:0.02
ObjectWithChar:0.02
ObjectWithBigDecimal:0.02
ObjectWithBigInteger:0.02
ObjectWithDate:0.02
