MaterialViewPager:0.8483333333333334
MaterialViewPagerSettings:0.3433333333333333
