GraphData:0.8266666666666667
MouseManager:0.32
NodeInfoMaker:0.25333333333333335
