MultiAction:0.6483333333333333
AbstractFlowBuilder:0.36666666666666664
XmlFlowBuilder:0.33
AnnotatedAction:0.29333333333333333
BeanInvokingActionParameters:0.2633333333333333
MethodInfo:0.25333333333333335
MultiActionTests:0.16
PersonDetailFlowBuilder:0.13666666666666666
DefaultActionMethodResolver:0.12
SearchPersonFlowBuilder:0.12
