TedSerie:0.5333333333333333
TedParserDateChecker:0.38666666666666666
TedSerieFeed:0.38
DailyDate:0.31666666666666665
TedDailySerie:0.30666666666666664
SeasonEpisodeScheduler:0.25666666666666665
FeedsPanel:0.21666666666666667
TedParser:0.21583333333333332
TedXMLParser:0.20333333333333334
EditShowDialog:0.18333333333333332
TedXMLWriter:0.11666666666666667
TedTableRowRenderer:0.11666666666666667
SchedulePanel:0.10666666666666667
