Model:0.68
XMLList:0.3433333333333333
CompartmentList:0.33672222222222226
