SparkSourceDummyReader:0.8633333333333333
IteratorUtils:0.31333333333333335
SparkSourceDummySeqReader:0.14666666666666667
TestIteratorUtils:0.03
