TypeData:0.4816666666666667
CreatorConstructorModel:0.43333333333333335
ConventionAnnotationImpl:0.2595555555555556
CreatorExecutable:0.25666666666666665
PojoRoundTripTest:0.14333333333333334
