SessionFactoryFactory:0.49333333333333335
HibernateBundleTest:0.41333333333333333
JerseyIntegrationTest:0.34
HibernateBundle:0.3333333333333333
SessionFactoryFactoryTest:0.20666666666666667
