SettlementConfig:0.49600000000000005
SimulationConfig:0.4066666666666667
UIConfig:0.4033333333333333
