QueryPlanner:0.30666666666666664
InformationSchemaData:0.25666666666666665
TestAnalyzer:0.23333333333333334
StatementAnalyzer:0.21666666666666667
Visitor:0.20333333333333334
DropTableExecution:0.2
CreateAliasExecution:0.2
RewritingVisitor:0.19666666666666666
