Project:0.8088888888888889
ProjectTest:0.4033333333333333
