IOSInput:0.49666666666666665
IOSApplication:0.43333333333333335
IOSGraphics:0.39666666666666667
IOSGLKView:0.26666666666666666
