Lwjgl3ApplicationConfiguration:0.4666666666666667
Lwjgl3Application:0.45666666666666667
Lwjgl3Window:0.41
Lwjgl3WindowConfiguration:0.2733333333333333
