PreparingDessert:0.7266666666666667
GoodsManager:0.6133333333333333
PrepareDessert:0.4066666666666667
