ConnectivityOrderZeroDescriptor:0.3333333333333333
WHIMDescriptor:0.23333333333333334
RotatableBondsCountDescriptor:0.2325
ZagrebIndexDescriptor:0.2325
ProtonTotalPartialChargeDescriptor:0.23
ConnectivityOrderZeroDescriptorTest:0.2152222222222222
ValenceConnectivityOrderOneDescriptor:0.21083333333333334
ValenceConnectivityOrderZeroDescriptor:0.21083333333333334
GravitationalIndexDescriptor:0.21
KappaShapeIndicesDescriptor:0.2075
VAdjMaDescriptor:0.19666666666666666
ValenceConnectivityOrderZeroDescriptorTest:0.19666666666666666
WeightDescriptor:0.19666666666666666
IsProtonInConjugatedPiSystemDescriptorTest:0.19
IsProtonInConjugatedPiSystemDescriptor:0.175
ValenceConnectivityOrderOneDescriptorTest:0.17333333333333334
WHIMDescriptorTest:0.17333333333333334
KappaShapeIndicesDescriptorTest:0.17333333333333334
ProtonTotalPartialChargeDescriptorTest:0.17333333333333334
IsProtonInAromaticSystemDescriptor:0.16777777777777778
SigmaElectronegativityDescriptor:0.16777777777777778
HBondDonorCountDescriptor:0.16777777777777778
EffectivePolarizabilityDescriptor:0.16777777777777778
HBondAcceptorCountDescriptor:0.16777777777777778
EffectivePolarizabilityDescriptorTest:0.16333333333333333
RotatableBondsCountDescriptorTest:0.16333333333333333
IsProtonInAromaticSystemDescriptorTest:0.16333333333333333
HBondAcceptorCountDescriptorTest:0.16333333333333333
GravitationalIndexDescriptorTest:0.16333333333333333
ZagrebIndexDescriptorTest:0.16333333333333333
SigmaElectronegativityDescriptorTest:0.16333333333333333
HBondDonorCountDescriptorTest:0.16333333333333333
BooleanResult:0.16
BondCountDescriptorTest:0.13666666666666666
