DefaultLogger:0.37333333333333335
AbstractLogger:0.3433333333333333
Log4jLogger:0.32666666666666666
NoLogger:0.28
Log4j2Logger:0.24666666666666667
Slf4jLogger:0.22633333333333336
LoggerTest:0.15666666666666668
ILogger:0.14416666666666667
Log4jLoggerTest:0.11666666666666667
Slf4jLoggerTest:0.11666666666666667
