ItemProviderRetryPolicyTests:0.37333333333333335
ListItemProviderRecoverer:0.36333333333333334
ItemProviderProcessTasklet:0.3333333333333333
ItemProviderRetryCallbackTests:0.2966666666666667
AbstractItemProvider:0.1847222222222222
