MediaCreationMgtScpService:0.49333333333333335
StoreScpService:0.48
AbstractScpService:0.23666666666666666
