HTMLDocument:0.5733333333333334
HTMLFormElement:0.5233333333333333
XMLDOMParseError:0.23327777777777778
HTMLAnchorElement:0.19916666666666666
XSLTemplate:0.052388888888888895
HTMLButtonElement:0.052388888888888895
