ViewGroupMvpDelegateImpl:0.6233333333333333
ViewGroupMvpDelegateImplTest:0.4
MvpLinearLayout:0.3466666666666667
MvpFrameLayout:0.28
MvpRelativeLayout:0.28
