IoFactoryBuilder:0.5333333333333333
Function2Name:0.4033333333333333
BindingManager:0.36
BatchBinder:0.33666666666666667
