Packet:0.6733333333333333
Call:0.22333333333333333
MapClientProxy:0.2
HazelcastClientTest:0.19333333333333333
ConnectionManager:0.16444444444444445
OutRunnable:0.15666666666666668
InRunnable:0.11666666666666667
