CopyrightPanel:0.5133333333333333
AboutWidget:0.36666666666666664
AuthorsPanel:0.21666666666666667
