BenchmarkItem:0.6333333333333333
BenchmarkThread:0.55
BenchmarkActivity:0.23812698412698416
