StringHelper:0.75
DefaultEntityAliases:0.47
SQLQueryImpl:0.27666666666666667
CustomLoader:0.23333333333333334
ExplicitSqlResultSetMappingTest:0.11666666666666667
MyEntity:0.10265873015873016
