ImageGridFragment:0.5566666666666666
BucketBean:0.41833333333333333
MediaGridPresenterImpl:0.2866666666666667
MediaBucketFactoryInteractorImpl:0.16111111111111112
MediaSrcFactoryInteractorImpl:0.16111111111111112
