STS:0.4766666666666667
Gate:0.4166666666666667
SwitchRelation:0.3566666666666667
Location:0.32
RemoteStrategy:0.19666666666666666
CompleteSTSTest:0.17
LocationTest:0.13
STSTest:0.12
OnTheFlySTSTest:0.11666666666666667
SymbolicStrategy:0.11
EncodedExplorationMode:0.0033333333333333335
PriorityComparator:0.0
