SdkIonGenerator:0.3433333333333333
LambdaFunctionException:0.2866666666666667
IonRoundtripTest:0.24
DefaultNamingStrategy:0.22166666666666668
LambdaInvocationHandler:0.21666666666666667
SdkJsonProtocolFactory:0.16666666666666666
SdkStructuredIonFactoryTest:0.13333333333333333
SdkStructuredIonFactory:0.13
SDKGlobalConfiguration:0.09821428571428571
CollectionUtils:0.06333333333333334
JsonContentTypeResolver:0.03333333333333333
CollectionUtilsTest:0.03
ByteArraySdkIonGenerator:0.0
