ClusterTest:0.5641666666666667
JoinInfo:0.42333333333333334
AbstractJoiner:0.19666666666666666
MulticastJoiner:0.16333333333333333
NodeMulticastListener:0.14
