QueryParameterBindingImpl:0.6066666666666667
QueryParameterListBindingImpl:0.5466666666666666
QueryParameterBindingsImpl:0.45555555555555555
