ResourceTableFactory:0.48
FlagConverter:0.25
EnumConverter:0.23333333333333334
EnumOrFlagConverter:0.23333333333333334
