Transaction:0.6766666666666666
TransactionConfidence:0.6433333333333333
