ClasspathScanner:0.6511111111111112
ReflectionSupportTests:0.4533333333333333
