FedoraServerTestSetup:0.6375000000000001
FedoraTestConstants:0.25594227994228
