Person:0.8405555555555555
GeneralTabPanel:0.14333333333333334
