QueryRetrieveScpService:0.59
RetrieveCmd:0.31
FileInfo:0.30666666666666664
Sql:0.26822222222222225
MoveTask:0.20333333333333334
GetTask:0.16666666666666666
QuerySeriesAttrsForRetrieveCmd:0.1
