MergeProvider:0.3011111111111111
MergeConsumer2:0.29277777777777775
MergeProvider2:0.17833333333333334
