ServerCockpit_4Test:0.8272222222222222
ServerCockpit_ConstantsTest:0.023333333333333334
