InclusionTransformationTest:0.3
GOTOInclusionTransformationTest:0.25
GOTOInclusionTransformation:0.18333333333333332
JupiterSimulator:0.15333333333333332
Document:0.13
