GlobalConfiguration:0.8516666666666667
EjbcaWebBean:0.32666666666666666
