IndexShard:0.6933333333333334
IndicesStatsRequest:0.37
CommonStats:0.2966666666666667
InternalIndexShard:0.28
PercolatorService:0.21333333333333335
IndicesStatsRequestBuilder:0.21
TransportIndicesStatsAction:0.20333333333333334
InternalIndicesService:0.19
NodeIndicesStats:0.17166666666666666
SimplePercolatorTests:0.12
RestIndicesStatsAction:0.05416666666666667
RestPercolateStatsHandler:0.03333333333333333
PercolatorShardModule:0.016666666666666666
