BackTrackLineSearch:0.8966666666666666
BaseOptimizer:0.45666666666666667
LineOptimizer:0.3746111111111111
