DocxTableModel:0.37888888888888883
DocxModel:0.33666666666666667
MergeDocxModel:0.31666666666666665
MergeInputOutputModel:0.29333333333333333
MergeInputOutputComposite:0.08333333333333333
MergeDocxHandlerCellEditorProvider:0.016666666666666666
