RenameLocalConfig:0.51
Messages:0.43333333333333335
LocalVariablesEditProvider:0.3333333333333333
RenameLocalConditionChecker:0.2966666666666667
IAbortCondition:0.27051984126984113
VariableNameProvider:0.19
DynamicVariableRenamer:0.04
VariableRenamer:0.03666666666666667
SingleLocalVariableEdit:0.013333333333333334
LocalVariableRenamer:0.0044444444444444444
RenameLocalVariableRefactoring:8.333333333333334E-4
