CrawlURI:0.44666666666666666
UURI:0.37333333333333335
CandidateURI:0.36333333333333334
RecoveryJournal:0.17
CrawlURITest:0.15666666666666668
KeyedQueueTest:0.09666666666666666
CoreAttributeConstants:0.0
