XmlDocumentHandler:0.6233333333333333
HtmlDocumentHandler:0.42
Scratch:0.20666666666666667
