Euler:0.5166666666666667
Process:0.35333333333333333
Codd:0.3
EulerRunner:0.18
