RegistryContainer:0.5366666666666666
ZookeeperRegistry:0.5066666666666667
AbstractRegistry:0.47833333333333333
