CSSStyleDeclaration:0.77
ComputedCSSStyleDeclarationTest:0.48333333333333334
ComputedCSSStyleDeclaration:0.37666666666666665
