GwtViewHelper:0.5516666666666666
GwtMenuHelper:0.31833333333333336
ContentControl:0.30333333333333334
