GL11:0.8033333333333333
GL12:0.2633333333333333
