Cursors:0.5494444444444444
MergeOperator:0.46
ColumnMappingTupleStream:0.4533333333333333
