MenuBarContent:0.4866666666666667
TxmI18N:0.31666666666666665
CenterPanel:0.25476190476190474
TxmMenuBar:0.23666666666666666
EditionPanel:0.19666666666666666
TXM_RIA:0.1577777777777778
AuthenticationServiceImpl:0.14
TxmConfig:0.13444444444444442
UIServiceImpl:0.12333333333333334
