LiteralExpression:0.45916666666666667
QueryBuilderImpl:0.31666666666666665
