ResTableConfig:0.5433333333333333
ResTableType:0.4592619047619047
LocaleData:0.3566666666666667
ArscTable:0.29333333333333333
