StateCompiler:0.41333333333333333
AbstractAggregationFunction:0.3466666666666667
GenericGroupedAccumulator:0.23583333333333334
GenericAccumulator:0.23583333333333334
OnlineVarianceCalculator:0.17666666666666667
DoubleMinState:0.15
DoubleMaxState:0.15
LongMaxState:0.15
LongMinState:0.15
DoubleMinAggregation:0.14
LongMaxAggregation:0.14
LongMinAggregation:0.14
DoubleMaxAggregation:0.14
VarianceAggregation:0.13
AverageAggregation:0.11666666666666667
CountIfAggregation:0.11333333333333333
DoubleSumAggregation:0.09
LongSumAggregation:0.09
VarBinaryMinAggregation:0.08666666666666667
VarBinaryMaxAggregation:0.08666666666666667
CountColumnAggregation:0.04
BooleanMinAggregation:0.016666666666666666
BooleanMaxAggregation:0.016666666666666666
ByteState:0.006666666666666667
