SessionDelegatorBaseImpl:0.5055555555555556
SharedSessionContract:0.3816111111111111
AbstractSharedSessionContract:0.27
