S3BlobStore:0.5566666666666666
S3SnapshotRestoreTest:0.13333333333333333
S3Repository:0.11
