StepFactory:0.64
Result:0.46166666666666667
BinaryConcatenateStep:0.23694444444444449
