FixedPointMeshRendererTest:0.43666666666666665
JoglFiles:0.17333333333333334
AndroidFiles:0.15333333333333332
Music:0.13833333333333334
AndroidAudio:0.08666666666666667
JoglAudio:0.08666666666666667
Files:0.065
AudioDevice:0.013333333333333334
Audio:0.013333333333333334
