SoapHeader:0.4766666666666667
AbstractSoapHeaderTestCase:0.2966666666666667
SaajImplementation:0.27166666666666667
Saaj13Implementation:0.23666666666666666
Saaj11Implementation:0.17666666666666667
Saaj12Implementation:0.17666666666666667
AxiomSoapHeader:0.1375
SaajSoapHeader:0.1375
