QueryPartInternal:0.6166111111111112
Query:0.5669444444444445
jOOQAbstractTest:0.49666666666666665
AbstractQueryPart:0.18333333333333332
