JournalEntry:0.38333333333333336
DefaultDOManager:0.3588888888888889
JournalReader:0.30333333333333334
JournalWriter:0.2808333333333333
MockManagementDelegateForJournalTesting:0.2775
JournalCreator:0.23
BMechDSBindRule:0.20916666666666667
SimpleDOReader:0.2
BMechDSBindSpec:0.07166666666666667
JournalConstants:0.0
