ErrorSource:0.7066666666666667
DefaultErrorSource:0.43333333333333335
ErrorListPlugin:0.2811111111111111
