OsgiServiceCollection:0.5
RetryTemplate:0.2966666666666667
OsgiServiceProxFactoryBean:0.08333333333333333
