UltimateRecyclerView:0.51
UltimateViewAdapter:0.41
UltimateGridLayoutAdapter:0.3466666666666667
GridLayoutRVTest:0.16666666666666666
VIEW_TYPES:0.14622222222222223
GridLayoutRVAdapter:0.11
