ToOneIdMapper:0.5166666666666667
OneToOneNotOwningMapper:0.4033333333333333
AbstractOneToOneMapper:0.37
