BitUtil:0.46
Receiver:0.34
UdpChannel:0.3333333333333333
DriverConductor:0.30666666666666664
NioSelector:0.2633333333333333
Sender:0.23555555555555557
