IOSetting:0.20666666666666667
ChemObjectWriter:0.16333333333333333
DefaultChemObjectReader:0.14444444444444443
ChemObjectReader:0.07833333333333334
DefaultChemObjectWriter:0.016666666666666666
WriterListener:0.0011111111111111111
