DiscoveryNode:0.5666666666666667
InternalTestCluster:0.42333333333333334
RepositoriesService:0.2388888888888889
SnapshotsService:0.21666666666666667
ExternalTestCluster:0.20333333333333334
GatewayMetaState:0.1988888888888889
SnapshotShardsService:0.18
DataOrMasterNodePredicate:0.10333333333333333
NoDataNoMasterNodePredicate:0.10333333333333333
