SQLActionHandlerConfigDialog:0.35
XMLEditorDialog:0.3
DelegableConfigurationDialog:0.25333333333333335
ChooseVariableDialog:0.24
CustomizationRegistry:0.19
DelegableProvider:0.17666666666666667
HighlightTextStyling:0.12835714285714284
SwimlaneAssignerCellEditorProvider:0.11333333333333333
SQLHandlerCellEditorProvider:0.10666666666666667
FormulaCellEditorProvider:0.0
