Factory:0.37333333333333335
FiltersParser:0.28
KeyedFilter:0.27
FiltersIT:0.26
FiltersAggregator:0.25666666666666665
