XJBUpdateResponse:0.5533333333333333
XJBUpdateRequest:0.42916666666666664
XJBUpdateResponseImpl:0.39
Unmarshaller:0.27666666666666667
XJBUpdateRequestImpl:0.25666666666666665
VersionType:0.24916666666666668
XJBGUITableListImpl:0.22
VersionTypeImpl:0.16666666666666666
XMLBuilder:0.05333333333333334
