Aeron:0.5402777777777779
AeronThroughput:0.5366666666666666
