ResponseSpecification:0.7633333333333333
RestAssured:0.7166666666666667
RootPathITest:0.15333333333333332
