IImageKeys:0.5710158730158731
ImportFormEditor:0.5033333333333333
ImportDialog:0.4633333333333333
ImportFormEditorInput:0.22333333333333333
ExecuteScriptImport:0.22066666666666668
OpenImportForm:0.0625
