EditorOverlay:0.6977777777777778
JFXEditorOverlay:0.46
ARINCSettings:0.4116666666666667
JFXEditorLayerManager:0.3933333333333333
WidgetMessage:0.135
