Fetcher:0.4266666666666667
Crawler:0.3933333333333333
BreadthCrawler:0.3566666666666667
RedisCrawler:0.2252777777777778
FetcherThread:0.18
FetchQueue:0.056666666666666664
FetchItem:0.028333333333333332
QueueFeeder:0.018333333333333333
