InternalEngine:0.5366666666666666
EngineConfig:0.5333333333333333
IndexShard:0.41
InternalEngineTests:0.30666666666666664
ShadowIndexShard:0.17333333333333334
ShadowEngineTests:0.15666666666666668
IndexShardRecoveryPerformer:0.13
