BuildingConstructionMission:0.495
ConstructBuilding:0.37333333333333335
ConstructionValues:0.33
ConstructionStageTest:0.25666666666666665
ConstructionStageInfoTest:0.18333333333333332
ConstructionConfig:0.15
ConstructionSiteTest:0.14
