InformationSchemaPageSourceProvider:0.405
InformationSchemaMetadata:0.3446666666666667
InformationSchemaSplitManager:0.31666666666666665
InformationSchemaConnector:0.27
ConnectorManager:0.26666666666666666
TransactionMetadata:0.25666666666666665
InformationSchemaHandleResolver:0.15333333333333332
