UtilGUI:0.86
MainPanel:0.2866666666666667
SearchPanel:0.25166666666666665
ThinArrowButton:0.24333333333333335
PreviewPanel:0.19333333333333333
