ItemChunker:0.4533333333333333
ItemDechunker:0.4266666666666667
ChunkedStep:0.38666666666666666
ItemChunkerTests:0.3
ItemDechunkerTests:0.14333333333333334
DefaultItemFailureLog:0.07333333333333333
