SourceLookup:0.32666666666666666
RepositoriesService:0.25666666666666665
ShardsSyncedFlushResult:0.17333333333333334
TransportSearchHelper:0.15666666666666668
BucketStreams:0.13333333333333333
AggregationStreams:0.13333333333333333
PipelineAggregatorStreams:0.13333333333333333
