ICacheRecordStore:0.5833333333333334
ICache:0.5366666666666666
CacheRecordStore:0.39666666666666667
CacheStatistics:0.36666666666666664
CacheProxy:0.3566666666666667
CacheDataSerializerHook:0.24
CacheReplaceOperation:0.23777777777777775
CachePutIfAbsentOperation:0.22587301587301586
CacheClearOperation:0.2111111111111111
CacheService:0.21
CachePutBackupOperation:0.18666666666666668
CacheRecordFactory:0.18333333333333332
CacheEntryProcessorEntry:0.18166666666666667
CacheReplicationOperation:0.16666666666666666
HazelcastCacheManager:0.16666666666666666
CacheClearBackupOperation:0.16444444444444442
AbstractCacheOperation:0.14
CacheRemoveBackupOperation:0.075
