Appointment:0.8466666666666667
AppointmentTest:0.3466666666666667
