Table:0.7133333333333334
DatabaseWriter:0.4533333333333333
DatabaseWriterSettings:0.29
ManageIncomingBatchListener:0.24
DefaultDataLoaderFactory:0.22
