MqlSqlWalker:0.6033333333333334
QueryContext:0.5844444444444444
