Renderer2DModel:0.5105555555555557
Renderer2D:0.47333333333333333
PartialAtomicChargeColors:0.29
CDKAtomColors:0.29
CDK2DAtomColors:0.29
AtomColorer:0.013333333333333334
