PaymentChannelClient:0.49333333333333335
PaymentChannelServer:0.43166666666666664
ChannelConnectionTest:0.27
