BlojsomUtils:0.6933333333333334
BlojsomXMLRPCServlet:0.4033333333333333
BlojsomXMLRPCConstants:0.0
