Configuration:0.63
FastResultSetHandler:0.36333333333333334
NestedResultSetHandler:0.3611111111111111
XMLConfigBuilder:0.2966666666666667
