EventHandler:0.5451111111111111
NioReactor:0.39
ChannelHandler:0.19944444444444445
Acceptor:0.18
LoggingClient:0.17
App:0.14666666666666667
AppClient:0.12666666666666668
