Builder:0.5766666666666667
GetTextBuilder:0.51
Window:0.42333333333333334
MSettingsDialog:0.23
ConsoleIO:0.22666666666666666
MountPanel:0.21666666666666667
TodoWidget:0.21666666666666667
SummaryEditor:0.18
VersionPanel:0.18
NotepadEditorDesigner:0.17
FSHelper:0.16666666666666666
QueryEditor:0.13
TodoEditorPlugin:0.12666666666666668
ShowHTMLAction:0.10333333333333333
ImportFolderAction:0.07666666666666666
AddLinkAddressAction:0.07666666666666666
GetDirectoryBuilder:0.05333333333333334
