Role:0.61
RoleAssignmentPage:0.37333333333333335
RoleTypePage:0.37333333333333335
RoleListPanel:0.3233333333333333
WebCfgService:0.27
CreateOrEditRoleForm:0.17
UserListPanel:0.16666666666666666
