IndexEditor:0.6055555555555555
TXMUpdateHandler:0.33
ExecuteImportScript:0.30333333333333334
