ReadableTimePeriodConverter:0.5816666666666667
ConverterManager:0.40222222222222226
ReadableDurationConverter:0.33666666666666667
