Tab:0.6633333333333333
MyReport:0.4066666666666667
ModuleTestBase:0.37666666666666665
IReportsProvider:0.3272804232804233
XavaPreferences:0.2777777777777778
Users:0.15
RemoveMyReportAction:0.08333333333333333
OnChangeMyReportNameAction:0.03333333333333333
MyReportsAction:0.03
GenerateMyReportAction:0.02666666666666667
DefaultReportsProvider:0.016666666666666666
ReportsProviderFactory:0.009444444444444445
CreateNewMyReportAction:0.0075
