RowsResponseBuilder:0.3933333333333333
Plan:0.385
TransportSQLAction:0.35333333333333333
ResponseBuilder:0.13217857142857142
AffectedRowsResponseBuilder:0.12
