SessionLoop:0.59
SendRunnable:0.36666666666666664
ProcessManager:0.31
DiscoManager:0.03333333333333333
ProcIqManager:0.03333333333333333
IoSchemataManager:0.03333333333333333
ProcMsgManager:0.03333333333333333
