NumberFieldMapper:0.5933333333333334
AbstractXContentParser:0.31333333333333335
AbstractNumericFieldMapperTestCase:0.30666666666666664
NumberFieldMapperTests:0.22
RangeFieldMapperTests:0.19666666666666666
GeoHashGridParserTests:0.18583333333333332
NumberFieldTypeTests:0.14
