BloomFilter:0.79
BloomFilterTest:0.3466666666666667
FilteredBlockAndPartialMerkelTreeTests:0.3277380952380952
