MavenResolution:0.505
HttpResolution:0.49666666666666665
MavenRepoResolver:0.19955555555555557
BintrayResolution:0.14
HttpRepoResolver:0.14
OldRepoResolution:0.14
