DataFileBuilder:0.7425
BotDataFileBuilder:0.35
DefinitionDataFileBuilder:0.2866666666666667
ImportDataFileAction:0.25666666666666665
ExportDataFileAction:0.18666666666666668
