MainScreen:0.6066666666666667
QueryRetrive:0.4633333333333333
ConfirmDelete:0.41333333333333333
