MissingAggregationBuilder:0.44333333333333336
SamplerAggregationBuilder:0.42933333333333334
InternalMissing:0.2866666666666667
UnmappedSampler:0.25333333333333335
InternalSampler:0.24
