ConfigurationFactory:0.5766666666666667
HttpConfigurationTest:0.3433333333333333
ConfigurationFactoryTest:0.2575
LoggingConfigurationTest:0.18333333333333332
UrlConfigurationSourceProvider:0.14
FileConfigurationSourceProvider:0.14
ConfiguredCommand:0.12666666666666668
GzipConfigurationTest:0.12666666666666668
RequestLogConfigurationTest:0.10333333333333333
