WebClient:0.5666666666666667
Window:0.39666666666666667
PromptHandler:0.3566666666666667
WindowTest:0.07
