Constants:0.6191666666666666
Script:0.49333333333333335
ConfigManager:0.49
Directory:0.47
ScriptsBrowserViewPart:0.30333333333333334
ObjectFactory:0.25666666666666665
ScriptsTreeLabelProvider:0.22666666666666666
Step:0.06166666666666667
Scripts:0.05333333333333334
ScriptsTreeContentProvider:0.043333333333333335
ScriptParentListener:0.03
GlobalVariable:0.02666666666666667
