QueryTest:0.6466666666666666
SqlPredicate:0.5533333333333333
PredicatesTest:0.2833333333333333
UnresolvedIssues:0.26
