AbstractEntityTest:0.32666666666666666
AbstractOneSessionTest:0.23
AbstractSessionTest:0.17333333333333334
