MaximumAggState:0.27666666666666667
MinimumAggState:0.24666666666666667
ArbitraryAggState:0.22
CollectSetAggState:0.19444444444444442
ArbitraryAggregation:0.18
MaximumAggregation:0.16666666666666666
MinimumAggregation:0.16666666666666666
SizeEstimatorTest:0.14333333333333334
SizeEstimator:0.13333333333333333
ConstSizeEstimator:0.02666666666666667
VariableSizeMaximumAggState:0.01
VariableMinimumAggState:0.01
