AndroidTranslator:0.51
RobolectricTestRunner:0.33666666666666667
WithCustomClassListTestRunner:0.2633333333333333
RobolectricClassLoader:0.22666666666666666
AndroidTranslatorClassIntrumentedTest:0.12
ClassWithPrivateConstructor:0.06666666666666667
ShadowClassWithPrivateConstructor:0.013055555555555556
