EntityClass:0.51
EntityBindingStateImpl:0.38666666666666666
EntityBinder:0.35333333333333333
AnnotationBinder:0.16
GenericTypeDiscoveryTest:0.15666666666666668
