TimeNumberFormat:0.5566666666666666
TimeNumberFormatTest:0.27666666666666667
