TeamInfo:0.36666666666666664
MainMenuControl:0.35
MenuItemPopup:0.3333333333333333
GwtServerHelper:0.31333333333333335
MyTeamsMenuPopup:0.19
