ClassDescriptor:0.5466666666666666
GenericDescriptor:0.48333333333333334
