Node:0.44666666666666666
InSelector:0.3678888888888889
ExecutorManager:0.31333333333333335
Connection:0.30666666666666664
AddressPicker:0.28
MProxyImpl:0.28
BaseManager:0.24
CMap:0.21666666666666667
FactoryImpl:0.21666666666666667
XmlConfigBuilder:0.21226190476190476
ClusterService:0.19666666666666666
SelectorBase:0.09666666666666666
