GamessFormat:0.25
MDLRXNV3000Format:0.25
CacaoCartesianFormat:0.24333333333333335
ZindoFormat:0.24333333333333335
DMol3Format:0.21333333333333335
DOCK5Format:0.21333333333333335
MOPAC7Format:0.21333333333333335
PQSChemFormat:0.21333333333333335
GhemicalMMFormat:0.21333333333333335
Chem3D_Cartesian_2Format:0.21333333333333335
MOPAC93Format:0.21333333333333335
CACheFormat:0.21333333333333335
PCModelFormat:0.21333333333333335
GROMOS96Format:0.21333333333333335
AlchemyFormat:0.21333333333333335
NWChemFormat:0.21333333333333335
INChIFormat:0.21333333333333335
QChemFormat:0.21333333333333335
ViewmolFormat:0.21333333333333335
MOPAC2002Format:0.21333333333333335
BSFormat:0.21333333333333335
Chem3D_Cartesian_1Format:0.21333333333333335
YasaraFormat:0.21333333333333335
FenskeHall_ZMatrixFormat:0.21333333333333335
ChemtoolFormat:0.21333333333333335
MOPAC97Format:0.21333333333333335
TurboMoleFormat:0.21333333333333335
GaussianInputFormat:0.21333333333333335
CRK2DFormat:0.21333333333333335
CRK3DFormat:0.21333333333333335
MPQCFormat:0.21333333333333335
ChemDrawFormat:0.21333333333333335
SMILESFIXFormat:0.21333333333333335
JaguarFormat:0.21333333333333335
ShelXFormat:0.19666666666666666
PDBFormat:0.19666666666666666
TinkerXYZFormat:0.09666666666666666
CacaoInternalFormat:0.09666666666666666
SybylDescriptorFormat:0.09666666666666666
UniChemXYZFormat:0.09666666666666666
FingerprintFormat:0.09666666666666666
SMARTSFormat:0.09666666666666666
RawCopyFormat:0.09666666666666666
XEDFormat:0.09666666666666666
MacroModelFormat:0.09666666666666666
PubChemFormat:0.09666666666666666
