EmptyIterator:0.569555315055315
Buffer:0.46611111111111103
MultiMap:0.2871666666666667
MultiHashMap:0.22333333333333333
SlideInWindow:0.21666666666666667
AbstractEmptyIterator:0.14666666666666667
LogBufferDialog:0.12333333333333334
GradientPanel:0.023333333333333334
ViewAboutAction:0.006666666666666667
BufferUnderflowException:0.0033333333333333335
TestLogBuffer:0.0033333333333333335
ReconnectException:0.0
