PropertiesXmlReader:0.9566666666666667
SimulationProperties:0.31333333333333335
