Project:0.655
Log:0.45666666666666667
ProjectTest:0.24666666666666667
ProjectXMLHelper:0.23
ProjectXMLHelperTest:0.18333333333333332
LogTest:0.11666666666666667
