EIDProfile:0.6633333333333333
IReceiptSettings:0.49305555555555564
IAdressLabelSettings:0.49305555555555564
LocalHardTokenSessionBean:0.3
HardTokenProfileDataHandler:0.2511111111111111
HardTokenProfileWithAdressLabel:0.22333333333333333
HardTokenProfileWithReceipt:0.22333333333333333
EnhancedEIDProfile:0.19777777777777777
SwedishEIDProfile:0.18444444444444444
EditHardTokenProfileJSPHelper:0.17666666666666667
