TransportExecutorTest:0.36
ESQueryBuilderTest:0.31666666666666665
PlannerTest:0.30333333333333334
Visitor:0.3
Planner:0.25666666666666665
PlanVisitor:0.24666666666666667
ESQueryBuilder:0.23666666666666666
PlanPrinter:0.17
CrateSearchService:0.11666666666666667
