DBRef:0.63
BasicBSONEncoder:0.3
JSONSerializersTest:0.26
DBRefBaseSerializer:0.14666666666666667
DBRefCodec:0.1388888888888889
MongoCollectionTest:0.12666666666666668
DefaultDBCallback:0.12666666666666668
DocumentToDBRefTransformer:0.12666666666666668
LazyDBCallback:0.12
