v2ParserATNSimulator:0.4033333333333333
TestParserExec:0.36666666666666664
ParserATNSimulator:0.35
ANTLRErrorStrategy:0.30133333333333334
DefaultErrorStrategy:0.24333333333333335
TestSemPredEvalParser:0.20666666666666667
DiagnosticErrorStrategy:0.15
