MergeNode:0.5666666666666667
PlannerTest:0.3433333333333333
Builder:0.34
TransportSQLActionClassLifecycleTest:0.25666666666666665
ExecutionNodesTask:0.23
TaskCollectingVisitor:0.20333333333333334
Visitor:0.18
TestModule:0.09
TransportJobAction:0.08333333333333333
SetBucketFutureCallback:0.043333333333333335
ExecutionNodesExecutingVisitor:0.023333333333333334
ExecutionNodeStreamerVisitor:0.016666666666666666
