SwaggerTest:0.5766666666666667
JsonSerializationTest:0.315
JsonDeserializationTest:0.16666666666666666
