DropwizardSSLConnectionSocketFactoryTest:0.48
TlsConfiguration:0.4727777777777778
DropwizardSSLConnectionSocketFactory:0.4568888888888889
