AnnotationMenu:0.8666666666666667
TierPopupMenu:0.7866666666666666
