FileSystemFileStore:0.5933333333333334
FileNameGenerator:0.2617777777777778
LocalFileStoreFactory:0.07666666666666666
MemoryFileStoreFactory:0.07666666666666666
StreamUtil:0.06333333333333334
PathUtil:0.04666666666666667
