ProtoclHandshakeRejectionTest:0.5933333333333334
OpeningHandshakeRejectionTest:0.37666666666666665
Issue609Test:0.27666666666666667
