KeyRing:0.5866666666666667
SuperUser:0.16333333333333333
KeyRingTest:0.15
