RobolectricProcessor:0.43666666666666665
RealObjectValidatorTest:0.2866666666666667
RobolectricProcessorTest:0.25333333333333335
SingleClassSubject:0.15638888888888888
