Pool:0.7
DecalBatch:0.3333333333333333
CameraGroupStrategy:0.3333333333333333
Pools:0.21666666666666667
