CertUtils:0.4683333333333333
CRLDistributionPointRevocationChecker:0.35
SingleSignOnSessionsReportController:0.33
X509SubjectPrincipalResolver:0.24333333333333335
X509SubjectAlternativeNameUPNPrincipalResolver:0.14666666666666667
X509CredentialsAuthenticationHandlerTests:0.12333333333333334
