DependencyState:0.5552777777777778
DependencyStateDescriptions:0.25594227994228
