Relationship:0.5266666666666666
RelationshipManager:0.41833333333333333
