ModjyTestEnviron:0.41333333333333333
ModjyTestWSGIStreams:0.2875
ModjyJServlet:0.2841666666666667
ModjyTestHeaders:0.27
ModjyTestAppInvocation:0.21
