WalletEventListener:0.6386666666666666
Wallet:0.5533333333333333
AbstractWalletEventListener:0.43666666666666665
ChainSplitTests:0.36
WalletTest:0.2966666666666667
