ArchiveDate:0.6866666666666666
Comment:0.6866666666666666
TimeZones:0.2866666666666667
MetaWeblogAPI:0.22
InitService:0.19333333333333333
CommentMgmtService:0.18666666666666668
Filler:0.18666666666666668
ArticleMgmtService:0.17666666666666667
ArticleProcessor:0.16666666666666666
ArchiveDateRepositoryImpl:0.11333333333333333
SitemapProcessor:0.11333333333333333
CommentReceiver:0.1
