CMap:0.43333333333333335
Data:0.32666666666666666
KeyValue:0.3211111111111111
Request:0.31333333333333335
ClusterService:0.2966666666666667
SimpleExecution:0.29444444444444445
ResponseQueueCall:0.29333333333333333
BaseManager:0.29
ThreadContext:0.2633333333333333
ConcurrentMapManager:0.24333333333333335
Entries:0.22
DistributedExecutorAction:0.2
ObjectPool:0.19666666666666666
BufferUtil:0.18333333333333332
AbstractCall:0.17333333333333334
RequestBasedCall:0.15666666666666668
TargetAwareOp:0.13666666666666666
MMigrate:0.125
Serializer:0.11333333333333333
MBackupAwareOp:0.05333333333333334
MBackup:0.04666666666666667
SimpleFunctionalMapTest:0.02
