ComponentTesterTest:0.7233333333333334
RobotTest:0.4166666666666667
