CopyTo:0.6133333333333333
FieldMapper:0.5833333333333334
DocumentParser:0.31
ParentIdFieldMapper:0.25666666666666665
ParentJoinFieldMapper:0.24333333333333335
MetaJoinFieldMapper:0.21444444444444447
MetadataFieldMapper:0.19111111111111112
FakeFieldMapper:0.17
