ControllerHub:0.47333333333333333
ModifyRenderOptionsDialog:0.36
PropertiesModelEditor:0.2633333333333333
FieldTablePanel:0.24
