DateTimeFormatter:0.42333333333333334
ISODateTimeFormat:0.331
PeriodFormatter:0.31666666666666665
DateTimeZone:0.2866666666666667
DateTimeFormat:0.2833333333333333
PeriodFormat:0.25666666666666665
TimeOfDay:0.20666666666666667
YearMonthDay:0.20666666666666667
ISOPeriodFormat:0.10333333333333333
