FileTrigger:0.79
FileSyncService:0.41
FileSyncServiceSqlMap:0.19111111111111112
FileTriggerMapper:0.1051111111111111
