Record:0.6166666666666667
DefaultRecordStore:0.35333333333333333
MapService:0.31
AbstractRecord:0.30333333333333334
DefaultRecord:0.29
PartitionContainer:0.2288888888888889
PutBackupOperation:0.15666666666666668
GenericBackupOperation:0.14
MapMigrationOperation:0.14
