HTMLElement:0.5466666666666666
HTMLElementTest:0.4
HTMLAnchorElement2Test:0.2966666666666667
HTMLAreaElement:0.14666666666666667
HTMLAreaElementTest:0.08333333333333333
