Builder:0.5066666666666667
SameDiffDense:0.2633333333333333
BaseSameDiffLayer:0.23
SameDiffTest:0.21666666666666667
SameDiffConv:0.18833333333333332
