ArticleMetaInfo:0.42
FeedViewer:0.38666666666666666
ActionGroup:0.19666666666666666
FeedsFSPlugin:0.19
UnreadFilter:0.16444444444444445
AbstractNavigationAction:0.06
NewFilter:0.05111111111111111
GoToUnreadAction:0.01111111111111111
GoToNewAction:0.01111111111111111
