ClientNearCacheTestSupport:0.41333333333333333
AbstractMessageTask:0.3933333333333333
ClientNearCacheTest:0.31
TestCacheLoader:0.09666666666666666
