EventLogger:0.64
MediaDriver:0.44333333333333336
UdpDestination:0.36666666666666664
DriverPublication:0.26
Receiver:0.2311111111111111
ReceiverTest:0.22166666666666668
DriverConductorTest:0.19666666666666666
DriverConductor:0.18333333333333332
PubAndSubTest:0.18333333333333332
SenderTest:0.18
UdpTransport:0.17666666666666667
ClientProxy:0.15
ClientConductor:0.13666666666666666
NioSelector:0.13666666666666666
PubMulticastTest:0.12333333333333334
PubUnicastTest:0.12333333333333334
SubUnicastTest:0.10833333333333334
SubMulticastTest:0.10833333333333334
DriverBroadcastReceiver:0.04
Sender:0.03666666666666667
