SimpleNode:0.052733053
Parser:0.050942555
