BSHType:0.25880787
BSHAllocationExpression:0.14080876
SimpleNode:0.06522276
Parser:0.050611276
