BSHAmbiguousName:0.31628716
SimpleNode:0.1419783
EvalError:0.1162307
NameSpace:0.11368126
CallStack:0.1081329
Interpreter:0.10378494
Parser:0.045695618
Primitive:0.0067830877
