BSHSwitchStatement:0.43490803
SimpleNode:0.22055466
EvalError:0.11540684
Interpreter:0.08324701
Parser:0.038538013
CallStack:0.026109356
