SimpleNode:0.16659379
TargetError:0.12946524
Interpreter:0.12315308
EvalError:0.117287174
CallStack:0.03276376
Parser:0.030559301
