BufferChangeListener:0.97948426
DisplayManager:0.35603824
Buffer:0.21724722
