VFS:0.16788472
SearchDialog:0.11980861
BufferListSet:0.097850814
VFSBrowser:0.094146274
SettingsReloader:0.07973894
MiscUtilities:0.06152855
VFSManager:0.053549666
SearchAndReplace:0.045337033
Log:0.017763115
