MacrosProvider:0.2115477
DynamicMenuChanged:0.18949798
PluginsProvider:0.18568425
EditPlugin:0.17074879
EnhancedMenu:0.16870357
MacOSMenu:0.16280541
RecentDirectoriesProvider:0.14915812
FavoritesProvider:0.14724903
RecentFilesProvider:0.1431629
MarkersProvider:0.12914258
DirectoryProvider:0.12639703
