EditBus:0.51557446
EBMessage:0.33249554
EBPlugin:0.3115662
PropertiesChanged:0.2062442
SearchSettingsChanged:0.18590808
EditorStarted:0.1755159
EditorExiting:0.17378305
View:0.10889995
VFS:0.09509136
Macros:0.084617406
Java14:0.07327318
VFSBrowser:0.07006771
QuickNotepad:0.0698469
HelpViewer:0.0681501
DockableWindowManager:0.06562218
EditPane:0.0650626
HyperSearchResults:0.064136975
SettingsReloader:0.062069993
EnhancedMenu:0.060059097
PluginJAR:0.052899513
PluginManager:0.050269093
LogViewer:0.04049888
SearchDialog:0.039653756
