AbbrevsOptionPane:0.18352564
AbbrevEditor:0.13138461
jEdit:0.04551973
GUIUtilities:0.033763796
