EditAction:0.07109883
GUIUtilities:0.06430952
RolloverButton:0.059948616
StatusBar:0.05946119
View:0.018139834
ActionContext:0.016667204
jEdit:0.016466537
