FontSelectorDialog:0.1549449
TextAreaOptionPane:0.08663912
AppearanceOptionPane:0.06651336
QuickNotepadOptionPane:0.058296423
PrintOptionPane:0.050985206
GutterOptionPane:0.03123179
jEdit:0.030538324
GUIUtilities:0.019865178
