Node:0.16314976
Parser:0.081346825
Interpreter:0.063143104
