ParserRuleSet:0.3350629
CompleteWord:0.22119504
SyntaxUtilities:0.12191045
TokenMarker:0.09325234
XModeHandler:0.08646105
Buffer:0.077162564
Token:0.023915756
