CodeWriter:0.2573014
CodeVisitor:0.08877444
Edge:0.07440994
ClassGeneratorUtil:0.033044122
ByteVector:0.023099974
Constants:0.005952042
