Marker:0.04867612
GUIUtilities:0.034560166
jEdit:0.030251475
JEditTextArea:0.028795898
Buffer:0.024720743
View:0.015463972
DynamicMenuProvider:0.013559797
