JEditTextArea:0.080482185
View:0.063132286
Buffer:0.05840247
GUIUtilities:0.057012666
Selection:0.046982758
jEdit:0.041526448
EnhancedDialog:0.011818133
