TarHeader:0.5635459
TarInputStream:0.2188233
TarOutputStream:0.15492451
InstallThread:0.037974026
InvalidHeaderException:0.016899677
