DummyTokenHandler:0.84794396
DefaultTokenHandler:0.8435133
TokenMarker:0.35752594
Buffer:0.17656857
Token:0.14530203
