HandlerBase:0.3603034
XmlParser:0.3456732
XmlException:0.21342894
