Tester:0.6416666666666667
EclipsePart:0.6266666666666667
STFTest:0.31333333333333335
STFController:0.20666666666666667
