VariableMapping:0.5766666666666667
Subprocess:0.49
Duration:0.37333333333333335
ReceiveMessageNode:0.2683333333333333
MultiSubprocess:0.24333333333333335
MultiInstanceDialog:0.24333333333333335
JpdlSerializer:0.23333333333333334
SendMessageNode:0.19
BpmnSerializer:0.19
SubprocessVariableDialog:0.18666666666666668
VariableMappingChange:0.18
SubprocessChange:0.18
SubprocessDialog:0.18
MessageNodeDialog:0.17333333333333334
MessageVariableDialog:0.17
VariableMappingTableLabelProvider:0.16666666666666666
VariableSearchVisitor:0.14333333333333334
DelegablePresentation:0.12666666666666668
TimedPresentation:0.11333333333333333
TimerPresentation:0.11333333333333333
CopyGraphCommand:0.10333333333333333
MessageRenameProvider:0.09
SubprocessPresentation:0.07
