EventUtils:0.47
OutageWriter:0.4666666666666667
BroadcastEventProcessor:0.21555555555555558
Vacuumd:0.21
VacuumdMBean:0.2
VacuumdConfigFactory:0.14333333333333334
FailedOperationException:0.05
InsufficientInformationException:0.04666666666666667
