ResourceIndexImpl:0.5544444444444445
ResourceIndexRebuilder:0.37333333333333335
BaseTripleGenerator:0.31666666666666665
MethodAwareTripleGenerator:0.30333333333333334
