BaseOutputLayer:0.5233333333333333
Builder:0.23666666666666666
