DefinitionService:0.71
DefinitionServiceDelegate:0.6633333333333333
TDBuilder:0.5733333333333334
BatchPresentation:0.51
Commons:0.42333333333333334
ReflectionRowBuilder:0.4166666666666667
ProcessDefinitionStub:0.4066666666666667
WfServiceTestHelper:0.36666666666666664
FieldDescriptor:0.36
GroupState:0.36
JbpmDefinitionServiceBean:0.31666666666666665
DefinitionServiceDelegateLocalImpl:0.23166666666666666
DefinitionServiceDelegateRemoteImpl:0.23166666666666666
BatchPresentationTestHelper:0.21
WfeScriptRunner:0.2
JbpmDefinitionLogic:0.2
DefinitionServiceDelegateGetFormTest:0.2
DefinitionServiceDelegateRedeployProcessDefinitionTest:0.19666666666666666
CheckboxTDBuilder:0.19333333333333333
TitledFormTag:0.18833333333333332
ListExecutorsWithoutPermissionsOnDefinitionFormTag:0.18333333333333332
ListExecutorsWithoutPermissionsOnSystemFormTag:0.17333333333333334
ExecutionServiceDelegateSubstitutionAssignTaskTest:0.17333333333333334
ListExecutorsWithoutPermissionsOnBotStationFormTag:0.17333333333333334
ListExecutorsWithoutPermissionsOnProcessInstanceFormTag:0.17333333333333334
GetNewSubstitutorTaskListTest:0.17333333333333334
ExecutionServiceDelegateAssignTaskTest:0.17
DefinitionServiceDelegateDeployProcessDefinitionTest:0.16166666666666665
BaseTDBuilder:0.15333333333333332
ProcessInstanceVariableTDBuilder:0.15333333333333332
TaskProcessInstanceIdTDBuilder:0.14833333333333334
DefinitionServiceDelegateGetOrgFunctionFriendlyNamesMappingTest:0.14333333333333334
DefinitionServiceDelegateGetDeclaredVariablesNamesTest:0.14333333333333334
TaskClassPresentation:0.14
GetTaskListTest:0.13666666666666666
ProcessDefinitionClassPresentation:0.13666666666666666
ListProcessesDefinitionsFormTag:0.13
TaskOwnerTDBuilder:0.13
ListExecutorsBaseFormTag:0.12666666666666668
ListTasksFormTag:0.12666666666666668
RedeployDefinitionFormTag:0.12666666666666668
TypeProcessTDBuilder:0.125
ProcessInstanceBaseDateTDBuilder:0.12
TaskProcessDefinitionTDBuilder:0.11333333333333333
DescriptionProcessTDBuilder:0.11333333333333333
ListAllExecutorsFormTag:0.11
TaskVariableTDBuilder:0.10333333333333333
DeployDefinitionFormTag:0.10333333333333333
TaskRoleTDBuilder:0.10333333333333333
ListProcessesInstancesFormTag:0.1
DeployProcessDefinitionAction:0.1
ProcessDefinitionInfo:0.1
ProcessDefinitionEvaluation:0.08
PrepertyTDBuilder:0.07833333333333334
ProcessTypesIterator:0.060833333333333336
BaseDeployProcessDefinitionAction:0.056666666666666664
Store:0.04972222222222222
RedeployProcessDefinitionAction:0.04666666666666667
TypeDBSource:0.0
