DatabaseAnnotationSetImpl:0.4266666666666667
TestDatabaseAnnotationSet:0.36333333333333334
