Publication:0.5216666666666666
TermAppender:0.5166666666666667
TermAppenderTest:0.30333333333333334
SenderTest:0.24666666666666667
RetransmitHandlerTest:0.19666666666666666
