DomNode:0.66
Document:0.33666666666666667
HtmlScript:0.2866666666666667
Document2Test:0.28
DomNamespaceNode:0.15333333333333332
