QueryEntry:0.7
EntryObject:0.34
TestHazelcastInstanceFactory:0.2783333333333333
ReflectionHelper:0.26666666666666666
