Objects:0.7933333333333333
Strings:0.44666666666666666
UnknownClassException:0.4
Collections:0.37833333333333335
DefaultHeader:0.3
Assert:0.22720634920634922
Classes:0.17726190476190476
Header:0.15833333333333333
RuntimeEnvironment:0.03333333333333333
