LocaleManager:0.74
URIResultHandler:0.41333333333333333
SearchBookContentsActivity:0.31333333333333335
