AuthenticationContextBuilder:0.8266666666666667
DefaultAuthenticationContextBuilder:0.7266666666666667
AuthenticationViaFormActionTests:0.2833333333333333
AbstractServiceValidateControllerTests:0.20333333333333334
OpenIdServiceTests:0.18666666666666668
AuthenticationViaFormAction:0.1788888888888889
GenerateServiceTicketActionTests:0.12333333333333334
WsFederationAction:0.11
TicketGrantingTicketCheckActionTests:0.10666666666666667
