User:0.7833333333333333
Todo:0.42333333333333334
RegisterAction:0.23333333333333334
WelcomeAction:0.07
