AtmosphereResponse:0.5166666666666667
HeaderConfig:0.4976111111111112
AtmosphereResourceImpl:0.38
AtmosphereFramework:0.28
Filter:0.24333333333333335
JerseyBroadcasterUtil:0.11333333333333333
