DicLibrary:0.38666666666666666
StopRecognition:0.25666666666666665
AmbiguityLibrary:0.24666666666666667
SynonymsLibrary:0.24
StopLibrary:0.19333333333333333
CrfLibrary:0.17333333333333334
HeightLightTest:0.12666666666666668
AnsjTokenizer:0.09
