HistoryEntry:0.6366666666666667
GitRepository:0.37666666666666665
GitHistoryParser:0.23
