RolloutOptions:0.5733333333333334
Builder:0.34
RollingUpdateCommandTest:0.2833333333333333
RollingUpdateCommand:0.07666666666666666
