CVCCA:0.7266666666666667
BaseCaAdminCommand:0.32666666666666666
CaInitCommand:0.30333333333333334
CaInitCommandTest:0.27
