RubyRuntime:0.39
RubyEnvironmentTab:0.31666666666666665
RubyInterpreter:0.29
InterpreterRunnerConfiguration:0.22
RubyLaunchConfigurationAttribute:0.20333333333333334
ResourceSelector:0.19666666666666666
InterpreterRunner:0.18333333333333332
RubyEntryPointTab:0.16666666666666666
RubyArgumentsTab:0.12333333333333334
RubyApplicationLauncherDelegate:0.10333333333333333
ExecutionArguments:0.08
