TODSession:0.8475
DefaultJVMHandler:0.35333333333333333
TODSessionImpl:0.2733333333333333
SodbeansDebugAction:0.18444444444444444
