AdviceTest:0.46
ForFixedValue:0.39666666666666667
WithCustomMapping:0.39666666666666667
ForAllArguments:0.30666666666666664
ForField:0.305
Collector:0.3
ForOrigin:0.2713888888888889
ForReturnValue:0.245
ForThisReference:0.245
ForArgument:0.245
ForUserValue:0.24
PoolStrategy:0.20142857142857143
AdviceAnnotationTest:0.19
ReadWrite:0.178
DynamicValue:0.14
ForRedefinition:0.11333333333333333
ForSerializedValue:0.07333333333333333
ForParameterValue:0.0
ForFieldValue:0.0
