Function:0.64
IFunction:0.5578333333333333
Info:0.5533333333333333
IqDisco:0.14
