ItemStream:0.8433333333333334
MockItemReader:0.25333333333333335
JdbcCursorItemReader:0.23666666666666666
FooItemReader:0.23
FlatFileItemWriter:0.23
DrivingQueryItemReader:0.20666666666666667
HibernateCursorItemReader:0.17666666666666667
DelegatingItemReader:0.15666666666666668
DefaultFlatFileItemReader:0.15333333333333332
StaxEventWriterItemWriterTransactionSychronization:0.15333333333333332
StaxEventItemReader:0.15
StaxEventItemWriter:0.14666666666666667
ItemStreamAdapter:0.12666666666666668
AbstractTransactionalIoSource:0.1
StaxEventReaderItemReaderTransactionSychronization:0.09333333333333334
MockIoSource:0.09333333333333334
AbstractTransactionalIoSourceTransactionSynchronization:0.09333333333333334
HibernateItemReaderTransactionSynchronization:0.09333333333333334
AbstractItemStreamItemWriter:0.0
AbstractItemStreamItemReader:0.0
