MyErrorHandler:0.5266666666666666
ISO19139CHEtoGM03:0.40222222222222226
TranslateAndValidate:0.28
