DataHeaderFlyweight:0.9761111111111113
IoDriver:0.2955555555555555
