AzureComputeServiceImpl:0.725
AzureInstanceXmlParserTest:0.33
AzureComputeServiceSimpleMock:0.16666666666666666
AzureComputeServiceTwoNodesMock:0.16666666666666666
