DocumentFormat:0.48333333333333334
EmailDocumentFormat:0.23
Scratch:0.16944444444444445
TestEmail:0.15
EmailDocumentHandler:0.1
