BaseLayer:0.5122222222222222
WeightInitUtil:0.4266666666666667
DBNTest:0.20333333333333334
