AggregateStatus:0.8166666666666667
AggregateStatusDefinition:0.7
DefaultAggregateStatusServiceTest:0.19
DefaultAggregateServiceIntegrationTest:0.03666666666666667
