BuiltinMarshalingRoutines:0.47
MarshalingSupport:0.36666666666666664
Marshaling:0.29
UnmarshalMismatchException:0.2611111111111111
