LuceneReadSession:0.5653888888888888
EntityIndexUtils:0.41
AbstractBinderProcessor:0.37666666666666665
SearchUtils:0.37
PostFilterCallback:0.24940873015873027
NilLuceneReadSession:0.22666666666666666
LocalLuceneReadSession:0.22333333333333333
