jq_NativeThread:0.44333333333333336
HeapAllocator:0.37333333333333335
SimpleAllocator:0.3421666666666667
DefaultHeapAllocator:0.2833333333333333
SemiConservative:0.18444444444444444
