MessagePage:0.49333333333333335
SubmitWizard:0.42
PasswordWizardPage:0.38333333333333336
