ProfileModule:0.8466666666666667
ViewEntryController:0.3933333333333333
ProfileModuleImpl:0.23199999999999998
