SystemDataRes:0.39666666666666667
DataStore:0.39
EpgAutoAddDataRes:0.36333333333333334
ChannelDataRes:0.2833333333333333
EpgDataRes:0.24
