StatementGenerator:0.6833333333333333
ObjectiveCImplementationGeneratorTest:0.46
ObjectiveCImplementationGenerator:0.33666666666666667
