FlowExecutionRepositoryServices:0.415
SingletonFlowExecutionRepositoryFactory:0.27
AbstractFlowExecutionRepository:0.2633333333333333
FlowExecutorImpl:0.22333333333333333
AbstractFlowExecutionRepositoryFactory:0.20666666666666667
AbstractFlowExecutionRepositoryCreator:0.20333333333333334
