MockBodyContent:0.41
TabSheetTagTest:0.2966666666666667
MockServletRequest:0.25
NavigationTag:0.22833333333333328
AllTests:0.21333333333333335
MockPageContext:0.1827777777777778
TabSheetTag:0.17666666666666667
Tab:0.12333333333333334
