ReaderException:0.7622222222222222
DecodeServlet:0.3933333333333333
URIParsedResult:0.36
TitleRetriever:0.19
