Messages:0.5239047619047619
ConcordancesEditor:0.5
CorporaView:0.36
ScriptPreferenceInitializer:0.21666666666666667
