HiveClientConfig:0.6138888888888889
TestHiveClientConfig:0.38
HiveSplitManager:0.33666666666666667
