TedDailySerie:0.515
TedParser:0.4633333333333333
DailyPanel:0.38666666666666666
