DefaultTODHandler:0.4033333333333333
DefaultActionHandler:0.39
DefaultExecutionTracker:0.3466666666666667
MasterListener:0.3466666666666667
RequestQueueManager:0.2633333333333333
