SettingsDAO:0.605
SettingsService:0.5666666666666667
Setting:0.46
DBSettingsModule:0.33711904761904765
DBSettingsModuleCreator:0.3272804232804233
SettingsServiceDelegate:0.30789682539682545
Commons:0.2966666666666667
ResourceCommons:0.23333333333333334
Resources:0.21333333333333335
SettingsLogic:0.21
SettingTemplate:0.20666666666666667
DBSettingsCommon:0.19333333333333333
DelegateFactory:0.19
WorkflowThreadPoolBotInvoker:0.17666666666666667
BotInvokerFactory:0.16666666666666666
RedeployDefinitionFormTag:0.15333333333333332
InitializerLogic:0.13
SaveSettingsAction:0.09838888888888889
SettingsServiceBean:0.07333333333333333
PropertyFileConfigurableDBSettings:0.06555555555555556
SettingsDAOImpl:0.06333333333333334
ManageSettingsFormTag:0.05333333333333334
Loader:0.05
SettingsLogicResources:0.05
WorkflowBotInvokerSettings:0.02666666666666667
SettingsServiceDelegateRemoteImpl:0.02666666666666667
SettingsTableAddition:0.025333333333333333
SettingsServiceDelegateLocalImpl:0.02
IllegalResourceRequestException:0.0
SettingsForm:0.0
