jOOQAbstractTest:0.83
DataTypeTests:0.4533333333333333
PostgresTest:0.15666666666666668
