PVCS:0.5233333333333333
VssTest:0.52
ConcurrentVersionsSystemTest:0.4744444444444444
ForceOnlyTest:0.16666666666666666
