Console:0.61
ConsolePlugin:0.5166666666666667
ErrorMatcher:0.2883333333333333
ConsoleProcess:0.21333333333333335
CommandoDialog:0.20888888888888887
