SodbeansBuildAction:0.4666666666666667
SodbeansAction:0.36833333333333335
SodbeansRunAction:0.31333333333333335
SodbeansDocumentAction:0.15333333333333332
SodbeansCleanAction:0.15333333333333332
SodbeansCleanBuildAction:0.13666666666666666
