MetaModel:0.825
SaveAction:0.2733333333333333
ApplicantTest:0.2733333333333333
Applicant:0.14
