PowerSource:0.6866666666666666
BuildingConfig:0.4
FuelPowerSource:0.39666666666666667
SolarPowerSource:0.2733730158730159
SolarThermalPowerSource:0.2733730158730159
StandardPowerSource:0.24372222222222226
WindPowerSource:0.24372222222222226
AreothermalPowerSource:0.24372222222222226
PowerGeneration:0.22
