Redisson:0.6
RedissonClient:0.5325
RedissonObjectFactory:0.32
AccessorInterceptor:0.26666666666666666
RedissonLiveObjectService:0.25333333333333335
