LibertyQManager:0.44
ActiveMQQManager:0.31333333333333335
WASSIBQManager:0.25666666666666665
RabbitMQQManager:0.21333333333333335
GlassFishQManager:0.07333333333333333
