Index:0.39666666666666667
CMap:0.37333333333333335
Packet:0.33666666666666667
QueryTest:0.22
ConcurrentMapManager:0.19
EqualPredicate:0.18666666666666668
Request:0.16
GreaterLessPredicate:0.13666666666666666
IndexRegion:0.13333333333333333
BetweenPredicate:0.13
QueryService:0.10666666666666667
AbstractPredicate:0.0033333333333333335
