IntegerType:0.28
TypeConversionTest:0.27666666666666667
UpdateAnalyzerTest:0.2733333333333333
InsertFromSubQueryAnalyzerTest:0.25333333333333335
ByteType:0.22
ShortType:0.19333333333333333
FloatType:0.19333333333333333
SQLTypeMappingTest:0.18
UpdateStatementAnalyzer:0.16
InsertFromValuesAnalyzerTest:0.13333333333333333
