Operation:0.5933333333333334
OperationServiceImpl:0.5033333333333333
OperationAccessor:0.2633333333333333
