ERDesignerComponent:0.5033333333333333
SaveToFileCommand:0.24866666666666665
OpenFromFileCommand:0.22866666666666666
DBConnectionCommand:0.2253333333333333
GenerateChangeLogSQLCommand:0.21866666666666665
UICommand:0.20666666666666667
ReverseEngineerCommand:0.192
CompleteCompareCommand:0.192
ConvertModelCommand:0.192
ClasspathCommand:0.18533333333333335
EditDomainCommand:0.18533333333333335
PreferencesCommand:0.18533333333333335
OpenXavaExportExportCommand:0.18533333333333335
RepositoryConnectionCommand:0.18533333333333335
GenerateMigrationScriptCommand:0.17666666666666667
SaveToRepositoryCommand:0.17666666666666667
OpenFromRepositoryCommand:0.17666666666666667
ExportGraphicsCommand:0.16199999999999998
GenerateDocumentationCommand:0.16199999999999998
GenerateSQLCommand:0.16199999999999998
