HtmlForm:0.5833333333333334
HTMLElementTest:0.2633333333333333
SanityCheck:0.22166666666666668
HtmlFormTest:0.21666666666666667
JavaScriptEngineTest:0.21333333333333335
HtmlSelectTest:0.20666666666666667
HTMLInputElementTest:0.20666666666666667
HTMLTextAreaElementTest:0.19666666666666666
HtmlPageTest:0.19333333333333333
HtmlInputTest:0.18666666666666668
HtmlSubmitInputTest:0.16
HtmlFileInputTest:0.15666666666666668
HtmlImageInputTest:0.15333333333333332
HtmlResetInputTest:0.1
