HtmlInput:0.3433333333333333
HTMLElementTest:0.34
HTMLInputElement:0.34
WebDriverTestCase:0.33666666666666667
HTMLIFrameElement3Test:0.28
HTMLDocumentTest:0.27666666666666667
HTMLInputElementTest:0.18333333333333332
