WebApplication:0.62
MadvocServletFilter:0.45
MyWebApplication:0.32666666666666666
SessionScope:0.21333333333333335
BeanManager:0.14666666666666667
