Dialect:0.7133333333333334
H2Dialect:0.28
PostgreSQL81Dialect:0.28
DotNode:0.26666666666666666
IdentNode:0.24333333333333335
CountFunction:0.18666666666666668
CompositeIdTest:0.12666666666666668
