MapComparator:0.5841666666666666
LuceneQueryBuilderIntegrationTest:0.4533333333333333
ObjectEqOperator:0.4033333333333333
EqOperatorResolver:0.24333333333333335
