AvailableSettings:0.5910000000000001
AbstractPersistentCollection:0.4166666666666667
AbstractLazyInitializer:0.35333333333333333
