KuwaibaService:0.5766666666666667
ObjectFactory:0.4666666666666667
Constants:0.3542857142857143
RemoteMPLSConnectionDetails:0.35333333333333333
LocalMPLSConnectionDetails:0.3333333333333333
CommunicationsStub:0.28
