BuddhistChronology:0.39
TestBuddhistChronology:0.3466666666666667
SkipUndoDateTimeField:0.23666666666666666
