NotificationMenu:0.8111111111111111
TelegraphConfig:0.5096666666666667
NotificationWindow:0.2733333333333333
