CertTools:0.6033333333333334
ca:0.36333333333333334
CAAdminSessionBean:0.2783333333333333
X509CA:0.21666666666666667
SoftCAToken:0.21
CADataHandler:0.20333333333333334
LogEntry:0.20142857142857143
CaImportCACommand:0.15333333333333332
CertDistServlet:0.15
CaAdminCommandFactory:0.12333333333333334
TestCAImportExport:0.08
CaExportCACommand:0.035
CAExportServlet:0.03
