PropertyReader:0.53
Model:0.31333333333333335
Paste:0.19166666666666668
EntityReader:0.18666666666666668
PropertyReadWriteTest:0.14
