FileAttachment:0.6133333333333333
FileModule:0.4220674603174603
FileModuleImpl:0.39
ObjectKeys:0.04666666666666667
ModifyFileController:0.04
WebKeys:0.014285714285714285
