Preview:0.49333333333333335
ProxyXRef:0.31333333333333335
ProxyEntity:0.22666666666666666
