UserExt:0.5541666666666668
ArticleQueryService:0.4033333333333333
UserQueryService:0.35
InitProcessor:0.22
UserRepository:0.19
