TestDateTimeFieldType:0.44333333333333336
TestMutablePeriod_Updates:0.31666666666666665
TestDurationFieldType:0.2966666666666667
TestDateTime_Basics:0.29133333333333333
TestDateMidnight_Basics:0.29133333333333333
TestReadableIntervalConverter:0.22666666666666666
TestInterval_Basics:0.22333333333333333
TestMutablePeriod_Constructors:0.21666666666666667
StandardDateTimeFieldType:0.19333333333333333
TestAll:0.18333333333333332
StandardDurationFieldType:0.14
