ArgumentBinderTest:0.32
FieldProxyBinderTest:0.2966666666666667
InstrumentedTypeTest:0.2633333333333333
RebaseImplementationTargetTest:0.26
MethodInvocationTest:0.26
FieldValueBinderTest:0.25666666666666665
SubclassImplementationTargetTest:0.21666666666666667
RebaseDynamicTypeBuilderTest:0.21333333333333335
ConstructorStrategyDefaultTest:0.19666666666666666
NamingStrategyTest:0.19666666666666666
AbstractImplementationTargetTest:0.18333333333333332
TypeAttributeAppenderForInstrumentedTypeTest:0.14333333333333334
TargetMethodAnnotationDrivenBinderTerminationHandlerDroppingTest:0.14
AbstractTypeAttributeAppenderTest:0.0
