UriComponents:0.49666666666666665
AsyncHttpProviderUtils:0.37333333333333335
HttpProtocol:0.26
AsyncHttpClientFilter:0.25333333333333335
NettyRequestFactory:0.14333333333333334
AuthorizationHandler:0.13666666666666666
