UserMessageListener:0.6191666666666666
Job:0.47333333333333333
SWDownloadSegment:0.4
SWDownloadFile:0.39666666666666667
GUIUserMessageListener:0.29333333333333333
FWTableCellRenderer:0.24666666666666667
SWDownloadWorker:0.24333333333333335
FileHandlingException:0.19333333333333333
SwarmingManager:0.19
Worker:0.15066666666666667
GeneratePreviewAction:0.11
RemoveDownloadAction:0.11
DownloadConfigDialog:0.10333333333333333
