Utf8ByteBufCharsetDecoder:0.5666666666666667
NettyWebSocket:0.4888888888888889
Utf8ByteBufCharsetDecoderTest:0.29
