Builder:0.7
ElementMatchers:0.5133333333333333
ByteBuddy:0.4533333333333333
AbstractDynamicTypeBuilderForInliningTest:0.23666666666666666
AbstractDynamicTypeBuilderTest:0.20666666666666667
SubclassDynamicTypeBuilderTest:0.19333333333333333
