DateTimeFunctions:0.6533333333333333
TestExpressionCompiler:0.38666666666666666
TestDateTimeFunctions:0.23333333333333334
CanonicalizeExpressionRewriter:0.21
