TestUtils:0.8533333333333334
TestRunner:0.6366666666666667
