Beans:0.4266666666666667
ClientAction:0.41
Pac4jWebflowConfigurer:0.25777777777777783
CasBanner:0.21333333333333335
Pac4jWebflowConfiguration:0.14666666666666667
MultifactorAuthnTrustConfiguration:0.12333333333333334
CasCookieConfiguration:0.12333333333333334
