URIFrontier:0.6466666666666666
Frontier:0.6233333333333333
CrawlController:0.3466666666666667
ToeThread:0.21
ToePool:0.13444444444444445
Waker:0.01111111111111111
