Symbols:0.7136111111111111
CTXReader:0.44
Elements:0.014071428571428572
