EulerRunner:0.6333333333333333
Codd:0.6333333333333333
