Publication:0.6966666666666667
ClientConductor:0.36666666666666664
Aeron:0.3566666666666667
ClientConductorTest:0.31333333333333335
MediaDriverProxy:0.19055555555555556
AeronTest:0.18
PubAndSubTest:0.15
PubMulticastTest:0.15
PubUnicastTest:0.15
