LocalUserObject:0.48
LocalUserGroupObject:0.43833333333333335
LocalUserGroupObjectLight:0.32483333333333336
