AbstractSerializationService:0.5266666666666666
JavaDefaultSerializers:0.33546031746031746
SerializationTest:0.25
SerializationConstants:0.14772222222222223
AbstractSerializationServiceTest:0.056666666666666664
SerializationServiceV1:0.016666666666666666
