CwbEncode:0.5666666666666667
Filter:0.4533333333333333
CwbProcess:0.35
