Timer:0.43333333333333335
BoundedLocalCache:0.3933333333333333
TimerWheel:0.32666666666666666
CacheContext:0.25
BoundedPolicy:0.17
TimerWheelTest:0.11
AddTask:0.08666666666666667
