Environment:0.5366666666666666
Bootstrap:0.42
BootstrapTest:0.35
EnvironmentCommand:0.31333333333333335
