EditViewFactory:0.6466666666666666
AssociatedWith:0.4266666666666667
