Security:0.47333333333333333
NettyHttpServerTransport:0.45666666666666667
MulticastZenPing:0.2966666666666667
MulticastZenPingTests:0.16
