Mongo:0.56
GridFS:0.47
GridFSTest:0.35333333333333333
GridFSInputFile:0.29
BSONInput:0.26666666666666666
