ComponentRecorder:0.5766666666666667
ComponentRecorderTest:0.4
PopupListener:0.27666666666666667
AWTCode:0.056666666666666664
