Group:0.5336111111111111
BusinessModel:0.44
Package:0.24666666666666667
PresentationUtils:0.23666666666666666
PackageAdapter:0.23666666666666666
BusinessPackageAdapter:0.17666666666666667
EntityGroup:0.06666666666666667
