EncoderRegistry:0.44
EncoderConfig:0.43666666666666665
HTTPBuilder:0.41
ContentTypeITest:0.14666666666666667
