Grammar:0.7733333333333333
LexerInterpreter:0.5233333333333333
TestTokenStreamRewriter:0.24666666666666667
TestUnbufferedCharStream:0.2
TestBufferedTokenStream:0.175
TestUnbufferedTokenStream:0.15
TestParserInterpreter:0.12666666666666668
