BroadcasterFactory:0.8044444444444445
DefaultBroadcaster:0.4272222222222223
AbstractBroadcasterProxy:0.3811111111111111
