SimpleExample:0.24333333333333335
Books:0.19
FilterExample:0.14666666666666667
HelloWorld:0.10666666666666667
