BuildSummary:0.6366666666666667
BuildSummaryTest:0.31666666666666665
InactiveProjectTest:0.28
BuildSummaryServiceTest:0.23
