SearchFilter:0.5333333333333333
SearchControlPanel:0.29
ButtonActionHandler:0.20666666666666667
MouseHandler:0.2061111111111111
SubmitSearchHandler:0.18666666666666668
SelectionHandler:0.1486111111111111
SearchListTableListener:0.13194444444444442
SearchListPanel:0.12666666666666668
