HttpRequestTest:0.8016666666666666
JoddHttp:0.6233333333333333
