TFModel:0.5866666666666667
SRManifestModel:0.42333333333333334
TeachingFileDelegate:0.21
SRItem:0.18
TFSelectorCtrl:0.12666666666666668
