Util:0.9133333333333333
DefaultDecoderTest:0.33666666666666667
FeignException:0.25833333333333336
StringDecoder:0.16333333333333333
Default:0.16333333333333333
