BioclipseJob:0.5066666666666667
AbstractManagerMethodDispatcherTest:0.49
TestManager:0.23333333333333334
JavaManagerMethodDispatcher:0.14666666666666667
AbstractManagerMethodDispatcher:0.14333333333333334
