BuildSummariesService:0.45
ProjectBuildStatus:0.36333333333333334
BuildSummaryUIServiceTest:0.3233333333333333
BuildSummaryUIService:0.30666666666666664
GetProjectBuildStatusControllerTest:0.26666666666666666
BuildCommand:0.22333333333333333
BuildSummariesServiceTest:0.20666666666666667
BuildDetailController:0.185
GetActiveBuildInfoControllerTest:0.16666666666666666
LatestBuildsListingControllerTest:0.13
BuildCommandTest:0.06333333333333334
