InformationSchemaQueryTest:0.3466666666666667
SelectAnalyzerTest:0.31666666666666665
InformationSchemaTest:0.25666666666666665
ComparisonExpression:0.22
DataStatementAnalyzer:0.22
AnyOperator:0.2161111111111111
TransportSQLActionTest:0.21333333333333335
Visitor:0.21333333333333335
Setup:0.19666666666666666
TestStatementBuilder:0.16
AnyEqOperatorTest:0.13666666666666666
OperatorModule:0.07043650793650794
