ListenerTestPlugin:0.5133333333333333
PluginPlugin:0.42
PluginXMLHelper:0.36666666666666664
CruiseControlConfigTest:0.2833333333333333
