DateHelper:0.5133333333333333
DefinitionModuleImpl:0.42333333333333334
EventHelper:0.30333333333333334
ViewController:0.18
