RecyclerView:0.4533333333333333
ScrollView:0.44
ExpandableRecyclerView:0.3
ViewPager:0.2916666666666667
HorizontalScrollView:0.2833333333333333
