HeapAnalyzer:0.5888888888888889
HeapDump:0.34
AndroidExcludedRefs:0.3277777777777778
LeakCanary:0.31
RefWatcher:0.25666666666666665
HeapAnalyzerService:0.20666666666666667
