CollectionAgent:0.47
UpdateRRDs:0.45
DataSource:0.3933333333333333
IfInfo:0.31
SnmpCollector:0.2906666666666667
CollectionAttribute:0.28
AbstractResource:0.2636150793650792
SNMPCollectorEntry:0.25
CollectionSet:0.20333333333333334
RRDDataSource:0.17666666666666667
StringDataSource:0.11666666666666667
NodeInfo:0.08
CollectionResource:0.07
