UserSession:0.8766666666666667
Logout:0.2733333333333333
