Node:0.7066666666666667
TermNode:0.35
TermTreeBrowser:0.28583333333333333
NodeIteratorImpl:0.14666666666666667
TermTreeBrowserTest:0.12666666666666668
CompareByAccession:0.025
