MethodParamNamesScaner:0.6608333333333334
ClassTools:0.4914285714285715
QueryStringNameInjector:0.33
