SqlScript:0.8033333333333333
SqlStatementBuilderSmallTest:0.7877777777777777
