TagW:0.5655555555555556
DicomMediaIO:0.4033333333333333
DicomModel:0.3933333333333333
DicomSeries:0.3566666666666667
PreloadingTask:0.18333333333333332
