ResponseHeaders:0.44333333333333336
Streams:0.39
HttpEngine:0.35
RouteSelector:0.325
StrictLineReader:0.2966666666666667
Address:0.29
RetryableOutputStream:0.2866666666666667
DiskLruCache:0.27666666666666667
RawHeaders:0.27
Editor:0.2377777777777778
HttpResponseCache:0.22666666666666666
HttpURLConnectionImpl:0.20083333333333334
ChunkedOutputStream:0.19305555555555554
Platform:0.18666666666666668
Base64:0.18333333333333332
UnknownLengthHttpInputStream:0.18333333333333332
Entry:0.18333333333333332
FixedLengthOutputStream:0.18333333333333332
FixedLengthInputStream:0.18333333333333332
SpdyDataOutputStream:0.16666666666666666
ChunkedInputStream:0.15666666666666668
SpdyDataInputStream:0.15333333333333332
HttpTransport:0.15
HttpsEngine:0.14333333333333334
ConnectionPool:0.14
TunnelRequest:0.12
StrictLineReaderTest:0.09
