FlowModelBuilder:0.6066666666666667
FlowBuilder:0.57
FlowModelHolder:0.5466666666666666
DefaultFlowModelHolder:0.44
FlowModelFlowBuilder:0.35
AbstractFlowBuilder:0.23666666666666666
FlowModelFlowBuilderTests:0.21333333333333335
XmlFlowModelBuilder:0.20333333333333334
FlowRegistryFactoryBean:0.19333333333333333
FlowModelRegistryImplTests:0.12333333333333334
SimpleFlowBuilder:0.11833333333333333
AbstractXmlFlowExecutionTests:0.10333333333333333
DefaultFlowHolder:0.06
StaticFlowModelHolder:0.016666666666666666
DefaultFlowHolderTests:0.01
