Responder:0.7933333333333333
ControllerFilter:0.3977777777777778
