StdoutBuffer:0.49666666666666665
Script:0.2733333333333333
BufferReader:0.26666666666666666
StdoutBufferTest:0.19666666666666666
PipedExecBuilderTest:0.19666666666666666
PipedExecBuilder:0.19333333333333333
BufferFeeder:0.1322222222222222
GZippedStdoutBufferTest:0.08333333333333333
GZippedStdoutBuffer:0.04
