StatementPreparerImpl:0.5466666666666666
IdentifierGeneratorHelper:0.45666666666666667
StandardDialectResolver:0.23333333333333334
