MplsSyncDefaultParser:0.5441666666666667
MplsSyncASR9001Parser:0.4066666666666667
