SearchView:0.79
SearchViewFactory:0.33
ActionStart:0.24333333333333335
ActionStop:0.24333333333333335
