Collection:0.7233333333333334
SimpleValue:0.43616666666666665
TypeSafeActivator:0.36333333333333334
JoinedIterator:0.30333333333333334
CopyIdentifierComponentSecondPass:0.14
