CDKManager:0.5166666666666667
ICDKManager:0.37333333333333335
CDKManagerTest:0.24666666666666667
TestCDKMolecule:0.15333333333333332
IteratingBioclipseMDLReader:0.14
IteratingBioclipseMDLConformerReader:0.043333333333333335
