AsyncHttpClientConfig:0.4166666666666667
Builder:0.4066666666666667
AsyncHttpClientConfigBean:0.29
ProxyUtils:0.25666666666666665
ProxyTest:0.16333333333333333
ProxyAuthorizationHandler:0.14666666666666667
