FiberScheduler:0.44333333333333336
FiberForkJoinScheduler:0.375
FiberExecutorScheduler:0.27666666666666667
