State:0.5866666666666667
StateGraphicalEditPart:0.2633333333333333
TimerStateFigure:0.22666666666666666
LabeledNodeGraphicalEditPart:0.20333333333333334
NodeGraphicalEditPart:0.2
Subprocess:0.19
ActionGraphicalEditPart:0.18333333333333332
GpdXmlContentProvider:0.14
ElementGraphicalEditPart:0.08333333333333333
DecisionGraphicalEditPart:0.043333333333333335
SubprocessGraphicalEditPart:0.043333333333333335
ChangeCompactViewDelegate:0.006666666666666667
NotificationMessages:0.0
