HtmlPage:0.52
Window:0.31666666666666665
Frame:0.2633333333333333
WindowTest:0.21333333333333335
HtmlPageTest:0.19333333333333333
JavaScriptEngine:0.19222222222222224
HtmlFrameTest:0.16666666666666666
