RemoteClusterConnection:0.84
RemoteClusterConnectionTests:0.6766666666666666
RemoteClusterService:0.37
RemoteClusterServiceTests:0.24666666666666667
