PlusBlockStartState:0.6034603174603175
Choice:0.23333333333333334
Sync:0.19083333333333333
LL1StarBlockSingleAlt:0.12666666666666668
LL1PlusBlock:0.11333333333333333
LL1StarBlock:0.11
LL1PlusBlockSingleAlt:0.09333333333333334
ThrowRecognitionException:0.07666666666666666
LL1Choice:0.06
