FlowRedirect:0.6343333333333334
ApplicationView:0.6343333333333334
