OsgiServiceAnnotationTest:0.5533333333333333
ServiceReferenceInjectionBeanPostProcessor:0.38333333333333336
