ChronicleMapBuilder:0.39
StatelessMapClient:0.38666666666666666
AbstractChannelReplicator:0.2833333333333333
ChronicleHashBuilder:0.19416666666666665
ChronicleSetBuilder:0.15666666666666668
ClientConnector:0.1487777777777778
RuntimeTimeOutException:0.14772222222222223
