Events:0.67
EventsBean:0.5
Mouser:0.20666666666666667
Add:0.12777777777777777
SourceCol:0.08738888888888888
NoteCol:0.08738888888888888
DelCol:0.07333333333333333
ActionCol:0.06583333333333333
EditCol:0.05333333333333334
