NavigatorView:0.8366666666666667
Goto:0.39666666666666667
