HtmlPage:0.5366666666666666
Window:0.48333333333333334
BrowserConfiguration:0.3566666666666667
HTMLElement:0.32
JavaScriptEngine:0.31333333333333335
MouseEvent:0.2611111111111111
HTMLScriptElement:0.25333333333333335
HtmlUnitContextFactory:0.25055555555555553
HTMLObjectElement:0.22833333333333333
