Flow:0.54
XmlFlowBuilder:0.5366666666666666
FlowDefinition:0.4827857142857143
FlowVariable:0.3433333333333333
LocalFlowBuilderContext:0.23
FlowTests:0.20333333333333334
BarFlow:0.17
FooFlow:0.17
SpringBeanWebFlowELResolver:0.11666666666666667
XmlFlowBuilderTests:0.03333333333333333
