GUID:0.6566666666666666
MsgHeader:0.4166666666666667
MsgQueryResponse:0.26
