UnitManager:0.7166666666666667
TabPanelHealth:0.3233333333333333
IconTextCellRemderer:0.19133333333333333
