SkipGram:0.27
VectorsConfiguration:0.26733333333333337
WeightedWalker:0.2633333333333333
ParallelWrapper:0.25
SequenceVectors:0.24400000000000002
WordVectorsImpl:0.23833333333333334
CBOW:0.22333333333333333
Builder:0.20333333333333334
PopularityWalker:0.13666666666666666
