ImageWriterCaseTest:0.63
ImageReaderTestCase:0.45
ImageBackendTestCase:0.38666666666666666
ImageReaderCaseTest:0.173
ImageWriterTestCase:0.13666666666666666
ImageBackendCaseTest:0.007222222222222222
