WithGenericName:0.27051984126984113
AbstractMethodDescription:0.27
AbstractGenericTypeDescriptionTest:0.24666666666666667
AbstractMethodDescriptionTest:0.23
AbstractFieldDescriptionTest:0.23
AbstractFieldDescription:0.21666666666666667
MethodDescriptionLatentTest:0.20666666666666667
ForWildcardType:0.17666666666666667
GenericMethod:0.15398148148148147
GenericField:0.13
FieldDescriptionLatentTest:0.12
