FieldDefinition:0.5966666666666667
ContextAwareDataInput:0.38
Data:0.35
ClassDefinitionImpl:0.29
FieldDefinitionImpl:0.2833333333333333
SerializationContext:0.27116666666666667
SerializationServiceImpl:0.24
PortableReaderImpl:0.23
PortableReader:0.22337301587301586
Node:0.20666666666666667
ClassDefinitionWriter:0.17333333333333334
PortableSerializer:0.15666666666666668
PortableWriterImpl:0.14666666666666667
SerializationContextImpl:0.11333333333333333
PortableWriter:0.1092063492063492
