WebserviceBean:0.4866666666666667
Kuwaiba:0.47333333333333333
TempBusinessRulesEngine:0.39666666666666667
WebserviceBeanRemote:0.3466666666666667
