TaskListBuilder:0.5466666666666666
ISubstitutionLogic:0.48333333333333334
