RankEvalResponse:0.83
RankEvalResponseTests:0.14666666666666667
RankEvalRequestIT:0.023333333333333334
TransportRankEvalAction:0.006666666666666667
