GuiCurationState:0.6624444444444445
CurationDataLoadListener:0.35333333333333333
