SoapFaultDetail:0.8866666666666667
AbstractSoap11BodyTestCase:0.25666666666666665
Saaj12SoapFaultDetail:0.17333333333333334
AxiomSoapFaultDetail:0.17333333333333334
Saaj13SoapFaultDetail:0.17333333333333334
AbstractSoap12BodyTestCase:0.14333333333333334
AxiomSoap11BodyTest:0.09916666666666667
