Grammar:0.6333333333333333
GrammarAST:0.38666666666666666
Tool:0.32
BaseTree:0.24333333333333335
CodeGenerator:0.24
TestCompositeGrammars:0.08333333333333333
