JPPFThreadFactory:0.6233333333333333
ExceptionUtils:0.37416666666666665
SSLHandler:0.32666666666666666
ReflectionUtils:0.24
