WizardDialog:0.48
SelectFilesPanel:0.4033333333333333
WizardPanelV2:0.3538333333333334
AbstractWizardPanel:0.3333333333333333
