AmazonS3:0.8866666666666667
AbstractAmazonS3:0.35333333333333333
AmazonS3Client:0.28
