InstancesServletProxyController:0.6733333333333333
DefaultApplicationFactory:0.6033333333333334
LegacyEndpointConvertersTest:0.345
ServletApplicationFactory:0.14666666666666667
ServletApplicationFactoryTest:0.06
DefaultApplicationFactoryTest:0.04666666666666667
SpringBootAdminClientAutoConfiguration:0.01388888888888889
