SetAnalyzerTest:0.6966666666666667
ExpressionToSettingNameListVisitor:0.49166666666666664
SetStatementAnalyzer:0.32
