SemaphoreConfig:0.48333333333333334
Permit:0.42333333333333334
BasicTest:0.30666666666666664
XmlConfigBuilder:0.2633333333333333
ScheduledBackup:0.19444444444444445
OperationServiceImpl:0.18333333333333332
ScheduledBackupProcessor:0.1411111111111111
ConfigXmlGenerator:0.11666666666666667
