IMap:0.6433333333333333
CMap:0.45
ConcurrentMapManager:0.3433333333333333
TargetAwareOp:0.3
RequestBasedCall:0.3
ReplicatedMap:0.29
TransactionTest:0.2833333333333333
ClusterManager:0.25555555555555554
Node:0.25333333333333335
BlockingQueueManager:0.24333333333333335
FactoryImpl:0.21666666666666667
PartitionManager:0.21444444444444444
SchedulableOperationHandler:0.21
BaseManager:0.20333333333333334
BQ:0.18666666666666668
MapClientProxy:0.18333333333333332
MProxyImpl:0.15666666666666668
ClientService:0.14666666666666667
MRemove:0.10666666666666667
MasterOp:0.03666666666666667
Lease:0.03222222222222222
MapTryRemoveHandler:0.017388888888888888
