RosterViewComponent:0.49253968253968256
EditorComponent:0.4107619047619048
MainMenuComponent:0.3874285714285714
RosterViewComponentImp:0.35333333333333333
PEViewComponentImp:0.3433333333333333
MainMenuComponentImp:0.30666666666666664
WindowPart:0.27666666666666667
EditorComponenttImp:0.25666666666666665
EditorPart:0.24666666666666667
SarosMainMenuComponentImp:0.24666666666666667
TestFileOperations:0.24
SarosMainMenuComponent:0.2240952380952381
PEViewComponent:0.20083333333333334
TestAllParticipantsFollowDriver:0.18
HelperPart:0.14333333333333334
StateImp:0.14333333333333334
TestSessionViewComponent:0.04666666666666667
STFTest:0.04
TestMainMenuComponent:0.006666666666666667
MusicianConfigurationInfos:0.0033333333333333335
TestRosterViewComponent:0.0
