LayerValidation:0.43333333333333335
FineTuneConfiguration:0.37333333333333335
Builder:0.3566666666666667
