EvidencePanel:0.5283333333333333
SetDetailPanel:0.4
SetDetailCellRenderer:0.26866666666666666
