ApertureRuntimeTest:0.4166666666666667
TikaMimeTypeIdentifier:0.36666666666666664
ApertureRuntime:0.36666666666666664
MimeTypesEnhancer:0.29
PlainTikaCAUnresolvedProblemsTest:0.27051984126984113
SimpleCrawlerHandler:0.23333333333333334
PlainTikaMTWorkingTest:0.14333333333333334
PlainTikaMTUnresolvedProblemsTest:0.14333333333333334
IdentificationTestCase:0.06333333333333334
GetFileNameTest:0.06311111111111112
TikaMimeTypeIdentifierTest:0.05333333333333334
ContentTypesHandlerTest:0.03833333333333333
EnhancedMTUnresolvedProblemsTest:0.035
MimeTypesEnhancerTests:0.03333333333333333
EnhancedMTWorkingTest:0.019444444444444445
ContentTypesHandler:0.01
StreamingZipContainerDetector:0.0
PlainTikaCAWorkingTest:0.0
