GasteigerPEPEPartialCharges:0.7066666666666667
PiElectronegativityDescriptor:0.5433333333333333
