MailNotifier:0.6966666666666667
MailNotifierTest:0.3233333333333333
MailNotifierConfiguration:0.2966666666666667
