Message:0.7033333333333334
MHighlighter:0.4033333333333333
Renderer:0.29333333333333333
MMessageLabel:0.27
MStatusBar:0.21583333333333332
SummaryTree:0.19
