DmlStatement:0.6566666666666666
SqlDataWriter:0.32666666666666666
AbstractDbDialect:0.25
IDbDialect:0.20833333333333334
ParameterService:0.02
AbstractService:0.006666666666666667
