Graphics:0.5266666666666666
JoglApplication:0.37666666666666665
LwjglGraphics:0.35333333333333333
JoglGraphics:0.31666666666666665
LwjglApplication:0.25666666666666665
JoglInput:0.225
JoglGraphicsBase:0.22
AngleGraphics:0.20333333333333334
AndroidGraphics:0.185
DisplayMode:0.15333333333333332
LwjglDebugStarter:0.08666666666666667
CullTest:0.08666666666666667
JoglDebugStarter:0.08666666666666667
JoglDisplayMode:0.07637638287638286
BufferFormat:0.07055555555555555
LwjglDisplayMode:0.03333333333333333
AndroidDisplayMode:0.0025
