BuchiGraph:0.8133333333333334
TransitionSet:0.37666666666666665
