SqlTemplate:0.48333333333333334
Version:0.3433333333333333
H2Dialect:0.3333333333333333
H2Trigger:0.305
H2Functions:0.13333333333333333
