ChildrenViewScene:0.6394444444444445
EndToEndViewService:0.43666666666666665
ObjectViewService:0.43666666666666665
