ComponentTesterTest:0.4955555555555555
ImageComparator:0.43666666666666665
ImageComparatorTest:0.13666666666666666
