ObjectFactory:0.48333333333333334
CreateCA:0.38
ErrorCode:0.37333333333333335
EjbcaWSTest:0.26666666666666666
EjbcaWS:0.20127777777777778
IEjbcaWS:0.20083333333333334
EnterpriseEditionWSBridgeSessionBean:0.13333333333333333
EnterpriseEditionWSBridgeSessionLocal:0.04
CreateCAResponse:0.0033333333333333335
ProfileTypeNotAcceptedException:0.0
SignedByExternalCANotSupportedException:0.0
