FeatureList:0.5433333333333333
FeatureProperty:0.53
GameSynteny:0.4033333333333333
CurationSet:0.35333333333333333
SeqFeatureUtil:0.26666666666666666
LinkConfig:0.135
