FolderViewBase:0.4266666666666667
ListFolderHelper:0.36
ViewEntryController:0.31
GwtViewHelper:0.30666666666666664
FolderEntryComposite:0.30666666666666664
FolderEntryCallback:0.27051984126984113
ViewFolderEntryInfo:0.25666666666666665
FolderEntryDocument:0.03
FolderEntryMenu:0.03
FolderEntryComments:0.03
FolderEntryHeader:0.023333333333333334
