AbstractCasWebflowConfigurer:0.5066666666666667
AbstractMultifactorTrustedDeviceWebflowConfigurer:0.3466666666666667
CasCoreAuditConfiguration:0.32
CasWebflowConstants:0.27666666666666667
BaseMultifactorAuthenticationTrustStorage:0.2633333333333333
MultifactorAuthenticationSetTrustAction:0.16666666666666666
InMemoryMultifactorAuthenticationTrustStorage:0.14666666666666667
MultifactorAuthenticationVerifyTrustAction:0.013333333333333334
