Corpus:0.5566666666666666
RWorkspace:0.4766666666666667
Subcorpus:0.2833333333333333
CA:0.27
