ProfileSearchServiceImpl:0.7669444444444444
ProjectDAOHibernateImpl:0.4486111111111111
