CreateIndexesOperation:0.5133333333333333
DBCollection:0.4666666666666667
CollectionHelper:0.27
CollectionAdministrationImpl:0.23666666666666666
