HtmlImageInput:0.6144444444444443
HtmlImageInputTest:0.38
HtmlImageInput2Test:0.3652777777777778
