MockResponse:0.5833333333333334
MockWebServer:0.4066666666666667
MockWebServerTest:0.09333333333333334
