PyPartialLexer:0.5455555555555556
ParserFacade:0.39
PythonPartialTester:0.17333333333333334
