TestTags:0.7366666666666667
TestHibernateTags:0.6833333333333333
