RemoteWorkbenchBot:0.43333333333333335
SarosSWTBot:0.4266666666666667
SVNStateUpdatesTest:0.34
SarosConditions:0.3333333333333333
Chatroom:0.30333333333333334
ChatInput:0.29333333333333333
IPackageExplorerView:0.2833333333333333
SVNStateInitializationTest:0.2733333333333333
BasicWidgetTreeTest:0.23333333333333334
SarosView:0.23
SarosSWTBotChatInput:0.23
ContextMenusInPEView:0.22666666666666666
EditorByAliceTest:0.21333333333333335
IChatroom:0.205
PackageExplorerView:0.19777777777777777
MenuFileTest:0.19
TeamC:0.19
SarosPreferencesTest:0.17666666666666667
EditDifferentFilesTest:0.16666666666666666
Views:0.16
Constants:0.15333333333333332
MenuTest:0.15
FileOperationsTest:0.14666666666666667
ConsoleView:0.14
ContextMenuOpenTest:0.13333333333333333
CreateSameFileAtOnce:0.11333333333333333
ConcurrentEditingTest:0.11
ShareProjectUsingExistingProjectTest:0.11
InviteAndLeaveStressTest:0.09
BuddiesByAliceBobTest:0.08666666666666667
PackageExplorerViewConditionTest:0.06666666666666667
FollowModeTest:0.04
WriteAccessChangeAndImmediateWriteTest:0.04
ChatViewFunctionsTest:0.02666666666666667
InviteWithDifferentVersionsTest:0.013333333333333334
PackageExplorerViewTest:0.01
ChatViewTest:0.0033333333333333335
SvnCheckoutTest:0.0
TestSuite:0.0
