MongoClientOptions:0.30666666666666664
MongoCollectionTest:0.20666666666666667
MongoCollectionOptions:0.19666666666666666
Builder:0.19
MongoCollectionImpl:0.17666666666666667
MongoDatabase:0.1708730158730159
FindAndReplaceAcceptanceTest:0.15666666666666668
QueryAcceptanceTest:0.15
MongoDatabaseImpl:0.14666666666666667
DatabaseTestCase:0.13
FindAndUpdateAcceptanceTest:0.12333333333333334
MongoDatabaseOptions:0.10666666666666667
PersonCodecProvider:0.03333333333333333
