ResponseBodyPart:0.49333333333333335
NettyAsyncHttpProvider:0.43333333333333335
ApacheClientRunnable:0.24333333333333335
AsyncHttpUrlConnection:0.17666666666666667
ApacheResponseBodyPart:0.17333333333333334
HttpResponseBodyPart:0.09166666666666666
