WADOCacheImpl:0.6633333333333333
WADOService:0.3566666666666667
RIDService:0.3566666666666667
