PySystemState:0.42333333333333334
PySystemStateCloser:0.35
Closer:0.3433333333333333
PyFile:0.3333333333333333
ThreadStateMapping:0.23333333333333334
