GWebCacheContainer:0.67
GWebCache:0.44333333333333336
GWebCacheConnection:0.43066666666666664
