AlleleBean:0.5966666666666667
BeanFactory:0.44
AlleleBeanImpl:0.35
UpdateAllele:0.27666666666666667
AlleleBeanFactory:0.22666666666666666
AlleleTable:0.22666666666666666
NullAlleleBean:0.15944444444444444
AnnotationsFragmentWithPropagation:0.13666666666666666
