ProtocolOcspHttpStandaloneTest:0.6315000000000001
StandaloneOcspResponseGeneratorSessionTest:0.35083333333333333
