CMC_tables:0.5866666666666667
CMC_fields:0.5866666666666667
Factory:0.5233333333333333
CMC_schemata:0.3325
QueryExecutor:0.2701111111111111
CMS_step:0.25
BListener:0.14333333333333334
QueryExecutorImpl:0.11
