AbstractTestHiveClient:0.4633333333333333
HiveClientModule:0.22333333333333333
TestHiveFileFormats:0.18333333333333332
HiveRecordCursorProviders:0.14333333333333334
AbstractTestHiveFileFormats:0.14
