gdxBulletJNI:0.55
btRigidBodyConstructionInfo:0.3333333333333333
btCollisionObject:0.26666666666666666
btRigidBody:0.24
MeshShapeTest:0.16
BasicBulletTest:0.12666666666666668
