DataStructureAdapter:0.7333333333333333
TransactionalMapDataStructureAdapterTest:0.18333333333333332
ReplicatedMapDataStructureAdapterTest:0.18333333333333332
TransactionalMapDataStructureAdapter:0.1827777777777778
IMapDataStructureAdapterTest:0.18
IMapDataStructureAdapter:0.17166666666666666
ReplicatedMapDataStructureAdapter:0.16111111111111112
ICacheDataStructureAdapter:0.16111111111111112
ICacheDataStructureAdapterTest:0.11333333333333333
