Call:0.8366666666666667
CallTest:0.44666666666666666
ExecutorCallbackCall:0.2733333333333333
Calls:0.22666666666666666
OkHttpCall:0.19333333333333333
BehaviorCall:0.17666666666666667
EmptyCall:0.17666666666666667
