MediaSeries:0.69
DicomMediaIO:0.48333333333333334
DicomModel:0.4
DicomImageElement:0.38666666666666666
DicomSeries:0.2866666666666667
ImageElementIO:0.24
LoadLocalDicom:0.22
Download:0.21333333333333335
DataExplorerModel:0.2105952380952381
FileTreeModel:0.17333333333333334
DicomVideoSeries:0.12777777777777777
DicomEncapDocSeries:0.1211111111111111
IntersectVolume:0.0033333333333333335
