MethodBucket:0.5033333333333333
Factory:0.43666666666666665
MethodLookupEngine:0.27
AuxiliaryType:0.24666666666666667
ClassFileVersion:0.23333333333333334
SubclassInstrumentationContextDelegate:0.22666666666666666
MethodDelegation:0.21
SubclassDynamicTypeBuilder:0.21
MethodLookupEngineDefaultTest:0.19333333333333333
Default:0.18333333333333332
BridgeMethodResolverSimpleTest:0.17666666666666667
MethodCallProxy:0.15
InstrumentationContextDefaultTest:0.12333333333333334
TypeProxyTest:0.11
SubclassInstrumentationContextDelegateTest:0.10333333333333333
AbstractMethodCallProxyTest:0.08666666666666667
MethodAccessorFactory:0.016666666666666666
