PrependableIterator:0.54
AgentBuilderRedefinitionStrategyBatchAllocatorTest:0.5116666666666667
PoolStrategy:0.3175
AgentBuilderRedefinitionStrategyTest:0.15333333333333332
