Rule:0.45
FilterWizardDialog:0.30666666666666664
Condition:0.24333333333333335
FWTable:0.21666666666666667
ConditionPanel:0.17666666666666667
ConsequencePanel:0.17666666666666667
BackBtnListener:0.1575
ConcatCondition:0.15
ConditionCellRenderer:0.10666666666666667
RuleDescriptionVisualizer:0.08
ConditionVisualizer:0.07333333333333333
FileSizeCondition:0.07111111111111111
FilenameCondition:0.07111111111111111
MediaTypeCondition:0.07111111111111111
ConditionTableModel:0.06833333333333333
ConsequenceTableModel:0.06833333333333333
ConsequenceVisualizer:0.056666666666666664
NextBtnListener:0.056666666666666664
RuleDescriptionPanel:0.05333333333333334
ConsequenceCellRenderer:0.05333333333333334
NotCondition:0.043333333333333335
RegexpFilenameCondition:0.043333333333333335
RulePropertiesPanel:0.013333333333333334
