TestCAKeystoreExportRemoveRestore:0.6627777777777778
CaRestoreKeyStoreCommand:0.2833333333333333
