Value:0.7633333333333333
AbstractValueTest:0.48333333333333334
PriorityQueueTest:0.30333333333333334
