Builder:0.48
SQLExecutor:0.36333333333333334
CreateAlterTableStatementAnalyzerTest:0.36
InsertPlannerTest:0.20666666666666667
PreExecutionBenchmark:0.13666666666666666
NodeOperationCtxBenchmark:0.10333333333333333
