Vector4f:0.42333333333333334
Vector3f:0.42333333333333334
Vector2f:0.35833333333333334
