N3Source:0.6433333333333333
Project:0.5033333333333333
ProjectGUI:0.2733333333333333
TestProject:0.21
AddN3URLAction:0.16333333333333333
