Slidr:0.6133333333333333
Builder:0.4
ViewerActivity:0.23333333333333334
