TableViewColumn:0.6166666666666667
Row:0.5133333333333333
TableView:0.4033333333333333
PosPanel:0.36333333333333334
DefaultTableViewColumn:0.35
TableViewAdapter:0.32666666666666666
CAllocation:0.21666666666666667
ConfirmPanel:0.21333333333333335
APanel:0.20666666666666667
ProductThread:0.20333333333333334
PopModel:0.19666666666666666
VCellRenderer:0.17444444444444443
PosODS:0.16666666666666666
