MappedFieldType:0.42333333333333334
AbstractFieldMapper:0.34
FieldNamesFieldMapper:0.3
ParentFieldMapper:0.2833333333333333
NumberFieldMapper:0.275
GeoPointFieldMapperTests:0.25333333333333335
CompletionFieldMapper:0.24666666666666667
GeoPointFieldType:0.24666666666666667
GeoPointFieldMapper:0.23
DateFieldMapper:0.22666666666666666
GeoShapeFieldType:0.21
CompletionFieldType:0.19333333333333333
GeoShapeFieldMapper:0.19333333333333333
