RequestBuilderTest:0.49666666666666665
MethodInfo:0.39
RestAdapter:0.32
RequestBuilder:0.27111111111111114
Builder:0.2633333333333333
Platform:0.22
CallTest:0.21666666666666667
StringConverter:0.18333333333333332
OkHttpCall:0.16666666666666666
MethodInfoTest:0.15666666666666668
CallMethod:0.15166666666666667
RestAdapterTest:0.14
