AWSCertificateManager:0.4072222222222222
RequestCertificateRequest:0.38666666666666666
CertificateDetailMarshaller:0.3566666666666667
CertificateDetail:0.3466666666666667
AWSCertificateManagerAsync:0.31337301587301586
AbstractAWSCertificateManagerAsync:0.27
AbstractAWSCertificateManager:0.25333333333333335
AWSCertificateManagerAsyncClient:0.21333333333333335
AWSCertificateManagerClient:0.17333333333333334
CertificateDetailJsonUnmarshaller:0.16
RequestCertificateRequestMarshaller:0.13333333333333333
