DashboardHelper:0.46
AbstractEntryProcessor:0.34
SSimpleFormController:0.32
SAbstractController:0.32
ModifyDashboardController:0.2833333333333333
BinderModuleImpl:0.25333333333333335
EntryProcessor:0.235
BinderModule:0.235
ObjectKeys:0.10666666666666667
WebKeys:0.10666666666666667
