BioclipseJobUpdateHook:0.6104444444444445
BioclipseJob:0.41333333333333333
ITestManager:0.3625277777777777
AbstractManagerMethodDispatcherTest:0.30333333333333334
IJavaScriptConsolePrinterChannel:0.27666666666666667
AbstractManagerMethodDispatcher:0.22333333333333333
ReturnCollector:0.0985
JavaManagerMethodDispatcher:0.09
TestManager:0.07333333333333333
JavaScriptManagerMethodDispatcher:0.013333333333333334
