Channel:0.5566666666666666
TickerChannel:0.36666666666666664
SendPort:0.2305555555555555
LocalActor:0.21666666666666667
DoubleChannel:0.18666666666666668
FloatChannel:0.18666666666666668
LongChannel:0.18666666666666668
RemoteActor:0.18166666666666667
Topic:0.18166666666666667
IntChannel:0.18
RemoteChannel:0.11666666666666667
LongTickerChannel:0.09666666666666666
FloatTickerChannel:0.09666666666666666
IntTickerChannel:0.09666666666666666
DoubleTickerChannel:0.09666666666666666
IntSendPort:0.0
LongSendPort:0.0
FloatSendPort:0.0
DoubleSendPort:0.0
