CrawlHost:0.51
SimpleStore:0.41
SimpleHTTPFetcher:0.29
SimpleDNSFetcher:0.27666666666666667
SimpleSelector:0.14333333333333334
SimplePolitenessEnforcer:0.13666666666666666
