ARCWriter:0.5266666666666666
Heritrix:0.4033333333333333
ARCWriterProcessor:0.27666666666666667
ARCWriterFactory:0.22666666666666666
ARCWriterPool:0.20333333333333334
ARCWriterPoolTest:0.11
