IncomingBatch:0.38333333333333336
ExpectMaster5000:0.31666666666666665
DataExtractorServiceTest:0.2833333333333333
CsvConstants:0.26777777777777784
CsvExtractor:0.25333333333333335
DataLoaderServiceTest:0.24333333333333335
IncomingBatchService:0.21
CsvLoader:0.19
IncomingBatchMapper:0.16333333333333333
IDataLoaderContext:0.15083333333333335
DataLoaderContext:0.14333333333333334
CsvExtractor16:0.005
