PatternLogger:0.49666666666666665
OcspResponseGeneratorSessionBean:0.36333333333333334
AuditLogger:0.10177777777777777
TransactionLogger:0.10177777777777777
