ActionConfig:0.58
ActionsManager:0.38666666666666666
ActionsManagerTest:0.29333333333333333
ActionMethodParser:0.21333333333333335
ActionBuilder:0.2
BaseNamingStrategy:0.15
ActionRequestRecursionTest:0.14333333333333334
ServletDispatcherResultTest:0.12
ProxettaAwareActionsManager:0.02
