BooleanLiteral:0.5
HandlerSideDataCollectOperation:0.4066666666666667
CollectOperationModule:0.37333333333333335
LuceneDocCollector:0.29300000000000004
ReferenceInfos:0.27666666666666667
MapSideDataCollectOperation:0.20333333333333334
DocSchemaInfo:0.17333333333333334
SysSchemaInfo:0.17333333333333334
ShardCollectService:0.13199999999999998
