MySelectionListener:0.6233333333333333
CancelEditAction:0.6041666666666666
