LogBufferPartition:0.5933333333333334
RawLog:0.5205555555555557
NetworkPublication:0.30333333333333334
DirectPublication:0.3
LogBufferUnblocker:0.19
MappedRawLog:0.14
LogBufferHelper:0.11333333333333333
