SetJoinImplementor:0.3678888888888889
MapJoinImplementor:0.3678888888888889
EntityManagerImpl:0.33666666666666667
JoinImplementor:0.3131111111111111
CriteriaBuilderImpl:0.31
CriteriaQueryCompiler:0.2866666666666667
AbstractEntityManagerImpl:0.22333333333333333
PluralAttributeJoinSupport:0.17
EntityManagerFactoryImpl:0.15166666666666667
ListAttributeJoin:0.14277777777777775
CollectionAttributeJoin:0.14277777777777775
CriteriaQueryTypeQueryAdapter:0.13
JPACache:0.12444444444444443
MapAttributeJoin:0.11333333333333333
SetAttributeJoin:0.11333333333333333
AbstractJoinImpl:0.04666666666666667
CollectionJoinImplementor:0.04
ListJoinImplementor:0.04
