SeqType:0.6266666666666667
XmlConfigFileParser:0.38666666666666666
