MatrixUtil:0.6866666666666666
SdaTest:0.3327777777777778
RBM:0.29
DBN:0.24
DeepLearningTest:0.22666666666666666
LogisticRegressionMatrix:0.22333333333333333
CDBN:0.11
