gdsClient4:0.4877222222222222
gdsClient3:0.4877222222222222
