InformationSchemaService:0.5633333333333334
InformationSchemaServiceTest:0.39666666666666667
InformationSchemaTableExecutionContext:0.20333333333333334
TablesTable:0.17333333333333334
TableConstraintsTable:0.06333333333333334
