Multiplicity:0.5533333333333333
Equation:0.3566666666666667
EquationSystem:0.28
ShapeMorphism:0.26666666666666666
Solution:0.25666666666666665
Materialisation:0.20666666666666667
