ResourceIndexImpl:0.6966666666666667
TestResourceIndex:0.4266666666666667
ResourceIndexModule:0.30416666666666664
TestResourceIndexTimings:0.26
TestResourceIndexDependencies:0.25
TestResourceIndexLevels:0.14666666666666667
TestResourceIndexImpl:0.11515873015873017
FedoraTestConstants:0.0
