Rule:0.6666666666666666
Tier:0.25666666666666665
CHECKCAST:0.21333333333333335
INSTANCEOF:0.19
SymbolHashOpcodeSyms:0.13
