Frame:0.9483333333333334
StepMatchCollector:0.22666666666666666
