SWTRenderer:0.8133333333333334
JChemPaintView:0.4166666666666667
