PrestoDriverUri:0.3933333333333333
TestPrestoDriverUri:0.29333333333333333
ConnectionProperties:0.26566666666666666
ClientOptions:0.16920634920634922
KerberosPrincipal:0.14244179894179892
KerberosKeytabPath:0.14244179894179892
KerberosConfigPath:0.14244179894179892
KerberosUseCanonicalHostname:0.14244179894179892
KerberosRemoteServiceName:0.14244179894179892
KerberosCredentialCachePath:0.14083333333333334
AbstractConnectionProperty:0.12916666666666668
