AbstractServiceValidateController:0.5033333333333333
AbstractServiceValidateControllerTests:0.3
ServiceValidateController:0.23
AbstractCasProtocolValidationSpecification:0.17333333333333334
OpenIdValidateController:0.15666666666666668
V3ServiceValidateController:0.15666666666666668
SamlValidateController:0.15666666666666668
LegacyValidateController:0.15666666666666668
ProxyValidateController:0.15666666666666668
DuoAuthenticationService:0.09333333333333334
AbstractCasWebflowEventResolver:0.08
RankedAuthenticationProviderWebflowEventResolver:0.023333333333333334
V3ProxyValidateController:0.006666666666666667
