List:0.5266666666666666
Page:0.2633333333333333
ExtentHelper:0.12
