TextEditActivity:0.5833333333333334
ConcurrentDocumentManager:0.5566666666666666
AbstractActivity:0.31333333333333335
IConcurrentManager:0.1325
