CouchbaseTicketRegistryTests:0.6077777777777778
CouchbaseServiceRegistryDaoTests:0.49333333333333335
