Commentator:0.6866666666666666
GeneEditPanel:0.5055555555555555
CannedListItemListener:0.17311111111111113
