CommitStats:0.36666666666666664
PreSyncedFlushResponse:0.3566666666666667
SyncedFlushService:0.28
SyncedFlushSingleNodeTests:0.25
SyncedFlushUtil:0.22
FlushIT:0.09333333333333334
