HtmlParseData:0.6333333333333333
LocalDataCollectorCrawler:0.2866666666666667
BasicCrawler:0.22333333333333333
Parser:0.19
