OsgiPropertyPlaceholderNamespaceHandlerTest:0.7344444444444445
OsgiNamespaceHandlerTest:0.5701111111111112
