HttpClientRequest:0.33666666666666667
Http1xTest:0.3233333333333333
ClientConnection:0.3
HttpClientRequestImpl:0.21
HttpClientRequestPushPromise:0.20666666666666667
Http2Test:0.20281746031746034
