FindFile:0.78
WildcardFindFile:0.44
FindFile2Test:0.3933333333333333
RegExpFindFile:0.29333333333333333
