NonBlockingIOThread:0.6633333333333333
IOBalancer:0.42
NonBlockingIOThreadingModel:0.33666666666666667
ClientConnectionManagerImpl:0.2633333333333333
IOBalancerStressTest:0.18333333333333332
