CarbonylEliminationReaction:0.7533333333333333
CarbonylEliminationReactionTest:0.29333333333333333
ReactionStructuresTest:0.23
