Transcript:0.5666666666666667
GFFAdapter:0.4633333333333333
SyntenyLinkPanel:0.41833333333333333
FullSyntenyPanel:0.14444444444444446
