ShapeRendererTest:0.6166666666666667
HeaderFileProcessor:0.55
LwjglDebugStarter:0.3063888888888889
