ImmutableOrdinalSet:0.46
RegularImmutableOrdinalSet:0.30666666666666664
Ord:0.29333333333333333
InterningOrdinalDomain:0.2633333333333333
OrdinalSetTest:0.25
EmptyImmutableOrdinalSet:0.17
SingletonImmutableOrdinalSet:0.14
Domain:0.055555555555555546
