ClientMapProxy:0.6366666666666667
MapProxySupport:0.41
ClientMapEventHandler:0.36
ClientMapPartitionLostEventHandler:0.30522222222222223
