InitialLoadBalanceResponse:0.6833333333333333
Builder:0.65
InitialLoadBalanceResponseOrBuilder:0.35244444444444445
