OgnlExpressionParserTests:0.6183333333333333
ConversionExecutionException:0.37666666666666665
PropertyEditorConverter:0.16333333333333333
