SessionInformation:0.6433333333333333
SessionRegistry:0.51
ProviderManager:0.3
SessionRegistryImpl:0.17333333333333334
ConcurrentSessionFilterTests:0.10666666666666667
ConcurrentLoginException:0.08273352573352574
ConcurrentSessionFilter:0.06333333333333334
SessionRegistryImplTests:0.043333333333333335
ConcurrentSessionControllerImplTests:0.043333333333333335
ConcurrentSessionController:0.03666666666666667
ConcurrentSessionControllerImpl:0.03
SessionInformationTests:0.02
NullConcurrentSessionController:0.006666666666666667
SessionAlreadyUsedException:0.0025
SessionRegistryUtils:0.0
