Seq:0.6633333333333333
AbstractSeqTest:0.5933333333333334
Value:0.33666666666666667
Convertible:0.2866666666666667
