Extruder:0.7166666666666667
SNAPExtruder:0.5133333333333333
NullExtruder:0.42
GenericExtruder:0.31666666666666665
Main:0.19333333333333333
CartesianSNAP:0.18333333333333332
LayerProducer:0.15833333333333333
GenericCartesianPrinter:0.15333333333333332
SquareTest:0.07666666666666666
GCodeExtruder:0.07333333333333333
segmentSpeeds:0.02666666666666667
