Py:0.73
ScopeInfo:0.28777777777777774
ProxyMaker:0.24666666666666667
SyspathJavaLoader:0.18611111111111112
