CuratorZookeeperClient:0.32666666666666666
RedisRegistry:0.32
HttpClientConnection:0.17
HttpProtocol:0.14333333333333334
RedisProtocol:0.14
AbstractCodecTest:0.14
JCache:0.13666666666666666
