Options:0.7052777777777777
PlaceBean:0.5833333333333334
