BotTask:0.5266666666666666
WorkspaceOperations:0.3466666666666667
BotTaskUtils:0.31333333333333335
BotCache:0.24333333333333335
NewBotTaskWizard:0.18444444444444444
BotImportCommand:0.14333333333333334
BotScriptUtils:0.12333333333333334
