Robolectric:0.6266666666666667
ShadowView:0.5066666666666667
ViewTest:0.23666666666666666
