ThreadQueue:0.7033333333333334
ThreadQueueShouldHandleDuplicateTasksTest:0.20558730158730162
