Bitmap:0.58
BuildTarget:0.5033333333333333
ImageBuild:0.19666666666666666
GdxBuild:0.17
BulletBuild:0.14
FreetypeBuild:0.13
LwjglDebugStarter:0.10666666666666667
