HeaderImportCollector:0.6033333333333334
ObjectiveCHeaderGeneratorTest:0.56
ObjectiveCHeaderGenerator:0.415
ObjectiveCSegmentedHeaderGeneratorTest:0.20666666666666667
