GraphicFactory:0.5105555555555557
RendererFactory:0.5033333333333333
ConcreteLayerPainter:0.35
DevicesPainter:0.33
AbstractServerEngine:0.27
ARINCUIManager:0.23666666666666666
SwingFactory:0.17333333333333334
