JdtVariableAdapter:0.8166666666666667
RubyVariable:0.3933333333333333
