MessageContext:0.81
SoapMessage:0.7033333333333334
SaajSoapMessage:0.38666666666666666
MessageDispatcher:0.23
MockMessageContext:0.22333333333333333
MockTransportRequest:0.21333333333333335
SaajSoapMessageContext:0.21333333333333335
AbstractMessageContext:0.20666666666666667
EndpointMapping:0.19
SoapEnvelopeLoggingInterceptorTest:0.17333333333333334
PayloadValidatingInterceptorTest:0.17
EndpointMappingTest:0.17
SoapFaultMappingExceptionResolverTest:0.16
AxiomSoapMessageContextFactory:0.16
SaajSoapMessageContextFactory:0.15666666666666668
AxiomSoapMessage:0.14666666666666667
SoapMessageDispatcherTest:0.14666666666666667
AbstractMapBasedSoapEndpointMapping:0.14333333333333334
MessageDispatcherTest:0.13333333333333333
AbstractSoap12MessageContextFactoryTestCase:0.13
AbstractSoap11MessageContextFactoryTestCase:0.13
StaxStreamPayloadEndpointTest:0.12666666666666668
AbstractEndpointMapping:0.12
SaajSoap12MessageTest:0.11916666666666667
SaajSoap11MessageTest:0.11916666666666667
AxiomSoapMessageContext:0.11666666666666667
PayloadRootQNameEndpointMappingTest:0.11666666666666667
SoapActionEndpointMappingTest:0.11333333333333333
XwsSecurityInterceptorTest:0.11
AbstractSoapMessageContext:0.10666666666666667
MyMapBasedEndpointMapping:0.05333333333333334
AbstractQNameEndpointMapping:0.05
SoapActionEndpointMapping:0.03666666666666667
PayloadRootQNameEndpointMapping:0.02666666666666667
AbstractSoapEndpointMapping:0.016666666666666666
AbstractSoapMessageContextTestCase:0.0125
SaajSoap11MessageContextTest:0.01
DummyTransportRequest:0.01
