ChronicleMapBuilder:0.62
VanillaChronicleMap:0.5033333333333333
MapQuery:0.26566666666666666
MapEntryOperations:0.23944444444444443
QueryContextInterface:0.18833333333333332
MapEntryOperationsDelegation:0.14
MapAbsent:0.13666666666666666
SimpleLoggingMapEntryOperations:0.13333333333333333
DefaultSpi:0.04
ConstantValueProvider:0.03666666666666667
DefaultValueProvider:0.0
SimpleLoggingDefaultValueProvider:0.0
