InOutSelector:0.5866666666666667
ConnectionManager:0.44
SocketAcceptor:0.2808888888888889
