EventsBean:0.4166666666666667
Images:0.24666666666666667
Add:0.21666666666666667
SourceCol:0.2033730158730159
NoteCol:0.2033730158730159
ActionCol:0.16738095238095238
EditCol:0.14833333333333334
Mouser:0.06333333333333334
DelCol:0.043333333333333335
