LayoutHelper:0.4766666666666667
Graph2D:0.4533333333333333
EditableVertex:0.43666666666666665
Geometry:0.42
EditableEdge:0.3
DummyAwareGraph2D:0.29333333333333333
Branch:0.28
EditableGraph:0.27666666666666667
ShapeHelper:0.2633333333333333
VisibilityGraph:0.25666666666666665
Movement:0.25
DefaultGraph:0.23333333333333334
TreeLayout:0.23333333333333334
DelegatingGraph:0.22333333333333333
GraphWrapper:0.19666666666666666
LongestPathLA:0.19
GraphWriter:0.18333333333333332
DefaultGraphRenderer:0.17666666666666667
GraphWidget:0.16666666666666666
DirectedGraphFactory:0.16666666666666666
Hole:0.16333333333333333
GeometryTest:0.16333333333333333
EdgeHandler:0.15666666666666668
Recursion:0.155
OpShapeShapeDistance:0.14666666666666667
RandomLayout:0.14333333333333334
CircularLayout:0.14
ShapeHandler:0.14
DnDMoveVertex:0.13666666666666666
CompactVertexPositioning:0.13666666666666666
DnDResizeVertex:0.12
TransformedShape:0.11805555555555555
EuclideanShortestPathLayout:0.11666666666666667
SwingTree:0.11333333333333333
TreeFactory:0.11333333333333333
DnDIdle:0.10666666666666667
InheritanceTree:0.09333333333333334
ActionCreateVertex:0.09
VertexByXPositionComparator:0.08333333333333333
ActionSetVertexShape:0.08333333333333333
GraphHandler:0.06666666666666667
DnDCreateEdge:0.04666666666666667
OpGetMax:0.043333333333333335
VertexHandler:0.03666666666666667
OpAlignShape:0.02
TransformedShapeImpl:0.015
