FiberSocketChannel:0.4722222222222222
FiberFileChannel:0.38333333333333336
FiberAsyncIO:0.2966666666666667
