NettyResponseFuture:0.44666666666666666
JDKAsyncHttpProvider:0.38
NettyAsyncHttpProvider:0.37
JDKFuture:0.16777777777777778
JDKDelegateFuture:0.15666666666666668
AsyncHttpUrlConnection:0.10666666666666667
ListenableFutureTest:0.05333333333333334
