IssueHandlerImpl:0.5066666666666667
UserHandlerImpl:0.45666666666666667
ITrackerServicesImpl:0.3233333333333333
ProjectHandlerImpl:0.31333333333333335
ITrackerServices:0.26916666666666667
PermissionFactoryImpl:0.12
ProjectDAOImpl:0.06
ProjectDAO:0.04666666666666667
