Label:0.6094999999999999
DefaultLabel:0.41333333333333333
WrapperLabel:0.20333333333333334
AbstractLabel:0.15666666666666668
