GraphData:0.4766666666666667
JnetManager:0.41
CubeIterator:0.345
Bspt:0.30083333333333334
FileDialog:0.2966666666666667
Leaf:0.2848333333333333
Element:0.19026984126984126
Bspf:0.115
