IIncomingBatchService:0.69
IncomingBatchServiceSqlMap:0.5966666666666667
IncomingBatchService:0.4533333333333333
