CommandFailureException:0.5433333333333333
CommandOperationHelper:0.5066666666666667
InternalStreamConnection:0.19666666666666666
CommandResultTest:0.17333333333333334
CommandHelper:0.17333333333333334
DropIndexOperation:0.15333333333333332
DropCollectionOperation:0.15333333333333332
