ExportPage:0.7166666666666667
ModalityWorklistPanel:0.5733333333333334
