HttpSecurity:0.7066666666666667
HttpBasicBuilder:0.2783333333333333
FormLoginBuilder:0.20333333333333334
HttpSecurityConfiguration:0.15333333333333332
FormLoginTests:0.07611111111111112
