NeurophProjectTemplatePanelVisual:0.43
TextNode:0.38166666666666665
NeurophProjectLogicalView:0.15666666666666668
Info:0.10666666666666667
CreateNeuralNetworkFileService:0.10333333333333333
CreateTrainingSetFileService:0.10333333333333333
