ServletDefinition:0.5533333333333333
FilterDefinition:0.29333333333333333
ManagedServletPipeline:0.22333333333333333
VarargsServletDispatchIntegrationTest:0.18
ServletDispatchIntegrationTest:0.17666666666666667
ServletDefinitionPathsTest:0.17333333333333334
ServletPipelineRequestDispatcherTest:0.16666666666666666
ManagedFilterPipeline:0.15666666666666668
ServletDefinitionTest:0.12333333333333334
