ObjectNode:0.6366666666666667
NavigationTreeTopComponent:0.34
ObjectChildren:0.27666666666666667
ObjectNodeWidget:0.14666666666666667
