AbstractExtensionContext:0.5066666666666667
ClassTestDescriptor:0.49666666666666665
JupiterEngineExecutionContextTests:0.37
MethodBasedTestDescriptor:0.15666666666666668
NestedClassTestDescriptor:0.07
