JdbcChadoAdapter:0.5772222222222223
TigrChadoInstance:0.35333333333333333
FlybaseChadoInstance:0.32166666666666666
