Callback:0.8033333333333333
LinkWidget:0.5833333333333334
