Notification:0.3451111111111112
CommentQueryService:0.33
SymphonyServletListener:0.33
ArticleNotifier:0.26
NotificationQueryService:0.24
Common:0.045182539682539685
