RuntimeException:0.49333333333333335
Error:0.49333333333333335
Exception:0.49333333333333335
