ServerUtility:0.7166666666666667
ServerController:0.44888888888888895
Rebuild:0.37333333333333335
