Graph:0.6033333333333334
GraphInfo:0.47333333333333333
Rule:0.46
GraphProperties:0.44666666666666666
AspectGraph:0.38666666666666666
LayoutMap:0.31333333333333335
AbstractGraph:0.27
CtrlAut:0.26666666666666666
JModel:0.25833333333333336
AbstractPatternGraph:0.23666666666666666
TypeModel:0.23
HostModel:0.22333333333333333
GraphEditorTab:0.22333333333333333
GrammarModel:0.22
AspectJModel:0.22
RuleModel:0.22
DefaultArchiveSystemStore:0.21333333333333335
NodeSetEdgeSetGraph:0.20666666666666667
Level4:0.20666666666666667
GraphTab:0.20333333333333334
ResourceModel:0.19666666666666666
AbstractJaxbGxlIO:0.19666666666666666
SimulatorModel:0.19333333333333333
AbstractGxl:0.18333333333333332
GraphManager:0.15333333333333332
ShiftPriorityAction:0.14666666666666667
LoadGrammarAction:0.14666666666666667
RuleTreeNode:0.145
Transform:0.14333333333333334
