Dialect:0.6566666666666666
DialectFactory:0.3933333333333333
JDBCReverseEngineeringStrategy:0.33666666666666667
SquirrelSQLGenerator:0.2725925925925926
SquirrelReverseEngineeringStrategy:0.16333333333333333
ReverseEngineeringStrategy:0.1322222222222222
SquirrelDialect:0.09
ERDesignerGraphModelListener:0.03666666666666667
JDBCDialect:0.0
