TrashHelper:0.44
ASEntryData:0.39666666666666667
GwtTaskHelper:0.3933333333333333
