QueryTag:0.6966666666666667
ListGroupTag:0.44333333333333336
ValueTag:0.38666666666666666
GenericListValueFunction:0.16333333333333333
