Builder:0.5666666666666667
BarnesHutTsne:0.25
TestDecayPolicies:0.22666666666666666
Glove:0.21333333333333335
FineTuneConfiguration:0.19
UpdaterUtils:0.15781746031746033
Tsne:0.15365079365079362
TestUpdaters:0.14333333333333334
