List:0.4
Map:0.34
Traversable:0.3233333333333333
AbstractMap:0.30666666666666664
Array:0.2866666666666667
LinkedHashSet:0.28
Stream:0.2733333333333333
Vector:0.26
Queue:0.22666666666666666
Value:0.22
CharSeq:0.2175
Multimap:0.21333333333333335
Tree:0.20333333333333334
AbstractMultimap:0.19666666666666666
