HtmlGutter:0.5177777777777778
HtmlCssGutter:0.31666666666666665
HtmlCssStyle:0.25
HtmlStyle:0.2175
