ValueElement:0.4866666666666667
StringElement:0.44
DcmElementImpl:0.37
MultiStringElement:0.18333333333333332
