AbstractSamlObjectBuilder:0.6627777777777778
OpenSamlConfigBean:0.45666666666666667
