GwtTeamingMessages:0.506388888888889
GwtClientHelper:0.46
TagThisDlg:0.3333333333333333
GwtUser:0.26666666666666666
GwtRpcServiceImpl:0.20333333333333334
ManageMenuPopup:0.17666666666666667
GwtMainPage:0.17666666666666667
SearchOptionsComposite:0.14
GwtTag:0.08
