EditGalleryAction:0.8566666666666667
ProductRichDescriptionPhotosTest:0.23333333333333334
