DrawingModel:0.49333333333333335
ConnectionsAndLayoutDrawingModel:0.3566666666666667
AbstractFigure:0.30666666666666664
NoLayoutNoConnectionsDrawingModel:0.2866666666666667
SimpleDrawingView:0.2833333333333333
LineConnectionFigure:0.24833333333333332
AbstractDrawingModel:0.18
ConnectionsNoLayoutDrawingModel:0.09666666666666666
LineConnectionTool:0.08
