OAuth20AccessTokenControllerTests:0.33
OAuthConstants:0.32777777777777783
OAuthUtils:0.29
OAuth20AuthorizeController:0.2833333333333333
BaseOAuthWrapperController:0.25666666666666665
OAuth20AuthorizeControllerTests:0.19666666666666666
OAuth20AccessTokenController:0.15
OAuthWebApplicationService:0.02
