RecyclerView:0.4033333333333333
CoordinatorLayout:0.4
DividerItemDecoration:0.3933333333333333
DrawRules:0.3003095238095237
DropDownMenu:0.21777777777777782
