FeatureProperty:0.6266666666666667
AnnotationEditor:0.37333333333333335
DrawableSeqFeature:0.36666666666666664
DrawableAnnotatedSeqFeature:0.26
FeatureTypes:0.22666666666666666
EvidencePanel:0.2125
