WebApplication:0.6933333333333334
PetiteContainerRegistry:0.4533333333333333
WebApplicationStarter:0.45
MadvocServletFilter:0.33444444444444443
