Config:0.7
CollectionContainer:0.53
CollectionService:0.36666666666666664
ListContainer:0.32
ListTest:0.28
XmlConfigBuilder:0.18666666666666668
SetContainer:0.085
ListService:0.07972222222222221
SetService:0.07972222222222221
CollectionBackupAwareOperation:0.006666666666666667
