AspectMap:0.44333333333333336
Level:0.38666666666666666
AspectEdge:0.31
AspectNode:0.30666666666666664
NewRuleView:0.2733333333333333
AspectParser:0.2633333333333333
AspectValue:0.25
AspectGraph:0.23333333333333334
AbstractAspect:0.23
LevelIndex:0.23
NestingAspect:0.22666666666666666
AspectualGraphView:0.20666666666666667
AttributeElementFactory:0.1811111111111111
AspectParseData:0.165
LevelMap:0.14666666666666667
NestingLabelParser:0.13666666666666666
Parameters:0.13
AbstractView:0.12666666666666668
Operation:0.125
