ArticleChannel:0.39166666666666666
UserMgmtService:0.27666666666666667
TimelineProcessor:0.18
ActivityMgmtService:0.15666666666666668
CommentNotifier:0.15333333333333332
ArticleNotifier:0.13744444444444445
LoginProcessor:0.12333333333333334
