Session:0.7016666666666667
Settings:0.62
SessionImpl:0.41
SchemaExport:0.36
TableGenerator:0.25
AbstractBatcher:0.19666666666666666
MultipleHiLoPerTableGenerator:0.19666666666666666
TableStructure:0.19666666666666666
SettingsFactory:0.18333333333333332
PersistentIdentifierGenerator:0.013333333333333334
