PositionReporter:0.3487380952380953
BufferPositionReporter:0.33666666666666667
DriverConductor:0.31666666666666665
CountersManagerTest:0.24333333333333335
DriverPublication:0.19333333333333333
BufferPositionIndicator:0.18
DriverConnectedSubscription:0.17
PositionIndicator:0.14492063492063492
