AnalysisKuromojiPlugin:0.4533333333333333
KuromojiAnalysisTests:0.17
KuromojiIndicesAnalysis:0.08666666666666667
