ShardingUpsertExecutor:0.6066666666666667
UpsertByIdTask:0.32
IndexWriterProjector:0.2361984126984128
TransportActionProvider:0.20333333333333334
BulkModule:0.09333333333333334
