GeoIpProcessor:0.5933333333333334
GeoIpProcessorFactoryTests:0.22666666666666666
GeoIpProcessorTests:0.19333333333333333
Factory:0.13666666666666663
