Command:0.44666666666666666
Console:0.32
ConsolePlugin:0.30666666666666664
CommandoHandler:0.2633333333333333
Script:0.23666666666666666
BufferOutput:0.16666666666666666
CommandoThread:0.11
