CsrfFilter:0.5569880952380951
AbstractSecurityWebSocketMessageBrokerConfigurer:0.5333333333333333
CsrfConfigurer:0.22333333333333333
AbstractSecurityWebSocketMessageBrokerConfigurerTests:0.17666666666666667
MessageSecurityPostProcessor:0.13333333333333333
WebSocketSecurityConfig:0.08333333333333333
IgnoreCsrfProtectionRegistry:0.05
CsrfDisabledSockJsSecurityConfig:0.043111111111111114
NoInboundSecurityConfig:0.02
