X_AD_PosPrintFormat:0.6966666666666667
TicketFormatter:0.5666666666666667
PosModel:0.24
PosTicketFormatter:0.19666666666666666
