RemovingSEofBMechanism:0.5879047619047619
RemovingSEofNBMechanism:0.5879047619047619
