DataManager:0.6533333333333333
IMEFVisitor:0.61
IVisitor:0.395
MEFVisitor:0.33
MainPanel:0.23666666666666666
SearchManager:0.22666666666666666
Export:0.21
MetadataLib:0.20666666666666667
LuceneSearcher:0.205
Import:0.20333333333333334
MefLib:0.19666666666666666
Aligner:0.19
Delete:0.16666666666666666
Get:0.14166666666666666
MEF2Visitor:0.13666666666666666
Importer:0.11
Insert:0.10666666666666667
MEF2Exporter:0.1
Params:0.07333333333333333
Session:0.07333333333333333
MEFConstants:0.07
InputStreamBridge:0.058333333333333334
Show:0.056666666666666664
ZipUtil:0.03
XmlVisitor:0.013333333333333334
MEFExporter:0.01
