Sequence:0.5633333333333334
FileAssociation:0.5433333333333333
