Matcher:0.5233333333333333
Hit:0.3933333333333333
SimpleMatcher:0.3044444444444444
SearchView:0.2733333333333333
ActionSearch:0.255
ResultWidget:0.14666666666666667
