PolicyConstants:0.3542857142857143
PIPClient:0.3433333333333333
PIPRequestBuilder:0.22666666666666666
PIPRequest:0.17
PIPResponse:0.17
PolicyUtil:0.1
PIPResponseBuilder:0.05
PIPRequestElement:0.021666666666666667
PIPResponseElement:0.01888888888888889
