BroadcasterConfig:0.5633333333333334
DefaultBroadcaster:0.55
DefaultBroadcasterFactory:0.2833333333333333
SimpleBroadcaster:0.17333333333333334
