Factory:0.3333333333333333
Empty:0.26666666666666666
DerivativeParser:0.20700000000000002
InternalHistogram:0.20666666666666667
InternalRange:0.20333333333333334
Builder:0.19666666666666666
Bucket:0.19666666666666666
BucketsAggregator:0.195
MaxBucketParser:0.17972222222222228
AggregatorFactories:0.16666666666666666
InternalBucket:0.14
MovAvgTests:0.12666666666666668
DateDerivativeTests:0.11333333333333333
MovAvgParser:0.09972222222222221
BucketHelpers:0.08611111111111111
InternalMultiBucketAggregation:0.06583333333333333
