AbstractEntity:0.6766666666666666
NameValuePair:0.4
NameValuePairTest:0.32666666666666666
AbstractEntityTest:0.29
