DataLoaderService:0.58
ConfigurationChangedFilter:0.2966666666666667
IDataLoaderService:0.235
ILoadSyncLifecycleListener:0.1811111111111111
ExtensionPointManager:0.17
