ElementMatchersTest:0.39666666666666667
AbstractDynamicTypeBuilderTest:0.30333333333333334
Default:0.2633333333333333
RebaseDynamicTypeBuilderTest:0.26
RedefinitionDynamicTypeBuilderTest:0.26
MethodConstantTest:0.19666666666666666
Prepared:0.18666666666666668
Compiled:0.17
SubclassDynamicTypeBuilderTest:0.16333333333333333
ForInlining:0.1
Foo:0.09333333333333334
ForCreation:0.08744444444444444
Bar:0.07318253968253968
TypeWriterDefaultTest:0.01
