Weapon:0.76
VehicularMG:0.3655555555555555
PlaceDemolitionCharge:0.2527777777777778
