CustomFragment:0.49333333333333335
SPUtils:0.4766666666666667
CommonUtils:0.32
GankFragment:0.21666666666666667
