Visitor:0.4
ExchangeOperatorFactory:0.29
ExchangeClient:0.24666666666666667
TestExchangeOperator:0.23666666666666666
StreamProperties:0.22666666666666666
UpdateSystemMemory:0.18
