AspectEdge:0.47333333333333333
AspectNode:0.35
EdgeCheckerNode:0.28
LevelMap:0.2733333333333333
AspectLabel:0.24333333333333335
DefaultRuleView:0.23333333333333334
ReteStrategy:0.19777777777777777
