BulkOperationCleanupAction:0.47
PessimisticIsolatedClassLoaderTest:0.28
PessimisticSessionRefreshTest:0.19166666666666668
AbstractStatementExecutor:0.18333333333333332
CacheTestCaseBase:0.15333333333333332
NativeSQLQueryPlan:0.14333333333333334
EntityCleanup:0.09666666666666666
CollectionCleanup:0.09333333333333334
