QueryTest:0.7966666666666666
ParserTest:0.2793333333333333
