NameTable:0.42333333333333334
StatementGenerator:0.36
TreeVisitor:0.2966666666666667
DebugASTPrinter:0.2866666666666667
Functionizer:0.2644444444444445
StatementGeneratorTest:0.25333333333333335
TranslationProcessor:0.19666666666666666
