FluentCaseInsensitiveStringsMap:0.55
ConnectionManager:0.4866666666666667
ProxyUtils:0.2310555555555556
EventHandler:0.19666666666666666
NettyAsyncHttpProviderConfig:0.18333333333333332
AsyncStreamHandlerTest:0.17666666666666667
ProxyAuthorizationHandler:0.17
WebSocketProtocol:0.15333333333333332
AuthorizationHandler:0.13666666666666666
HttpProtocol:0.11666666666666667
