NantScript:0.6444444444444445
NantBuilder:0.2733333333333333
SnapshotCMTest:0.20666666666666667
AlienBrainTest:0.20333333333333334
RSSPublisherTest:0.18
CMSynergyTaskPublisher:0.16166666666666665
AntScriptTest:0.15083333333333335
AntBuilderTest:0.15083333333333335
UtilTest:0.15
MockSocket:0.11666666666666667
CruiseControlItemTest:0.09666666666666666
