XHRSessionHelper:0.48333333333333334
SessionImpl:0.37666666666666665
XHRPollingSessionHelper:0.31
JSONPPollingTransport:0.19666666666666666
AbstractTransport:0.19
XHRTransport:0.17
SocketIOWebSocketEventListener:0.14333333333333334
SocketIOAtmosphereInterceptor:0.13333333333333333
