MultiLayerNetwork:0.5666666666666667
MultiLayerConfiguration:0.38
Builder:0.3466666666666667
GravesLSTM:0.32666666666666666
GRU:0.22333333333333333
BaseRecurrentLayer:0.13666666666666666
MultiLayerTestRNN:0.13333333333333333
ListBuilder:0.12666666666666668
