Context:0.6683333333333333
WhereClauseAnalyzerTest:0.36666666666666664
FunctionInfo:0.35633333333333334
AbstractScalarFunctionsTest:0.17138888888888887
InputApplier:0.16
IfFunction:0.15
BaseVisitor:0.13666666666666666
InputApplierContext:0.13333333333333333
CopyingVisitor:0.12
InPlaceVisitor:0.12
