CSSStyleDeclaration:0.5222222222222221
ComputedCSSStyleDeclaration:0.4
Window:0.33666666666666667
CSSStyleDeclarationTest:0.3233333333333333
ComputedCSSStyleDeclarationTest:0.23666666666666666
StringUtils:0.10333333333333333
