UnitDialog:0.77
MainDesktopPane:0.3466666666666667
UnitWindowListener:0.33666666666666667
