SubscriptionLink:0.48
NetworkPublication:0.48
PublicationImage:0.4266666666666667
PublicationLink:0.31333333333333335
DirectPublication:0.2733333333333333
AeronClient:0.22
DriverManagedResource:0.09333333333333334
