GraphJGraph:0.37
LayoutDialog:0.36
DisplaysPanel:0.30133333333333334
LayoutPanel:0.21666666666666667
LayouterItem:0.195
ReflectiveComponent:0.18833333333333332
JEdgeView:0.1
MySpinner:0.04666666666666667
MyCheckBox:0.04
MyJSlider:0.03333333333333333
MyRadioButton:0.013333333333333334
