FeatureSet:0.7266666666666667
EvidencePanel:0.49666666666666665
ApolloFrame:0.25
