SemanticVerifier:0.5
TypeDefinitionLink:0.4881111111111111
TypeInlineDefinition:0.36833333333333335
