RxDialogSure:0.6066666666666667
RxDialogEditSureCancel:0.5366666666666666
ActivityDialog:0.302
