PatternNode:0.5633333333333334
PatternShape:0.5408333333333334
PatternJVertex:0.39
