TTLFieldMapper:0.3975
TimestampFieldMapper:0.36333333333333334
TimestampMappingTests:0.3466666666666667
ESIntegTestCase:0.33166666666666667
SimpleTimestampIT:0.2966666666666667
IndexAliasesIT:0.2866666666666667
SimpleTTLIT:0.28
DateHistogramIT:0.25666666666666665
SimpleAllMapperTests:0.25333333333333335
SpecificMasterNodesIT:0.24333333333333335
FieldSortIT:0.22666666666666666
TTLMappingTests:0.22333333333333333
GetActionIT:0.22
SearchFieldsTests:0.19666666666666666
UpdateIT:0.19333333333333333
UpdateMappingTests:0.17333333333333334
UpdateMappingOnClusterIT:0.11333333333333333
TypeParser:0.10666666666666667
ParseMappingTypeLevelTests:0.0033333333333333335
