CommandLineOptions:0.7433333333333333
JOptSimpleCommandLineOptionsParserTests:0.36
DiscoveryRequestCreatorTests:0.33916666666666667
AvailableOptions:0.24333333333333335
