ServerMapItem:0.59
ServerEngine:0.5566666666666666
RefItem:0.38
ARINCMapHorzItems:0.37
ClientWidget:0.36333333333333334
Property:0.35333333333333333
LayerRenderer:0.3044444444444444
ImagePainter:0.3044444444444444
CockpitConfigurationHandler:0.2966666666666667
NetworkHandler:0.29333333333333333
ClientGUIWrapper:0.29333333333333333
StateInfo:0.28444444444444444
GenericDialog:0.27666666666666667
G2DGLShapeDrawer:0.2733333333333333
VertexBuffer:0.27
PolygonOrTesselatingVisitor:0.25333333333333335
ManageScriptPanel:0.25333333333333335
MapVertRenderer:0.25
MapHorzRenderer:0.25
WindowsWindowManager:0.24666666666666667
EmbedClientGUI:0.24666666666666667
SynthModel:0.24666666666666667
ScrollListRenderer:0.24666666666666667
DefaultScriptLogger:0.24666666666666667
EditBoxMultilineRenderer:0.24666666666666667
ClientContainerWidget:0.23833333333333334
MenuFactory:0.23666666666666666
BasicWindowManager:0.23583333333333334
EmbeddedWindowsManager:0.23333333333333334
SynthTrackListener:0.23083333333333333
GLGraphics2D:0.22666666666666666
StringDrawer:0.22666666666666666
SynthScrollBarUI:0.22333333333333333
ServerWindow:0.22222222222222218
ARINCMapVertPanel:0.22
WidgetRef:0.21666666666666667
StatefullAPIImpl:0.21666666666666667
ARINCMapHorzPanel:0.21666666666666667
LineDrawingVisitor:0.215
AbstractMapItem:0.21333333333333335
LabelComplexRenderer:0.21333333333333335
ClientWrapper:0.21166666666666667
BasicServerEngine:0.20666666666666667
StylableTextEditor:0.20666666666666667
LayerRendererBridge:0.205
FastLineVisitor:0.20333333333333334
SynthTypeFactory:0.2
Synth2Parser:0.19666666666666666
ScenarioListDialog:0.19666666666666666
ServerWrapper:0.19666666666666666
ConstantGenerator:0.19333333333333333
EventTreeDialog:0.19333333333333333
ClientMapDataWidget:0.19305555555555554
MapHorzItemsRenderer:0.19166666666666668
MapVertItemsRenderer:0.19166666666666668
ARINCMapVertItems:0.18666666666666668
CompStyle:0.18666666666666668
ClientAPIUtilities:0.18333333333333332
UIComponentsFactory:0.18
FillSimpleConvexPolygonVisitor:0.17166666666666666
TesselatorVisitor:0.16333333333333333
AbstractServerEngine:0.16
ServerMapItemsUtilities:0.15
ScenarioOptions:0.14333333333333334
ClientLayerHelper:0.10333333333333333
SymbolGenericRenderer:0.09666666666666666
TextureData:0.09333333333333334
ColoredString:0.09
SimplePathVisitor:0.043333333333333335
ItemSynchronization:0.04
