DashboardHelper:0.6733333333333333
AjaxController:0.4266666666666667
ListFolderHelper:0.24222222222222223
WorkspaceTreeHelper:0.19111111111111112
ShowTeam:0.17333333333333334
