AbstractEntityTest:0.46
AbstractSessionTest:0.39666666666666667
AbstractOneSessionTest:0.31666666666666665
SchemaExportTest:0.2733333333333333
