NutConfig:0.44095634920634924
NutResource:0.38333333333333336
Disks:0.36
JsonLoader:0.3
WebResourceScan:0.21333333333333335
LocalResourceScan:0.19494444444444442
AbstractNutConfig:0.13666666666666666
JsonIocProvider:0.12333333333333334
