CompositeFuture:0.4033333333333333
CoreExamples:0.3
CompositeFutureImpl:0.26666666666666666
FutureTest:0.14
