RandomPopulator:0.8566666666666667
EbrimGenericSearchDaoTest:0.5533333333333333
