FileUtilities:0.6966666666666667
DirectoryListingTest:0.41
OGAgentTest:0.30333333333333334
TestRepository:0.25666666666666665
