Node:0.5566666666666666
ModuleTestCase:0.26666666666666666
ClusterRerouteIT:0.26
GatewayModule:0.24666666666666667
ReplicaRecoveryBenchmark:0.16777777777777778
SelectedType:0.16666666666666666
