User32:0.6819444444444445
User32Test:0.35333333333333333
WinEventProc:0.15694444444444444
WinUser:0.016666666666666666
