Autoboxer:0.41
TreeConverter:0.3933333333333333
MethodInvocation:0.3433333333333333
JdtTypes:0.32666666666666666
ArrayInitializer:0.3233333333333333
TypeUtil:0.27
SwitchRewriter:0.15666666666666668
