GridFS:0.7166666666666667
DBCursor:0.6641666666666667
CLI:0.24
