InstantJavaDescriptor:0.24
OffsetDateTimeJavaDescriptor:0.11666666666666667
LocalTimeJavaDescriptor:0.11666666666666667
LocalDateJavaDescriptor:0.11666666666666667
OffsetTimeJavaDescriptor:0.11666666666666667
LocalDateTimeJavaDescriptor:0.11666666666666667
ZonedDateTimeJavaDescriptor:0.11666666666666667
