DB2Dialect:0.7394444444444445
TrimFunction:0.41333333333333333
