OperationParameterGroup:0.6566666666666666
ParameterValueGroup:0.47333333333333333
