WindowTest:0.7766666666666666
HTMLDocument:0.37666666666666665
Selection:0.27
ExtJS22Test:0.15333333333333332
