Invocation:0.47333333333333333
InvocationBuilder:0.46
InternalPartitionServiceImpl:0.3933333333333333
ExecutorServiceProxy:0.23666666666666666
SyncReplicaVersion:0.20333333333333334
InvocationFuture:0.18333333333333332
MigrationRequestOperation:0.17333333333333334
CacheCreateConfigOperation:0.16666666666666666
MapProxySupport:0.16666666666666666
CacheCreateConfigRequest:0.12666666666666668
AbstractMultiTargetMessageTask:0.12333333333333334
CacheDestroyRequest:0.12333333333333334
InvocationBuilderImpl:0.10333333333333333
MultiTargetClientRequest:0.1
TargetInvocation:0.03
PartitionInvocation:0.023333333333333334
MapExecutionCallbackAdapter:0.02
ExecutorCallbackAdapter:0.01
