Value:0.5466666666666666
ValueImpl:0.41
ValueLink:0.3466666666666667
CommMessage:0.28
SODEPProtocol:0.21444444444444447
