Callback:0.8866666666666667
CallbackRegistry:0.4220674603174603
CallbackRegistryImpl:0.33
JpaPostDeleteEventListener:0.24333333333333335
JpaPostInsertEventListener:0.24333333333333335
JpaIntegrator:0.24333333333333335
JpaPostUpdateEventListener:0.18250000000000002
ListenerCallback:0.09666666666666666
EntityCallback:0.07
