SqlTaskExecution:0.42
SqlTaskManager:0.38333333333333336
Driver:0.3677777777777777
SplitExecutionStats:0.33133333333333337
OperatorStats:0.23333333333333334
