BinElObj:0.6133333333333333
StaticElObj:0.31666666666666665
ElSymbol:0.29333333333333333
SymbolNormalizing:0.25666666666666665
El:0.23555555555555552
VarElObj:0.15166666666666667
ArrayElObj:0.13666666666666666
VarNormalizer:0.13333333333333333
NutElAnalyzer:0.12333333333333334
NutElSpliter:0.10333333333333333
NutElAnalyzerTest:0.02666666666666667
ElTest:0.023333333333333334
