SubclassDynamicTypeBuilder:0.42333333333333334
RebaseDynamicTypeBuilder:0.40166666666666667
RedefinitionDynamicTypeBuilder:0.40166666666666667
