TransportSQLActionTest:0.7027777777777777
SQLReduceJobStatus:0.41333333333333333
SQLReduceJobResponse:0.31
AsyncBroadcastAction:0.27666666666666667
SQLReduceJobStatusTest:0.15333333333333332
