ExchangeClientConfig:0.7866666666666666
TestExchangeClientConfig:0.31666666666666665
ExchangeClientFactory:0.28
