CodeList:0.8383333333333334
SimpleEnumerationType:0.5233333333333333
