RrPolygon:0.5233333333333333
RrCSG:0.47333333333333333
RrHalfPlane:0.47
STLSlice:0.35
RrGraphics:0.18722222222222223
