CoreGL11:0.7295555555555556
CoreGL12:0.4577777777777778
