AbstractCacheRecordStore:0.6483333333333333
CacheRecordHashMap:0.35333333333333333
