MCalendar:0.611111111111111
ResizeDialog:0.41333333333333333
DateTimeEditor:0.3522222222222222
