RdtDebugCorePlugin:0.6466666666666666
RubyDebuggerProxy:0.32666666666666666
RubyDebugTarget:0.2966666666666667
MultiReaderStrategy:0.25333333333333335
XmlStreamReader:0.1688888888888889
SingleReaderStrategy:0.14666666666666667
RubyLoop:0.13555555555555554
