Builder:0.43
AsyncHttpClientConfig:0.4
AsyncHttpClientConfigBean:0.33666666666666667
ChannelManager:0.29333333333333333
