RoleData:0.43
RolesManagedBean:0.4
InformationMemory:0.25333333333333335
ComplexAccessControlSessionBean:0.23666666666666666
AuthorizationDataHandler:0.21333333333333335
ChangeRuleCommand:0.15666666666666668
AccessRuleCollection:0.10666666666666667
AccessRulePlugin:0.09916666666666667
AuditLogRulesReference:0.0
