Branch:0.6133333333333333
Geometry:0.4666666666666667
TreeLayoutAlgorithm:0.3933333333333333
