CtrlEdge:0.5366666666666666
Rule:0.47
Namespace:0.46
Recipe:0.42
CtrlHelper:0.4066666666666667
Action:0.38333333333333336
Callable:0.3637301587301588
CtrlCall:0.36333333333333334
CtrlParser:0.3433333333333333
CtrlChecker:0.30333333333333334
CtrlLexer:0.2866666666666667
CtrlNameSpace:0.28388888888888886
CtrlUnit:0.27666666666666667
Record:0.2633333333333333
Expression:0.26250000000000007
FormatException:0.24333333333333335
CtrlFactory:0.24333333333333335
Assignment:0.24111111111111114
ExprTree:0.23333333333333334
ParseTree:0.23
CtrlBuilder:0.22
ParseInfo:0.2063968253968254
recipe_return:0.20333333333333334
block_return:0.20333333333333334
type_return:0.20333333333333334
package_decl_return:0.20333333333333334
arg_return:0.20333333333333334
literal_return:0.20333333333333334
var_decl_return:0.20333333333333334
function_return:0.20333333333333334
stat_return:0.20333333333333334
program_return:0.20333333333333334
import_decl_return:0.20333333333333334
CtrlBuildTest:0.19666666666666666
NewCtrlAut:0.18
CtrlLocation:0.15
cond_return:0.14833333333333334
rule_return:0.14833333333333334
functions_return:0.14833333333333334
rule_name_return:0.14833333333333334
arg_list_return:0.14833333333333334
expr_return:0.14833333333333334
qual_name_return:0.14833333333333334
expr2_return:0.14833333333333334
call_return:0.14833333333333334
cond_atom_return:0.14833333333333334
var_type_return:0.14833333333333334
recipes_return:0.14833333333333334
expr_atom_return:0.14833333333333334
DFA12:0.14666666666666667
CtrlLoader:0.12333333333333334
ParseTreeAdaptor:0.051666666666666666
Function:0.04583333333333333
