Types:0.6133333333333333
StatementGeneratorTest:0.37333333333333335
StatementGenerator:0.33
ObjectiveCHeaderGeneratorTest:0.31666666666666665
CastResolverTest:0.23666666666666666
