User:0.9266666666666666
GenericServiceTest:0.20666666666666667
