XContentGenerator:0.6566666666666666
QueryVisitor:0.3466666666666667
AbstractSharedCrateClusterTest:0.31333333333333335
Setup:0.16666666666666666
