JRubyRefactoringUtils:0.5466666666666666
MethodBodyStatementReplacer:0.4533333333333333
TempValueReplaceProvider:0.37
TempInliner:0.31
