Word2Vec:0.6155555555555556
StackedDenoisingAutoEncoder:0.2966666666666667
Builder:0.25666666666666665
WeightInitUtil:0.14666666666666667
