CharStreams:0.36333333333333334
CodePointCharStream:0.3566666666666667
TimeLexerSpeed:0.35333333333333333
TestCharStreams:0.18666666666666668
CodePoint32BitCharStream:0.06
CodePoint8BitCharStream:0.06
CodePoint16BitCharStream:0.06
