WriteError:0.5766666666666667
CreateIndexOperation:0.48333333333333334
ProtocolHelper:0.27666666666666667
BaseWriteOperation:0.2733333333333333
