View:0.7766666666666666
Tab:0.43333333333333335
SaveAction:0.32
EditorTag:0.20666666666666667
