UserView:0.6066666666666667
TestStringTools:0.4266666666666667
CertificateView:0.4
