Factory:0.5566666666666666
jOOQAbstractTest:0.45
AbstractSelect:0.31333333333333335
AbstractSubSelect:0.24666666666666667
SQLTable:0.22444444444444447
AbstractRoutine:0.22
SelectFieldList:0.2088888888888889
