PosPanel:0.5633333333333334
PayDialog:0.28777777777777774
CouponDialog:0.28777777777777774
X_C_POS:0.23
