AdminCertReqServlet:0.4266666666666667
AutoEnrollServlet:0.32
DemoCertReqServlet:0.32
CaImportCertDirCommand:0.31666666666666665
