MailConfig:0.5566666666666666
Utils:0.41
AbstractAdminModule:0.4066666666666667
