BindingUtil:0.5033333333333333
TypeDeclarationGenerator:0.32666666666666666
OperatorRewriterTest:0.26
Assignment:0.25
TypeImplementationGenerator:0.23333333333333334
TypeGenerator:0.21666666666666667
TypeImplementationGeneratorTest:0.21666666666666667
OperatorRewriter:0.16333333333333333
JavaCloneWriter:0.10333333333333333
DestructorGenerator:0.07333333333333333
