BasicStatementTests:0.4558333333333333
SSubEachIterable:0.3466666666666667
SSubEachArray:0.3466666666666667
SFor:0.30333333333333334
