JVMHandler:0.6066666666666667
ExecutionTracker:0.47222222222222227
DefaultExecutionTracker:0.41333333333333333
DefaultTODHandler:0.26666666666666666
DefaultJVMHandler:0.2633333333333333
JVMEventManager:0.2633333333333333
TODHandler:0.18676190476190477
ExecutionListener:0.09277777777777778
SearchResult:0.03
