IStructuredbManager:0.7044444444444444
StructuredbManager:0.4066666666666667
SubStructureIterator:0.3333333333333333
ForConsoleDecoratedStructuredbManager:0.20333333333333334
StructuredbManagerTest:0.17666666666666667
