IssueUtilities:0.5933333333333334
ExecuteAlwaysFilter:0.35
ListIssuesActionUtil:0.3466666666666667
ListIssuesAction:0.2588888888888889
