FlowNavigationHandler:0.5033333333333333
FlowExecutionManagerImpl:0.41333333333333333
FlowPhaseListener:0.39
