Configuration:0.68
Logic:0.38333333333333336
DevelUtils:0.3566666666666667
FormTagBase:0.23
javaViewer:0.22
MakumbaResourceServlet:0.21666666666666667
LineViewer:0.20666666666666667
GeneratedCodeViewer:0.17666666666666667
ReferenceChecker:0.17666666666666667
MakumbaINIFileReader:0.17
DataServlet:0.14666666666666667
jspViewer:0.13
