Inventory:0.5333333333333333
AmountResourceStorage:0.3466666666666667
AmountResourceTypeStorage:0.21
AmountResourcePhaseStorage:0.21
