TransactionImpl:0.6433333333333333
BlockingQueueManager:0.53
ClientService:0.2511111111111111
BQ:0.17
