QueryImpl:0.5533333333333333
StoredProcedureQueryImpl:0.51
EntityManagerFactoryImpl:0.2833333333333333
