SwarmingManager:0.625
StopDownloadAction:0.26
StartDownloadAction:0.26
MoveDownloadPriorityAction:0.18666666666666668
RemoveDownloadAction:0.16666666666666666
