TestInterface:0.43866666666666665
FeignTest:0.2833333333333333
DefaultClientTest:0.27666666666666667
OkHttpClientTest:0.24666666666666667
ApacheHttpClientTest:0.22666666666666666
SynchronousMethodHandler:0.14333333333333334
