AnnotationGraph:0.48
Node:0.3244444444444444
Document:0.19666666666666666
Annotation:0.15166666666666667
Corpus:0.0
