Corpus:0.5566666666666666
Toolbox:0.4033333333333333
Partition:0.38333333333333336
Text:0.30333333333333334
