VehicleMaintenance:0.4666666666666667
ScientificStudyManager:0.4033333333333333
ResourceProcess:0.29
ConstructionValues:0.18666666666666668
