TcpIpConnectionManager:0.6033333333333334
TcpIpConnection_AbstractTest:0.28444444444444444
TcpIpConnectionManager_ConnectTest:0.25333333333333335
SocketTextReader:0.21666666666666667
TcpIpConnectionMonitor:0.20277777777777778
