BitmapFont:0.76
CheckBox:0.25333333333333335
Label:0.2377777777777778
LabelTest:0.20666666666666667
