Actor:0.6575
ActorImpl:0.4066666666666667
LocalActor:0.33666666666666667
ExitMessage:0.30666666666666664
ActorLifecycleListener:0.2733333333333333
TempActor:0.26
SerializedActor:0.06
