Row:0.52
ProductPrice:0.47
PopPanel:0.3933333333333333
BuyerMessageProcessor:0.33
message:0.30666666666666664
ProfileStep:0.24333333333333335
RowData:0.22666666666666666
POPWizardLauncher:0.16722222222222222
BuyPolicyRequest:0.11666666666666667
MachineCreator:0.08333333333333333
IdentityStep:0.05333333333333334
popmessageListener:0.03
