Config:0.7566666666666667
PropertyScheme:0.41
TierManager:0.2588888888888889
FeatureTierManager:0.25
PixelMask:0.24333333333333335
FlexibleFeatureTierManager:0.21666666666666667
GAMEAdapterGUI:0.21333333333333335
EnsCGIAdapterGUI:0.21333333333333335
GFFAdapterGUI:0.09333333333333334
