Tools:0.8377777777777778
ToolsBean:0.5855555555555555
