GFF3Entry:0.6711111111111111
OBOParser:0.6133333333333333
