StudyPermissionHelper:0.5466666666666666
MoveEntitiesPage:0.4766666666666667
SelectedEntities:0.44583333333333336
StudyListPage:0.24666666666666667
