PersistentTasksCustomMetaData:0.4766666666666667
PersistentTaskResponse:0.4166666666666667
TestPersistentTasksPlugin:0.26
AllocatedPersistentTask:0.22666666666666666
PersistentTasksClusterService:0.21
CompletionPersistentTaskAction:0.14666666666666667
UpdatePersistentTaskStatusAction:0.14666666666666667
PersistentTasksService:0.14666666666666667
RemovePersistentTaskAction:0.14666666666666667
PersistentTasksNodeServiceTests:0.12666666666666668
PersistentTasksExecutor:0.11333333333333333
PersistentTasksExecutorResponseTests:0.09666666666666666
TransportAction:0.08
TestPersistentTasksExecutor:0.03333333333333333
PublishedResponseListener:0.006666666666666667
WaitForPersistentTaskStatusFuture:0.0
