BasicDBObject:0.72
JSONTest:0.26666666666666666
BasicDBObjectBuilder:0.24
DBCursor:0.23
ByteDecoder:0.2088888888888889
JSONParser:0.18
DBApiLayer:0.17666666666666667
DBBase:0.17666666666666667
Util:0.15666666666666668
