PayloadValidatingInterceptor:0.25333333333333335
Jaxb2Marshaller:0.22
Jaxp10Validator:0.21
AbstractValidatorFactoryTestCase:0.18666666666666668
SchemaLoaderUtils:0.13333333333333333
Jaxp10ValidatorFactory:0.12
XmlValidatorFactory:0.06666666666666667
Jaxp13ValidatorFactory:0.05333333333333334
HttpTransportRequestTest:0.01
SchemaLoaderUtilsTest:0.0033333333333333335
Jaxp13ValidatorFactoryTest:0.0033333333333333335
Jaxp10ValidatorFactoryTest:0.0
