PersonDialog:0.4766666666666667
VehicleDialog:0.47361111111111104
SettlementDialog:0.42
