ClassificationDao:0.715
ClassificationNodeHierarchyBean:0.33666666666666667
GUIAction:0.2866666666666667
