IJChemPaintGlobalPropertiesManager:0.8033333333333333
JChemPaintGlobalPropertiesManager:0.5333333333333333
PreferenceConstants:0.2720555555555556
JChemPaintEditorWidget:0.2525
JChemPaintPreferencePage:0.18333333333333332
PreferenceInitializer:0.15666666666666668
