CountAggState:0.5552380952380953
AggExpr:0.40555555555555556
CountDistinctAggFunction:0.25333333333333335
