ComponentTester:0.7833333333333333
ComponentRecorder:0.38333333333333336
ComponentRecorderTest:0.3566666666666667
EventRecorder:0.27666666666666667
