AbstractNodeContext:0.4533333333333333
BaseSetup:0.43
JMXDriverConnectionWrapper:0.4166666666666667
WaitingResultsState:0.21666666666666667
TestJPPFStatistics:0.04666666666666667
