Settings:0.6266666666666667
Configuration:0.4766666666666667
ReflectHelper:0.34
ComponentEntityModeToTuplizerMapping:0.2892063492063492
ImprovedTuplizerDynamicEntityTest:0.14244444444444446
EntityEntityModeToTuplizerMapping:0.12
