CommonEjbcaWS:0.465
EjbcaWSTest:0.45
XKMSKISSTest:0.2733333333333333
AuthenticationModulesTest:0.23666666666666666
CertificateExpireTest:0.23
