ContactManagerBackend:0.4041666666666667
AccessControlListTag:0.3433333333333333
DataSourcePopulator:0.2733333333333333
SecureDocumentDaoImpl:0.16333333333333333
SecureDataSourcePopulator:0.15666666666666668
