CallTest:0.5933333333333334
RecordedResponse:0.4533333333333333
HttpOverHttp2Test:0.4033333333333333
FramedSocketHandler:0.21
