EasyNeuronsApplicationView:0.5833333333333334
MultiLayerPerceptronWizard:0.36333333333333334
BackpropagationTrainingDialog:0.26166666666666666
TrainerSwingWorker:0.19166666666666668
