Factory:0.43
DateExpression:0.25
StringUtils:0.24
GroupByTests:0.18
Rollup:0.16580952380952382
Position:0.16580952380952382
Extract:0.16580952380952382
