FilterContentDisplayer:0.8133333333333334
FilterContentDisplayerResult:0.5066666666666667
