UpdateRequest:0.45666666666666667
Template:0.37333333333333335
ScriptService:0.24666666666666667
TemplateParser:0.24
TemplateQueryParser:0.22666666666666666
