AbstractAuthenticationProviderModule:0.43333333333333335
FailedUserAuthentication:0.2833333333333333
FailedUserAuthenticationHistory:0.2
FailedAuthenticationHistory:0.17333333333333334
LoginController:0.16
FailedAuthenticationMonitor:0.12833333333333333
