SybaseDialect:0.49
SQLServerDialect:0.4666666666666667
InterfaceProxyTest:0.2511111111111111
MixedTest:0.2511111111111111
SQLFunctionsTest:0.21333333333333335
SerializableTypeTest:0.2
