AriaManager:0.49333333333333335
DbEntity:0.34
DbUtil:0.33666666666666667
AbsThreadTask:0.2633333333333333
SimpleDownloadUtil:0.23
FtpDirDownloadUtil:0.16
Downloader:0.14666666666666667
FtpThreadTask:0.11166666666666666
HttpThreadTask:0.11166666666666666
