DefaultPackageManager:0.44666666666666666
RobolectricPackageManager:0.43333333333333335
ShadowContextImpl:0.43
