GwtShareItem:0.63
ShareThisDlg:0.38666666666666666
GwtShareHelper:0.30333333333333334
GwtSharingInfo:0.25
ShareExpirationWidget:0.21333333333333335
ShareRightsWidget:0.15666666666666668
RemoveShareWidget:0.13666666666666666
RecipientNameWidget:0.12333333333333334
SetShareRightsEvent:0.07444444444444445
ShareRightsPopupMenu:0.03
