GrantedAuthoritySid:0.6933333333333334
PrincipalSid:0.6933333333333334
