ExecutionService:0.9
InstanceMBean:0.38333333333333336
HealthMonitor:0.2833333333333333
HealthMetrics:0.24666666666666667
TimedMemberStateFactory:0.2
