FieldMapper:0.9066666666666666
CompletionFieldMapper:0.42
SortParseElement:0.2966666666666667
AbstractFieldMapper:0.29333333333333333
CompletionSuggestSearchTests:0.2633333333333333
