HazelcastClient:0.35
CollectionPortableHook:0.30666666666666664
RemoveOperation:0.2619444444444445
RemoveAllRequest:0.24666666666666667
GetAllRequest:0.24
ValuesRequest:0.23333333333333334
KeySetRequest:0.23333333333333334
ObjectListProxy:0.22361111111111115
ProxyManager:0.22333333333333333
CollectionBinaryClientTest:0.21
MultiMapProxySupport:0.19
