CollectionService:0.47333333333333333
BaseTest:0.38
DynamicClusterTest:0.3466666666666667
