ClusterUpdateSettingsRequest:0.6133333333333333
ClusterUpdateSettingsResponse:0.5233333333333333
TransportClusterUpdateSettingsAction:0.2866666666666667
RestClusterUpdateSettingsAction:0.2733333333333333
AwarenessAllocationTests:0.15666666666666668
FilteringAllocationTests:0.15333333333333332
AckTests:0.13833333333333334
