HtmlPage:0.7833333333333333
SelectTest:0.35333333333333333
HtmlSelectTest:0.19666666666666666
