DataManager:0.4033333333333333
FileVisitor:0.395
Session:0.3522222222222222
Harvest:0.32
MainUtil:0.30333333333333334
SelectionManager:0.2966666666666667
Select:0.2966666666666667
Search:0.25
GuiBuilder:0.25
MEFLib:0.24777777777777782
Harvester:0.24
LuceneSearcher:0.21
Result:0.20666666666666667
Importer:0.20333333333333334
MetaSearcher:0.18666666666666668
WebDavRetriever:0.15666666666666668
Aligner:0.13666666666666666
MassiveDelete:0.11333333333333333
CatalogSearcher:0.08666666666666667
SearchResult:0.08333333333333333
Import:0.07666666666666666
SelectionSearch:0.07655555555555554
InputStreamBridge:0.058333333333333334
MEFFileVisitor:0.043333333333333335
Params:0.03666666666666667
XMLFileVisitor:0.013333333333333334
