JobRepository:0.65
JobSupport:0.45666666666666667
SimpleJobRepository:0.44333333333333336
SimpleJobRepositoryIntegrationTests:0.29
JobRepositorySupport:0.24
SimpleJobTests:0.21666666666666667
SimpleJobOperator:0.21
AbstractStepExecutionDaoTests:0.19666666666666666
TasketStepTests:0.19333333333333333
JdbcJobRepositoryTests:0.18666666666666668
SimpleJobLauncher:0.18666666666666668
FileToMessagesJobFactoryBeanTests:0.17333333333333334
ChunkMessageItemWriterIntegrationTests:0.17333333333333334
JobRepositoryFactoryBeanTests:0.17333333333333334
StatefulRetryStepFactoryBeanTests:0.17333333333333334
SimpleStepFactoryBeanTests:0.15
StepExecutionMessageHandlerTests:0.12333333333333334
StepExecutorInterruptionTests:0.10333333333333333
GracefulShutdownFunctionalTests:0.09333333333333334
ChunkOrientedStepIntegrationTests:0.09
MapJobRepositoryFactoryBeanTests:0.08
SimpleJobLauncherTests:0.04
