Coordinates:0.7505555555555555
MapDisplay:0.5066666666666667
