XmlQedeqFileDao:0.6911111111111111
Xml2Xml:0.6604444444444445
