Tuple1Test:0.2
Tuple8Test:0.14416666666666667
Tuple3Test:0.14416666666666667
Tuple2Test:0.14416666666666667
Tuple4Test:0.14416666666666667
Tuple7Test:0.14416666666666667
Tuple6Test:0.14416666666666667
Tuple5Test:0.14416666666666667
