MigrationOperation:0.3433333333333333
MigrationRequestOperation:0.3333333333333333
FinalizeMigrationOperation:0.2866666666666667
MigrateTask:0.2833333333333333
FailingOperationResponseHandler:0.24666666666666667
PromotionCommitOperation:0.23333333333333334
BeforePromotionTask:0.2327777777777778
DummyOperation:0.21
