SimpleConditionSynchronizer:0.58
StrandBlockingWaitStrategy:0.30333333333333334
DelayedVal:0.30333333333333334
