WebXML:0.9005555555555554
FedoraWebXML:0.3933333333333333
