DataManager:0.5558333333333333
EditLib:0.42333333333333334
LocalJeeves:0.3233333333333333
MetadataTest:0.24666666666666667
