BlockingQueueManager:0.3566666666666667
ClientEndpoint:0.24333333333333335
BQ:0.18333333333333332
ClientService:0.17
ClientRequestHandler:0.16
HazelcastTest:0.11333333333333333
DynamicClusterTest:0.07333333333333333
