View:0.5133333333333333
MetaProperty:0.44666666666666666
XavaSuite:0.29333333333333333
Strings:0.23
Product2Test:0.13666666666666666
ViewNameFellowCarriersSelectedAction:0.10666666666666667
Product3Test:0.08444444444444445
Product4Test:0.06333333333333334
