XMLObject:0.7233333333333334
AbstractWidgetRefHandler:0.49
DefaultClientXMLDFHandler:0.26666666666666666
DefaultEventStructConverter:0.21666666666666667
