Responder:0.7482777777777778
CriterionTag:0.4352777777777778
