FolderResource:0.3566666666666667
WorkspaceResource:0.3433333333333333
AbstractBinderResource:0.31333333333333335
AbstractResource:0.3
SelfResource:0.23333333333333334
BinderResource:0.19666666666666666
