DataTipListener:0.69
DataTipComponent:0.38333333333333336
TableDataTipCell:0.3016666666666667
