FiltersTests:0.42333333333333334
FiltersAggregator:0.3333333333333333
FilterTests:0.29
FilterAggregator:0.29
