MembershipFailureTest:0.5744444444444444
MembershipUpdateTest:0.37333333333333335
PromoteLiteMemberTest:0.34
