InMemoryServiceRegistryDaoImpl:0.39
InitialFlowSetupAction:0.37666666666666665
DefaultTicketRegistry:0.2866666666666667
