Util:0.5333333333333333
Connection:0.35333333333333333
HttpResponseCacheTest:0.3233333333333333
SpdyConnection:0.2788888888888889
HttpEngine:0.23333333333333334
HttpURLConnectionImpl:0.23333333333333334
SpdySocketHandler:0.18333333333333332
HttpOverSpdyTest:0.18
