SynchronizationCallbackCoordinator:0.6586666666666666
TransactionCoordinatorImpl:0.4633333333333333
CoreMessageLogger:0.4
SessionImpl:0.3566666666666667
