Workstation:0.6216666666666667
CoreRuleBaseMergeWindow:0.44333333333333336
MangoMergeUtility:0.3333333333333333
