MangoInstruction:0.48333333333333334
ATHROWCREATOR:0.4633333333333333
MangoInvokeInstruction:0.31666666666666665
StatItemModel:0.2644444444444445
StatModel:0.20333333333333334
ACATCHHANDLER:0.17666666666666667
