EntityKey:0.43
StatefulPersistenceContext:0.39666666666666667
MessageHelper:0.39
AbstractSessionImpl:0.25333333333333335
EntityEntry:0.23
