BaseJavaTest:0.48333333333333334
CodePointCharStream:0.4122222222222222
TestRig:0.3566666666666667
TestCodePointCharStream:0.25333333333333335
