GrammarTest:0.5916666666666667
HibernateTest:0.21416666666666667
