Branch:0.6566666666666666
Algorithm:0.4766666666666667
