Variant:0.45666666666666667
StoreContent:0.36333333333333334
TestStoreContent:0.3422222222222222
ShopContent:0.31666666666666665
StoreVariant:0.28
ShopContentEditor:0.22666666666666666
ShopVariant:0.19666666666666666
StoreContentEditor:0.19583333333333333
StockUpdaterJoblet:0.14333333333333334
TestStoreVariant:0.12
