BindContext:0.56
Context:0.5466666666666666
RenderContext:0.5433333333333333
Query:0.5333333333333333
QueryPartInternal:0.49666666666666665
Factory:0.43
jOOQAbstractTest:0.37666666666666665
DefaultBindContext:0.35333333333333333
Util:0.31666666666666665
FieldTypeHelper:0.3
FactoryOperations:0.2833333333333333
AbstractContext:0.2733333333333333
DefaultRenderContext:0.21333333333333335
FactoryProxy:0.19
AbstractQueryPart:0.16333333333333333
jOOQTest:0.14333333333333334
