DBAddress:0.6637777777777778
Fixture:0.5627777777777778
