JFXCustomColorPickerDialog:0.6783333333333333
JFXDecorator:0.4751666666666667
