ResourceIndexImpl:0.63
RIQueue:0.5333333333333333
FedoraViewNamespace:0.20166666666666666
