IOService:0.7733333333333333
TcpIpConnectionManager:0.4633333333333333
NodeIOService:0.2866666666666667
WriteHandler:0.27
AbstractIOSelector:0.20666666666666667
GroupProperties:0.16666666666666666
DefaultNodeContext:0.11333333333333333
FirewallingNodeContext:0.09333333333333334
ReadHandler:0.08
FirewallingTcpIpConnectionManager:0.06666666666666667
AbstractSelectionHandler:0.043333333333333335
MigrationTask:0.013333333333333334
