Gate:0.5366666666666666
TestCreole:0.31333333333333335
TestGate:0.2833333333333333
CreoleLoader:0.15
CreoleLoaderImpl:0.04055555555555556
