AppResource:0.6933333333333334
InstallService:0.56
LuceneConfigPage:0.31833333333333336
LocalDatabaseConfigPage:0.31833333333333336
InstallServiceAsync:0.2833333333333333
LocalePage:0.27666666666666667
ConfigWizard:0.23
LeftNavContentPanel:0.21666666666666667
DefaultLocalePage:0.21
FilrLocale:0.20333333333333334
ConfigService:0.19
InstallServiceImpl:0.15
MainUILayoutPanel:0.14666666666666667
