BulkByScrollTask:0.6566666666666666
AbstractBulkByScrollRequest:0.3622222222222222
AsyncBulkByScrollActionTests:0.21666666666666667
BulkByScrollTaskTests:0.18
AbstractAsyncBulkIndexByScrollActionTestCase:0.14666666666666667
