WeightLookupTable:0.7596269841269843
Builder:0.6233333333333333
Glove:0.5066666666666667
