Update:0.4066666666666667
Action:0.23416666666666666
Move:0.23416666666666666
FullExtent:0.18666666666666668
