RootView:0.5766666666666667
ResumeView:0.37666666666666665
EntityRenderer:0.33
ModifiedHTMLFactory:0.15
