MapService:0.7783333333333333
TestFullApplicationContext:0.32166666666666666
MapStoreTest:0.3
