Compiz:0.49
LinuxDisplay:0.4655555555555555
XRandR:0.26666666666666666
