GAMEAdapter:0.6866666666666666
GmodNameAdapter:0.38666666666666666
