AbstractRegisteredService:0.3933333333333333
CachingPrincipalAttributesRepository:0.3
DefaultRegisteredServiceAccessStrategy:0.2866666666666667
ReturnAllowedAttributeReleasePolicy:0.2733333333333333
RefuseRegisteredServiceProxyPolicy:0.22666666666666666
AbstractAttributeReleasePolicy:0.18
ReturnMappedAttributeReleasePolicy:0.12666666666666668
AbstractRegisteredServiceTests:0.08
DefaultPrincipalAttributesRepository:0.05333333333333334
ReturnAllAttributeReleasePolicy:0.043333333333333335
