DDLIntegrationTest:0.38666666666666666
TableElementsAnalyzer:0.38
ColumnDefinitionContext:0.3566666666666667
InnerTableElementsAnalyzer:0.2866666666666667
AlterTableAddColumnAnalyzer:0.19666666666666666
AlterTableAddColumnAnalyzerTest:0.16333333333333333
DataTypes:0.14416666666666667
