MCalendar:0.8266666666666667
CalendarTab:0.27666666666666667
MonthlyPanel:0.21666666666666667
Renderer:0.1577777777777778
