CrawlJobHandler:0.7866666666666666
CrawlJob:0.42333333333333334
