FunctionInfo:0.59
TestingHelpers:0.4633333333333333
DateTruncFunction:0.23666666666666666
Resolver:0.17166666666666666
ExpressionAnalyzerTest:0.14
FunctionTest:0.11666666666666667
NoopRoundFunction:0.11333333333333333
NoopFloorFunction:0.11333333333333333
ArithmeticFunction:0.11333333333333333
NoopCeilFunction:0.11333333333333333
InputCreatingVisitorTest:0.05333333333333334
