HttpTxContext:0.6366666666666667
GrizzlyAsyncHttpProvider:0.4166666666666667
Utils:0.37333333333333335
AsyncHttpClientFilter:0.2966666666666667
EventHandler:0.25
NonBlockingFeeder:0.21
AsyncHttpClientEventFilter:0.16666666666666666
FileBodyHandler:0.14
ProxyFilter:0.14
FeedableBodyGenerator:0.14
RedirectHandler:0.13
AuthorizationHandler:0.09333333333333334
ProxyAuthorizationHandler:0.085
BaseFeeder:0.07666666666666666
