Symbol:0.45666666666666667
Set:0.3466666666666667
Map:0.32
Iterator:0.24666666666666667
MapTest:0.09666666666666666
