MethodDefOperationBind:0.5334444444444444
ServiceMapper:0.49333333333333335
