AbstractInterleavedBlock:0.5466666666666666
InterleavedBlock:0.4866666666666667
InterleavedBlockBuilder:0.22
InterleavedBlockEncoding:0.15
