TypeUtils:0.84
ArrayListTypeFieldDeserializer:0.3588888888888889
ObjectArrayCodec:0.16666666666666666
