ReshapeVertex:0.9166666666666666
TestGraphNodes:0.3333333333333333
