JComponentTester:0.7855555555555556
AbstractButtonTester:0.35888888888888887
