ObjectiveCHeaderGenerator:0.7482777777777778
EnumRewriter:0.39222222222222225
