XRef:0.5422222222222222
GedcomReader:0.41333333333333333
