JMXForkJoinPoolMonitor:0.69
ForkJoinPoolMXBean:0.44333333333333336
MetricsForkJoinPoolMonitor:0.38666666666666666
