SDHModule:0.6311111111111112
MetadataEntityManagerImpl:0.5411111111111111
