Mvcs:0.7941666666666667
ClassMeta:0.34199999999999997
Loadings:0.25333333333333335
