PathNode:0.31
ActionInvokerImpl:0.30333333333333334
NameInjector:0.25333333333333335
UrlMapImpl:0.24
NamePathJspView:0.19333333333333333
PairAdaptor:0.1922121212121212
JavassistMethodListener:0.19
NutServlet:0.16666666666666666
PathNodeTest:0.14666666666666667
HttpAdaptor:0.12333333333333334
TempFileInjector:0.11333333333333333
FileInjector:0.11333333333333333
FileMetaInjector:0.11333333333333333
ActionInvoker:0.06
AbstractAdaptor:0.016666666666666666
JsonAdaptor:0.006666666666666667
