Util:0.56
Invocation:0.42
Invoking:0.29333333333333333
FloatH:0.25333333333333335
IntegerH:0.25333333333333335
LongH:0.25333333333333335
BuildAbstractUcon:0.18
DoubleH:0.12666666666666668
