FileBasedSystemAccessControl:0.72
Factory:0.24
TestFileBasedSystemAccessControl:0.17333333333333334
FileBasedSystemAccessControlRules:0.13333333333333333
