RubyExceptionBreakpoint:0.39666666666666667
RubyDebuggerProxy:0.34
RubyDebugCommandFactory:0.25666666666666665
ClassicDebuggerCommandFactory:0.25666666666666665
ICommandFactory:0.19166666666666668
