DefaultJVMHandler:0.6183333333333333
DefaultTODHandler:0.31666666666666665
TestRun:0.17
