CrateTestCluster:0.5083333333333333
BenchmarkBase:0.28
RestImportActionTest:0.24
AsyncBroadcastAction:0.22666666666666666
SQLMapperResultRequest:0.2
