IResponseMessage:0.8466666666666667
ScepResponseMessage:0.4866666666666667
X509ResponseMessage:0.2833333333333333
