ActionResultTest:0.44
ActionMethodParserTest:0.38666666666666666
DbOomTest:0.31666666666666665
WireTest:0.20333333333333334
