CommunicationsStub:0.5833333333333334
QueryBuilderTopComponent:0.41333333333333333
LocalAttributeMetadataImpl:0.4
QueryBuilderService:0.33666666666666667
QueryResultTopComponent:0.10666666666666667
