Handler:0.6066666666666667
EventDispatcher:0.3933333333333333
EventDispatcherTest:0.2633333333333333
UserCreatedEventHandler:0.16333333333333333
UserUpdatedEventHandler:0.16333333333333333
App:0.15333333333333332
