IndexFieldDataService:0.4
IndexFieldCache:0.37666666666666665
Key:0.34773809523809524
