TouchEvent:0.45359523809523816
AndroidInput:0.39666666666666667
AndroidMultiTouchHandler:0.2911111111111111
AndroidSingleTouchHandler:0.2611111111111111
KeyEvent:0.03333333333333333
