EmployeesController:0.30666666666666664
PortletAdapterServlet:0.2733333333333333
DownloadFileController:0.25
PortletAdapterUtil:0.18
AuthenticationManagerImpl:0.18
AuthenticationManager:0.148484126984127
