IkTokenizerFactory:0.59
IkAnalyzerProvider:0.4633333333333333
AnalysisIkPlugin:0.4116666666666667
