Pointer:0.6066666666666667
TestLibrary:0.5400000000000001
Structure:0.4
ArgumentsMarshalTest:0.21
StructureTest:0.19333333333333333
ReturnTypesTest:0.17833333333333334
Function:0.17583333333333334
PointerTest:0.14333333333333334
