MultiLayerNetwork:0.5877777777777778
BaseLayer:0.31
SubsamplingLayer:0.2966666666666667
MultiLayerTest:0.18666666666666668
