DocumentManager:0.69
ExtraData:0.41083333333333333
LayoutFrame:0.31666666666666665
Map2SVG:0.20666666666666667
