ResourceLoader:0.6466666666666666
TestAttributeSet:0.5833333333333334
PackageResourceLoader:0.31
PreferenceTest:0.22666666666666666
TestAttributeSetTest:0.22666666666666666
ViewTest:0.21666666666666667
ContextTest:0.20666666666666667
PreferenceGroupTest:0.19666666666666666
PreferenceNode:0.18333333333333332
TypedArrayTest:0.15333333333333332
ShadowEditTextTest:0.11666666666666667
ShadowTheme:0.10666666666666667
ShadowMenuInflater:0.09666666666666666
ViewStubTest:0.09666666666666666
ShadowRelativeLayout:0.08333333333333333
ImageButtonTest:0.07666666666666666
DialogPreferenceTest:0.05
