AuthorizeTagTests:0.6857777777777776
AuthorizeTag:0.6083333333333333
