BootstrapServiceRegistryImpl:0.5533333333333333
AbstractServiceRegistryImpl:0.34
StandardServiceRegistryBuilder:0.25666666666666665
BootstrapServiceRegistryBuilder:0.24666666666666667
StandardServiceRegistryImpl:0.21166666666666667
ConnectionCreatorTest:0.13
