InvitationDialog:0.4533333333333333
EclipseUtils:0.43666666666666665
JoinSessionWizard:0.38333333333333336
WarningMessageDialog:0.11444444444444443
