Mango:0.66
CoreMangoObject:0.31333333333333335
ClassUtil:0.29777777777777775
MethodUtil:0.23666666666666666
SaveCoreRuleBaseAction:0.23333333333333334
RulebaseMsg:0.19
