CreoleRegister:0.7052777777777778
CreoleRegisterImpl:0.4266666666666667
TestCreole:0.35333333333333333
NewLRAction:0.26666666666666666
