NodeProvider:0.8733333333333333
RefactoringConditionChecker:0.2833333333333333
TS_All:0.21
DocumentWithIncluding:0.19666666666666668
EncapsulateFieldConditionChecker:0.14333333333333334
TC_RefactoringConditionChecker:0.10333333333333333
RenameClassConditionChecker:0.10325396825396826
TS_Core:0.08333333333333333
