PreInvocationAuthorizationAdviceVoter:0.18666666666666668
AbstractAclVoter:0.13666666666666666
AclEntryVoter:0.13
WebExpressionVoter:0.10833333333333334
AccessDecisionVoter:0.08
