Wallet:0.8933333333333333
PeerGroupTest:0.22666666666666666
