Worker:0.6666666666666666
BackupAlg:0.49666666666666665
LoginDialog:0.29
SelectTargetMsg:0.25333333333333335
ConfigurationDetails:0.21833333333333332
NewWorkerMsg:0.14333333333333334
OpenDefinitionMsg:0.11
