PatternGraph:0.8266666666666667
PatternGraphRuleApplication:0.3983333333333333
PatternGraphMatchApplier:0.25666666666666665
