Params:0.4283888888888888
SelfRegister:0.4
InfoUpdate:0.3333333333333333
Update:0.32
MainUtil:0.16333333333333333
