FlowNavigationHandlerStrategy:0.75
FlowExecutionHolder:0.7166666666666667
FlowPhaseListener:0.21866666666666665
