TaskContext:0.48333333333333334
OperatorContext:0.44666666666666666
DriverContext:0.26
Driver:0.23333333333333334
PipelineContext:0.21333333333333335
MockRemoteTask:0.19666666666666666
SqlTaskExecutionFactory:0.19
TaskManagerConfig:0.14666666666666667
MockTask:0.13666666666666666
TestTaskManagerConfig:0.13666666666666666
AbstractOperatorBenchmark:0.10666666666666667
