ArchiveDAO:0.5366666666666666
DAOFactory:0.33
JbpmExecutionLogic:0.32666666666666666
JbpmDefinitionLogic:0.2733333333333333
CommonLogic:0.27
LogicResources:0.21
JbpmCommonLogic:0.20333333333333334
WfeScriptRunner:0.2
ArchiveDAOHibernateImpl:0.1
