Config:0.9316666666666666
GAMEPanel:0.4066666666666667
