BroadcasterConfig:0.5333333333333333
AtmosphereServlet:0.44666666666666666
DefaultBroadcaster:0.334
DefaultBroadcasterFactory:0.2744444444444445
AsynchronousProcessor:0.22666666666666666
JMSBroadcaster:0.20555555555555557
AtmosphereResourceImpl:0.20333333333333334
GAEBroadcasterConfig:0.2
