Ssh:0.6433333333333333
SshMonitor:0.22666666666666666
SshTest:0.17666666666666667
SshPlugin:0.16
JschSshPlugin:0.13666666666666666
JschSshMonitor:0.13
TcpSshPlugin:0.02666666666666667
TcpSshMonitor:0.0033333333333333335
