CompressionUtilsTests:0.46622222222222226
ShiroCipherExecutorTests:0.38333333333333336
