DefinitionModule:0.8333333333333334
ZoneModuleImpl:0.37333333333333335
ImportDefinitionController:0.32666666666666666
DefinitionModuleImpl:0.32666666666666666
