DataStackPopStep:0.5063888888888889
StepFactory:0.42333333333333334
VariableMoveStep:0.31666666666666665
