HopLexer:0.38
HopSymbolTableWalker:0.37
HopParser:0.36
DFA4:0.18866666666666668
DFA51:0.14833333333333334
DFA58:0.14833333333333334
DFA35:0.14833333333333334
DFA62:0.065
DFA81:0.065
function_expression_list_return:0.021555555555555557
