AtomContainer:0.75
RandomGenerator:0.27666666666666667
XMLTools:0.26
MoleculeViewer2D:0.23666666666666666
RandomStructureGeneratorTest:0.21444444444444447
