MaskContainerRenderer:0.5077777777777777
BasicContainerRenderer:0.31666666666666665
TranslationContainerRenderer:0.14333333333333334
