Slider:0.53
SplitPane:0.42333333333333334
UITest:0.17111111111111113
ScrollPaneTest:0.15
SoundTest:0.14666666666666667
