StudyMgtOrder:0.5233333333333333
StudyMgtScuService:0.43666666666666665
StgCmtOrder:0.37
