Options:0.7833333333333333
ObjectiveCHeaderGenerator:0.43
ObjectiveCSourceFileGenerator:0.15666666666666668
