AuthFilter:0.6133333333333333
AuthUtil:0.32
BasicCredentialAuthFilter:0.22333333333333333
OAuthCredentialAuthFilter:0.19666666666666666
HelloWorldApplication:0.17666666666666667
Builder:0.16
AuthFilterBuilder:0.14
ChainedAuthTestResourceConfig:0.10666666666666667
BasicAuthTestResourceConfig:0.08666666666666667
ProtectedResourceTest:0.0
