ArrayWriteBehindQueue:0.5066666666666667
WriteBehindQueues:0.41
EmptyWriteBehindQueue:0.33
BoundedArrayWriteBehindQueue:0.22333333333333333
