GreenLabPropertyFileReader:0.57
DoubleNumberField:0.41333333333333333
IntegerNumberField:0.35333333333333333
GreenLabGUI:0.326
GreenLabGrowthSinkPanel:0.20333333333333334
GreenLabGrowthAllometryPanel:0.16666666666666666
A:0.16555555555555554
GreenLabGrowthSourcePanel:0.15666666666666668
GreenLabEnvironmentPanel:0.14333333333333334
GreenLabGeometryPanel:0.14
GreenLabGrowthPanel:0.11333333333333333
GreenLabTopologyPanel:0.10666666666666667
Test:0.09333333333333334
A1:0.03
A2:0.03
