OutputModelFactory:0.7679761904761905
DefaultOutputModelFactory:0.5333333333333333
OutputModelController:0.3566666666666667
