MessageWindow:0.3893333333333333
ConfirmationWindow:0.32666666666666666
DicomEchoWindow:0.3
MessagePage:0.274
DicomEchoPage:0.23900000000000002
ConfirmPage:0.1907777777777778
