BindingUtil:0.8533333333333334
Functionizer:0.41333333333333333
TranslationProcessor:0.19333333333333333
SmallTests:0.09
BindingUtilTest:0.08666666666666667
