AttributeType:0.8166666666666667
AbstractBasicFeature:0.5533333333333333
