PubProperties:0.4066666666666667
TestConnectionFactory:0.36666666666666664
LocusTable:0.31333333333333335
AddGene:0.27666666666666667
EventsWithoutWhitespaceIterator:0.27
AddTerm:0.2608333333333333
PubAliasListBean:0.26
AddTerm2Term:0.23666666666666666
ObsoleteGene:0.20666666666666667
ConnectionFactory:0.20666666666666667
UnobsoleteGene:0.19666666666666666
XmlUtils:0.19
LongRunningConnectionFactory:0.19
TermBeanImpl:0.15333333333333332
StringMap:0.14
