Host:0.8533333333333334
ConnectionEngine:0.3466666666666667
MsgManager:0.2733333333333333
HopsFlowTimer:0.06
