Mission:0.6153333333333333
Settlement:0.61
ConstructionMissionCustomInfoPanel:0.30333333333333334
ConstructionSitePanel:0.24
BuildingSalvageMission:0.22666666666666666
SalvageValues:0.17666666666666667
Yoga:0.12666666666666668
SalvageMissionCustomInfoPanel:0.12
MainDetailPanel:0.11666666666666667
