JavaScriptConfiguration:0.6233333333333333
JavaScriptConfigurationTest:0.2866666666666667
