SharedObjectSecurity:0.7466666666666667
Update:0.3466666666666667
Remove:0.26
