Scenario:0.66
Strategy:0.56
LTLBenchmarker:0.31333333333333335
Acceptor:0.30333333333333334
DefaultScenario:0.2733333333333333
Result:0.25666666666666665
ModelCheckingStrategy:0.24083333333333334
BoundedNestedDFSStrategy:0.23
DefaultGraphCalculator:0.23
AbstractScenarioHandler:0.21666666666666667
ConditionalAcceptor:0.215
DefaultModelCheckingStrategy:0.21333333333333335
AbstractStrategy:0.20476190476190476
AliasMatchesIterator:0.19833333333333333
ScenarioMenu:0.18333333333333332
CycleAcceptor:0.14333333333333334
GeneratorScenarioHandlerFactory:0.14333333333333334
ModelCheckingScenario:0.13555555555555554
InvariantViolatedAcceptor:0.10666666666666667
PropertyAcceptor:0.10333333333333333
AntWorld:0.09333333333333334
MCScenarioMenu:0.09333333333333334
ControlledScenarioHandler:0.0925
PrintResult:0.08666666666666667
ScenarioHandlerFactory:0.08333333333333333
FinalStateAcceptor:0.07666666666666666
AbstractConditionalScenarioHandler:0.04
ModelCheckingScenarioHandler:0.023333333333333334
AntworldAcceptor:0.013333333333333334
