HTMLTableElement:0.31666666666666665
HTMLObjectElement:0.26
HTMLAppletElement:0.23
HTMLQuoteElement:0.22
HTMLFrameElement:0.22
HTMLDelElement:0.22
HTMLSpanElement:0.22
HTMLInsElement:0.22
HTMLInputElement:0.19666666666666666
HTMLImageElement:0.17333333333333334
HTMLFrameSetElement:0.16333333333333333
HTMLIFrameElement:0.16
HTMLAreaElement:0.13
HTMLPreElement:0.13
