RequestUtil:0.7433333333333333
ServletUtil:0.5266666666666666
EditServlet:0.20333333333333334
SetupServlet:0.17
UploadServlet:0.16333333333333333
ManageServlet:0.14666666666666667
TranslationServlet:0.13666666666666666
RegisterServlet:0.12666666666666668
ImportServlet:0.10333333333333333
MoveServlet:0.10333333333333333
ImportTiddlyWikiServlet:0.10333333333333333
