BindingUtil:0.42333333333333334
MetadataGenerator:0.3933333333333333
TreeUtil:0.39
ObjectiveCImplementationGeneratorTest:0.2733333333333333
ObjectiveCImplementationGenerator:0.25333333333333335
