DomElement:0.5066666666666667
HtmlAnchorTest:0.43333333333333335
ClickableElementTest:0.39666666666666667
HtmlAnchor2Test:0.2966666666666667
ClickableElement2Test:0.07666666666666666
