Gate:0.7433333333333333
TestConfig:0.3333333333333333
ConfigXmlHandler:0.31
ConfigDataProcessor:0.17333333333333334
