GAMEAdapter:0.37666666666666665
GuiTabPanel:0.26666666666666666
DataInput:0.25
ChadoAdapterGUI:0.25
Region:0.24166666666666667
GenbankAdapterGUI:0.21333333333333335
GAMEAdapterGUI:0.2
LocationGAMEPanel:0.135
