Formatter:0.5566666666666666
QRCodeEncoder:0.47
VCardContactEncoder:0.3233333333333333
ContactEncoder:0.31333333333333335
MECARDContactEncoder:0.24
ShareActivity:0.22666666666666666
MECARDFieldFormatter:0.1943968253968254
MECARDTelDisplayFormatter:0.1943968253968254
MECARDNameDisplayFormatter:0.1927367724867725
