JnetManager:0.5666666666666667
Jnet:0.4033333333333333
PreviewPanel:0.37777777777777777
ColorSwatch:0.21333333333333335
