TaskDisplayDataRpcResponseData:0.37
GwtTeamingMessages:0.32666666666666666
TaskGraphsPanel:0.2966666666666667
TaskProvider:0.27051984126984113
GwtServerHelper:0.25666666666666665
GwtTaskHelper:0.23
GwtRpcServiceImpl:0.23
EventHelper:0.224
TaskListing:0.21333333333333335
TaskFolderView:0.16
ObjectKeys:0.03
SaveTaskGraphStateCmd:0.02
TaskListReadyEvent:0.02
