MURLButton:0.09006734
MText:0.07850232
MWebBrowser:0.061890487
MHTMLViewer:0.06098966
TK:0.031082012
MMainWindow:0.027801333
MMenu:0.026283646
UI:0.015980046
