RemoveUndoActivity:0.38
UndoableAdapter:0.36333333333333334
AddUndoActivity:0.24
UndoActivity:0.19666666666666666
