ViewManager:0.65
ResumeView:0.2866666666666667
CurrentSupport:0.27977777777777774
Content:0.21
ContentClick:0.20666666666666667
ViewWidget:0.20333333333333334
TimelineView:0.15666666666666668
TableView:0.13
ActionReset:0.12
ActionApply:0.12
ActionRowSelected:0.06666666666666667
