LinuxDisplay:0.6233333333333333
LinuxMouse:0.31
LinuxKeyboard:0.23666666666666666
LinuxKeycodes:0.09083333333333334
