Misc:0.63
RWorkspace:0.5033333333333333
Vector:0.2633333333333333
CreatePartitionDialog:0.22666666666666666
Application:0.17666666666666667
CQPPreferencePage:0.11333333333333333
ComputeSpecificitiesDialog:0.07666666666666666
ComputeSpecificities:0.07666666666666666
CQPPreferenceInitializer:0.02
