WxMpServiceImpl:0.4066666666666667
WxCpServiceImpl:0.37
RequestExecutor:0.35777777777777775
WxCpConfigStorage:0.24666666666666667
WxMpConfigStorage:0.24666666666666667
WxCpInMemoryConfigStorage:0.22666666666666666
WxMpInMemoryConfigStorage:0.2
MediaDownloadRequestExecutor:0.18666666666666668
MediaUploadRequestExecutor:0.12333333333333334
SimpleGetRequestExecutor:0.12333333333333334
SimplePostRequestExecutor:0.12333333333333334
QrCodeRequestExecutor:0.043333333333333335
