Config:0.62
ClassInfo:0.4033333333333333
Inspector:0.27
XMLPublisher:0.23333333333333334
UIInspector:0.22
SCInspector:0.21333333333333335
ConsolePublisher:0.20333333333333334
HTMLPublisher:0.18666666666666668
NativeStateMachine:0.18333333333333332
SCSafetyListener:0.16
TestJPF:0.13666666666666666
JavaJPF:0.13333333333333333
ConfigListener:0.11
