Model:0.8433333333333334
PropertyTreeWidget:0.2633333333333333
