ProductViewHolder:0.3333333333333333
ReplaceTransactionFragment:0.28
ProductClickedListener:0.27051984126984113
DependencyInjection:0.21
SearchFragment:0.19333333333333333
CategoryFragment:0.19
HomeAdapter:0.18
ProductDetail:0.17666666666666667
ShoppingCart:0.17
ReplaceFragmentTransactionActivity:0.155
HomeFragment:0.14
SearchAdapter:0.12666666666666668
CategoryAdapter:0.12666666666666668
ReplaceFragmentTransactionActivityTest:0.013333333333333334
