CastFunctionResolver:0.5633333333333334
ExpressionAnalyzer:0.37666666666666665
AnalyzedTableElements:0.33
