TcpTransport:0.6433333333333333
NioTransport:0.36666666666666664
MockTcpTransport:0.3333333333333333
TCPTransportTests:0.25333333333333335
Netty4Transport:0.15638888888888888
