Compressor:0.66
CompressorFactory:0.56
CompressedXContent:0.2966666666666667
PublishClusterStateAction:0.2733333333333333
ChecksumBlobStoreFormat:0.19666666666666666
BinaryMappingTests:0.18333333333333332
MessageChannelHandler:0.17333333333333334
LegacyEmulationBlobStoreFormat:0.12333333333333334
