Fingerprinter:0.7294444444444445
FingerprinterTest:0.6533333333333333
