Parser:0.5133333333333333
ScalarImplementation:0.3466666666666667
ScalarFromAnnotationsParser:0.3
FunctionRegistry:0.27666666666666667
ScalarImplementationHeader:0.23
AggregationMetadata:0.21333333333333335
ParameterMetadata:0.16111111111111112
TestCountNullAggregation:0.15333333333333332
MaxAggregationFunction:0.13
MinAggregationFunction:0.13
InternalAggregationFunction:0.13
SqlAggregationFunction:0.12333333333333334
TestLearnAggregations:0.11666666666666667
FunctionListBuilder:0.10777777777777776
AggregationTestUtils:0.10666666666666667
FunctionExtractor:0.09333333333333334
ParametricScalar:0.08
GenericAccumulatorFactoryBinder:0.03888888888888889
LazyAccumulatorFactoryBinder:0.03
