AdminControl:0.43666666666666665
GwtMainPage:0.4138888888888889
BreadcrumbTreePopup:0.4033333333333333
