ComputationGraph:0.8166666666666667
BaseGraphVertex:0.5533333333333333
GraphVertex:0.34844444444444445
TestGraphNodes:0.06666666666666667
GradientCheckTestsComputationGraph:0.056666666666666664
