StackTraceLine:0.6466666666666666
TestConsole:0.38
StandardFileExistanceChecker:0.36366209716209713
RubyConsoleTracker:0.35333333333333333
TestUnitLaunchShortcut:0.31333333333333335
RubyStackTraceHyperlink:0.2633333333333333
FailureTrace:0.25333333333333335
TestUnitMainTab:0.25
ManageBreakpointRulerAction:0.22
TC_StackTraceLine:0.18333333333333332
TC_RubyConsoleTracker:0.16333333333333333
TestUnitRunnerConfiguration:0.15666666666666668
OpenEditorAction:0.10555555555555556
TS_UiTests:0.08333333333333333
FileExistanceChecker:0.07
MockFileExistanceChecker:0.033650793650793646
