Kernel:0.7035555555555555
ComplementKernel:0.37333333333333335
CombineKernel:0.37333333333333335
SunshineBidirPathtracer:0.37
InterruptableIsVisibleKernel:0.2633333333333333
