AtmosphereResourceImpl:0.5733333333333334
Filter:0.4117777777777778
BaseTest:0.2833333333333333
BasePubSubTest:0.24333333333333335
ApplicationConfig:0.07
