WebTestCase:0.5366666666666666
BrowserVersionClassRunner:0.5033333333333333
HtmlPageTest:0.48
HtmlPageTest2:0.20333333333333334
