CatalogSearcher:0.42
CatalogConfiguration:0.3933333333333333
SearchController:0.37333333333333335
Transaction:0.30333333333333334
GetRecords:0.26666666666666666
SelectionManager:0.21666666666666667
CatalogDispatcher:0.09666666666666666
