Elvin:0.7766666666666666
ElvinOptions:0.44333333333333336
