TypeNode:0.6333333333333333
TypeReference:0.5766666666666667
TypeTokenTree:0.26
CoxRossWithHullWhite:0.14
