BinderHelper:0.8416666666666667
ViewEntryController:0.2733333333333333
