MoveIssueFormAction:0.5533333333333333
MoveIssueAction:0.5366666666666666
