HttpClientImpl:0.6344444444444444
ConnectionManager:0.32847619047619053
