FastJsonJsonView:0.4166666666666667
FastJsonHttpMessageConverter:0.33
FastJsonProvider:0.29333333333333333
