TypeDescriptor:0.3575
StepFactory:0.3333333333333333
JumpBaseStep:0.2833333333333333
