CompositeFilter:0.47333333333333333
IncludeClassNameFilter:0.31666666666666665
FilterCompositionTests:0.23666666666666666
ClassNameFilterTests:0.1
