CasVersion:0.9533333333333334
CasBanner:0.21333333333333335
