ObjectKeys:0.5405555555555556
Find:0.4633333333333333
BinderModuleImpl:0.42333333333333334
