DataResource:0.903888888888889
ReferenceMetadataInsertionServiceTest:0.5366666666666666
