PublicationComponents:0.4166666666666667
DriverPublication:0.3
DriverConductor:0.2816666666666667
RetransmitHandler:0.24
SenderTest:0.23333333333333334
RetransmitAction:0.21944444444444447
RetransmitHandlerTest:0.20333333333333334
SendChannelEndpoint:0.2
Sender:0.17333333333333334
RetransmitPublicationCmd:0.06111111111111111
