QueueImpl:0.4533333333333333
Library:0.43666666666666665
PropertyQueue:0.37766666666666665
GRSQueue:0.3741111111111111
