SeqFeatureI:0.71
AnnotationEditor:0.44
FeatureSet:0.39
Selection:0.3433333333333333
SeqFeature:0.32
DrawableSeqFeature:0.27
AnnotationMenu:0.22666666666666666
DrawableAnnotatedFeatureSet:0.21666666666666667
AnnotationView:0.2
RightClickActionListener:0.10666666666666667
