Cell:0.5833333333333334
Table:0.36666666666666664
Value:0.31333333333333335
Fixed:0.28
