PipelineAggregatorBuilder:0.7233333333333334
DerivativePipelineAggregatorBuilder:0.36666666666666664
Parser:0.26666666666666666
BucketHelpers:0.20666666666666667
