WASSIBQManager:0.49444444444444446
ActiveMQQManager:0.49444444444444446
JTBQueuesContentViewPart:0.35
