ShardStateAction:0.5033333333333333
ReplicationPhase:0.38
Listener:0.28853968253968254
PeerRecoveryListener:0.22333333333333333
TestShardStateAction:0.18
