RuleEvent:0.7266666666666667
BasicEvent:0.42333333333333334
RuleApplication:0.41333333333333333
AbstractEvent:0.2833333333333333
CompositeEvent:0.26
Predicate_ruleevent_created_edge:0.11
Predicate_ruleevent_erased_edge:0.11
Predicate_ruleevent_erased_node:0.11
Predicate_ruleevent_created_node:0.11
MatchApplier:0.10666666666666667
