WADOSupport:0.6333333333333333
WADORequestObject:0.43213888888888885
WADOService:0.4
