Tools:0.5733333333333334
FieldMapsForInsert:0.42
DefaultRenderContext:0.31333333333333335
InsertQueryImpl:0.2733333333333333
InsertSetStep:0.2733333333333333
MergeImpl:0.25333333333333335
UpdateQueryImpl:0.23666666666666666
InsertSetMoreStep:0.215
UpdateSetStep:0.205
StoreQuery:0.205
MergeNotMatchedSetStep:0.205
MergeMatchedSetStep:0.205
InsertOnDuplicateSetStep:0.205
UpdateImpl:0.2
InsertImpl:0.18666666666666668
InsertQuery:0.1608730158730159
FieldMapForUpdate:0.16
