RevereseZuulProxyConfiguration:0.6533333333333333
AdminServerProperties:0.29333333333333333
RoutesProperties:0.23666666666666666
