ElectronContainer:0.5966666666666667
IElectronContainer:0.4766666666666667
