CMap:0.6433333333333333
ConcurrentMapManager:0.37666666666666665
HazelcastTest:0.33666666666666667
