TaskOutput:0.6366666666666667
QueryStats:0.3233333333333333
SqlTaskExecution:0.22666666666666666
SqlStageExecution:0.21388888888888885
MockTaskManager:0.18333333333333332
QueryMonitor:0.17333333333333334
ExecutionStats:0.1675
TestAlignmentOperator:0.13
TestRecordProjectOperator:0.13
