ClientConductor:0.37
Archive:0.24666666666666667
Context:0.23666666666666666
Configuration:0.17726190476190476
BasicArchiveTest:0.11
