CrawlScope:0.48333333333333334
OrFilter:0.38966666666666666
Processor:0.3566666666666667
URIRegExpFilter:0.31
FilePatternFilter:0.2717777777777778
Postselector:0.25666666666666665
DomainScope:0.16288888888888892
HopsFilter:0.08
PathologicalPathFilter:0.013333333333333334
PathDepthFilter:0.013333333333333334
