Constants:0.426626984126984
Reports:0.4033333333333333
WebserviceBean:0.36333333333333334
