Document:0.7366666666666667
ReportNarrative:0.36333333333333334
