AntBuilder:0.42
AntScript:0.38666666666666666
AntScriptTest:0.32666666666666666
UtilLocator:0.23
AntProgressLogger:0.20333333333333334
AntProgressXmlLogger:0.15
AntProgressXmlListener:0.05333333333333334
