ClientCallImpl:0.58
ClientAuthInterceptor:0.4766666666666667
ClientAuthInterceptorTests:0.2866666666666667
TransportBenchmark:0.2622222222222222
