Generic:0.4666666666666667
PyJavaType:0.44666666666666666
