PGArray:0.5516666666666666
SQLTypeMappingTest:0.41333333333333333
PGArrayTest:0.3
PGTypes:0.17666666666666667
