SysClusterTableInfo:0.3883333333333333
ClusterNameExpression:0.23
SysShardsExpressionsTest:0.22666666666666666
ShardTableNameExpression:0.20666666666666667
TestSysNodesExpressions:0.20333333333333334
SQLPlugin:0.16666666666666666
ShardIdExpression:0.11333333333333333
TestShardModule:0.09
DocLevelCollectTest:0.08666666666666667
ShardStateExpression:0.07666666666666666
ClusterIdExpression:0.07666666666666666
ShardRelocatingNodeExpression:0.07666666666666666
ShardNumDocsExpression:0.02
ShardSizeExpression:0.02
ShardPrimaryExpression:0.02
