GwtTeamingMessages:0.6055555555555556
ConfigureFileSyncAppDlg:0.5066666666666667
GwtServerHelper:0.33666666666666667
AdminControl:0.2111111111111111
