DomNode:0.7303333333333333
CookieManager:0.3308333333333333
WebWindowImpl:0.32666666666666666
JavaScriptEngine:0.25666666666666665
