JokeFragment:0.7733333333333333
JokeViewModel:0.27666666666666667
BookFragment:0.19333333333333333
