NullDatabaseMap:0.6366666666666667
InvocationPlan:0.6341666666666667
NullDatabaseMapTest:0.23666666666666666
