AddressResolverOptions:0.5333333333333333
AddressResolver:0.34
HostnameResolutionTest:0.3333333333333333
ExecUtils:0.21333333333333335
AsyncCloseableResolverGroup:0.14772222222222223
ResolverRegistration:0.0
