BasicLabelAwareIterator:0.27
AsyncIterator:0.22666666666666666
ParallelTransformerIteratorTest:0.22333333333333333
ReaderThread:0.18333333333333332
ParallelTransformerIterator:0.14333333333333334
SentenceIteratorConverter:0.10666666666666667
DocumentIteratorConverter:0.10666666666666667
FileLabelAwareIterator:0.10666666666666667
SimpleLabelAwareIterator:0.10666666666666667
FilenamesLabelAwareIterator:0.10666666666666667
