PackageConfig:0.43333333333333335
XmlConfigurationProvider:0.43
Builder:0.37333333333333335
