Wildcard:0.5121111111111111
RegExprLabel:0.43666666666666665
