ISharedProject:0.8966666666666666
SharedProject:0.6133333333333333
RemoveAllDriverRoleAction:0.3
GiveExclusiveDriverRoleAction:0.29333333333333333
RemoveDriverRoleAction:0.22333333333333333
