IProcessExecutionListener:0.7585714285714286
SystemProperties:0.5133333333333333
Node:0.41
UnsupportedHandler:0.12
