Layer:0.69
MultiLayerNetwork:0.43666666666666665
BaseLayer:0.30666666666666664
ConvolutionLayer:0.2633333333333333
SubsamplingLayer:0.22
RNTN:0.20666666666666667
AutoEncoderTest:0.20666666666666667
MultiLayerTest:0.13
