ERDesignerComponent:0.43333333333333335
SubjectArea:0.32666666666666666
ERDesignerGraph:0.23637301587301587
ERDesignerGraphUI:0.23333333333333334
HandTool:0.13277777777777777
HideableCell:0.11
ERDesignerBundle:0.03
