AppResource:0.7966666666666666
InstallService:0.46
InitialConfigPage:0.40777777777777774
InstallServiceImpl:0.36666666666666664
ConfigWizard:0.24666666666666667
InstallServiceAsync:0.2
SaveConfigCallback:0.19444444444444445
LocalDatabaseConfigPage:0.15333333333333332
SetupMySqlUserPasswordCallback:0.12333333333333334
