AnnotationEditor:0.64
DrawableFeatureSet:0.49
AnnotationMenu:0.26666666666666666
FlyOverlap:0.18083333333333335
