NodeDiscoveryEventListener:0.6916666666666667
DiscoveryNodeBytesMarshallable:0.6083333333333333
NodeDiscovery:0.47333333333333333
NodeDiscoveryBroadcasterTest:0.10333333333333333
NodeDiscoveryTest:0.09333333333333334
