DemoService:0.69
DemoServiceImpl:0.46722222222222226
InvokeTelnetHandler:0.4138888888888889
