ColumnLayout:0.6633333333333333
TabBorder:0.36
BasicEditor:0.30666666666666664
