ClassesUpdater:0.9633333333333334
DatabaseMigrationStage2:0.21333333333333335
