MockMvcRequestSpecification:0.8666666666666667
MockMvcRequestSpecificationImpl:0.6566666666666666
RestAssuredMockMvc:0.56
