Seq:0.45666666666666667
List:0.42333333333333334
Array:0.3566666666666667
CharSeqTest:0.3466666666666667
Stream:0.31
Queue:0.3
AbstractSeqTest:0.28
LinearSeq:0.2733333333333333
IndexedSeq:0.2733333333333333
Vector:0.27
Stack:0.22087301587301586
IndexedNode:0.19666666666666666
ArrayNode:0.19666666666666666
CharSeq:0.17333333333333334
