ISenecaManager:0.584920634920635
SenecaManager:0.55
NewSenecaJobWizard:0.4766666666666667
