DCFields:0.49333333333333335
DCField:0.37666666666666665
ObjectInfoAsXML:0.33666666666666667
DefaultDOManager:0.29333333333333333
TestAPIM:0.29333333333333333
ObjectFields:0.2733333333333333
FedoraOAIProvider:0.17666666666666667
TripleGeneratorBase:0.17333333333333334
TypeUtility:0.17
FedoraObjectTripleGenerator_3_0:0.13333333333333333
DCFieldsTest:0.11
FieldSearchServlet:0.09333333333333334
AllUnitTests:0.08666666666666667
FieldSearchSQLImpl:0.06666666666666667
