MapServiceContext:0.5780000000000001
MapServiceContextImpl:0.43
RepartitioningTask:0.4033333333333333
MigrationManager:0.30333333333333334
MigrateTask:0.29800000000000004
FinalizeMigrationOperation:0.28
QueryRunnable:0.19333333333333333
QueryBounceTest:0.09333333333333334
