GraphTransition:0.62
GraphState:0.5733333333333334
DefaultGraphState:0.49333333333333335
Reporter:0.41
TransformSet:0.39611111111111114
DerivedGraphState:0.38
FixedDeltaGraph:0.38
CacheReference:0.37666666666666665
GraphTransitionStub:0.362
DeltaGraph:0.36
DeltaGraphCache:0.33666666666666667
SPOApplication:0.33666666666666667
AbstractGraph:0.33
DefaultGraphTransition:0.33
SPOEvent:0.3233333333333333
IsoGraphTransitionStub:0.30333333333333334
AbstractGraphShape:0.24666666666666667
AspectGraph:0.24666666666666667
GraphTest:0.24666666666666667
GraphShapeCache:0.23666666666666666
Generator:0.22
TypeDiscoverer:0.20333333333333334
StateGenerator:0.19666666666666666
GTS:0.19
AliasRuleApplier:0.19
DefaultStateCache:0.19
CTLMatchingMarker:0.18666666666666668
CollectionView:0.18166666666666667
SetView:0.17
GraphCreationTest:0.15333333333333332
AliasSPOApplication:0.15
Condition:0.14466666666666667
UnmodifiableSetView:0.13666666666666666
AbstractCacheHolder:0.11666666666666667
FreezeCondition:0.08666666666666667
StateCache:0.06666666666666667
IdGraphTransitionStub:0.05
AbstractGraphTransitionStub:0.03
DerivedStateCache:0.02666666666666667
StateFreezeCondition:0.02
