JFXLayerRenderer:0.6144444444444443
AnimationOnParamRenderer:0.41
JFXMediaLayerRenderer:0.2733333333333333
