PostgresTest:0.4533333333333333
TExoticTypesRecord:0.38666666666666666
TExoticTypes:0.30666666666666664
PostgresDataType:0.09
ITExoticTypes:0.07
