Factory:0.57
Content:0.52
NoteWidget:0.21833333333333332
ImportExport:0.18666666666666668
Slideshow:0.17083333333333334
MLoginPanel:0.15666666666666668
