ClientCallImpl:0.4533333333333333
CompressingHelloWorldClient:0.41
MessageFramerTest:0.27666666666666667
TestServiceImpl:0.18
ServerCallImpl:0.18
ServerCompressorInterceptor:0.12666666666666668
