XmlClientConfigBuilder:0.4
ListenerConfig:0.33666666666666667
EntryListenerConfig:0.31333333333333335
ProxyFactoryConfig:0.3
ItemListenerConfig:0.24
XmlClientConfigBuilderTest:0.14
