RestClient:0.32666666666666666
FailureListener:0.3027420634920635
Builder:0.2833333333333333
Sniffer:0.2633333333333333
Task:0.14
RestClientBuilderTests:0.12333333333333334
