ReactionEditor:0.61
ReactionMultiPageEditor:0.31333333333333335
HierarchicLayer:0.29333333333333333
MyAbstractObjectEditPart:0.29
