River:0.20440035
TerrainGenerator:0.06514954
