Walk:0.44666666666666666
MissionManager:0.44666666666666666
LoadVehicleEVA:0.32
LoadVehicleEVAMeta:0.23
TaskManager:0.20333333333333334
