TableInfo:0.56
ReferenceInfo:0.32
TransportSQLActionTest:0.29
Builder:0.2866666666666667
DocTableInfo:0.27
AbstractTableInfo:0.26
BlobTableInfo:0.22
AbstractDataAnalysis:0.20666666666666667
DocIndexMetaData:0.20666666666666667
AnalysisTest:0.2
TestingTableInfo:0.18666666666666668
MatchFunction:0.18333333333333332
SelectAnalyzerTest:0.16333333333333333
DocTableInfoBuilder:0.13666666666666666
DocTableInfoTest:0.12
DocIndexMetaDataTest:0.09
