RemoteObjectLight:0.47
SpareAndReservedDashboardWidget:0.4266666666666667
BusinessEntityManagerImpl:0.38
RemoteValidator:0.23644444444444446
SimpleTree:0.23333333333333334
NavigationTreeDashboard:0.13333333333333333
WarehouseManagerComponent:0.13
