AlterTableStep:0.7911111111111111
AlterTableImpl:0.7091111111111111
