ServerTask:0.4633333333333333
ServerTaskBundleClient:0.36
ServerJob:0.2966666666666667
AbstractNodeContext:0.2833333333333333
PeerNode:0.19666666666666666
PeerNodeResultSender:0.17666666666666667
JPPFDriver:0.16666666666666666
SendingBundleState:0.13666666666666666
JPPFExceptionResult:0.13333333333333333
WaitInitialBundleState:0.12333333333333334
RemoteNodeIO:0.12333333333333334
ObjectSerializationTask:0.12
NodeServerFactory:0.11666666666666667
WaitingResultsState:0.11666666666666667
