TestSets:0.596111111111111
TestSemPredEvalParser:0.5333333333333333
TestParseTrees:0.32666666666666666
