UnsupportedMethodException:0.5566666666666666
SoapProtocol:0.3933333333333333
HttpUtils:0.29333333333333333
XmlRpcProtocol:0.2633333333333333
JsonRpcProtocol:0.20333333333333334
