FileHandler:0.6533333333333333
DatabaseHandler:0.43333333333333335
