Saros:0.4
InvitationDialog:0.27666666666666667
FeedbackManager:0.25666666666666665
RegisterAccountPage:0.23333333333333334
RosterView:0.19166666666666668
PreferenceConstants:0.16444444444444442
StartupSaros:0.1501666666666667
ConnectDisconnectAction:0.15
GeneralSettingsPage:0.14333333333333334
StatisticManager:0.13333333333333333
NewAccountAction:0.13
ConfigurationWizard:0.12333333333333334
PreferenceUtils:0.115
CreateAccountWizard:0.10833333333333334
FeedbackPreferencePage:0.09333333333333334
Messages:0.07805555555555556
PropertyConfigurationWizard:0.06666666666666667
AbstractFeedbackManager:0.03666666666666667
FeedbackDialog:0.02
AllowStatisticSubmissionPage:0.013333333333333334
PreferenceInitializer:0.004166666666666667
