GraphWriter:0.36
ShellNode:0.35
NodeHandler:0.32666666666666666
ArcHandler:0.20666666666666667
Shell:0.20333333333333334
ArcComparator:0.15333333333333332
GraphHandler:0.14333333333333334
DnDCreateArc:0.12666666666666668
ShellArc:0.09821428571428571
GraphReader:0.05333333333333334
DnDIdle:0.043333333333333335
