PageCacheRecycler:0.5833333333333334
MockPageCacheRecycler:0.38666666666666666
IndexModuleTests:0.23333333333333334
NettyHttpChannelTests:0.20666666666666667
NettyTransportMultiPortTests:0.16
NettyHttpServerTransportTests:0.14333333333333334
NettySizeHeaderFrameDecoderTests:0.14
NettyHttpServerPipeliningTests:0.14
