ParentRunner:0.6402222222222222
JUnit4ClassRunner:0.6233333333333333
