EntityIndexUtils:0.67
AbstractBinderProcessor:0.4038888888888889
Constants:0.39533333333333337
