ScriptHelper:0.42333333333333334
ScriptContext:0.41
GroovyScript:0.3340396825396825
ApplyScriptAction:0.27666666666666667
ScriptingSettings:0.2733333333333333
ScriptContent:0.24066666666666667
XMLFileParser:0.20666666666666667
XMLFileHandler:0.09666666666666666
