TypeUtil:0.5133333333333333
StatementGeneratorTest:0.43666666666666665
StatementGenerator:0.3233333333333333
RewriterTest:0.32
NilCheckResolver:0.22
Rewriter:0.1907222222222222
