GwtMainPage:0.37333333333333335
ViewInfo:0.31083333333333335
ContentControl:0.2633333333333333
EventHelper:0.25733333333333336
GwtViewHelper:0.25666666666666665
GetCurrentViewInfoEvent:0.23333333333333334
