Query:0.8666666666666667
CommandLine:0.3233333333333333
