AlignViewport:0.5566666666666666
Selection:0.39666666666666667
SeqCanvas:0.25666666666666665
RemoveRedundancyAction:0.20666666666666667
DeleteSelSeqAction:0.09333333333333334
MoveSelSeqAction:0.06
CopySelSeqAction:0.04
ProcessSelSeqAction:0.013333333333333334
