FlowExecutionImplServicesConfigurer:0.4
FlowExecutionStateRestorerImplTests:0.17666666666666667
FlowExecutionStatus:0.09799999999999999
