SarosSession:0.56
NullSarosSession:0.32
SarosSessionStub:0.32
EditorManager:0.31666666666666665
ISarosSession:0.31617857142857136
StopManager:0.2733333333333333
OutgoingProjectNegotiation:0.24666666666666667
ConsistencyWatchdogHandler:0.19
SharedResourcesManager:0.17333333333333334
StoppedAction:0.07333333333333333
