BasicAclEntryAfterInvocationCollectionFilteringProviderTests:0.36333333333333334
BasicAclEntryAfterInvocationProviderTests:0.31133333333333335
BasicAclEntryVoterTests:0.28300000000000003
AfterInvocationProviderManagerTests:0.26366666666666666
MethodDefinitionAttributesTests:0.2172777777777778
AuthorizationFailureEventTests:0.187
InterceptorStatusTokenTests:0.18083333333333335
AbstractSecurityInterceptorTests:0.18083333333333335
AbstractMethodDefinitionSourceTests:0.1775
ContextPropagatingRemoteInvocationTests:0.1775
AuthenticationCredentialsNotFoundEventTests:0.165
AuthorizedEventTests:0.165
