SecurityContextHolderAwareRequestFilterBeanFactory:0.3799470899470899
DefaultWebSecurityExpressionHandlerBeanFactory:0.3799470899470899
Jsr250MethodSecurityMetadataSourceBeanFactory:0.36366209716209713
RoleVoterBeanFactory:0.36366209716209713
DefaultMethodSecurityExpressionHandlerBeanFactory:0.36366209716209713
LdapUserDetailsMapper:0.3566666666666667
DefaultWebSecurityExpressionHandler:0.3433333333333333
SecurityContextHolderAwareRequestFilter:0.3
DefaultLdapAuthoritiesPopulator:0.29
HttpConfigurationBuilder:0.25
GlobalMethodSecurityConfiguration:0.21333333333333335
SecurityContextHolderAwareRequestFilterTests:0.20666666666666667
LdapAuthenticationProviderConfigurer:0.20666666666666667
ExpressionUrlAuthorizationConfigurer:0.18333333333333332
FilterInvocationSecurityMetadataSourceParser:0.16527777777777777
DefaultWebSecurityExpressionHandlerTests:0.11
LdapUserDetailsMapperTests:0.07666666666666666
GlobalMethodSecurityBeanDefinitionParser:0.06333333333333334
ServletApiConfigurer:0.0033333333333333335
AbstractGrantedAuthorityDefaultsBeanFactory:0.0
