StyleData:0.3283333333333333
ShadowResources:0.31666666666666665
ResourceParserTest:0.2833333333333333
ShadowResourcesImpl:0.2733333333333333
StaxPluralsLoader:0.17
PluralResourceLoaderTest:0.16666666666666666
Visitor:0.14772222222222223
