ResumptionToken:0.53
ListRecordsRequest:0.33
ListIdentifiersRequest:0.33
ListIdentifiers:0.25333333333333335
Geonetwork:0.23833333333333334
Geonet:0.20777777777777776
ListRecords:0.19666666666666666
ListResponse:0.16642857142857143
ListRecordsResponse:0.1322222222222222
ListIdentifiersResponse:0.1322222222222222
ListSetsResponse:0.12
SearchResult:0.09333333333333334
Env:0.08333333333333333
OaiPmhDispatcher:0.07666666666666666
ResumptionTokenCache:0.056666666666666664
TokenListRequest:0.04833333333333333
AbstractTokenLister:0.03333333333333333
