AtmosphereResourceImpl:0.8966666666666666
ChatAtmosphereHandler:0.3005555555555556
SSEAtmosphereResourceConfig:0.17333333333333334
