StringUtility:0.9133333333333333
StringUtilityTest:0.11333333333333333
