StatementGeneratorTest:0.6083333333333333
CodeReferenceMapTest:0.25888888888888884
LiteralGeneratorTest:0.1988888888888889
