InstanceCreatingMarshaller:0.34
Data:0.24
B:0.21666666666666667
PointListSerializationTest:0.2
Value:0.17
A:0.11055555555555555
SampleValues:0.10333333333333333
