BarFlow:0.56
FooFlow:0.56
FlowDefinitionRegistryImplTests:0.4766666666666667
XmlFlowRegistrarTests:0.23
FlowDefinitionConstructionException:0.14333333333333334
