AbstractRegisteredServiceAttributeReleasePolicy:0.4713333333333333
ReturnMappedAttributeReleasePolicy:0.43666666666666665
BaseOidcScopeAttributeReleasePolicy:0.43333333333333335
ReturnAllowedAttributeReleasePolicy:0.19333333333333333
WSFederationClaimsReleasePolicy:0.15333333333333332
GroovyScriptAttributeReleasePolicy:0.12
ScriptedRegisteredServiceAttributeReleasePolicy:0.10666666666666667
ReturnAllAttributeReleasePolicy:0.07666666666666666
DenyAllAttributeReleasePolicy:0.03333333333333333
BaseSamlRegisteredServiceAttributeReleasePolicy:0.029444444444444447
