QsarManager:0.5366666666666666
IQsarManager:0.37
ResponseUnit:0.35
QsarHelper:0.15
DescriptorModel:0.08611111111111111
QSARConstants:0.04666666666666667
