SnmpObjId:0.67
ResponseProcessor:0.4431269841269841
PduBuilder:0.395
SnmpTableTest:0.36666666666666664
ColumnInstanceTracker:0.3433333333333333
SnmpInstId:0.2966666666666667
SpecificInstanceTracker:0.25666666666666665
SnmpCollectorTestCase:0.22333333333333333
InstanceTracker:0.19333333333333333
SnmpColumn:0.17333333333333334
SnmpCollectionTracker:0.02
