MapFacadeBean:0.61
MapFacade:0.37666666666666665
EJBMapFacade:0.2633333333333333
IPersistenceProvider:0.23666666666666666
EJBPersistenceProvider:0.15833333333333333
HibernatePersistenceProvider:0.15
