JavaTranslator:0.5
TranslatorFactory:0.45666666666666667
ClassySharkPanel:0.29777777777777775
CliMode:0.23333333333333334
JarInfoTranslator:0.22
