BufferUtils:0.685
Matrix4:0.33
LwjglGL11:0.27666666666666667
OpenALAudio:0.25333333333333335
ETC1:0.25
MeshShaderTest:0.18666666666666668
MeshTest:0.14333333333333334
TextureDownloadTest:0.13666666666666666
LwjglDebugStarter:0.1
