ClusterManager:0.5933333333333334
ClusterService:0.5566666666666666
MemberImpl:0.4766666666666667
