ConnectionManager:0.6533333333333333
ClusterServiceImpl:0.5033333333333333
TcpIpConnectionManager:0.38333333333333336
TcpIpConnection:0.35333333333333333
SetMasterOperation:0.235
JoinRequestOperation:0.18444444444444444
FirewallingNodeContext:0.08666666666666667
SplitBrainHandlerTest:0.06666666666666667
