InviteAction:0.6066666666666667
RosterView:0.5433333333333333
