FormulaEditingPanel:0.47333333333333333
EditAttributeByFormulaDialog:0.31333333333333335
EditAttributeByFormulaPlugIn:0.23
