Threshd:0.6166666666666667
ThreshdConfigManager:0.4592619047619047
MockDatabase:0.44
ThreshdTest:0.41333333333333333
