SimpleStreamManager:0.6277777777777778
SimpleTradeWriter:0.3466666666666667
SimpleStreamManagerTests:0.2866666666666667
