StyleInfo:0.4533333333333333
ValueMirrors:0.4138888888888889
DeclaringType:0.38333333333333336
Protoclass:0.3233333333333333
Proto:0.24666666666666667
