SwingUtilities2:0.5033333333333333
SwingRendererBridge:0.3566666666666667
SwingZoomManager:0.27666666666666667
SwingMapSymbol:0.26666666666666666
SwingLayerPainter:0.23333333333333334
UnclippingPanel:0.2
ExtendedJPanel:0.19333333333333333
SymbolAnimatedRenderer:0.18
SymbolRef:0.17
