HttpTLSTest:0.42
HttpClientOptions:0.37333333333333335
NetTest:0.24333333333333335
HTTPExamples:0.15583333333333332
TLSTest:0.14622222222222223
