ObjectFactory:0.75
DefaultBeanSelectionProvider:0.32
DefaultUnknownHandlerManager:0.3144444444444444
DefaultConfiguration:0.26666666666666666
XWorkConfigurationProvider:0.14666666666666667
StrutsConstants:0.014285714285714285
