CrawlHost:0.7766666666666666
PreconditionEnforcer:0.34
FetchDNS:0.21677777777777776
