AbstractResource:0.7766666666666666
BinderResource:0.37666666666666665
SelfResource:0.30666666666666664
ObjectKeys:0.28977777777777775
