ContextPreparer:0.31666666666666665
PreparerContext:0.31
JobCollectContext:0.3
NodeOperation:0.2866666666666667
JoinIntegrationTest:0.27
PageDownstreamContext:0.21
InnerPreparer:0.21
NestedLoopContext:0.16555555555555554
ExecutionPhases:0.16333333333333333
DocLevelCollectTest:0.13666666666666666
Builder:0.13333333333333333
TaskCollectingVisitor:0.11333333333333333
SharedShardContexts:0.07
NodeOperationCtx:0.06833333333333333
NodeOperationTree:0.05888888888888888
TransportExecutor:0.05
