DynamicTestTestDescriptor:0.31333333333333335
MethodTestDescriptor:0.23666666666666666
TestFactoryTestDescriptor:0.19
MyLeaf:0.16666666666666666
Node:0.16333333333333333
TestTemplateTestDescriptor:0.13916666666666666
DemoHierarchicalTestDescriptor:0.13666666666666666
DynamicTestExecutor:0.0011111111111111111
