PassiveSearchTableModel:0.44666666666666666
SearchTableModel:0.44666666666666666
FileSizeCellRenderer:0.2733333333333333
