TransactionManager:0.6766666666666666
ChadoTransactionTransformer:0.6113333333333334
