QedeqBoTestCase:0.5793888888888888
QedeqTestCase:0.29833333333333334
