ComponentTester:0.76
ScriptEditor:0.3466666666666667
EventRecorder:0.30333333333333334
Recorder:0.2806666666666667
EventRecorderTest:0.25333333333333335
ComponentBrowser:0.2325
