PropertyBean:0.6733333333333333
BeanPanel:0.49333333333333335
BasicEditor:0.38666666666666666
