Internal:0.6333333333333333
Connection:0.4666666666666667
OkHttpClient:0.4066666666666667
HttpEngine:0.27
RouteSelector:0.26666666666666666
RouteSelectorTest:0.2633333333333333
OkHttpClientTest:0.14333333333333334
