IXwsManager:0.8533333333333334
XwsManager:0.7336666666666667
