TimeSlotsInterface:0.6669444444444443
Timeslots:0.4888888888888889
TimeSlotSplitDialog:0.4266666666666667
TimeslotsTablePopupMenu:0.2633333333333333
SplitTimeslotAction:0.17666666666666667
