JSONParseException:0.5255555555555556
JSONTest:0.47333333333333333
JSONParser:0.34
