SimpleAnimationAdapter:0.42333333333333334
UltimateDifferentViewTypeAdapter:0.4033333333333333
UltimateViewAdapter:0.26
