DomCDataSection:0.59
HtmlPage:0.4866666666666667
XmlPage:0.37666666666666665
XMLDocument:0.2277777777777778
XmlUtil:0.19333333333333333
