Constants:0.545611111111111
BinderHelper:0.5333333333333333
EntityIndexUtils:0.36333333333333334
AjaxController:0.25
ModifyFileController:0.20333333333333334
