Position:0.6133333333333333
Int:0.57
ItemsRenderersHelper:0.44
DefaultARINCUtils:0.3466666666666667
Float:0.33666666666666667
XMLMessageTest:0.33
ARINCGPLine:0.31333333333333335
MapHorzPanel2Test:0.2833333333333333
SetParameterStructTest:0.28
ObjectGenerator:0.24666666666666667
AbstractWidgetFactory:0.24666666666666667
Double:0.24666666666666667
StylableTextEditor:0.24333333333333335
PlainTextEditor:0.22666666666666666
ExtensionManager:0.22
DefaultParamStructConverter:0.21666666666666667
ServerMessageProcessor:0.21
JFXItemsRenderersHelper:0.20888888888888887
RectangleRendererUI:0.20666666666666667
ArcEllipseRendererUI:0.20666666666666667
CrownRendererUI:0.20666666666666667
ArcCircleRendererUI:0.20666666666666667
TriangleRendererUI:0.20666666666666667
PolylineRendererUI:0.20666666666666667
DefaultBufferOfItemsConverter:0.20555555555555555
ARINCClientWidgetFactory:0.205
LibrariesDependencyTest:0.19166666666666668
ARINCGPPolyline:0.18611111111111112
NetworkCloneDecoderTest:0.185
MapHorzPanelRenderer:0.18333333333333332
KeywordsGenerator:0.18333333333333332
StatefullAPIImpl4Test:0.18166666666666667
ModelConstants:0.17666666666666667
LineRendererUI:0.17333333333333334
JFXLineSegmentRenderer:0.17333333333333334
JFXLineArcRenderer:0.17
LineSegmentRenderer:0.16555555555555554
PolarLineRendererUI:0.16
ARINCGPTriangle:0.15333333333333332
ARINCGPLinePolar:0.15333333333333332
HexaDecoder:0.14833333333333334
LineArcRenderer:0.13666666666666666
SynthPolylineUI:0.12666666666666668
VerticalProjectionImpl:0.11666666666666667
JFXDrawLineToCursorRenderer:0.11666666666666667
SynthRectangleUI:0.11333333333333333
ArrayEditorListener:0.11333333333333333
SynthArcEllipseUI:0.11
SynthArcCircleUI:0.11
SynthCrownUI:0.11
ARINCExternalSource:0.11
SynthTriangleUI:0.11
ARINCGPArcCircle:0.1
ARINCGPCrown:0.1
ARINCGPArcEllipse:0.1
SynthLineUI:0.09
SynthPolarLineUI:0.08666666666666667
TextEditorListener:0.08666666666666667
ARINCGPRectangle:0.08
DrawLineToCursorRenderer:0.06666666666666667
DefHalo:0.0
