CA:0.7066666666666667
HardCATokenManager:0.2866666666666667
CAAdminSessionBean:0.2633333333333333
