Types:0.5733333333333334
IOSTypeBinding:0.48
StatementGeneratorTest:0.38
ImplementationImportCollectorTest:0.31
Import:0.25333333333333335
