Filter:0.35
MercurialRepository:0.2833333333333333
FileEntry:0.25666666666666665
DirectoryListing:0.24833333333333332
DirectoryListingTest:0.24
IgnoredNamesTest:0.14666666666666667
