Robot:0.54
Displays:0.5066666666666667
WidgetTesterTest:0.38333333333333336
ComboTesterTest:0.3466666666666667
Log:0.30333333333333334
SWTTestSuite:0.2866666666666667
WidgetLocatorTest:0.2833333333333333
TreeItemTest:0.28
UserThread:0.27
TreeItemTester:0.26
WidgetTestFixture:0.26
Events:0.25666666666666665
RobotTest:0.25
CComboTesterTest:0.24333333333333335
WidgetLocator:0.24
SashTesterTest:0.22666666666666666
SWTTestSetupTest:0.22
ListTesterTest:0.20666666666666667
MenuItemTester:0.20666666666666667
TreeSample:0.19833333333333333
SelectMenuItemTestApp:0.19666666666666666
TableSample:0.19
SWTTestCase:0.18
TextTesterTest:0.17333333333333334
AbstractTestCaseTest:0.17
GetBoundsTest:0.16
TableSingleTesterTest:0.15333333333333332
Thread2:0.135
ShellTesterTest:0.13
ProxyTestResult:0.12666666666666668
SashTester:0.11
SWTTestSetup:0.09
HierarchyPrinter:0.07
AllTests:0.03333333333333333
MouseMoveDump:0.013333333333333334
MouseMoveBug:0.006666666666666667
