RxBarUtils:0.86
ActivityFlightSeat:0.32666666666666666
RxTitle:0.2866666666666667
ActivityMovieSeat:0.17666666666666667
