ISpectrumManager:0.6822222222222222
SpectrumManager:0.5966666666666667
