GraphState:0.61
AbstractGraphState:0.5
Exploration:0.36
ExploreType:0.32666666666666666
ExploreAction:0.28
GTSListener:0.24333333333333335
AnyStateAcceptor:0.225
RuleTree:0.21333333333333335
LTSDisplay:0.17333333333333334
CheckLTLAction:0.10333333333333333
ApplyMatchAction:0.04666666666666667
