ConvertScriptAction3Test:0.4766666666666667
PropertyPanelFactoryScriptTest:0.4633333333333333
ApplyScriptJFXAction10Test:0.27
PropertyPanelFactoryScript2Test:0.26666666666666666
PropertyPanelFactoryScript3Test:0.21333333333333335
