UrlUtils:0.46
InjvmProtocol:0.33
UrlUtilsTest:0.32666666666666666
InjvmInvoker:0.2111111111111111
