CountryPerVisitAggregation:0.2866666666666667
CountryHitCounter:0.23
AbstractAggregation:0.23
PathTreeElement:0.22666666666666666
PathTreeAggregation:0.19666666666666666
AbstractRegexVersionedPerVisitAggregator:0.19666666666666666
CountryData:0.18666666666666668
AverageTimePerVisitAggregation:0.17
OverViewControllerResultData:0.16666666666666666
VisitCountAggregation:0.16666666666666666
OverViewController:0.16
CountryPerPIRecordAggregation:0.15
ScreenResolutionPerVisitAggregation:0.13666666666666666
ScreenResolutionPerVisitAggregator:0.12666666666666668
PIRecordCountAggregation:0.11
PIRecordCountAggregator:0.08
VisitCountAggregator:0.08
CountryPerPIRecordAggregator:0.08
AverageTimePerVisitAggregator:0.08
CountryPerVisitAggregator:0.08
UserAgentPerVisitAggregation:0.023333333333333334
OperatingSystemPerVisitAggregation:0.023333333333333334
ReferrerPerVisitAggregation:0.023333333333333334
