CommunicationsStub:0.49333333333333335
ViewScene:0.38
ObjectNode:0.33
LocalClassMetadataLightImpl:0.29277777777777775
ObjectViewTopComponent:0.275
ViewBuilder:0.12666666666666668
