JSON:0.6366666666666667
IOUtils:0.4166666666666667
TypeUtils:0.2633333333333333
JSONScanner:0.20333333333333334
JSONReaderScanner:0.17666666666666667
JavaBeanSerializer:0.17333333333333334
ThreadLocalCacheTest:0.15166666666666667
Base64Test2:0.14
TestUTF8_2:0.12666666666666668
Base64Test:0.08666666666666667
ClobSeriliazer:0.07666666666666666
Opcodes:0.0
