AbstractEditorPanel:0.30333333333333334
UACDSConfiguration:0.2866666666666667
UACDSEditor:0.28
UACDSLayerLink:0.27666666666666667
UACDSWidgetLink:0.27666666666666667
AbstractEditorEngine:0.27666666666666667
UndoRedoElement:0.26916666666666667
ARINC661App:0.26
UACDSGraphicalGroup:0.25666666666666665
AbstractMoveElementEdit:0.21666666666666667
UACDSHandler:0.20333333333333334
NewLayerRequestDialog:0.18333333333333332
SaveUACDSAction:0.17333333333333334
LinksTreeRenderer:0.16666666666666666
NewWidgetEventDialog:0.15666666666666668
NewSetParameterDialog:0.15166666666666667
UACDSSettings:0.14444444444444446
MoveGraphicalElementDialog:0.09333333333333334
