DataHandler:0.8366666666666667
AnsiDataHandler:0.4033333333333333
TemplateTag:0.21666666666666667
UploadServlet:0.19944444444444445
EditServlet:0.18333333333333332
ManageServlet:0.14666666666666667
HistoryServlet:0.13
