GFF3Adapter:0.6633333333333333
GFF3Entry:0.5777777777777777
