BuildingManager:0.5
Settlement:0.47333333333333333
TendGreenhouse:0.23
PowerGrid:0.22444444444444447
