List:0.395
Iterator:0.36
Stream:0.35333333333333333
Array:0.30333333333333334
Vector:0.30333333333333334
Queue:0.2733333333333333
Stack:0.23333333333333334
QueueTest:0.18
ArrayTest:0.18
StreamTest:0.18
StackTest:0.18
ListTest:0.18
VectorTest:0.17
