InstallOptions:0.64
Database:0.4266666666666667
SaxonServlet:0.3566666666666667
FedoraHome:0.26
