Word2Vec:0.5766666666666667
Builder:0.4266666666666667
UimaTokenizerFactory:0.3233333333333333
TextPipelineTest:0.2966666666666667
Word2VecTest:0.2633333333333333
NGramTokenizerFactory:0.2633333333333333
PosUimaTokenizerFactory:0.22666666666666666
TokenizerFactory:0.20622222222222225
FirstIterationFunction:0.18666666666666668
DefaultTokenizerFactory:0.05321428571428572
