Domain:0.6166666666666667
EnterpriseDomain:0.32666666666666666
EnterpriseDomainWrapper:0.30666666666666664
EnterpriseDomainBuilder:0.30583333333333335
ApplicationContext:0.10838095238095237
HomeWrapper:0.023333333333333334
