Multibinder:0.42
Errors:0.3933333333333333
MapBinder:0.37
OptionalBinder:0.36333333333333334
RealMultibinder:0.31666666666666665
RealMapBinder:0.26666666666666666
RealOptionalBinder:0.26666666666666666
BaseAnnotation:0.13666666666666666
AllTests:0.09333333333333334
PermitDuplicatesModule:0.09
MultibindingsScanner:0.051666666666666666
AnnotationOrError:0.04
Scanner:0.03666666666666667
TypeAndValue:0.023333333333333334
ActualImpl:0.0025
DefaultImpl:0.0025
