Trace:0.45666666666666667
Session:0.2833333333333333
Result:0.28
Types:0.27666666666666667
HSQLClientConnection:0.25666666666666665
DITypeInfo:0.23
BinaryDatabaseScriptReader:0.21777777777777782
ResultConstants:0.205
