TransactionalList:0.37
CMap:0.36666666666666664
TransactionRecord:0.3
TransactionImpl:0.2733333333333333
TransactionTest:0.23666666666666666
MAdd:0.1577777777777778
