View:0.8066666666666666
City:0.19
CityTest:0.06333333333333334
OnChangeStateConditionInCity:0.013333333333333334
