Index:0.6033333333333334
QueryTest:0.44
SqlPredicate:0.2733333333333333
GreaterLessPredicate:0.19666666666666666
PredicatesTest:0.12
