Renderer2DModel:0.7933333333333333
GeometryTools:0.4
Renderer2D:0.36333333333333334
StructureDiagramGeneratorTest:0.18444444444444444
MoleculeViewer2D:0.18
ControllerTest:0.15333333333333332
Controller2D:0.14333333333333334
DrawPolygonTest:0.11333333333333333
