OkHttpClientStream:0.5033333333333333
OkHttpClientTransport:0.28
OkHttpClientTransportTest:0.2733333333333333
AsyncFrameWriter:0.27
OutboundFlowController:0.22
ClientFrameHandler:0.19222222222222224
