ComponentRackView:0.5633333333333334
ComponentTextField:0.4166666666666667
SyncRunner:0.25
ComponentRackSelector:0.24
ProcessManagerComponent:0.17444444444444446
