CertTools:0.9633333333333334
X509CAInfo:0.24666666666666667
CmsCAService:0.2188888888888889
OCSPCAService:0.2188888888888889
XKMSCAService:0.2188888888888889
