HTMLDocument:0.605
HtmlAppletTest:0.25333333333333335
HTMLAppletElement:0.23333333333333334
