OAuth2LoginConfigurer:0.6627777777777778
FilterComparator:0.37666666666666665
