MetaData:0.71
DbTaxon:0.4766666666666667
DataLoader:0.4066666666666667
MetaDataManager:0.29
