ErrorInfo:0.5933333333333334
GwtClientHelper:0.4766666666666667
ErrorListRpcResponseData:0.47333333333333333
GwtServerHelper:0.345
GwtViewHelper:0.24666666666666667
DeletePurgeEntriesHelper:0.22666666666666666
BinderViewsHelper:0.22
CalendarFolderView:0.21666666666666667
GwtTaskHelper:0.21333333333333335
ChangeEntryTypesDlg:0.2
AddNewFolderDlg:0.19666666666666666
AddFilesHtml5Popup:0.19666666666666666
DeletePurgeUsersHelper:0.18666666666666668
CopyMoveEntriesDlg:0.17666666666666667
CreateFolderRpcResponseData:0.17666666666666667
CreateBlogPageDlg:0.16
MultiErrorAlertDlg:0.14666666666666667
