JoinIntegrationTest:0.5566666666666666
RelationSplitter:0.52
RelationSplitterTest:0.4166666666666667
SubSelectAnalyzerTest:0.30333333333333334
