Types:0.6233333333333333
InitializationNormalizer:0.39
LiteralGenerator:0.36333333333333334
