NewTypeWizardPage:0.7533333333333333
SourceParser:0.40111111111111114
