Settings:0.64
SimpleExploder:0.36333333333333334
Utils:0.2733333333333333
TestUtils:0.21166666666666667
Facade:0.19666666666666666
Merger:0.19666666666666666
DocumentBurster:0.19333333333333333
Poller:0.17333333333333334
TestFacade:0.15666666666666668
TestDocumentBurster:0.11333333333333333
TestSettings:0.10333333333333333
Variables:0.09
TestSimpleExploder:0.07333333333333333
BurstManager:0.05
TestMerger:0.035
DateRenderer:0.0033333333333333335
