ConfigurationTest:0.35
PluginLocatorTest:0.24333333333333335
BootstrapperDetailsWebTest:0.17
PublisherDetailsWebTest:0.17
SourceControlDetailsWebTest:0.16333333333333333
ProjectStatusPageWebTest:0.10333333333333333
PluginsWebTest:0.08333333333333333
ProjectConfigurationPageWebTest:0.056666666666666664
MetricsTabWebTest:0.056666666666666664
PluginConfigurationTest:0.043333333333333335
