TableDataTipCell:0.46115732
DataTipListener:0.058480393
DataTipCell:0.042996854
DataTipManager:0.037171677
