Bucket:0.30333333333333334
InternalSignificantTerms:0.26666666666666666
InternalMappedSignificantTerms:0.16
