AbstractJdbcExpert:0.42833333333333334
AnnotationEntityMaker:0.37
JdbcExpert:0.25666666666666665
PsqlJdbcExpert:0.25
