MacOSXGLCanvas:0.49
MacOSXDisplay:0.43333333333333335
Keyboard:0.41333333333333333
WindowCreationTest:0.18444444444444444
KeyboardEventQueue:0.14277777777777775
