ArrayEqualOperator:0.44
ArrayNotEqualOperator:0.19333333333333333
BenchmarkSuite:0.10333333333333333
ArrayGreaterThanOperator:0.09666666666666666
ArrayGreaterThanOrEqualOperator:0.09666666666666666
ArrayLessThanOperator:0.09666666666666666
ArrayLessThanOrEqualOperator:0.09666666666666666
