QueryVisitor:0.37333333333333335
SQLFieldMapper:0.36666666666666664
IndexMetaDataExtractor:0.36133333333333334
SQLTypeMappingTest:0.3333333333333333
QueryVisitorTest:0.32
TransportSQLActionTest:0.26
IndexMetaDataExtractorTest:0.21333333333333335
TableExecutionContext:0.15666666666666668
LiteralValueExpression:0.13666666666666666
SQLFieldInvalidTest:0.13
SQLFieldRangeTest:0.10333333333333333
SQLFieldMapperTest:0.095
SQLModule:0.09
