CameraManager:0.7666666666666667
PreviewCallback:0.3466666666666667
DecodeHandler:0.20666666666666667
CaptureActivityHandler:0.19666666666666666
