Conf:0.5766666666666667
ActorNetworkRunnerApp:0.48
BaseDataFetcher:0.25333333333333335
DataSetIterator:0.23777777777777775
MasterActor:0.22333333333333333
DataSetFetcher:0.22166666666666668
ZookeeperConfigurationRetriever:0.2
IrisUtils:0.14
BaseDatasetIterator:0.13
ActorNetworkRunnerAppTest:0.11
MnistDataFetcher:0.07
BatchActor:0.05
