TopologyViewScene:0.4793333333333334
ServiceManagerTopComponent:0.4726666666666667
TopologyViewTopComponent:0.3233333333333333
