InternalProvisionException:0.6
Errors:0.5033333333333333
ProviderMethod:0.2388888888888889
ProviderInternalFactory:0.2
InternalFactoryToProviderAdapter:0.15333333333333332
