GetNextPIDServlet:0.3
FedoraAccessServlet:0.27166666666666667
ListMethodsServlet:0.24333333333333335
ProfileSerializerThread:0.18
GetNextPIDSerializerThread:0.18
DatastreamDefSerializerThread:0.18
ObjectMethodsDefSerializerThread:0.18
ReposInfoSerializerThread:0.18
ObjectHistorySerializerThread:0.18
GetObjectHistoryServlet:0.16666666666666666
DescribeRepositoryServlet:0.16666666666666666
ListDatastreamsServlet:0.16333333333333333
