AgentService:0.31333333333333335
CheckWithVersion:0.22
CreateWithDataAndVersion:0.22
CreateMany:0.21666666666666667
DeleteMany:0.21666666666666667
CreateWithData:0.21333333333333335
Check:0.21
AgentZooKeeperRegistrar:0.19333333333333333
