NetSocket:0.5631111111111111
NetTest:0.5333333333333333
SSLHelper:0.41333333333333333
NetSocketImpl:0.38
VertxHttp2NetSocket:0.29333333333333333
VertxSniHandler:0.10333333333333333
