PropertyChild:0.6633333333333333
PropertyFamilySpouse:0.5366666666666666
