RestClient:0.6366666666666667
RemoteScrollableHitSource:0.3933333333333333
RestClientIntegTests:0.2866666666666666
