CollectionConfig:0.5433333333333333
SpringXmlConfigBuilder:0.44
AbstractCollectionProxyImpl:0.3603968253968254
