Record:0.9066666666666666
AbstractRecord:0.5133333333333333
KeepResultSetTests:0.2966666666666667
UpdatableRecordImpl:0.25
