ASTParserLoadingTest:0.5
Transaction:0.3333333333333333
BinaryLogicOperatorNode:0.32666666666666666
CompositeUserTypeTest:0.15
