InvoicingDeleteAction:0.8316666666666667
SearchExcludingDeletedAction:0.09833333333333333
