Proxetta:0.4866666666666667
ProxettaClassBuilder:0.33666666666666667
ProxettaCreator:0.31666666666666665
ProxyPointcutSupport:0.28
UncheckedException:0.25
ExceptionUtil:0.17666666666666667
AllMethodsPointcut:0.12444444444444443
AllSettersPointcut:0.1
AllGettersPointcut:0.1
SubclassTest:0.06
