Receiver:0.43
Subscription:0.38666666666666666
DriverConductor:0.3233333333333333
DriverConductorTest:0.29
Aeron:0.21
ReceiverTest:0.19666666666666666
DriverPublication:0.18
TermBuffersFactory:0.16333333333333333
ClientConductor:0.15666666666666668
ReceiverProxy:0.13333333333333333
DriverListener:0.11666666666666667
DriverSubscription:0.11
ClientContext:0.10666666666666667
AddSubscriptionCmd:0.07666666666666666
RemoveSubscriptionCmd:0.07666666666666666
SenderControlStrategy:0.02
DriverConductorProxy:0.013333333333333334
UnicastSenderControlStrategy:0.013333333333333334
DefaultMulticastSenderControlStrategy:0.013333333333333334
