ImageIcon:0.42
EventsBean:0.38
Col:0.13666666666666666
SourceCol:0.12666666666666668
NoteCol:0.12666666666666668
ActionCol:0.11666666666666667
EditCol:0.1
DelCol:0.1
