PDBReader:0.4666666666666667
PMPReader:0.3333333333333333
PDBWriter:0.24333333333333335
SMILESReader:0.19666666666666666
VASPReader:0.19
MOPAC97Reader:0.18333333333333332
ShelXReader:0.16333333333333333
XYZReader:0.14666666666666667
ZMatrixReader:0.14666666666666667
