DaoTestDelegate:0.5266666666666666
EventDaoTest:0.46
CoreDaoTest:0.27
AssociationDaoTest:0.19666666666666666
RegistryObjectListDaoTest:0.18666666666666668
