PushWorker:0.615
FWToolBar:0.4866666666666667
MultiScopeProgressBar:0.4866666666666667
