Tag:0.51
Transaction:0.4816666666666667
Builder:0.43
TransactionConfidence:0.4
TagOrBuilder:0.27972222222222226
Wallet:0.25
WalletOrBuilder:0.23666666666666666
WalletProtobufSerializer:0.18666666666666668
WalletProtobufSerializerTest:0.17
