PlannerTest:0.3333333333333333
SelectStatementAnalyzerTest:0.32666666666666666
CurrentTimestampFunction:0.3
ToStringArrayFunctionTest:0.26666666666666666
InsertFromValuesAnalyzerTest:0.23666666666666666
CurrentTimestampFunctionTest:0.20666666666666667
