ModelResolver:0.6283333333333333
PropertyDeserializer:0.2833333333333333
MapPropertyDeserializerTest:0.19
DefaultJaxrsScanner:0.13666666666666666
