STFBot:0.8533333333333334
STFBotTree:0.49666666666666665
STFTest:0.37666666666666665
STFBotImp:0.33
ContextMenuWrapperImp:0.23666666666666666
RosterViewImp:0.23666666666666666
SarosBotImp:0.23
PEViewImp:0.20666666666666667
STFBotTreeImp:0.18666666666666668
TestRosterView:0.17333333333333334
TestMenuEdit:0.11666666666666667
