MongoClientOptions:0.44666666666666666
Builder:0.32666666666666666
AsyncConnectionSettings:0.25
DefaultAsyncConnectionFactory:0.2111111111111111
MongoClients:0.19666666666666666
