CreateXMPPAccountWizardPage:0.42333333333333334
EnterXMPPAccountWizardPage:0.42333333333333334
EditXMPPAccountWizardPage:0.31833333333333336
