SubjectBuilder:0.4633333333333333
SubjectSearchCriteriaBuilder:0.22666666666666666
SubjectMergeRequest:0.12666666666666668
MCCI_IN000002UV01_Message_Builder:0.08666666666666667
PRPA_IN201304UV02_Message:0.0
PRPA_IN201302UV02_Message:0.0
SubjectMergeRequestBuilder:0.0
