StatsNode:0.43666666666666665
MEJBView:0.37666666666666665
StatisticNode:0.36666666666666664
MBeanFilterNode:0.28
StatisticsView:0.21555555555555553
