AddressPicker:0.5033333333333333
BaseVariables:0.46888888888888886
StringSerializer:0.37666666666666665
