Engine:0.39666666666666667
Template:0.38666666666666666
Define:0.3244444444444444
EngineConfig:0.2833333333333333
Env:0.19
RenderDirective:0.18666666666666668
Include:0.18
StatInfo:0.056666666666666664
