MobyView:0.6866666666666666
MobyViewContentProvider:0.5333333333333333
refreshRunnable:0.30333333333333334
