PyDictionary:0.5766666666666667
PyStringMap:0.4066666666666667
PyDefaultDict:0.24583333333333332
KeysIter:0.14666666666666667
ItemsIter:0.13333333333333333
ValuesIter:0.13333333333333333
