UpdatableRecord:0.539345238095238
jOOQAbstractTest:0.5366666666666666
CRUDTests:0.47333333333333333
UpdatableRecordImpl:0.43
BaseTest:0.16
