AtmosphereResourceImpl:0.5316666666666666
DefaultAsyncSupportResolver:0.32
Servlet30CometSupport:0.3137777777777778
JSR356Endpoint:0.23333333333333334
DefaultEndpointMapper:0.17
