DataServiceSqlMap:0.5966666666666667
DataService:0.4533333333333333
IDataService:0.43333333333333335
