FilterProjector:0.45666666666666667
ProjectionToProjectorVisitor:0.32
BlobDocCollectorTest:0.24
BlobDocCollector:0.20333333333333334
RowsCollector:0.16333333333333333
FileListingsFileVisitor:0.10527777777777778
BlobCollectorExpression:0.0
