Database:0.8433333333333334
DefaultColumnDefinition:0.5
AbstractDatabase:0.47333333333333333
AbstractTableDefinition:0.25166666666666665
SQLiteTableDefinition:0.10333333333333333
PostgresTableValuedFunction:0.10333333333333333
PostgresMaterializedViewDefinition:0.08666666666666667
DerbyTableDefinition:0.08666666666666667
PostgresTableDefinition:0.08666666666666667
H2TableDefinition:0.08666666666666667
CUBRIDTableDefinition:0.08666666666666667
MySQLTableDefinition:0.08666666666666667
HSQLDBTableDefinition:0.08666666666666667
