Loader:0.47333333333333333
Pointer:0.4166666666666667
BytePointer:0.30333333333333334
LongPointer:0.29
IntPointer:0.27666666666666667
CharPointer:0.27666666666666667
DoublePointer:0.26666666666666666
ShortPointer:0.26666666666666666
FloatPointer:0.26666666666666666
Generator:0.24333333333333335
PointerPointer:0.24
Builder:0.23
ClassScanner:0.21972222222222218
BoolPointer:0.17
SizeTPointer:0.17
CLongPointer:0.16333333333333333
BuildMojo:0.08333333333333333
