JsonSerializer:0.61
JsonContext:0.41333333333333333
BeanSerializer:0.20666666666666667
JsonSerializerTest:0.13
MapJsonSerializer:0.10666666666666667
