SplitRunner:0.7418174603174604
PrioritizedSplitRunner:0.41
SimulationSplit:0.2866666666666667
DriverSplitRunner:0.25333333333333335
TestingJob:0.23333333333333334
