TimeValue:0.4666666666666667
DateHistogramTests:0.45
SharedClusterSnapshotRestoreTests:0.3
ByteSizeValue:0.2833333333333333
SimpleVersioningTests:0.25666666666666665
MetaDataIndexUpgradeService:0.25333333333333335
EngineConfig:0.25
ClusterSettingsTests:0.17333333333333334
TimeValueTests:0.10666666666666667
