CollectRockSamples:0.4266666666666667
DriveGroundVehicle:0.365
ExitRoverEVA:0.31
EnterRoverEVA:0.2966666666666667
CollectRockSamplesMission:0.2733333333333333
