RWorkspace:0.6
HasResults:0.42
Corpus:0.4066666666666667
SpecificitesResult:0.36
Partition:0.2633333333333333
QuantitativeDataStructureImpl:0.21333333333333335
Specificites:0.21
CA:0.19222222222222224
Rsymbols:0.16250000000000003
Copy:0.0025
Paste:0.0
