Settlement:0.5266666666666666
PhysicalCondition:0.42
MainScene:0.3333333333333333
Vehicle:0.33
Relax:0.21333333333333335
MainSceneMenu:0.1980952380952381
HaveConversation:0.19
MetaTaskUtil:0.19
SleepMeta:0.17833333333333334
HaveConversationMeta:0.13666666666666666
MouseLocationReporter:0.03666666666666667
