LiveVersionMap:0.45
InternalEngine:0.4266666666666667
VersionValue:0.2966666666666667
Location:0.22
InternalEngineTests:0.11
SimpleVersioningTests:0.1
DeleteVersionValue:0.08777777777777777
IDAndVersion:0.043333333333333335
Maps:0.04
