Entity:0.6366666666666667
Indi:0.47
Fam:0.37333333333333335
EditViewFactory:0.3
Media:0.22166666666666668
Source:0.22166666666666668
Repository:0.22166666666666668
Submitter:0.22166666666666668
Note:0.22166666666666668
Change:0.22
Create:0.14333333333333334
ProxyXRef:0.14333333333333334
Relationship:0.06583333333333333
