TypeChecker:0.51
AssignmentStep:0.3466666666666667
AssignmentLocalStep:0.11
AssignmentNumberIntegerStep:0.016666666666666666
AssignmentNumberLocalStep:0.016666666666666666
AssignmentNumberIntegerLocalStep:0.016666666666666666
AssignmentTextLocalStep:0.016666666666666666
AssignmentBooleanLocalStep:0.016666666666666666
AssignmentIntegerStep:0.016666666666666666
AssignmentBooleanStep:0.016666666666666666
AssignmentIntegerLocalStep:0.016666666666666666
AssignmentNumberStep:0.016666666666666666
AssignmentTextStep:0.016666666666666666
