Administrator:0.7944444444444445
ByteArrayInputPanel:0.4033333333333333
