AzureStorageService:0.8888888888888887
AzureStorageServiceMock:0.61
AzureStorageServiceImpl:0.5233333333333333
AzureBlobContainer:0.17833333333333334
AzureRepository:0.13555555555555554
AzureBlobStore:0.07
AzureSnapshotRestoreITest:0.05
AbstractAzureRepositoryServiceTest:0.041666666666666664
