HelloWorldClient:0.5266666666666666
HeaderServerInterceptorTest:0.33666666666666667
HeaderClientInterceptorTest:0.30333333333333334
HelloWorldClientTest:0.24
HelloWorldServerTest:0.2
