CliConfig:0.7533333333333333
JobStatusCommand:0.3566666666666667
CliParser:0.35
GlobalArgs:0.24444444444444446
