PersistentTasksExecutor:0.8333333333333334
TestPersistentTasksExecutor:0.40777777777777774
PersistentTasksNodeService:0.31666666666666665
MockExecutor:0.21166666666666667
PersistentTasksNodeServiceTests:0.19
NodePersistentTasksExecutor:0.06333333333333334
Execution:0.05333333333333334
