MDate:0.7333333333333333
MetaInfo:0.5188888888888888
FSHelper:0.34
TaskDate:0.24
VersionInfo:0.2
