Connection:0.8866666666666667
Reply:0.7966666666666666
CoreStorage:0.6766666666666666
Session:0.6233333333333333
FileSystem:0.61
Command:0.5666666666666667
ControlConnection:0.5358333333333334
DataConnectionInitiator:0.5358333333333334
ConnectionPool:0.5358333333333334
DataConnection:0.5133333333333333
ListingFile:0.5091666666666667
DataPortListener:0.5025
DataFilter:0.47333333333333333
Core:0.4658333333333333
DataPortListenerSet:0.40811111111111115
CommandProcessor:0.40552380952380945
ControlConnector:0.3680555555555556
ObjectFactory:0.36666666666666664
GenericConnection:0.36666666666666664
ObjectName:0.3433333333333333
InternalFactory:0.3272804232804233
DummyFileSystem:0.325
FileSystemWrapper:0.30333333333333334
CommandWrapper:0.3
PrepareFileDownload:0.22666666666666666
DataFilterFactory:0.20916666666666667
GeoNetworkFileSystem:0.19
SyncCoreStorage:0.17
GenericControlConnection:0.15666666666666668
AbstractCommand:0.14
GenericDataPortListener:0.13666666666666666
StartupScript:0.13333333333333333
CommandFactory:0.1302777777777778
GenericDataConnection:0.13
ListingFileBean:0.13
GenericDataConnectionInitiator:0.12666666666666668
SyncSession:0.12666666666666668
StatCommand:0.12516666666666665
DataFilterApplicator:0.1175
GenericCommandProcessor:0.1061111111111111
StouCommand:0.1061111111111111
GeoNetworkContext:0.08666666666666667
SessionAttributeName:0.08666666666666667
GenericDataFilterFactory:0.08138888888888889
RetrCommand:0.08027777777777777
ListCommand:0.07627777777777778
GenericDataPortListenerSet:0.06333333333333334
LocalErrorCommand:0.05861111111111111
PoisonedCommand:0.05861111111111111
SyntaxErrorCommand:0.05861111111111111
NotImplementedCommand:0.05388888888888888
Launcher:0.05333333333333334
WelcomeCommand:0.05027777777777778
GenericDataFilter:0.05
GenericCommandFactory:0.04861111111111111
RestCommand:0.04666666666666667
AborCommand:0.045
CwdCommand:0.043333333333333335
DeleCommand:0.043333333333333335
ModeCommand:0.04238888888888889
StruCommand:0.04238888888888889
DataPortListenerSequence:0.04027777777777778
TypeADataFilter:0.04
MkdCommand:0.03666666666666667
PwdCommand:0.03666666666666667
QuitCommand:0.035833333333333335
SystCommand:0.035833333333333335
AppeCommand:0.035
PortCommand:0.034444444444444444
CdupCommand:0.034444444444444444
FailedActionException:0.03333333333333333
TypeCommand:0.0275
GenericDataFilterApplicator:0.02666666666666667
GenericControlConnector:0.02666666666666667
NoopCommand:0.02666666666666667
GenericReply:0.023333333333333334
StorCommand:0.023333333333333334
RnfrCommand:0.021111111111111112
RntoCommand:0.02111111111111111
GenericCore:0.02
HelpCommand:0.016666666666666666
PassCommand:0.01
GenericConnectionPool:0.01
AlloCommand:0.008333333333333333
NlstCommand:0.007777777777777777
SpringFactory:0.006666666666666667
DataConnectionCallback:0.006666666666666667
UserCommand:0.006666666666666667
TransferAbortedException:0.0033333333333333335
TerminatedException:0.0033333333333333335
TransferCompleteException:0.0033333333333333335
OptsCommand:0.0033333333333333335
PoisonedException:0.0033333333333333335
BrokenPipeException:0.0033333333333333335
PasvCommand:0.0033333333333333335
GeoNetworkCommandProcessor:0.0
EmptyDataConnectionCallback:0.0
