View:0.7333333333333333
MetaView:0.4666666666666667
MetaGroup:0.31
ViewParser:0.20333333333333334
