Transcript:0.49
GmodNameAdapter:0.41
GAMEAdapter:0.2866666666666667
ApolloNameAdapterI:0.2678730158730158
DefaultNameAdapter:0.22333333333333333
FlyNameAdapter:0.18
