Cnd:0.8666666666666667
Disks:0.41
QueryTest:0.31333333333333335
