CertTools:0.6433333333333333
X509CAInfo:0.57
X509CA:0.42
CaTestCase:0.22333333333333333
CAAdminSessionBean:0.22
CAsTest:0.22
CaSessionTest:0.21
ProtocolOcspHttpTest:0.20666666666666667
ApprovalEnforcedByCertificateProfileTest:0.20333333333333334
RevocationApprovalTest:0.20333333333333334
CAImportExportTest:0.20333333333333334
CAKeystoreExportRemoveRestoreTest:0.18
CaSessionTestBase:0.16666666666666666
X509CATest:0.15666666666666668
CaInitCommand:0.11
