AsyncTestBase:0.5719444444444445
VertxTestBase:0.3676984126984127
