EhCacheBasedAclCacheTests:0.26666666666666666
EhCacheBasedAclEntryCacheTests:0.25
AspectJSecurityInterceptorTests:0.24666666666666667
FilterChainProxyTests:0.24333333333333335
BasicLookupStrategyTests:0.21666666666666667
FilterSecurityInterceptorTests:0.19
EhCacheBasedX509UserCacheTests:0.16666666666666666
EhCacheBasedUserCacheTests:0.16
