Tools:0.57
ResultQuery:0.5595396825396827
SelectImpl:0.32
AbstractResultQuery:0.17666666666666667
