FlowController:0.6316666666666667
SearchPersonFlowBuilder:0.33444444444444443
PersonDetailFlowBuilder:0.22333333333333333
