Transaction:0.4796666666666667
Key:0.3933333333333333
DeterministicSeed:0.38
TransactionConfidence:0.35105555555555557
DeterministicKeyChain:0.3333333333333333
WalletTest:0.21333333333333335
WalletTool:0.20666666666666667
KeyChainGroup:0.2025
DeterministicKeyChainTest:0.18666666666666668
KeyChainGroupTest:0.185
