ValueMirrors:0.571984126984127
ValueType:0.48
StyleInfo:0.45416666666666666
Proto:0.3277777777777778
