ObjTest:0.30666666666666664
EdgeDetectionTest:0.24
PrototypeRendererGL20:0.24
ProjectiveTextureTest:0.22333333333333333
ShadowMappingTest:0.22333333333333333
CullTest:0.21
FramebufferToTextureTest:0.21
FrustumTest:0.21
SoftMeshTest:0.20666666666666667
RendererGL10:0.19
ProjectTest:0.18333333333333332
PickingTest:0.18333333333333332
RendererGL20:0.17333333333333334
ConvexHullTest:0.17
MeshShapeTest:0.15666666666666668
DrawableManager:0.13
ShaderFactory:0.09
