ArticleTable:0.56
PubMedReader:0.3433333333333333
ArticleBeanFactory:0.31666666666666665
AddPubmedArticle:0.28
DisplayArticle:0.2
