FormatType:0.37333333333333335
Count1:0.30142857142857143
PgCatalogFactory:0.18333333333333332
