Tds:0.6633333333333333
TdsComm:0.27444444444444444
TdsResultSetMetaData:0.27
TdsConnection:0.25333333333333335
