OutsidePlantViewDashboardWidget:0.52
AbstractView:0.24666666666666667
ViewFactory:0.10666666666666667
Comment:0.0
ViewEdge:0.0
ViewNode:0.0
ViewMap:0.0
