View:0.7022222222222223
ApplicantTest:0.23333333333333334
CollapsedMemberTestBase:0.20333333333333334
UserWithNicknameTest:0.19666666666666666
ReallocationDetailsReadOnlyTest:0.15
ReallocationDetailsEditOnlyTest:0.13666666666666666
