Character:0.7166666666666667
CharacterEditor:0.5333333333333333
Application:0.20605555555555558
MainView:0.08
CharacterRepository:0.07611111111111112
