JEditTextArea:0.4666666666666667
VFSBrowser:0.4266666666666667
BrowserCommandsMenu:0.22666666666666666
ActionHandler:0.22
