EnsJAdapter:0.48333333333333334
DataSourceConfigurationPanel:0.43333333333333335
EnsJAdapterGUI:0.37333333333333335
SimpleDASAdapter:0.3466666666666667
CompositeDataSourceConfigurationPanel:0.27666666666666667
DisplayTool:0.2569444444444445
SimpleDASServer:0.24666666666666667
AnnotationEnsJAdapterGUI:0.24
BaseGFFAdapter:0.24
AnnotationEnsJAdapter:0.22333333333333333
SimpleDASAdapterGUI:0.20666666666666667
GFFAdapterGUI:0.13611111111111113
