MultiPartRequestWrapper:0.46277777777777773
JakartaMultiPartRequest:0.36333333333333334
StrutsXmlConfigurationProvider:0.27666666666666667
