TestCluster:0.5966666666666667
ElasticsearchIntegrationTest:0.3466666666666667
ImmutableTestCluster:0.2678730158730158
ExternalTestCluster:0.21333333333333335
Features:0.205
TribeTests:0.17333333333333334
BenchNodePredicate:0.0225
