GL:0.6466666666666666
GLWindow:0.55
CoreGL:0.42
FullScreenWindowedTest:0.25666666666666665
HWCursorTest:0.22333333333333333
PbufferTest:0.21333333333333335
KeyboardTest:0.18333333333333332
MouseTest:0.18333333333333332
MouseCreationTest:0.18333333333333332
ControllerTest:0.18333333333333332
ControllerCreationTest:0.18333333333333332
Grass:0.1630952380952381
Game:0.10833333333333334
MovingSoundTest:0.07333333333333333
WindowCreationTest:0.023333333333333334
