RestNodesAction:0.5433333333333333
RestShardsAction:0.4869444444444444
RestActionModule:0.35333333333333333
