AbstractDbDialect:0.4533333333333333
OracleDbDialect:0.3277777777777778
SqlTemplate:0.29333333333333333
IDbDialect:0.29333333333333333
AdditiveDataLoaderFilterTest:0.25666666666666665
