ComponentReferenceTest:0.5766666666666667
ArrayEditor:0.36
ScriptTestCollectorTest:0.2633333333333333
JTabbedPaneRecorderTest:0.24166666666666667
