AbstractLogicalConnectionImplementor:0.5333333333333333
ConnectionInvocationHandler:0.39666666666666667
ProxyConnectionProvider:0.30333333333333334
TransactionCommitFailureTest:0.16333333333333333
