View:0.6433333333333333
MetaReferenceView:0.32
MetaView:0.29
ModuleTestBase:0.27166666666666667
ViewParser:0.26
XavaSuite:0.10222222222222223
CustomersSomeMembersReadOnlyTest:0.03666666666666667
