View:0.41333333333333333
MapFacade:0.34
Products3WithDescriptionsListTest:0.25
Products3WithGroupTest:0.14333333333333334
XavaSuite:0.14
