ActivityWheelHorizontal:0.5733333333333334
RxTitle:0.3921111111111111
ActivityMain:0.36666666666666664
