SPOEvent:0.5133333333333333
CompositeEvent:0.41
SystemRecord:0.28
AbstractGraphTransitionStub:0.1877777777777778
AbstractEvent:0.16333333333333333
