ClientWiredStatelessChronicleMap:0.5766666666666667
MapWireHandler:0.5
ClientWiredStatelessTcpConnectionHub:0.33666666666666667
MapWireHandlerBuilder:0.12666666666666668
