Flow:0.61
XmlFlowBuilder:0.3433333333333333
ApplicationViewSelector:0.26111111111111107
BooleanExpressionTransitionCriteria:0.23
WebFlowOgnlExpressionParserTests:0.22333333333333333
ExternalRedirectSelector:0.21833333333333332
SetAction:0.21333333333333335
ConfigurableFlowAttributeMapper:0.21
AbstractFlowExecutionTests:0.19
AbstractFlowAttributeMapper:0.19
EvaluateAction:0.18333333333333332
FlowScopeExpression:0.15
FlowDefinitionRedirectSelector:0.15
XmlFlowBuilderTests:0.15
AttributeMapperAction:0.13666666666666666
TextToTransitionCriteria:0.11333333333333333
TextToViewSelector:0.09666666666666666
FlowScopeExpressionTests:0.07333333333333333
SetActionTests:0.07
RequestParameterInputMapper:0.0033333333333333335
