QueryRequest:0.54
LuceneSearcher:0.4533333333333333
SearcherLogger:0.3233333333333333
CatalogSearcher:0.2633333333333333
