Printer:0.6708333333333333
PreviewPanel:0.40166666666666667
Reprap:0.32
GCodeWriter:0.285
Main:0.26
ContinuationMesage:0.22
NullCartesianMachine:0.22
Producer:0.17333333333333334
Previewer:0.16833333333333333
PreviewWindow:0.14666666666666667
