ShadowApplication:0.7466666666666667
ShadowContextWrapper:0.3933333333333333
ContextWrapperTest:0.21333333333333335
