NeuralNetwork:0.5933333333333334
HiddenLayer:0.3933333333333333
BaseMultiLayerNetwork:0.39
OutputLayer:0.30666666666666664
Builder:0.2866666666666667
BaseNeuralNetwork:0.21666666666666667
StochasticHessianFree:0.2
DBN:0.18666666666666668
StackedDenoisingAutoEncoder:0.17111111111111113
DeepAutoEncoderSDA:0.07666666666666666
