Article:0.7008333333333334
DuplicateArticleCollectionTest:0.37
DuplicateArticleCollection:0.36333333333333334
MyTitledNumberedArticle:0.32666666666666666
MedlineMap:0.14666666666666667
MyArticle:0.07666666666666666
