CasConsentCoreConfiguration:0.2733333333333333
PasswordManagementConfiguration:0.2733333333333333
CasCoreAuditConfiguration:0.23199999999999998
MultifactorAuthnTrustConfiguration:0.21
ElectronicFenceConfiguration:0.14333333333333334
