Config:0.6266666666666667
AnnotationChangeLog:0.43333333333333335
SerialDiskAdapter:0.26
ApolloFrame:0.23
CompositeApolloFrame:0.22333333333333333
GAMEAdapter:0.21333333333333335
AnnotationEditor:0.19666666666666666
AbstractApolloAdapter:0.18333333333333332
TestApollo:0.16333333333333333
LazyLoadControlledObject:0.09666666666666666
