KeywordFieldMapper:0.26
Builder:0.22833333333333333
KeywordFieldMapperTests:0.21333333333333335
GeoPointFieldMapperTests:0.17666666666666667
BaseGeoPointFieldMapper:0.17
GeohashMappingGeoPointTests:0.16
KeywordFieldType:0.16
DynamicTemplatesTests:0.15333333333333332
MultiFieldTests:0.15
ShardGetService:0.13
GeoPointFieldMapper:0.12666666666666668
GeoPointFieldMapperLegacy:0.09
