IoDataElement:0.6624444444444445
IoSchemata:0.5632777777777779
