PEViewComponent:0.5780000000000001
PEViewComponentImp:0.5233333333333333
SarosPEViewComponentImp:0.33
TablePart:0.28
WindowPart:0.21333333333333335
TestSVNStateInitialization:0.19666666666666666
IsShellClosed:0.14333333333333334
STFTest:0.013333333333333334
