MathParser:0.64
Term:0.48333333333333334
LatexMathParser:0.22666666666666666
TooMuchArgumentsException:0.17
