RAInterfaceBean:0.67
StartServicesServlet:0.31333333333333335
AdminCertReqServlet:0.26
CACertServlet:0.21
GetCRLServlet:0.17666666666666667
CAExportServlet:0.16666666666666666
CACertReqServlet:0.16166666666666665
EndEntityCertServlet:0.03666666666666667
