CDKResource:0.5866666666666667
JCPMultiPageEditor:0.4033333333333333
JCPEditor:0.36666666666666664
