BusinessObjectFactoryTestCase:0.5069444444444444
BasicDomainTestCase:0.4266666666666667
DomainTestCase:0.42333333333333334
