XView:0.7433333333333333
QueryControl:0.30666666666666664
PagedQueryContents:0.2586984126984127
