BinderHelper:0.6333333333333333
WebKeys:0.416984126984127
Find:0.32666666666666666
TypeToFindAjaxController:0.30333333333333334
