DataAccess:0.4583333333333333
DynamicDialect:0.405
DSConnectionProvider:0.35333333333333333
