BenchmarkDataSetIterator:0.5766666666666667
ModelSelector:0.4666666666666667
ImageNetLabels:0.2511111111111111
TestImageNet:0.19
TestInstantiation:0.16666666666666666
