MapEntries:0.5466666666666666
PutAllOperation:0.41
AbstractMultipleEntryOperation:0.31
MultipleEntryOperation:0.27
MapProxySupport:0.22333333333333333
PartitionWideEntryOperation:0.21666666666666667
NearCachedMapProxyImpl:0.2
AbstractCacheRecordStore:0.19333333333333333
DefaultRecordStore:0.19
PutAllBackupOperation:0.185
AbstractCacheProxy:0.17666666666666667
MapExecuteOnKeysMessageTask:0.16666666666666666
MapExecuteWithPredicateMessageTask:0.13666666666666666
CacheGetAllMessageTask:0.13
MapPutAllMessageTask:0.12666666666666668
MapExecuteOnAllKeysMessageTask:0.12333333333333334
GroupProperty:0.0
