TestAPIA:0.7133333333333334
TestAPIM:0.6033333333333334
