JPPFClassLoader:0.5166666666666667
JPPFNode:0.42333333333333334
AbstractClassLoaderManager:0.27
RemoteClassLoaderManager:0.17666666666666667
LocalClassLoaderManager:0.16
