Point:0.5441666666666667
WordVectorSerializer:0.4166666666666667
ConvolutionDownSampleLayerTest:0.22
