Utils:0.62
DefaultRenderContext:0.29333333333333333
AbstractQuery:0.24333333333333335
PredicateTests:0.23666666666666666
BatchCRUD:0.20666666666666667
QueryCollectorSignal:0.17
QueryCollector:0.11444444444444443
ForceInlineSignal:0.03333333333333333
