HealpixUtils:0.33666666666666667
HealpixBase:0.3333333333333333
HealpixMapDouble:0.22
HealpixMapFloat:0.22
FitsUtil:0.14
FitsUtilTest:0.02
HealpixTables:0.0
