SRE_STATE:0.6233333333333333
PatternObject:0.38666666666666666
