TestASTOps:0.3308333333333333
TestRewriteAST:0.31666666666666665
TestCompositeGrammars:0.31333333333333335
TestParseErrors:0.29333333333333333
TestActionTranslation:0.27
TestSemPredEvalLexer:0.19
