CAAdminSessionBean:0.41333333333333333
PublisherSessionBean:0.38666666666666666
CustomPublisherContainer:0.34
PublisherSessionLocal:0.2063888888888889
CustomPublisherAccessRulesSupport:0.18883333333333338
CaAdminSessionBeanTest:0.11666666666666667
UnAuthorizedCustomPublisherMock:0.08333333333333333
AuthorizedCustomPublisherMock:0.08
