MongoCollectionView:0.67
MongoCollectionImpl:0.38333333333333336
MongoCollectionTest:0.28
FindAndRemoveAcceptanceTest:0.18666666666666668
FilterAcceptanceTest:0.18666666666666668
