CollectionAddListenerRequest:0.4669444444444444
AddListenerRequest:0.4669444444444444
MessageListenerImpl:0.3
