Extruder:0.8966666666666666
GenericExtruder:0.37333333333333335
GCodeRepRap:0.32666666666666666
GCodeExtruder:0.23833333333333334
GenericExtruderTabPanel:0.23
