Xml:0.4533333333333333
Info:0.37
SearchManager:0.36
Server:0.31666666666666665
GeonetContext:0.30333333333333334
Z3950Searcher:0.3
Config:0.23777777777777775
Geonet:0.22444444444444442
Spatial:0.22333333333333333
LuceneSearcher:0.21666666666666667
GNRemoteQueryDecoder:0.16666666666666666
Repositories:0.15833333333333333
SRUSearch:0.14666666666666667
GNTransformer:0.1025
Geonetwork:0.1
GNSearchSessionFactory:0.08861111111111111
SearchResult:0.08333333333333333
GNSearchable:0.065
SRUParamTester:0.056666666666666664
RepositoryInfo:0.04833333333333333
Path:0.043333333333333335
GNProfileService:0.041666666666666664
ContextContainer:0.035
GNExplainInfoDTO:0.03166666666666667
GNResultSet:0.02666666666666667
SRUParamTestDBO:0.025
GNCQLString:0.023333333333333334
DefaultContextSetCQLString:0.02
GNXMLQuery:0.016666666666666666
SRUArgumentParseException:0.013333333333333334
SRUDiag:0.0033333333333333335
DateRangeQuery:0.0
