NestedLoopBatchIterator:0.54
NestedLoopBatchIteratorTest:0.3466666666666667
CombinedColumn:0.3433333333333333
LeftJoinBatchIterator:0.2
