RegistrationHandler:0.6551666666666666
Domain:0.5433333333333333
IAuthDomain:0.33666666666666667
EmailVerifierRegistrationHandler:0.21333333333333335
ChainHandler:0.16
