Unknown:0.5133333333333333
IDispatch:0.43749206349206343
COMLateBindingBaseObject:0.2866666666666667
IUnknownTest:0.2833333333333333
IUnknown:0.254
TypeLibUtilTest:0.16361111111111112
COMEarlyBindingObject:0.1
