AbstractEntryProcessor:0.4533333333333333
FolderDaoImpl:0.33
AbstractFolderCoreProcessor:0.30333333333333334
AjaxController:0.3
AbstractBinderProcessor:0.28
ManageSearchIndexController:0.16666666666666666
