MigrationAwareService:0.6033333333333334
DefaultReplicaFragmentNamespace:0.4444444444444445
BaseMigrationOperation:0.29
MigrationManager:0.2866666666666667
PartitionReplicaManager:0.23666666666666666
ReplicaSyncRequest:0.22666666666666666
CheckReplicaVersionTask:0.2
PartitionDataSerializerHook:0.17666666666666667
