ListenerManager:0.52
ConnectionManager:0.33
HazelcastClient:0.31666666666666665
MapClientProxy:0.29
CollectionClientProxy:0.23666666666666666
HazelcastClientListTest:0.21666666666666667
ClusterClientProxy:0.21
MultiMapClientProxy:0.20444444444444446
InRunnable:0.17833333333333334
HazelcastClientSetTest:0.17666666666666667
OutRunnable:0.16
TopicClientProxy:0.15
SetClientProxy:0.125
HazelcastClientTopicTest:0.12
RemoveListenerHandler:0.09333333333333334
