TxmUser:0.5666666666666667
AdminServiceImpl:0.36666666666666664
AuthenticationServiceImpl:0.3566666666666667
TxmMenuBar:0.2833333333333333
TxmLoginModule:0.20666666666666667
HelpButton:0.14666666666666667
ContactButton:0.14666666666666667
