HL7ServerService:0.5266666666666666
HL7XMLWriter:0.32666666666666666
HL7SendService:0.30666666666666664
