ChatServer:0.7433333333333333
ChatClient:0.59
SSLClientExample:0.16333333333333333
