Messages:0.8666666666666667
WordCloud:0.38666666666666666
QueryIndex:0.32666666666666666
QueryIndexEditor:0.32
Dictionary:0.28
WordCloudEditor:0.25
VLCPlayerEditor:0.24666666666666667
ExpII:0.21666666666666667
ExpI:0.20666666666666667
ComputeWordCloud:0.14
ComputeQueryIndex:0.12
ComputeBalance:0.10333333333333333
QueryIndexToLexicalTable:0.08333333333333333
