ResultHandler:0.5166666666666667
CalendarResultHandler:0.27666666666666667
VEventResultParser:0.21333333333333335
CalendarParsedResultTestCase:0.16666666666666666
