Builder:0.42333333333333334
StringHelper:0.39888888888888885
ResultSetProcessingContextImpl:0.33666666666666667
Helper:0.25666666666666665
FetchStrategyHelper:0.2272222222222222
AbstractLoadPlanBuildingAssociationVisitationStrategy:0.22555555555555554
LoadQueryJoinAndFetchProcessor:0.21
AbstractLoadQueryDetails:0.19666666666666666
EntityLoadQueryDetails:0.16333333333333333
AbstractCollectionLoadQueryDetails:0.16333333333333333
ResultSetProcessorImpl:0.13333333333333333
LoadPlanStructureAssertionHelper:0.11666666666666667
