Bar3DChartHandler:0.4544444444444444
DifferenceChartHandler:0.36666666666666664
PlotXYChartHandler:0.36666666666666664
