AboutWindow:0.72
MainDesktopPane:0.5266666666666666
MainWindowMenu:0.38666666666666666
