Entity:0.6333333333333333
Fam:0.41333333333333333
Indi:0.3466666666666667
CreateLinked:0.25333333333333335
CreateFree:0.24666666666666667
Create:0.23
EditViewFactory:0.21333333333333335
Media:0.17
Source:0.17
Repository:0.17
Submitter:0.17
Note:0.17
ActionBack:0.09666666666666666
CreateRelated:0.03
