GiveDriverRoleAction:0.47333333333333333
RemoveDriverRoleAction:0.3466666666666667
RemoveAllDriverRoleAction:0.29333333333333333
GiveExclusiveDriverRoleAction:0.2833333333333333
