FileModule:0.6099444444444445
FolderModule:0.523888888888889
SiteScapeFileSystemImpl:0.31
FolderModuleImpl:0.27666666666666667
FileModuleImpl:0.13
