Vehicle:0.5133333333333333
Unit:0.4666666666666667
Settlement:0.3933333333333333
Person:0.38333333333333336
MapDisplay:0.29333333333333333
UnitManager:0.25666666666666665
GlobeDisplay:0.22666666666666666
