ForMethodDescription:0.605
ModifierReviewable:0.592111111111111
ElementMatchers:0.53
OfByteCodeElement:0.365
AbstractBase:0.3
ForParameterDescription:0.27051984126984113
ElementMatchersTest:0.21333333333333335
ModifierReviewableTest:0.12
OfEnumeration:0.10666666666666667
OfAbstraction:0.10666666666666667
ForTypeDescription:0.006666666666666667
ForFieldDescription:0.006666666666666667
FieldSample:0.006666666666666667
