FunctionalTest:0.39
ImmutableType:0.37333333333333335
EntityGenerator:0.31666666666666665
TypeBuilder:0.29
BaseType:0.2275
