DebugChemObjectBuilder:0.5
NoNotificationChemObjectBuilder:0.38333333333333336
DebugReactionScheme:0.37666666666666665
DebugReactionSchemeTest:0.3433333333333333
IChemObjectBuilder:0.27166666666666667
IReactionScheme:0.2
NNReactionScheme:0.1671111111111111
