InternalAwsS3Service:0.5069444444444444
AwsEc2Service:0.4266666666666667
S3Repository:0.4266666666666667
