MessageOrientedStep:0.8766666666666667
MessageOrientedStepTests:0.31666666666666665
