LoggerFactory:0.7433333333333333
CommonConfiguration:0.5533333333333333
GraphicUtilsFactory:0.54
JFXUtilsFactory:0.4866666666666667
SwingUtilsFactory:0.42
Timer:0.37666666666666665
ServerXMLObjectAttribute:0.29333333333333333
ARINClientWidgetFactory:0.2733333333333333
SliderSkin:0.2733333333333333
TreeTransferHandler:0.26666666666666666
ARINC661App:0.25333333333333335
FrameworkConfiguration:0.24
JFXExtensionFileFilter:0.2397222222222222
XMLSAXParser:0.23333333333333334
JFXTreeEditorCopyPasteTest:0.22333333333333333
MapItemsPaneRenderer:0.19333333333333333
WidgetEvent:0.19
JFXRendererBridge:0.18166666666666667
JFXLoggerFactory:0.17
SwingLoggerFactory:0.17
BinaryDFParser:0.16666666666666666
AbstractMapRenderer:0.15666666666666668
AbstractJFXProjectedMapItemRenderer:0.13666666666666666
SliderFormatter:0.13666666666666666
BlinkingContext:0.11666666666666667
WidgetEventStruct3Test:0.1
