SQLTransportExecutor:0.5533333333333333
GroupByAggregateTest:0.49833333333333335
StaticInformationSchemaQueryTest:0.39
