Iterator:0.38666666666666666
Array:0.37
List:0.37
Stream:0.36333333333333334
CharSeq:0.23333333333333334
Queue:0.21333333333333335
Vector:0.17333333333333334
