EditWorkflowScriptFormAction:0.543888888888889
EditVersionFormAction:0.35333333333333333
ExportReportAction:0.35333333333333333
