RuntimeObject:0.5566666666666666
StepFactory:0.4172222222222222
ParentVariableMoveStep:0.39666666666666667
