ICacheService:0.405
CacheConfig:0.4
CachePartitionSegment:0.3566666666666667
CacheService:0.3244444444444445
ICacheRecordStore:0.31337301587301586
AbstractCacheService:0.31333333333333335
AbstractCacheRecordStore:0.29333333333333333
CacheConfigReadOnly:0.21666666666666667
AbstractCacheConfig:0.21
CacheDestroyOperation:0.18166666666666667
AbstractCacheProxyBase:0.17
