ModelGenerator:0.5566666666666666
FileUtils:0.53
TemplateUtils:0.2633333333333333
UpdatedAreaUtils:0.22
