JoinNode:0.43
Alias:0.41
DefaultRenderContext:0.36333333333333334
AbstractContext:0.3333333333333333
TableImpl:0.304
