IndexShard:0.62
IndexingMemoryController:0.36
InternalEngineTests:0.2833333333333333
MockController:0.2678730158730158
IndexShardTests:0.24
ShardsIndicesStatusChecker:0.2175
IndexingMemoryControllerTests:0.14
