Call:0.5935
RealCall:0.4066666666666667
CallTest:0.2633333333333333
