ResourceFlowBuilder:0.5266666666666666
FlowResourceHelper:0.31333333333333335
