ResourceDriverManager:0.48333333333333334
ResourceDriverModule:0.41002777777777777
ResourceDriverModuleImpl:0.30666666666666664
ManageResourceDriverController:0.23
RDException:0.22
NullResourceDriverManager:0.14
WebKeys:0.07333333333333333
