Chain:0.59
NutDao:0.4766666666666667
Daos:0.30666666666666664
UpdateFieldsByChainPItem:0.24666666666666667
UpdateTest:0.22333333333333333
