MaterialCalendarView:0.6033333333333334
TitleChanger:0.26
DynamicSettersActivity:0.25333333333333335
CustomizeCodeActivity:0.13666666666666666
