OsgiBundleResource:0.37666666666666665
OsgiResourceUtils:0.30333333333333334
AbstractOsgiTests:0.24333333333333335
OsgiBundleResourcePatternResolver:0.17
ClassSpaceWildcardTest:0.12333333333333334
BundleClassPathTest:0.12333333333333334
OsgiUtils:0.06333333333333334
PackageAdminResolver:0.013333333333333334
DependencyResolver:0.0011111111111111111
