Order:0.7966666666666666
OrderTest:0.38
GoAddOrdersToInvoiceAction:0.09
AddOrdersToInvoiceAction:0.02666666666666667
