ReporterConfiguration:0.4766666666666667
SendReportEmailJoblet:0.3933333333333333
SendReportEmailJobletConfiguration:0.2833333333333333
ReportEmailAddressConfiguration:0.07333333333333333
ReportPDFResult:0.06333333333333334
ReportPDFHandle:0.016666666666666666
