ItemWriteListener:0.5546428571428571
ItemReadListener:0.5546428571428571
ChunkListener:0.3883730158730159
CompositeItemWriteListener:0.13
CompositeItemReadListener:0.13
CompositeChunkListener:0.08
