TreeInfo:0.42333333333333334
GwtTeamingMessages:0.4
TreeDisplayVertical:0.33
ActivityStreamCtrl:0.26666666666666666
