DbfFile:0.7482777777777778
ViewOptionsPlugIn:0.3258333333333333
