Jobs:0.44333333333333336
WorkbenchUtilities:0.36666666666666664
Popups:0.31666666666666665
WorkspaceUtilities:0.2966666666666667
ShellTextHandler:0.14
InvokeNewWizard:0.12
