DataStore:0.7433333333333333
Scheduler:0.35333333333333333
LoaderTread:0.17
