DataTableFolderViewBase:0.38
TaskListing:0.32
FolderViewBase:0.31666666666666665
TaskGraphsPanel:0.27
TaskFolderView:0.27
CalendarFolderView:0.25333333333333335
