OleAuto:0.73
VARIANT:0.4266666666666667
SAFEARRAY:0.30666666666666664
OleAutoTest:0.20888888888888887
VariantTest:0.203
VARTYPEByReference:0.013333333333333334
