LocalScriptQuery:0.8266666666666667
ScriptQueryNode:0.30333333333333334
ScriptQueriesManagerService:0.2866666666666667
