Array:0.34
Vector:0.30333333333333334
TreeMap:0.26666666666666666
TraversableOnce:0.2544444444444445
CharSeq:0.2425
SortedMap:0.23666666666666666
SortedSet:0.23666666666666666
Gen:0.2277777777777778
IndexedSeq:0.21333333333333335
TreeSet:0.17
