NNMEvent:0.59
EventFormat:0.38
EventIdentity:0.35
Resolver:0.3023531746031747
Filter:0.21666666666666667
EventConfiguration:0.1162777777777778
DefaultNNMEventFactory:0.09666666666666666
EventFormatTest:0.016666666666666666
DefaultResolver:0.006666666666666667
