UURI:0.36666666666666664
Frontier:0.3
CrawlScope:0.22
StatisticsTracker:0.17666666666666667
CrawlController:0.15333333333333332
FileUtils:0.14666666666666667
SeedList:0.12111111111111111
ReplayCharSequenceFactory:0.08333333333333333
SeedListTest:0.07277777777777779
FilterScope:0.05333333333333334
