EdgeIterator:0.6866666666666666
ModelLoader:0.5366666666666666
EdgeView:0.4066666666666667
