QRCodeEncoder:0.7405555555555555
CameraManager:0.5057222222222222
