JMXWrapperEvent:0.6066666666666667
JMXWrapperListener:0.27166666666666667
