EvictionHelper:0.41333333333333333
AbstractEvictableRecordStore:0.36666666666666664
EvictionTest:0.35333333333333333
