Dictionary:0.9116666666666666
OWLFile:0.2633333333333333
