Viewer:0.5466666666666666
JnetPopup:0.43333333333333335
Eval:0.36
Compiler:0.3377777777777778
MyStatusListener:0.21
