GameOver:0.5027777777777778
MainMenu:0.5027777777777778
Renderer:0.44333333333333336
GdxInvaders:0.31333333333333335
