JsonSerializer:0.5033333333333333
JsonContext:0.49333333333333335
BeanSerializer:0.32222222222222224
