Binder:0.6066666666666667
ElementVisitor:0.5205555555555557
RegularBuilder:0.35
ModuleBinding:0.3233333333333333
DefaultElementVisitor:0.31333333333333335
RecordingBinder:0.2866666666666667
AbstractProcessor:0.2866666666666667
ElementsTest:0.20666666666666667
ModuleWriter:0.16333333333333333
