AbstractTestQueries:0.5866666666666667
InformationSchemaDataStreamProvider:0.3988888888888889
MetadataUtil:0.31
