AjaxController:0.59
BinderHelper:0.5166666666666667
WebKeys:0.416984126984127
AccessControlController:0.15666666666666668
