Exon:0.41333333333333333
ExonI:0.4083888888888889
FeatureSet:0.35
Transcript:0.33
DrawableAnnotatedSeqFeature:0.24
