RedisCommands:0.735
RedissonSetCacheReactive:0.43
RedissonSetCache:0.4066666666666667
RedissonSetCacheTest:0.38
RedissonScoredSortedSet:0.3566666666666667
RedissonSetCacheReactiveTest:0.31666666666666665
RedissonScoredSortedSetReactive:0.22583333333333333
ObjectSetReplayDecoder:0.15
EvictionScheduler:0.08333333333333333
