UserData:0.49333333333333335
AuthenticationServiceImpl:0.32666666666666666
SubscribeForm:0.25333333333333335
TxmConfig:0.21666666666666667
HelloServiceImpl:0.17472222222222225
ManageUserTab:0.14666666666666667
ProfileForm:0.12
ExtendedCaptchaServlet:0.0033333333333333335
