TimeChartData:0.43333333333333335
XPathChartData:0.2866666666666667
AbstractCruiseControlChartData:0.22333333333333333
PieChartData:0.18877777777777777
TimeChartDataTest:0.14666666666666667
AbstractCruiseControlChartDataTest:0.06333333333333334
