EventBus:0.5866666666666667
SubscriberMethod:0.36333333333333334
EventBusBasicTest:0.2633333333333333
EventBusMethodModifiersTest:0.25666666666666665
EventBusSubscriberLegalTest:0.19333333333333333
EventBusStickyEventTest:0.18333333333333332
SubscriberMethodFinder:0.14333333333333334
EventBusNoSubscriberEventTest:0.11333333333333333
