CAInterfaceBean:0.49
EjbcaWebBean:0.23666666666666666
EditPublisherJSPHelper:0.15333333333333332
PublisherQueueSessionBean:0.14
TestPublisherQueue:0.08333333333333333
