COMLateBindingObject:0.5933333333333334
MSWord:0.5566666666666666
MSOfficeDemo:0.305
