SWDownloadCandidate:0.8166666666666667
SWCandidateTableModel:0.43333333333333335
MultiScopeProgressBar:0.32
ScopeProgressCellRenderer:0.11333333333333333
