TopologyViewScene:0.67
Constants:0.5405555555555556
DisaggregateTransportLinkAction:0.31333333333333335
