TextSelectionTab:0.29
CriteraPanel:0.21333333333333335
CooccurrencePermission:0.21333333333333335
TextTable:0.21
HelloServiceImpl:0.20172222222222222
TxmHTMLPane:0.1965
GroupedDateSelector:0.17666666666666667
TextSelectionServiceImpl:0.16
VocabularyServiceImpl:0.13666666666666666
VocabularyResult:0.12083333333333333
TextSelectionResult:0.09444444444444446
IndexTab:0.09
SpecificitiesPermission:0.07333333333333333
