Subscription:0.6366666666666667
ClientConductor:0.33666666666666667
Connection:0.30666666666666664
