CMap:0.8233333333333334
ManagementCenterService:0.4066666666666667
GetMapConfigCallable:0.30666666666666664
ConsoleRequestConstants:0.19026984126984126
ClientHandler:0.18
UpdateMapConfigCallable:0.17
