EAExporter:0.5866666666666667
DOCXDocument:0.4666666666666667
GenericDocumentWriter:0.21333333333333335
