CertTools:0.8233333333333334
StressTest:0.37
CryptoTokenSessionBean:0.20666666666666667
CaRenewCACommand:0.20666666666666667
