Sjc74JavaConfigApplicationContextTests:0.20333333333333334
Sjc74JavaConfigWebApplicationContextTests:0.20333333333333334
