NumberCellRenderer:0.39555555555555555
MissionTableModel:0.2916666666666667
SettlementTableModel:0.21666666666666667
TabPanelPowerGrid:0.17444444444444446
TabPanelThermalSystem:0.17444444444444446
TabPanelCredit:0.17444444444444446
TabPanelGoods:0.17111111111111113
VehicleTableModel:0.16861111111111113
InventoryTabPanel:0.14666666666666667
FoodTableModel:0.11
