OperationService:0.6166666666666667
NodeEngineImpl:0.5533333333333333
OperationServiceImpl:0.5
BackupResponse:0.23444444444444443
