SubstructureFilter:0.3233333333333333
PerceiveMMFF94AtomTypes:0.3233333333333333
PerceiveMM2AtomTypes:0.3233333333333333
Has2DCoordinates:0.31333333333333335
Has3DCoordinates:0.31333333333333335
RuleOfFiveFilter:0.31333333333333335
CDKIOReader:0.24
DescriptorCalculator:0.23666666666666666
CDK2DRenderer:0.22333333333333333
SmilesTools:0.09333333333333334
PartialChargesCalculator:0.07333333333333333
Model3DBuilders:0.03666666666666667
CDKIOWriter:0.013333333333333334
StructureDiagramCreator:0.0033333333333333335
HydrogenTools:0.0033333333333333335
FingerprintCalculator:0.0033333333333333335
