TagElement:0.4066666666666667
TreeConverter:0.37416666666666665
JavadocConverter:0.3233333333333333
JavadocGeneratorTest:0.31333333333333335
DebugASTDump:0.21916666666666668
JavadocGenerator:0.20777777777777778
