Beans:0.4633333333333333
CasManagementWebAppConfiguration:0.4266666666666667
AbstractLdapProperties:0.4
CasWebflowContextConfiguration:0.36666666666666664
CasWebAppConfiguration:0.2683333333333333
