EngineConfig:0.36333333333333334
IndexShard:0.3233333333333333
Engine:0.3233333333333333
InternalEngineTests:0.31333333333333335
InternalEngine:0.25333333333333335
IndexingMemoryController:0.22377777777777774
ShadowEngineTests:0.21666666666666667
TranslogHandler:0.20333333333333337
EngineMergeScheduler:0.09333333333333334
