ConceptualSchemeFactory:0.13333333333333333
GetDomainFactory:0.05333333333333334
GetDomainResponseFactory:0.01
GetRecordsResponseFactory:0.01
GetCapabilitiesFactory:0.0033333333333333335
GetRecordsFactory:0.0033333333333333335
GetRecordByIdFactory:0.0
DescribeRecordResponseFactory:0.0
GetRecordByIdResponseFactory:0.0
