PdfExtractorTest:0.8566666666666667
AbstractApertureInOsgiTest:0.7347777777777778
