RegionEditor:0.4533333333333333
SCHEMA:0.39666666666666667
ImageEditor:0.3933333333333333
ImageTreeConfiguration:0.16333333333333333
ImageEditorFactory:0.09
ImageTreeModel:0.06333333333333334
ImageMenuFactory:0.04666666666666667
TermAddHistoryItem:0.023333333333333334
ImageTreeRenderer:0.02
TermDeleteHistoryItem:0.016666666666666666
ImageGestureRecognizer:0.013333333333333334
TermTreeConfiguration:0.006666666666666667
ImageTextEditor:0.0
