Origin:0.52
Registry:0.32666666666666666
PropertyFile:0.2683333333333333
GedcomReader:0.26
FileAssociation:0.23666666666666666
Model:0.23
PropertyBlob:0.20333333333333334
InputStreamSniffer:0.18666666666666668
ActionOpen:0.15333333333333332
ProxyFile:0.13666666666666666
RunExternal:0.12333333333333334
ByteArray:0.10333333333333333
Applet:0.09666666666666666
ZipOrigin:0.08666666666666667
InputStreamImpl:0.07333333333333333
DefaultOrigin:0.065
