AuthorizationEntity:0.5366666666666666
AuthorizationPlugin:0.38666666666666666
AuthorizationStack:0.04
