Context:0.48333333333333334
DriverConductor:0.4633333333333333
RawLogFactory:0.39666666666666667
RawLogFactoryTest:0.21
Configuration:0.13666666666666666
