SerializeWriter:0.7666666666666667
ASMSerializerFactory:0.31
Context:0.26666666666666666
JavaBeanSerializer:0.21222222222222223
LongCodec:0.11
IntegerCodec:0.11
BenchmarkMain:0.1
ListSerializer:0.03333333333333333
