TierManager:0.4266666666666667
FeatureTierManager:0.4033333333333333
Selection:0.38666666666666666
ApolloPanel:0.33666666666666667
ScrollableTierView:0.2833333333333333
FeatureView:0.24333333333333335
SequenceView:0.24
FineApolloPanel:0.23666666666666666
FineFeatureEditorPanel:0.19666666666666666
SequenceTierManager:0.125
SequenceTier:0.006666666666666667
