AlignmentPanel:0.36
IdPanel:0.31
SeqPanel:0.2733333333333333
SequenceSelectionEvent:0.24666666666666667
AlignFrame:0.19
FillPanel:0.15666666666666668
ControllerDebugListener:0.15666666666666668
