NutDao:0.4666666666666667
Scans:0.4633333333333333
Daos:0.2866666666666667
Loadings:0.18
ScansTest:0.14
AnnotationIocLoader:0.13333333333333333
JsonLoader:0.055555555555555546
ResourceFileVisitor:0.02666666666666667
ResourceFileFilter:0.016666666666666666
