AtomValenceDescriptor:0.82
ValenceConnectivityOrderZeroDescriptor:0.25666666666666665
ValenceConnectivityOrderOneDescriptor:0.25666666666666665
