TupleStreamDeserializer:0.49166666666666664
DatabaseStorageManager:0.34
UncompressedSerde:0.22222222222222224
DemoQuery:0.20666666666666667
DictionarySerde:0.16333333333333333
StorageManager:0.1627777777777778
RunLengthEncodedSerde:0.10333333333333333
Main:0.10333333333333333
SelfIdTupleStreamDeserializer:0.08666666666666667
StatsAnnotatedTupleStreamDeserializer:0.08
