TutorialTopComponent:0.6666666666666666
SelectionWindow:0.5366666666666666
MainWindow:0.37666666666666665
