CDKAtomTypeMatcherTest:0.5866666666666667
StructGenMatcherTest:0.22
EStateAtomTypeMatcherTest:0.21333333333333335
MM2AtomTypeMatcherTest:0.17666666666666667
MMFF94AtomTypeMatcherTest:0.17666666666666667
SybylAtomTypeMatcherTest:0.07
