ShadowActivityTest:0.39666666666666667
OverlayResourceIndex:0.35333333333333333
AttributeSetBuilderTest:0.3433333333333333
ShadowResourcesTest:0.33144444444444443
AttributeSetBuilder:0.25333333333333335
