ProjectTest:0.4633333333333333
CruiseControlControllerJMXAdaptor:0.42
Util:0.41333333333333333
CruiseControlControllerJMXAdaptorTest:0.06333333333333334
