Kuwaiba:0.5
RemoteObject:0.43666666666666665
WebServiceBean:0.29333333333333333
ServerSideException:0.19666666666666666
BusinessEntityManager:0.17472222222222222
UserProfile:0.155
WebServiceBeanRemote:0.09916666666666667
Tools:0.02
InvalidSessionException:0.0
NotAuthorizedException:0.0
