StatsSnapshot:0.4666666666666667
JPPFStats:0.3466666666666667
NodeNioServer:0.31666666666666665
JPPFDriverStatsManager:0.26666666666666666
StatsFormatter:0.25333333333333335
JPPFDriverListener:0.23644444444444446
JPPFDriverStatsUpdater:0.14333333333333334
