HTMLSelectElement:0.4866666666666667
HtmlSelect:0.2966666666666667
HTMLOptionsCollection:0.2813333333333334
HTMLOptionElement2Test:0.28
HTMLOptionsCollectionTest:0.27
HTMLSelectElementTest:0.22
