AtmosphereFramework:0.4755555555555555
WebSocket:0.41
DefaultWebSocketProcessor:0.31666666666666665
WebSocketProcessorFactory:0.2833333333333333
ArrayBaseWebSocket:0.21666666666666667
