TicketFormatter:0.53
Ini:0.47333333333333333
PrinterDriver:0.4083333333333333
PosModel:0.2833333333333333
X_C_CashBook:0.2733333333333333
CLogMgt:0.24333333333333335
Preference:0.23
Login:0.19333333333333333
DocumentThread:0.18333333333333332
PosPanel:0.14
PosTicketFormatter:0.06666666666666667
EpsonPrinterDriver:0.03
CalloutTicket:0.017777777777777778
PayCashTicketFormatter:0.006666666666666667
