GLU:0.52
Project:0.48
Util:0.25333333333333335
Registry:0.15661111111111112
Sphere:0.15333333333333332
