Tab:0.683888888888889
ModuleManager:0.5766666666666667
