SimpleUrlValidator:0.6166666666666667
UrlValidator:0.5736666666666667
SimpleUrlValidatorFactoryBean:0.4533333333333333
