HashMap:0.58
TreeMap:0.4166666666666667
LinkedHashMap:0.38
TreeMapTest:0.17666666666666667
LinkedHashMapTest:0.17666666666666667
HashMapTest:0.14666666666666667
