DriverPublication:0.47
DriverConductor:0.44933333333333336
SenderTest:0.31
SendChannelEndpoint:0.29333333333333333
DriverProxy:0.28
