Edit:0.42
jEdit:0.39666666666666667
JEditTextArea:0.36333333333333334
Buffer:0.3
Remove:0.20666666666666667
Insert:0.20666666666666667
SearchAndReplace:0.20111111111111113
CompoundEdit:0.19666666666666666
UndoManager:0.18666666666666668
HelpViewer:0.18666666666666668
ColorTableModel:0.14
