DelimitedLineTokenizerTests:0.46
IncorrectTokenCountException:0.4
FixedLengthTokenizerTests:0.35333333333333333
AbstractLineTokenizer:0.1627777777777778
IncorrectLineLengthException:0.14333333333333334
FixedLengthTokenizer:0.07444444444444444
FlatFileFormatException:0.0
