Action:0.5666666666666667
DiscoveryNode:0.54
TransportService:0.34
ZenDiscovery:0.325
TransportReplicationActionTests:0.25666666666666665
MasterFaultDetection:0.25
PublishClusterStateActionTests:0.23666666666666666
NodesFaultDetection:0.21666666666666667
UnicastZenPing:0.21666666666666667
PublishClusterStateAction:0.21666666666666667
MembershipAction:0.19
AbstractSimpleTransportTestCase:0.15666666666666668
ZenDiscoveryUnitTests:0.11
VerifyNodeRepositoryAction:0.09333333333333334
