TestBitSetWordSize:0.35333333333333333
BaseTest:0.3466666666666667
SharedWebDriver:0.33644444444444443
