DefaultBroadcaster:0.58
JerseyBroadcaster:0.25
AR:0.2288888888888889
BroadcastFilterTest:0.19
AbstractBroadcasterProxy:0.17
JerseySimpleBroadcaster:0.08666666666666667
PubSubBroadcaster:0.02666666666666667
