BaseManager:0.5632222222222223
FactoryImpl:0.3983333333333333
HazelcastClient:0.3883333333333333
