SignSIgRunner:0.7669444444444444
SignSigPropertyCalculator:0.38083333333333336
