JCPToolBar:0.5666666666666667
ChangeModeAction:0.5166666666666667
