Grammar:0.51
GrammarAST:0.38
Rule:0.3233333333333333
GrammarRootAST:0.3164285714285715
Recognizer:0.2866666666666667
ParserATNSimulator:0.2633333333333333
LexerATNSimulator:0.24666666666666667
Parser:0.24333333333333335
Tool:0.23666666666666666
ActionTranslator:0.20666666666666667
OutputModelController:0.18666666666666668
CodeGenerator:0.18
GrammarTransformPipeline:0.13666666666666666
