UnexpectedJobExecutionException:0.67
SimpleJob:0.28
ItemOrientedStepTests:0.25333333333333335
JdbcStepExecutionDao:0.18666666666666668
SimpleJobTests:0.18666666666666668
ItemOrientedStep:0.17444444444444446
TaskletStep:0.15166666666666667
ExceptionThrowingItemReaderProxy:0.13666666666666666
TaskletStepTests:0.11666666666666667
OrderWriter:0.10666666666666667
RestartFunctionalTests:0.10333333333333333
OrderWriterTests:0.1
ExceptionThrowingItemReaderProxyTests:0.07333333333333333
