MappingAction:0.6316666666666667
ImportAction:0.2905555555555555
