AbstractQueryTestCase:0.53
GetActionIT:0.37333333333333335
RangeQueryBuilderTests:0.32666666666666666
NumberFieldTypeTests:0.29333333333333333
TermsQueryBuilderTests:0.2866666666666667
SimpleQueryStringIT:0.2866666666666667
QueryStringIT:0.27666666666666667
IndicesModule:0.23333333333333334
SearchQueryIT:0.22666666666666666
MultiFieldsIntegrationIT:0.20666666666666667
MultiFieldTests:0.18
