MainMenuControl:0.45
GwtTeamingMessages:0.31333333333333335
MyTeamsMenuPopup:0.16666666666666666
FavoritesMenuPopup:0.16333333333333333
MenuBarPopup:0.12333333333333334
ActionsMenuPopup:0.016666666666666666
ManageMenuPopup:0.016666666666666666
ShowMenuPopup:0.016666666666666666
