RedissonSortedSetTest:0.5566666666666666
RedissonAtomicLongTest:0.2966666666666667
BaseTest:0.2633333333333333
