ConnectionPool:0.5433333333333333
LoadBalancerManagerImpl:0.37333333333333335
PubSubConnectionPoll:0.26666666666666666
MasterSlaveEntry:0.2633333333333333
LoadBalancerManager:0.23081746031746025
SingleEntry:0.17666666666666667
LoadBalancer:0.11833333333333333
MasterConnectionPool:0.06666666666666667
RoundRobinLoadBalancer:0.043333333333333335
RandomLoadBalancer:0.043333333333333335
