JsonArray:0.4
JsonObject:0.4
BufferImpl:0.2633333333333333
ClusterSerializable:0.2523888888888889
JsonArrayTest:0.24333333333333335
ClusteredEventBusTest:0.23666666666666666
EventBusImpl:0.22
JsonObjectTest:0.20916666666666667
