StatementGeneratorTest:0.6033333333333334
StatementGenerator:0.5966666666666667
CastResolver:0.4
CastResolverTest:0.18
