MementoTextInput:0.6233333333333333
LatexMathParser:0.27666666666666667
LatexTextParser:0.24333333333333335
SeparatorNotFoundException:0.18444444444444444
MathParser:0.14
AsciiMathParser:0.013333333333333334
SimpleTextParser:0.01
