NettyResponseFuture:0.4077777777777778
AsyncHttpClientConfig:0.26666666666666666
Builder:0.25
NettyAsyncHttpProvider:0.24333333333333335
