JChemPaintEditor:0.7633333333333333
ChangeModuleHandler:0.25333333333333335
ModuleState:0.17
Parameters:0.10333333333333333
