XCAInitiatingGateway:0.3433333333333333
XCAAbstractRequestCollection:0.3233333333333333
XCAAdhocQueryRequest:0.265
XCAIGRetrieveDocumentSet:0.25333333333333335
XCARGRetrieveDocumentSet:0.25333333333333335
XCAIGAdhocQueryRequest:0.245
XCARespondingGateway:0.23333333333333334
XCARGAdhocQueryRequest:0.23166666666666666
XCAAbstractTransaction:0.20333333333333334
XCARetrieveDocumentSet:0.17900000000000002
XCARetrieveRequestCollection:0.17
XCAQueryRequestCollection:0.17
