DefaultQueryHandler:0.6033333333333334
QueryHandler:0.6
DatabaseHandler:0.28
DB2400QueryHandler:0.20666666666666667
WatchlistServlet:0.2
DB2QueryHandler:0.19666666666666666
OracleQueryHandler:0.19666666666666666
WikiPageInfo:0.1827777777777778
