CommandReadOperation:0.39666666666666667
CommandWriteOperation:0.39666666666666667
CommandOperationHelper:0.3466666666666667
DB:0.32666666666666666
MongoDatabaseImpl:0.24333333333333335
