OutlookCrawler:0.8466666666666667
OutlookDataSourceDetector:0.25666666666666665
