CharSeq:0.6866666666666666
CharSeqTest:0.6425
RedBlackTreeTest:0.36666666666666664
