ComponentReference:0.5666666666666667
ScriptTest:0.29
Action:0.21444444444444447
JTabbedPaneTester:0.19666666666666666
JTabbedPaneLocationTest:0.17777777777777778
MyCode:0.16333333333333333
