MultipleFailureException:0.9366666666666666
RunAfters:0.2633333333333333
