TestAnalyzer:0.7517777777777778
TupleAnalyzer:0.6833333333333333
