HTMLScriptElementTest:0.7235555555555555
HTMLScriptElement:0.4666666666666667
