JFXDefaultXMLExporterTest:0.37
CSSUnknownRuleImpl:0.33
JFXServerCockpitConnectors5Test:0.31
AbstractMapItemList:0.2966666666666667
SymbolConverter:0.2833333333333333
NoClipLabeledSkinBase:0.2633333333333333
JFXPainterUtils:0.25666666666666665
ServerWidgetFactory:0.24666666666666667
JFXEditorSaveDFTest:0.24333333333333335
WidgetListener:0.24
LayerListener:0.23
PropertyPanelFactoryTest:0.1522222222222222
DFListener:0.13666666666666666
JFXServerCockpitChangeLayout3Test:0.07333333333333333
JFXServerCockpitChangeLayout4Test:0.07
