NormalResponse:0.42333333333333334
AbstractSerializationService:0.39666666666666667
OutboundResponseHandler:0.3333333333333333
OperationRunnerImpl:0.27466666666666667
AbstractSerializationServiceTest:0.19666666666666666
InternalSerializationService:0.1925
