DatabaseWriter:0.7066666666666667
DatabaseWriterSettings:0.5
ParameterConstants:0.32555555555555554
DefaultDataLoaderFactory:0.2866666666666667
