ObjectMultiMapProxy:0.30666666666666664
ObjectListProxy:0.30666666666666664
LockProxy:0.28
ExecutorServiceProxy:0.24333333333333335
SemaphoreProxy:0.23666666666666666
ObjectSetProxy:0.23666666666666666
TransactionalQueueProxy:0.18
CountDownLatchProxy:0.18
TransactionalSetProxy:0.18
TransactionalMultiMapProxy:0.18
TransactionalListProxy:0.18
TransactionalMapProxy:0.14333333333333334
