MapService:0.52
RemoteService:0.41833333333333333
HazelcastInstanceImpl:0.39666666666666667
