FileBean:0.33666666666666667
StudyBean:0.27166666666666667
InstanceBean:0.27166666666666667
FileBeanTest:0.24777777777777776
DirectoryBean:0.23666666666666666
SeriesBean:0.20833333333333334
