Future:0.7022222222222222
FutureImpl:0.69
FutureTest:0.20166666666666666
