Block:0.47
Cell:0.37
NestedBlockLayout:0.24
BeanPanel:0.22333333333333333
Column:0.21666666666666667
Row:0.17333333333333334
Table:0.12666666666666668
EventsBean:0.08333333333333333
Folder:0.07333333333333333
Model:0.04833333333333333
Expander:0.043333333333333335
GraphicsHelper:0.03
ShapeAsIcon:0.0033333333333333335
