AnalysisResult:0.41333333333333333
StatementAnalyzer:0.31333333333333335
AnalyzedAggregation:0.2866666666666667
FunctionInfo:0.26
AnalyzedExpression:0.24666666666666667
Planner:0.13333333333333333
