PostalAddress:0.6666666666666666
PostalAddressTest:0.25666666666666665
TelephoneNumberTest:0.25666666666666665
PostalAddressFactory:0.07
TelephoneNumberFactory:0.05
