Language:0.6366666666666667
Description:0.3466666666666667
LocaleFilter:0.22333333333333333
LocalizedBusinessObject:0.15666666666666668
