RegexDeepCrawler:0.5333333333333333
DemoNewsCrawler:0.3466666666666667
FetcherThread:0.09
SogouVisitor:0.09
DemoJsonVisitor:0.09
