ScriptContext:0.5733333333333334
PropertiesScript:0.30111111111111116
AbstractScriptAction:0.26666666666666666
EditorScriptConfiguration:0.21333333333333335
ApplyScriptAction:0.20694444444444446
ScriptingSettings:0.161
EditorScriptPlugin:0.14333333333333334
PropertiesScriptManager:0.08333333333333333
ScriptExceptionHelper:0.07333333333333333
GroovyPropertiesScript:0.05
