MapperService:0.59
SimpleIdCache:0.4533333333333333
ChildrenConstantScoreQueryTests:0.14333333333333334
SimpleIdCacheTests:0.13666666666666666
DocumentTypeListener:0.12
SimpleChildQuerySearchTests:0.10333333333333333
PercolateTypeListener:0.06333333333333334
