DefaultDOManager:0.5066666666666667
DBIDLookup:0.31333333333333335
DefaultDOReplicator:0.2633333333333333
DBPathRegistry:0.25
FieldSearchResultSQLImpl:0.18333333333333332
DOValidatorIntegrityCheck:0.16666666666666666
FastBmechReader:0.155
