Lang:0.77
Mirror:0.45666666666666667
AbstractAdaptor:0.2833333333333333
JsonParsing:0.24955555555555559
NutActionChainMaker:0.13333333333333333
JsonInjector:0.12
