LinkToFolderProperties:0.47333333333333333
GwtTeamingMessages:0.31666666666666665
DropWidget:0.25
LinkToFolderDropWidget:0.24
ConfigData:0.16666666666666666
LinkToFolderPaletteItem:0.16
LinkToFolderWidgetDlgBox:0.13666666666666666
LinkToFolderConfig:0.13
