CommCore:0.6466666666666666
CommChannel:0.5166666666666667
SelectorThread:0.27
SelectableStreamingCommChannel:0.25333333333333335
