OCSPCAService:0.46166666666666667
LocalUserAdminSessionBean:0.4066666666666667
LocalKeyRecoverySessionBean:0.29
HardTokenProfileDataBean:0.23333333333333334
