DBObjects:0.4633333333333333
DBCollection:0.44333333333333336
ServerAddress:0.2833333333333333
WriteResult:0.18333333333333332
