SeriesModel:0.61
StudyModel:0.5666666666666667
StudyListPage:0.3433333333333333
PrivSelectedEntities:0.20666666666666667
StudyListView:0.11
PatientListView:0.11
