MediaSubscriptionEndpoint:0.5366666666666666
DriverConnectedSubscription:0.38
DriverConductorTest:0.36666666666666664
DriverConductor:0.31333333333333335
Receiver:0.12583333333333332
