Property:0.5433333333333333
Restrictions:0.5233333333333333
CriteriaQueryTest:0.27
