QueryBuilders:0.5566666666666666
CommonTermsQueryBuilder:0.36
IndicesQueryBuilder:0.33
ESTestCase:0.31333333333333335
SearchQueryIT:0.2866666666666667
IndexQueryParserService:0.2733333333333333
IndicesQueryParser:0.22333333333333333
QueryShardContext:0.17
IndicesModule:0.12666666666666668
IndicesQueriesRegistry:0.05
