Vector:0.6483333333333333
CharSeq:0.5183333333333333
