LockStoreContainer:0.5183333333333333
MapLockTest:0.42
MultiMapPartitionContainer:0.31666666666666665
MultiMapLockTest:0.19
