MetadataManager:0.48333333333333334
FunctionRegistry:0.45666666666666667
AbstractTestQueries:0.3933333333333333
TestAnalyzer:0.24666666666666667
LocalQueryRunner:0.19
TestSqlStageExecution:0.18333333333333332
TestSqlTaskManager:0.15
TestFunctionRegistry:0.15
TestSqlTaskExecution:0.13666666666666666
