JFlexSymbolMatcher:0.5613333333333334
SymbolMatchedPublisher:0.412781746031746
