GwtClientHelper:0.41
FolderOptionsDlg:0.35333333333333333
GwtTeamingMessages:0.31666666666666665
ToolbarItem:0.25
ManageMenuPopup:0.22
TeamManagementClickHandler:0.20555555555555557
ContextItemClickHandler:0.10333333333333333
