BoundedLocalCache:0.6216666666666667
CacheBuilderGwtTest:0.31
Sync:0.23133333333333336
ValueIterator:0.19333333333333333
EntryIterator:0.17333333333333334
KeyIterator:0.11666666666666667
