SystemShell:0.8066666666666666
CommandoTextField:0.19666666666666666
StreamThread:0.19666666666666666
edit:0.16666666666666666
