DefaultWebflowConfigurer:0.2733333333333333
ManagementWebappProperties:0.26
MultifactorAuthenticationProperties:0.26
YubiKeyMultifactorWebflowConfigurer:0.25333333333333335
AuthyConfiguration:0.21
CasManagementWebAppConfiguration:0.20666666666666667
YubiKey:0.19
Authy:0.18333333333333332
AbstractCipherExecutor:0.16666666666666666
CasWebflowConstants:0.1527777777777778
EncodingUtils:0.13666666666666666
Trusted:0.10666666666666667
AbstractCasWebflowConfigurer:0.10333333333333333
Radius:0.1
Duo:0.1
YubiKeyConfiguration:0.06333333333333334
GoogleAuthenticatorMultifactorTrustConfiguration:0.02
DuoMultifactorTrustConfiguration:0.01
RadiusMultifactorTrustConfiguration:0.01
YubiKeyMultifactorTrustConfiguration:0.01
AuthyMultifactorTrustConfiguration:0.01
