From:0.569555315055315
DataAdapterI:0.38262698412698404
NbrowseJdbcAdapter:0.3233333333333333
Select:0.29833333333333334
RainbowGUI:0.2543333333333333
NodeAttrQueryView:0.19666666666666666
CategoryCheckBoxListener:0.16772222222222222
EdgeFilterView:0.10333333333333333
Where:0.03333333333333333
TouchGraphXmlAdapter:0.023333333333333334
ErrorUtil:0.02238095238095238
CommaString:0.013333333333333334
