IssueDAO:0.78
IssueServiceImpl:0.47
IssueDAOImplTest:0.2633333333333333
IssueDAOImpl:0.20666666666666667
