TestSerializerWithTypeConstructor:0.8674206349206349
SerializerHookLoader:0.46166666666666667
SerializerHookLoaderTest:0.39666666666666667
