AssignmentHandler:0.38
PeriodicChecker:0.3333333333333333
ProcessStartState:0.24333333333333335
AssignmentState:0.12666666666666668
