MyStaticValue:0.96
ToAnalysis:0.24333333333333335
IndexAnalysis:0.23666666666666666
UserDefineLibrary:0.2011111111111111
NumRecognition:0.17666666666666667
AppTest:0.13333333333333333
