Props:0.55
PropsTest:0.4033333333333333
PropsData:0.3233333333333333
PetiteRegistry:0.2633333333333333
