ScanObjectEntry:0.59
CommandAsyncService:0.26666666666666666
RedissonBaseIterator:0.23333333333333334
RedissonTest:0.2
RedissonBaseMapIterator:0.17666666666666667
RedissonMultiMapIterator:0.17333333333333334
MapScanCodec:0.14333333333333334
ScanCodec:0.13666666666666666
SetReactiveIterator:0.13666666666666666
RedissonMapReactiveIterator:0.12666666666666668
