AbstractOsgiTests:0.685
OnTheFlyBundleCreatorTests:0.3363888888888889
StreamCorruption:0.18666666666666668
