DefaultConversionService:0.4033333333333333
ConversionExecutor:0.35
ConverterPropertyEditorAdapter:0.32
ConversionService:0.2411666666666667
AbstractConversionService:0.16666666666666666
CustomConverterConfigurer:0.03
