AndroidManifest:0.5533333333333333
ContentProviderData:0.4
Robolectric:0.38333333333333336
DefaultPackageManager:0.25666666666666665
ShadowContentResolverTest:0.23583333333333334
AndroidManifestTest:0.22333333333333333
DefaultPackageManagerTest:0.2
Logger:0.04
