λ:0.5033333333333333
Function3Test:0.24666666666666667
Function8Test:0.24666666666666667
Function5Test:0.24666666666666667
Function6Test:0.24666666666666667
CheckedFunction7Test:0.24666666666666667
CheckedFunction1Test:0.24666666666666667
CheckedFunction3Test:0.24666666666666667
CheckedFunction5Test:0.24666666666666667
Function2Test:0.24666666666666667
Function4Test:0.24666666666666667
Function7Test:0.24666666666666667
CheckedFunction8Test:0.24666666666666667
Function1Test:0.24666666666666667
CheckedFunction6Test:0.24666666666666667
CheckedFunction2Test:0.24666666666666667
CheckedFunction4Test:0.24666666666666667
Function0Test:0.22166666666666668
CheckedFunction0Test:0.22166666666666668
