TextSelectionResult:0.51
UserManager:0.4216666666666667
AdminServiceImpl:0.34
TXM_RIA:0.31666666666666665
Profiles:0.23333333333333334
TextTable:0.23166666666666666
AuthenticationServiceImpl:0.22333333333333333
VocabularyParam:0.20833333333333334
TextSelectionServiceImpl:0.20666666666666667
TextSelectionTab:0.20333333333333334
VocabularyServiceImpl:0.19
UserTools:0.16666666666666666
ManageProfileTab:0.12333333333333334
