AbstractExtensionContext:0.38666666666666666
TestTemplateTestDescriptor:0.32
MethodBasedTestExtensionContext:0.18666666666666668
MyTestTemplateTestCase:0.15307936507936507
ClassBasedContainerExtensionContext:0.14666666666666667
TestTemplateInvocationTests:0.10333333333333333
SingleInvocationContextProvider:0.006666666666666667
