AttributeSet:0.81
Attribute:0.7533333333333333
BasicAttributeSet:0.33666666666666667
StringUtils:0.33
FilteredAttributeSet:0.2966666666666667
DateUtils:0.27
BasicAttribute:0.18333333333333332
TM:0.18
DateRange:0.09666666666666666
VR:0.09
AbstractAttributeSet:0.08666666666666667
DA:0.07
DT:0.03
