ConfigurationVariablesTopComponent:0.22666666666666666
ConfigurationVariablesActionFactory:0.11333333333333333
ConfigurationVariableNode:0.08666666666666667
DeleteConfigurationVariablesPoolAction:0.08333333333333333
AddConfigurationVariableAction:0.08333333333333333
DeleteConfigurationVariableAction:0.08333333333333333
ConfigurationVariableNativeTypeProperty:0.08333333333333333
AddConfigurationVariablesPoolAction:0.08333333333333333
ConfigurationVariablesPoolNode:0.0
