ParserTest:0.7902777777777779
CharacterReader:0.3847222222222222
