JsonObject:0.3566666666666667
Json:0.355
JsonObjectTest:0.3433333333333333
JsonArray:0.2633333333333333
JsonArrayTest:0.23666666666666666
Iter:0.19
JsonList:0.16333333333333333
JsonMap:0.16333333333333333
Entry:0.056666666666666664
