StepContribution:0.44
ItemWrapper:0.38
ChunkOrientedTasklet:0.3333333333333333
Chunk:0.2966666666666667
ChunkIterator:0.24111111111111114
StatefulRetryTasklet:0.10666666666666667
StatefulRetryTaskletTests:0.07
ItemWrapperTests:0.006666666666666667
