jq_Class:0.73
Instruction:0.38333333333333336
TraceFlags:0.22666666666666666
Threads:0.20222222222222222
