RegistryDirectory:0.49333333333333335
RegistryDirectoryTest:0.42333333333333334
RpcConstants:0.39533333333333337
