PeerGroup:0.45
InboundMessageQueuer:0.42
PeerAddress:0.33666666666666667
PeerTest:0.24333333333333335
PeerGroupTest:0.21333333333333335
TestWithNetworkConnections:0.19
TestWithPeerGroup:0.17
BitcoindComparisonTool:0.16111111111111112
