JavaClientTest:0.5533333333333333
ByteEncoder:0.4155555555555555
MyCollection:0.3333333333333333
