Function:0.4166666666666667
Task:0.39666666666666667
Sleep:0.37
LivingAccommodations:0.36333333333333334
Person:0.34
BotMind:0.27666666666666667
ConstructionWizard:0.2733333333333333
WalkingSteps:0.25
UnitManager:0.23333333333333334
MainScene:0.21
ChatBox:0.20666666666666667
Repairbot:0.16444444444444445
PlayHoloGame:0.15666666666666668
ListenToMusic:0.15666666666666668
SleepMeta:0.11333333333333333
MaintenanceMeta:0.11
ListenToMusicMeta:0.10666666666666667
PlayHoloGameMeta:0.10666666666666667
