NeuralNetConfiguration:0.42333333333333334
Builder:0.37333333333333335
ConvolutionLayerTest:0.31666666666666665
Layer:0.2966666666666667
