OwnedInterval:0.5066666666666667
OwnedIntervalSequence:0.45
Owner:0.37666666666666665
TimeInterval:0.37
BasicScheduleUtils:0.36
TimeIntervalSequenceTest:0.25333333333333335
BasicScheduleUtilsTest:0.24666666666666667
Day:0.21
GroupManager:0.20666666666666667
IntervalTestCase:0.18666666666666668
MonthlyCalendar:0.16666666666666666
ManagedRole:0.16333333333333333
Week:0.11
RolesTest:0.05333333333333334
