MediaConductorTest:0.4
ClientConductor:0.37666666666666665
MediaDriverBroadcastReceiver:0.2518888888888889
MediaConductor:0.24666666666666667
ClientConductorTest:0.23666666666666666
SubMulticastTest:0.21666666666666667
PubAndSubTest:0.17
SubUnicastTest:0.16666666666666666
