CompletionSuggestionBuilder:0.37666666666666665
StreamOutput:0.3433333333333333
PhraseSuggestionBuilder:0.31666666666666665
SuggestRequest:0.27666666666666667
TermSuggestionBuilder:0.2733333333333333
CompletionSuggestSearchIT:0.20666666666666667
CustomSuggestionBuilder:0.2
StreamInput:0.18333333333333332
ContextCompletionSuggestSearchIT:0.16333333333333333
SuggestRequestBuilder:0.10666666666666667
CustomSuggesterSearchIT:0.09
