Frontier:0.5366666666666666
CrawlScope:0.4266666666666667
CrawlController:0.32666666666666666
StatisticsTracker:0.22
SeedList:0.14666666666666667
PathScope:0.08333333333333333
HostScope:0.08333333333333333
DomainScope:0.05
