GUI:0.6455555555555557
ReportTradeAction:0.15666666666666668
ReportReligionAction:0.15666666666666668
ReportRequirementsAction:0.15666666666666668
