PainterUtils:0.8766666666666667
LineRenderer:0.2733333333333333
SymbolRenderer:0.2733333333333333
TriangleRenderer:0.2733333333333333
PolarLineRenderer:0.2733333333333333
