SearchQueryTests:0.45
EpochTimeParser:0.3411111111111111
EpochTimePrinter:0.23666666666666666
SimpleJodaTests:0.18333333333333332
Joda:0.16111111111111112
