AbstractNearCacheSerializationCountTest:0.21
LiteMemberMapNearCacheSerializationCountTest:0.12666666666666668
MapNearCacheSerializationCountTest:0.12666666666666668
ClientReplicatedMapNearCacheSerializationCountTest:0.12666666666666668
ClientCacheNearCacheSerializationCountTest:0.12666666666666668
TxnMapNearCacheSerializationCountTest:0.12666666666666668
ClientMapNearCacheSerializationCountTest:0.12666666666666668
