OUTLOOKDS:0.6888888888888889
ConfigurationUtil:0.49666666666666665
ImapCrawler:0.32666666666666666
OutlookDataSourceFactory:0.21
OutlookDataSource:0.18666666666666668
OutlookCrawlerFactory:0.14333333333333334
