PagesHashStrategy:0.5577777777777778
PageBuilder:0.45
MultiChannelGroupByHash:0.31
TestJoinCompiler:0.23333333333333334
InMemoryJoinHash:0.2286111111111111
JoinCompiler:0.19
SimplePagesHashStrategy:0.09916666666666667
