TK:0.052003827
MArrayList:0.018274045
Net:0.00923513
