TodosDwrImpl:0.4502777777777777
ShowTodosAction:0.395
TodosDwr:0.37333333333333335
