AtomicFieldData:0.3733333333333333
IndexFieldData:0.29503968253968255
Single:0.29
AbstractStringFieldDataTests:0.2866666666666667
GeoPointDoubleArrayIndexFieldData:0.28
WithOrdinals:0.19333333333333333
Empty:0.19333333333333333
PackedArrayIndexFieldData:0.19
FloatArrayIndexFieldData:0.19
DoubleArrayIndexFieldData:0.19
PagedBytesAtomicFieldData:0.17666666666666667
FSTBytesAtomicFieldData:0.16666666666666666
AbstractIndexFieldData:0.15
AbstractBytesIndexFieldData:0.12666666666666668
SingleFixedSet:0.11666666666666667
SingleSparse:0.08666666666666667
