ScriptingComplexVariable:0.6233333333333333
EmailTaskNotifier:0.3233333333333333
ScriptingVariableProvider:0.2
