Parameters:0.8333333333333334
ParametersTest:0.36333333333333334
