MarsClock:0.518888888888889
UpTimer:0.388
TimeWindow:0.22
ToolToolBar:0.16333333333333333
VehicleDirectionDisplay:0.16333333333333333
