KeyStoreContainer:0.44
KeyTools:0.43
KeyStoreContainerP11:0.23666666666666666
PKCS11CAToken:0.20444444444444446
HSMKeyTool:0.09333333333333334
