SamlServiceProviderProperties:0.5133333333333333
SurrogateRestAuthenticationService:0.2988888888888889
SunshineStateEdResearchAlliance:0.27051984126984113
Egnyte:0.27051984126984113
NewRelic:0.27051984126984113
MongoDb:0.24055555555555552
AuditProperties:0.23333333333333334
AcceptableUsagePolicyProperties:0.17333333333333334
RestEndpointInterruptInquirer:0.14
Jdbc:0.08333333333333333
Rest:0.0
