Entity:0.6466666666666666
NutEntity:0.4766666666666667
MappingField:0.3000833333333333
Record:0.29333333333333333
NutMappingField:0.21333333333333335
QueryTest:0.14
