Client:0.5533333333333333
Jedis:0.37
PipelineBase:0.32
BinaryClient:0.26666666666666666
BinaryJedis:0.22333333333333333
