NettyHandlerTestBase:0.47333333333333333
Sink:0.3927777777777778
AbstractTransportTest:0.3433333333333333
NettyClientHandler:0.34
GrpcUtil:0.32
NettyServerHandlerTest:0.30666666666666664
TransportState:0.28
AbstractClientStream:0.25333333333333335
NettyClientHandlerTest:0.22666666666666666
NettyClientStreamTest:0.22
NettyClientTransport:0.21
NettyClientStream:0.17333333333333334
TransportStateImpl:0.043333333333333335
