LaunchFlowRedirect:0.43666666666666665
ResponseInstruction:0.37333333333333335
FlowExecutorArgumentExtractor:0.27
RequestPathFlowExecutorArgumentExtractor:0.24333333333333335
LaunchFlowRedirectSelector:0.21333333333333335
PortletFlowController:0.16333333333333333
TextToViewSelectorTests:0.16333333333333333
FlowAction:0.15
TextToViewSelector:0.14666666666666667
FlowRedirectSelectorTests:0.12
FlowController:0.12
FlowRedirectTests:0.10333333333333333
