PasswordComparisonAuthenticator:0.48333333333333334
PasswordComparisonAuthenticatorTests:0.35333333333333333
BindAuthenticator:0.31333333333333335
LdapAuthenticationProvider:0.27666666666666667
BindAuthenticatorTests:0.22666666666666666
LdapAuthenticator:0.1388888888888889
PasswordComparisonAuthenticatorMockTests:0.12333333333333334
MockAuthenticator:0.006666666666666667
