ResourceUtil:0.5966666666666667
SharingPermission:0.4633333333333333
AbstractResource:0.3466666666666667
