Study:0.7053333333333334
Series:0.6363888888888889
Patient:0.5197222222222223
SeriesBean:0.35333333333333333
StudyBean:0.32
PatientBean:0.31666666666666665
