MissionDataBean:0.41
BuildingConstructionMission:0.39
UnitManager:0.3
ConstructionSite:0.27
BuildingManager:0.2
Resupply:0.14666666666666667
NavpointPanel:0.11333333333333333
