Frontier:0.6
StatisticsTracker:0.3
CrawlController:0.3
ToeThread:0.26
ToePool:0.21333333333333335
SimpleHandler:0.14333333333333334
