Style:0.6533333333333333
Config:0.5466666666666666
FeatureProperty:0.36333333333333334
TierProperty:0.34
PropertyScheme:0.29333333333333333
TiersMenu:0.21666666666666667
EditMenu:0.21666666666666667
StyleWizard:0.09333333333333334
TypesWizard:0.08666666666666667
PreferenceWindow:0.05333333333333334
