imp:0.7533333333333333
codecs:0.3466666666666667
cPickle:0.34
