VanillaChronicleMap:0.6383333333333333
JsonSerializer:0.5
StatelessChronicleMap:0.49
ChronicleMapBuilder:0.2866666666666667
