NearCacheInvalidator:0.5276666666666667
BatchNearCacheInvalidation:0.3566666666666667
MapContainer:0.34
MapOperation:0.26666666666666666
PutFromLoadAllOperation:0.24333333333333335
PutAllOperation:0.24
InvalidationListener:0.22377777777777774
NearCacheProvider:0.17333333333333334
ClientNearCacheInvalidationListenerImpl:0.04666666666666667
