JChemPaintPanel:0.5666666666666667
JCPExportFileFilter:0.5333333333333333
RenderPanel:0.4
AppCloser:0.16666666666666666
ExportAction:0.0
