ElementArray:0.47
Form:0.38
Window:0.36333333333333334
WindowTest:0.36
HTMLElementTest:0.2966666666666667
HtmlUnitXPath:0.27666666666666667
DocumentNavigator:0.26666666666666666
Table:0.23666666666666666
Document:0.22333333333333333
SimpleScriptable:0.2
FormTest:0.17
HTMLElement:0.15666666666666668
Util:0.15
JavaScriptEngine:0.09
NodeRelativeNavigator:0.07333333333333333
NodeIterator:0.045
DocumentNavigatorTest:0.006666666666666667
HtmlUnitXPathTest:0.0
