Project:0.8338888888888889
ProjectTest:0.30333333333333334
