LWJGLUtil:0.56
IL:0.43666666666666665
ILU:0.36
ILUT:0.30666666666666664
AL:0.27666666666666667
