MsgQueryResponse:0.6866666666666666
MsgResRecord:0.6066666666666667
