Main:0.8233333333333334
GenericExtruder:0.5459444444444443
