RadiationModel:0.4766666666666667
LightModelProcessor:0.3933333333333333
RadiationModelTask:0.2966666666666667
ParallelRadiationModel:0.11333333333333333
