DOWriter:0.6283333333333333
DefaultManagement:0.3233333333333333
RelsValidator:0.2866666666666667
SubjectProcessor:0.20333333333333334
SimpleDOWriter:0.2
