TreeUtil:0.64
CastResolver:0.26666666666666666
Functionizer:0.24666666666666667
Rewriter:0.23666666666666666
StaticVarRewriter:0.18333333333333332
AnonymousClassConverter:0.16666666666666666
