ExecutorTest:0.6166666666666667
ScriptRunnable:0.2833333333333333
ScriptCallable:0.2833333333333333
ExecutionCallbackAdapter:0.19333333333333333
