BeanDefinition:0.49611111111111106
PetiteContainer:0.4066666666666667
PetiteManager:0.27666666666666667
PetiteContainerRegistry:0.2633333333333333
MiscTest:0.25666666666666665
PetiteConfig:0.25333333333333335
MethodResolver:0.20666666666666667
InitMethodResolver:0.20666666666666667
PropertyResolver:0.20666666666666667
Foo:0.16
AllTests:0.09888888888888889
