HtmlPage:0.48333333333333334
HtmlElement:0.42
DomNode:0.28
Node:0.24400000000000002
HtmlTableRowTest:0.22
HtmlPageTest:0.20666666666666667
