UnitTableModel:0.37333333333333335
TradeTableModel:0.3433333333333333
TradeTab:0.27666666666666667
TableSorter:0.26
TradeColumnModifier:0.09666666666666666
