DescriptionTestDescriptor:0.36333333333333334
JUnit4TestEngine:0.31666666666666665
JUnit4TestDescriptor:0.28
JUnit4SpecificationResolver:0.27
RunnerTestDescriptor:0.11666666666666667
