Table:0.6566666666666666
ITransform:0.5415714285714286
DataLoaderContext:0.35333333333333333
AbstractDataLoaderTest:0.3466666666666667
ITransformService:0.3272804232804233
TransformTable:0.27
TransformedData:0.15333333333333332
TransformDataLoader:0.13333333333333333
DataLoaderFilterAdapter:0.12
TransformColumn:0.06
TransformDataLoaderTest:0.03
