SearchTableModel:0.4766666666666667
QueryHistoryMonitorTableModel:0.44666666666666666
SharedFilesTableModel:0.44666666666666666
