ResourceWithGenerics:0.44333333333333336
ModelResolver:0.38333333333333336
TypeNameResolver:0.14333333333333334
