InternalHiveSplit:0.38333333333333336
InternalHiveBlock:0.36
BackgroundHiveSplitLoader:0.35333333333333333
HiveSplitSource:0.23333333333333334
TestHiveSplitSource:0.19666666666666666
TestBackgroundSplitLoader:0.18666666666666668
TestSplit:0.15444444444444444
