IDatabasePlatform:0.6002777777777777
DmlStatement:0.5166666666666667
ParameterConstants:0.44578571428571434
DefaultDatabaseWriter:0.34
DbFill:0.28
AbstractDatabasePlatform:0.23333333333333334
DbExport:0.20444444444444446
DatabaseWriterSettings:0.18
DbExportImportTest:0.16333333333333333
DmlStatementFactory:0.12333333333333334
DefaultDatabaseWriterConflictResolver:0.12
PostgreSqlDmlStatement:0.10666666666666667
RedshiftDmlStatement:0.10666666666666667
DefaultDataLoaderFactory:0.1
OracleDmlStatement:0.09333333333333334
AuditTableDataRouter:0.08
MySqlDmlStatement:0.02
SqliteDmlStatement:0.02
SqlAnywhereDmlStatement:0.01
