Cell:0.5533333333333333
TreeViewManager:0.44333333333333336
FolderViewer:0.42
LOG:0.39
FolderViewAgent:0.24666666666666667
FileSystem:0.23
TreeNodeOpenRequestMsg:0.21
UndoFormattingOpenRequestMsg:0.18333333333333332
TreeItemBundle:0.16333333333333333
TreeNodeCloseRequestMsg:0.16333333333333333
ChangeTreeRequestMsg:0.16
TreeTabCreateCommandMsg:0.14666666666666667
TreeViewCreateRequestMsg:0.06611111111111112
SourceViewCreateRequestMsg:0.05
TreeRuleViewCreateRequestMsg:0.03333333333333333
