UserReloadInterceptor:0.4066666666666667
CrossContextConstants:0.33644444444444443
SessionManager:0.3
DispatchServer:0.27666666666666667
AuthenticationManager:0.10888888888888891
