RedissonReadLock:0.38333333333333336
RedissonWriteLock:0.38333333333333336
RedissonReactiveClient:0.37
RedissonReactive:0.33666666666666667
RedissonReadWriteLock:0.3
RedissonLockReactive:0.2866666666666667
