HazelcastClient:0.47
ClientClusterServiceImpl:0.4666666666666667
ClusterListenerThread:0.44666666666666666
ClientIssueTest:0.30666666666666664
