AnnotationEditor:0.42
BaseEditorPanel:0.38
GAMEAdapter:0.33666666666666667
CORBAAdapter:0.33
SelectableDNARenderer:0.29333333333333333
BaseFineEditor:0.27666666666666667
TranslatedSequence:0.24
BaseMouseListener:0.22611111111111115
RightClickActionListener:0.18
AnnotationMenu:0.15666666666666668
AminoAcidRenderer:0.09777777777777777
FindDialog:0.09333333333333334
