ASFormatter:0.56
ASBeautifier:0.4033333333333333
AStyle:0.3933333333333333
AStylePlugin:0.23
AStyleThread:0.21944444444444447
BeanOptionPane:0.18611111111111112
FormatterBeanInfo:0.13666666666666666
ASFormatterBeanInfo:0.08666666666666667
