TableTest:0.4266666666666667
TableHibernateTest:0.39666666666666667
MqlAnalyzerTest:0.31333333333333335
HqlAnalyzerTest:0.30333333333333334
LockTest:0.08
MddTest:0.07
AllTests:0.04361111111111112
ConfigurationTest:0.006666666666666667
