CacheState:0.49333333333333335
CachingLogic:0.42
CacheStateMachine:0.36
ExecutorCacheStateCtrl:0.3433333333333333
CacheInitializingState:0.2733333333333333
ChangeListener:0.23566666666666666
CompletedCacheState:0.22333333333333333
EmptyCacheState:0.2175
ChangeListenerGuard:0.10666666666666667
DirtyCacheState:0.10666666666666667
