RedirectServerAuthenticationEntryPoint:0.47333333333333333
RedirectServerAuthenticationSuccessHandlerTests:0.24666666666666667
RedirectServerAuthenticationFailureHandlerTests:0.23333333333333334
RedirectServerAuthenticationEntryPointTests:0.22
RedirectServerAuthenticationSuccessHandler:0.20333333333333334
RedirectServerAuthenticationFailureHandler:0.18333333333333332
RedirectServerLogoutSuccessHandler:0.14666666666666667
