AnnotationConfiguration:0.5033333333333333
AnnotationBinder:0.4633333333333333
ExtendedMappings:0.3000833333333333
TableStructure:0.22666666666666666
SequenceStructure:0.22666666666666666
TestCase:0.20305555555555557
ExtendedMappingsImpl:0.19666666666666666
DatabaseStructure:0.15833333333333333
