Litteral:0.5
LookCapacitiesHandler:0.4633333333333333
LiteralRef:0.4063730158730159
PropertyParser:0.27
ValuedElement:0.16666666666666666
