Converter:0.48
ApplyConvertScriptAction:0.38333333333333336
GrowableTablePanel:0.25333333333333335
OutputEventQueue:0.25333333333333335
ClientMessageConstructor:0.19666666666666666
LimitedEventQueue:0.14666666666666667
NumericFormatter:0.14666666666666667
DirectionalTabbingExtension:0.14333333333333334
DirectionalTabbingExtensionRenderer:0.14333333333333334
DecoderSimpleUtils:0.09666666666666666
