ContactManager:0.5966666666666667
Contact:0.51
ContactDao:0.37
ContactManagerBackend:0.2866666666666667
ContactDaoSpring:0.21333333333333335
ClientApplication:0.15333333333333332
SecureIndexController:0.13333333333333333
WebContactAddController:0.12333333333333334
DeleteController:0.11666666666666667
WebContactValidator:0.1
AddPermission:0.02666666666666667
DataSourcePopulator:0.02
AddPermissionValidator:0.0125
AdminPermissionController:0.011111111111111112
AddPermissionController:0.01
DeletePermissionController:0.0033333333333333335
