ResponseBuffers:0.54
DefaultConnection:0.45666666666666667
ReplyMessage:0.44666666666666666
