SoapVersion:0.75
SoapFault:0.6733333333333333
SoapBody:0.6633333333333333
SoapHeader:0.5522222222222223
SoapHeaderElement:0.5333333333333333
AxiomSoapMessage:0.39
SaajSoapMessageTest:0.3566666666666667
SoapMessageUtils:0.2866666666666667
SaajSoapBodyTest:0.22666666666666666
SaajSoapBody:0.19666666666666666
StaxStreamXmlReader:0.19305555555555554
PayloadValidatingInterceptor:0.18166666666666667
SaajSoapHeaderElement:0.17666666666666667
SaajSoapMessageContextFactory:0.17
SoapFaultMappingExceptionResolver:0.16555555555555554
PayloadValidatingInterceptorTest:0.16333333333333333
SoapMessageDispatcherTest:0.15666666666666668
SoapMessageDispatcher:0.14666666666666667
SoapFaultMappingExceptionResolverTest:0.14666666666666667
SimpleSoapExceptionResolver:0.14203968253968255
SaajSoapHeaderTest:0.11666666666666667
SoapActionEndpointMapping:0.11333333333333333
SaajSoapHeader:0.11111111111111109
AbstractSoapBodyTest:0.10666666666666667
AbstractSoapMessageContext:0.10333333333333333
AbstractSoapEnvelopeTest:0.09
SimpleSoapExceptionResolverTest:0.09
SaajSoapMessageContext:0.08
AxiomSoapHeaderException:0.07333333333333333
AxiomSoapBodyException:0.07333333333333333
AxiomSoapFaultException:0.07333333333333333
StaxSource:0.055
AxiomSoapMessageContextFactoryTest:0.04583333333333334
AbstractSoap12BodyTest:0.03666666666666667
StaxSourceTest:0.03666666666666667
StaxResultTest:0.03666666666666667
AbstractSoap11BodyTest:0.03666666666666667
AxiomSoapMessageContext:0.03333333333333333
AbstractSoapHeaderTest:0.03333333333333333
StaxResult:0.03333333333333333
SaajSoapMessageContextFactoryTest:0.03
SaajMessageFactoryBean:0.023333333333333334
AxiomSoapMessageContextFactory:0.016666666666666666
AbstractSoapMessageTest:0.013333333333333334
AxiomSoapEnvelopeException:0.01
AxiomSoapMessageTest:0.01
SaajSoapEnvelopeTest:0.006666666666666667
AxiomSoapEnvelopeTest:0.0033333333333333335
AbstractSoap11MessageTest:0.0033333333333333335
AbstractSoap12HeaderTest:0.0033333333333333335
AbstractSoap12MessageTest:0.0033333333333333335
AbstractSoap11EnvelopeTest:0.0033333333333333335
AbstractSoap11HeaderTest:0.0033333333333333335
AbstractSoap12EnvelopeTest:0.0033333333333333335
AxiomSoapMessageCreationException:0.0
AxiomSoapBodyTest:0.0
AxiomSoapMessageException:0.0
AxiomSoapHeaderTest:0.0
