BinderHelper:0.6266666666666667
GwtServerHelper:0.5166666666666667
GwtMenuHelper:0.24333333333333335
