Element:0.76
ElementTest:0.3
ElementsTest:0.25333333333333335
ParseTest:0.2111111111111111
