ApolloPanel:0.5766666666666667
FeatureView:0.54
AnnotationEditor:0.4633333333333333
AnnotationView:0.26
FineApolloPanel:0.25333333333333335
StrandedZoomableApolloPanel:0.22333333333333333
FineFeatureEditorPanel:0.22333333333333333
AnnotationMenu:0.17
FeatureTree:0.16
FineAnnotationView:0.15666666666666668
FeatureChangeVector:0.13666666666666666
FineEditorFrame:0.08666666666666667
FeatureChangeCoalescer:0.058333333333333334
FeatureTreeVector:0.019722222222222224
FeatureTreeNode:0.018333333333333333
