XMPPChatTransmitter:0.6066666666666667
GodPacketListener:0.20666666666666667
