StateContextImpl:0.6666666666666666
FlowExecutionImpl:0.38333333333333336
