NioServer:0.55
ServerDebug:0.33666666666666667
NodeNioServer:0.30333333333333334
JPPFDriver:0.25666666666666665
NioConstants:0.25666666666666665
ClassNioServer:0.23
ClientContext:0.19666666666666666
DriverInitializer:0.19333333333333333
ClientServerFactory:0.15
NodeServerFactory:0.13666666666666666
ClassServerFactory:0.12333333333333334
AcceptorNioServer:0.11
ClientNioServer:0.08333333333333333
