SameDiffConv:0.4266666666666667
SameDiffParamInitializer:0.4166666666666667
BaseSameDiffLayer:0.3466666666666667
Builder:0.2
