DefaultProfileCoreProcessor:0.46
ObjectKeys:0.426626984126984
ProfileModuleImpl:0.3433333333333333
