Jupiter:0.37
JupiterVectorTime:0.31666666666666665
ChecksumActivityDataObject:0.29
ChecksumActivity:0.2833333333333333
JupiterClient:0.15666666666666668
ConsistencyWatchdogClient:0.13
