ResourceURLTest:0.37333333333333335
FileAppenderFactoryTest:0.2866666666666667
SslReloadAppTest:0.22
DbDumpCommandTest:0.19666666666666666
DefaultLoggingFactoryTest:0.15
