Test:0.5633333333333334
Post:0.3466666666666667
TestRunnerActivity:0.17666666666666667
RegisterAll:0.16666666666666666
RegisterOneByOne:0.14333333333333334
