RootResource:0.3466666666666667
DavResource:0.3466666666666667
WorkspaceResource:0.31
WebdavResourceFactory:0.21
FileResource:0.09333333333333334
FolderResource:0.09333333333333334
