FlowExecutionHolder:0.57
FlowExecutionHolderUtils:0.44666666666666666
FlowPhaseListener:0.33
FlowExecutionKeyStateHolder:0.235
FlowNavigationHandler:0.22066666666666668
