CertTools:0.6133333333333333
FailInfo:0.5533333333333333
CrmfRAPbeRequestTest:0.3233333333333333
CrmfRequestTest:0.29333333333333333
CmpRevokeResponseMessage:0.29333333333333333
IRequestMessage:0.2833333333333333
CrmfRATcpRequestTest:0.2733333333333333
PKCS10RequestMessage:0.26
CrmfRARequestTest:0.25666666666666665
CmpResponseMessage:0.24
CrmfRequestMessage:0.21
CmpTcpCommandHandler:0.14666666666666667
CmpMessageDispatcher:0.11666666666666667
CmpTestCase:0.11333333333333333
CrmfMessageHandler:0.11
RevocationMessageHandler:0.06722222222222221
GeneralCmpMessage:0.006666666666666667
