MapComparator:0.6533333333333333
EqOperatorTest:0.41333333333333333
CmpOperator:0.30333333333333334
