AccessRole:0.6266666666666667
LinkUriUtil:0.4766666666666667
AbstractBinderResource:0.23666666666666666
FolderEntryResource:0.21666666666666667
AbstractResource:0.21666666666666667
FileResource:0.13
