jOOQAbstractTest:0.51
InsertUpdateTests:0.29333333333333333
CRUDTests:0.2833333333333333
DataTypeTests:0.21666666666666667
BaseTest:0.21666666666666667
