RubyInterpreterPreferencePage:0.8177777777777778
InspectAction:0.37516666666666665
