Slf4jESLogger:0.26666666666666666
Log4jESLogger:0.22
JdkESLogger:0.21666666666666667
ESLogger:0.1961111111111111
ElasticsearchTestCase:0.043333333333333335
