JarLocation:0.55
Cli:0.41
Service:0.3433333333333333
JarLocationTest:0.10666666666666667
