HibernateBeanValidationsModel:0.5944444444444443
BeanValidator:0.21
HibernateBeanValidationsTest:0.04666666666666667
