SequenceGroup:0.6905555555555555
ConservationColourScheme:0.5613888888888889
