FileSyncService:0.45
FileSyncZipDataWriter:0.36666666666666664
AppUtils:0.26777777777777784
FileSyncDataRouter:0.19333333333333333
FileSyncServiceSqlMap:0.09
