QueryRetrieveScpService:0.6233333333333333
UpdateAttributesService:0.35833333333333334
GetTask:0.2633333333333333
