GwtTeamingMessages:0.4680555555555556
GwtMenuHelper:0.35333333333333333
BinderInfo:0.33666666666666667
GwtTeamingFilrImageBundle:0.31337301587301586
BinderHelper:0.29733333333333334
TreeDisplayBase:0.23666666666666666
FolderDisplayDataRpcResponseData:0.23
GwtViewHelper:0.22
TreeInfo:0.21666666666666667
GwtServerHelper:0.21
FileFolderView:0.20166666666666666
EmptyMyFilesStorageComposite:0.08333333333333333
