CompositeDataSourceConfigurationPanel:0.5233333333333333
AnnotationEnsJAdapterGUI:0.39222222222222225
DataSourceConfigInteractionListener:0.23199999999999998
