Versions:0.5222222222222223
GetActionTests:0.35333333333333333
GetTermVectorsTests:0.33666666666666667
VersionTypeTests:0.24333333333333335
MultiTermVectorsTests:0.20333333333333334
