Qedeq2LatexExecutor:0.6196666666666667
Qedeq2UnicodeVisitor:0.5977777777777779
