AtomicLongService:0.5866666666666667
AtomicLongContainer:0.5066666666666667
Merger:0.38666666666666666
AtomicLongDataSerializerHook:0.18333333333333332
