LoadBalancerProto:0.6367222222222223
Builder:0.37122222222222223
LoadBalanceResponse:0.2633333333333333
InitialLoadBalanceResponse:0.26
LoadBalanceRequest:0.26
ServerList:0.26
InitialLoadBalanceRequest:0.26
ClientStats:0.22333333333333333
Server:0.22333333333333333
SingleTransportChannel:0.13
