HttpResponse:0.6526666666666667
Net:0.36
AndroidNet:0.18333333333333332
HttpClientResponse:0.16
IOSNet:0.14333333333333334
HttpStatus:0.14
HttpRequest:0.09666666666666666
GwtNet:0.08
LwjglNet:0.08
HttpResponseListener:0.006666666666666667
HttpMethods:0.0
