Event:0.7366666666666667
ContentRenderer:0.5333333333333333
