GrammarProperties:0.7
SimulatorModel:0.36666666666666664
Transformer:0.35333333333333333
