CallTest:0.43666666666666665
StreamAllocation:0.41333333333333333
HttpEngine:0.30666666666666664
HttpLoggingInterceptorTest:0.27666666666666667
Http1xStream:0.2611111111111111
Call:0.19333333333333333
InterceptorTest:0.19
AbstractSource:0.11
