WebKeys:0.8366666666666667
ListFolderController:0.33555555555555555
ViewEntryController:0.2733333333333333
ConfigureConfigurationController:0.16333333333333333
WorkspaceTreeController:0.15333333333333332
ModifyEntryController:0.13
ModifyBinderController:0.12333333333333334
EmailConfigController:0.12333333333333334
ListProfilesController:0.12333333333333334
