GraphElement:0.5166666666666667
ProcessDefinition:0.4066666666666667
Transition:0.3466666666666667
Node:0.30333333333333334
AddTransitionFeature:0.29333333333333333
DiagramFeatureProvider:0.18333333333333332
DiagramEditorPage:0.15333333333333332
DiagramToolBehaviorProvider:0.12333333333333334
AddStateNodeFeature:0.12333333333333334
StyleUtil:0.12333333333333334
DeleteElementFeature:0.12
GraphitiEntry:0.08666666666666667
PropertyNames:0.07
UpdateStateNodeFeature:0.041666666666666664
UpdateTransitionFeature:0.03944444444444445
UpdateFeature:0.01
BOUpdateContext:0.0
