CoreMessageLogger:0.39055555555555554
SettingsFactory:0.35
PropertyContainer:0.24777777777777782
ForeignKey:0.228
AnnotationBinder:0.22444444444444447
ConnectionProviderInitiator:0.19666666666666666
EntityBinder:0.19111111111111112
