FormFiller:0.5666666666666667
JbpmHtmlTaskFormParser:0.30666666666666664
Resources:0.21
BaseTaskFormBuilder:0.13333333333333333
FreemarkerStartFormBuilder:0.13166666666666665
FreemarkerTaskFormBuilder:0.13166666666666665
