Q:0.56
OfferFirst:0.3333333333333333
BlockingQueueManager:0.33
Block:0.32666666666666666
Offer:0.24666666666666667
TransactionRecord:0.14
TransactionTest:0.11333333333333333
