ERDesignerComponent:0.5033333333333333
OutlineComponent:0.4166666666666667
CustomTypeEditor:0.4066666666666667
CustomTypeEditorView:0.08666666666666667
TableList:0.07666666666666666
EditCustomTypesCommand:0.03
