Task:0.74
Planner:0.38
PlannerTest:0.36666666666666664
PlanVisitor:0.30333333333333334
TaskCollectingVisitor:0.26
UpsertByIdTask:0.24333333333333335
UpdateConsumer:0.215
TransportExecutorUpsertTest:0.21333333333333335
TransportExecutor:0.16666666666666666
TransportExecutorDDLTest:0.16333333333333333
DeleteStatementPlanner:0.11666666666666667
RelationVisitor:0.11333333333333333
NoopTask:0.11
GenericShowTask:0.11
UpsertByIdContextTest:0.10666666666666667
ExplainTask:0.07555555555555554
UpsertByIdContext:0.07
ESDeletePartitionTask:0.04
JobTask:0.02
