TypeDescription:0.6766666666666666
TypeVariableReviser:0.33666666666666667
TypeDescriptionGenericVisitorSubstitutorForTypeVariableBindingTest:0.27
TypeDescriptionGenericVisitorTypeVariableErasingTest:0.23666666666666666
