ClientTaskBundle:0.5366666666666666
ChannelWrapper:0.5066666666666667
ClientJob:0.31333333333333335
TaskQueueChecker:0.2866666666666667
ChannelWrapperRemote:0.28
SubmissionManagerClient:0.23333333333333334
JPPFPriorityQueue:0.18333333333333332
RemoteRunnable:0.18333333333333332
ChannelWrapperLocal:0.1288888888888889
BroadcastJobCompletionListener:0.1
ClientTaskBundleBase:0.09
