Criteria:0.6966666666666667
FilterTest:0.31333333333333335
InlineFilterTest:0.25333333333333335
