ShutdownMemberRequest:0.5883333333333334
ConsoleRequestConstants:0.47350000000000014
TaskPoller:0.3566666666666667
