NearCacheTest:0.62
AbstractClientCacheProxy:0.5033333333333333
AbstractClientInternalCacheProxy:0.44
CacheStatsHandler:0.34
ClientMapNearCacheTest:0.29
NearCacheLiteMemberTest:0.2888888888888889
ClientReplicatedMapNearCacheBasicTest:0.22611111111111115
ClientMapNearCacheLiteMemberTest:0.18666666666666668
AbstractNearCacheBasicTest:0.13333333333333333
