QueueStoreConfig:0.6566666666666666
QueueConfig:0.5133333333333333
QueueStoreWrapper:0.41333333333333333
