gUnitLexer:0.37666666666666665
gUnitParser:0.32666666666666666
Gen:0.3
Semantics:0.2866666666666667
jUnitGen:0.28
ASTVerifier:0.2275
DFA18:0.21416666666666667
jUnitBaseTest:0.1
