MethodNode:0.71
DotGraphVisitor:0.30666666666666664
RegionUtils:0.25333333333333335
DepthRegionTraverser:0.22444444444444447
RegionMakerVisitor:0.18
