FileSystemModel:0.51
OperationResultTableComponent:0.30666666666666664
MemoryUsageAreaChartComponent:0.25333333333333335
ThreadsViewComponent:0.14666666666666667
MemoryUsageComponent:0.14333333333333334
