StrandedZoomableApolloPanel:0.688888888888889
TypePanel:0.29
ViewMenu:0.28222222222222226
