ByteableMarshaller:0.6233333333333333
SerializationBuilder:0.5433333333333333
