QueryPlanner:0.46
XContentGenerator:0.35
UpdateCollector:0.29333333333333333
ExceptionHelperTest:0.21333333333333335
ParsedStatement:0.19166666666666668
TransportSQLActionTest:0.18
QueryVisitorTest:0.16166666666666665
QueryPlannerTest:0.11333333333333333
SQLFacetExecutor:0.11333333333333333
ExceptionHelper:0.09
DeleteResponseListener:0.016666666666666666
