ChannelProcessingFilter:0.25333333333333335
SecureChannelRequiredException:0.22333333333333333
RetryWithHttpsEntryPoint:0.13666666666666666
ChannelDecisionManagerImpl:0.05333333333333334
ChannelDecisionManager:0.0011111111111111111
ChannelEntryPoint:0.0011111111111111111
