SingleServerCluster:0.37
Clusters:0.3433333333333333
MultiServerCluster:0.33
ReplicaSetCluster:0.32666666666666666
MongosHighAvailabilityCluster:0.13666666666666666
