OutputLayer:0.5733333333333334
ConvolutionDownSampleLayer:0.34833333333333333
ConvolutionParamInitializer:0.30133333333333334
ConvolutionDownSampleLayerTest:0.17333333333333334
RBMTests:0.14333333333333334
DenoisingAutoEncoderTest:0.13666666666666666
MultiLayerTest:0.11666666666666667
