AnsjItem:0.5866666666666667
TestError:0.35777777777777775
NewWordFindDemo:0.17666666666666667
