jq_Class:0.71
SystemInterface:0.3566666666666667
SimpleAllocator:0.31666666666666665
SemiConservative:0.27
HeapAllocator:0.26666666666666666
Unsafe:0.22766666666666666
CircularAddressQueue:0.16
