Group:0.5233333333333333
FlickScrollPane:0.45
ScrollPane:0.41333333333333333
