QRCode:0.6733333333333333
ByteMatrix:0.47333333333333333
MatrixUtil:0.25333333333333335
ImageConverter:0.22666666666666666
CommandLineRunner:0.22027777777777782
QRCodeWriterTestCase:0.2
QRCodeWriter:0.17333333333333334
MaskUtil:0.15000000000000002
EncodeThread:0.09
