AEListPanel:0.48833333333333334
StudyListHeader:0.4066666666666667
TrashListHeader:0.4066666666666667
