JOCLContext:0.38666666666666666
FluxSceneVisitor:0.38333333333333336
FluxScene:0.36
JOCLProgram:0.22333333333333333
FluxLightModelTracer:0.21
JOCLDevice:0.145
