ARINC661App:0.5466666666666666
AppliConfiguration:0.46166666666666667
ARINCSettings:0.36666666666666664
