DefinitionService:0.6066666666666667
DefinitionServiceDelegate:0.28
DefinitionServiceDelegateGetLatestProcessDefinitionsStubsTest:0.24333333333333335
DefinitionLogic:0.2
DefinitionServiceBean:0.2
DefinitionServiceDelegateRedeployProcessDefinitionTest:0.14666666666666667
DefinitionServiceDelegateUndeployProcessDefinitionTest:0.14
ListProcessesDefinitionsFormTag:0.13333333333333333
AjaxProcessDefinitionVersionsList:0.12
ProcessTypesIterator:0.11666666666666667
ImportDataFileAction:0.10666666666666667
SwimlaneSubstitutionCriteriaRenderer:0.10333333333333333
ListDefinitionsHistoryFormTag:0.10333333333333333
DefinitionDataFileBuilder:0.08666666666666667
