FileServlet:0.5066666666666667
FileServletTest:0.20666666666666667
MockWebFile:0.19333333333333333
