BasicEvent:0.41
AbstractEvent:0.40166666666666667
StateTab:0.2966666666666667
CompositeEvent:0.23
