WindowFunction:0.3880952380952381
WindowOperator:0.2966666666666667
LagFunction:0.12
LeadFunction:0.09
NthValueFunction:0.09
FirstValueFunction:0.05
LastValueFunction:0.05
PercentRankFunction:0.02666666666666667
DenseRankFunction:0.013333333333333334
RankFunction:0.013333333333333334
RowNumberFunction:0.013333333333333334
CumulativeDistributionFunction:0.013333333333333334
CustomRank:0.013333333333333334
