DataStore:0.7266666666666667
SystemDataRes:0.29
AccessControl:0.2733333333333333
HTTPRequest:0.09
