ClassDefiner:0.58
DefaultClassDefiner:0.5166666666666667
Nutzs:0.46
AbstractNutConfig:0.26666666666666666
AsmClassAgent:0.23333333333333334
AbstractClassAgent:0.16666666666666666
FastClassFactory:0.15666666666666668
DefaultMirrorFactory:0.10333333333333333
JsonAopConfigrationTest:0.07666666666666666
MethodInvokeProcessor:0.07666666666666666
AopJsonIocTest:0.07666666666666666
