BulkShardProcessor:0.5166666666666667
TransportSQLActionTest:0.46
AbstractIndexWriterProjector:0.22333333333333333
BulkShardProcessorTest:0.2
ESBulkIndexTask:0.17666666666666667
