InterpretableSym:0.6933333333333334
Mango:0.45666666666666667
UnifyEvent:0.28833333333333333
SUBRautomatic:0.17305555555555557
