StoreScpService:0.4033333333333333
QueryRetrieveScpService:0.37333333333333335
AbstractScpService:0.30666666666666664
PPSScpService:0.2652222222222222
MWLFindScpService:0.25
HPScpService:0.25
StgCmtScuScpService:0.24
GPWLScpService:0.22666666666666666
StudyMgtScpService:0.19666666666666666
MPPSScpService:0.19333333333333333
