Http2ServerRequestImpl:0.5566666666666666
VertxHttp2Handler:0.5466666666666666
HttpServerRequest:0.235
HttpServerRequestImpl:0.22666666666666666
Http2Test:0.21333333333333335
