MoleculesFromSMI:0.6766666666666666
MoleculesEditorLabelProvider:0.51
MoleculesEditorModelAdapterFactory:0.2833333333333333
