JPPFTaskBundle:0.8466666666666667
JPPFNodeServer:0.38333333333333336
JPPFStats:0.2891666666666667
JPPFQueue:0.18666666666666668
