RegexpQueryBuilder:0.42333333333333334
MissingQueryBuilder:0.41
PrefixQueryBuilder:0.3333333333333333
WildcardQueryBuilder:0.32666666666666666
TypeQueryBuilder:0.29333333333333333
BaseQueryTestCase:0.22
BaseTermQueryBuilder:0.18333333333333332
ScriptQuery:0.16
ScriptQueryBuilder:0.12666666666666668
MissingFieldQueryExtension:0.09
MissingQueryParser:0.09
RegexpQueryParser:0.06333333333333334
PrefixQueryParser:0.06
WildcardQueryParser:0.06
TypeQueryParser:0.056666666666666664
ScriptQueryParser:0.05333333333333334
