TxmI18N:0.32666666666666666
TXM_RIA:0.3038888888888889
AuthenticationServiceImpl:0.24
TextSelectionTab:0.17
IndexForm:0.15666666666666668
RecorverPasswordForm:0.14083333333333334
LoginForm:0.1375
SubscribeForm:0.13
LexiconForm:0.13
ConcordanceForm:0.12333333333333334
SpecificitiesForm:0.12
AccessForm:0.11333333333333333
ProfileForm:0.11333333333333333
SubcorpusForm:0.08666666666666667
PartitionForm:0.08666666666666667
CooccurenceForm:0.08
