JavaWriter:0.59
InjectProcessor:0.27
ProvidesProcessor:0.24333333333333335
SetBinding:0.24333333333333335
FullGraphProcessor:0.22
ProviderMethodBinding:0.21888888888888886
AtInjectBinding:0.19744444444444442
