WxUserGsonAdapter:0.3466666666666667
WxXmlMpInMemoryConfigStorage:0.18333333333333332
WxXmlOutTextMessageTest:0.18
WxXmlOutVoiceMessageTest:0.18
WxXmlOutVideoMessageTest:0.18
WxXmlOutMusicMessageTest:0.18
MusicBuilder:0.16333333333333333
XmlTransformer:0.15666666666666668
VideoBuilder:0.14333333333333334
VoiceBuilder:0.11333333333333333
TextBuilder:0.11333333333333333
ImageBuilder:0.11333333333333333
WxUserListGsonAdapter:0.11333333333333333
WxBaseAPITest:0.09333333333333334
QrCodeRequestExecutor:0.09333333333333334
WxQrCodeTicketAdapter:0.09333333333333334
NewsBuilder:0.08666666666666667
WxXmlOutNewsMessageTest:0.08666666666666667
ApiTestModule:0.08
BaseBuilder:0.04
