Http2ClientStream:0.62
HttpClientRequestImpl:0.43
VertxClientHandler:0.31666666666666665
Http2ClientTest:0.22166666666666668
