Property:0.5266666666666666
Entity:0.5066666666666667
Fam:0.36
Indi:0.30666666666666664
PropertySex:0.29
MetaProperty:0.26
PropertyForeignXRef:0.25666666666666665
PointInTime:0.22666666666666666
PropertyDate:0.21333333333333335
PropertyXRef:0.20666666666666667
ReportImportDatabase:0.19333333333333333
Submitter:0.18833333333333332
PropertyMedia:0.18666666666666668
PropertyName:0.18333333333333332
PropertyNote:0.17666666666666667
PropertyBlob:0.16666666666666666
PropertyMultilineValue:0.1575
PropertyEvent:0.15
Source:0.14333333333333334
PropertyAge:0.14333333333333334
PropertyNoValue:0.14
PropertySubmitter:0.13666666666666666
PropertySource:0.13666666666666666
PropertyRepository:0.13666666666666666
PropertySimpleValue:0.12
Repository:0.12
PropertyAssociation:0.11666666666666667
PropertyRelationship:0.11
PropertyFamilySpouse:0.10666666666666667
PropertyFile:0.1
PropertyFamilyChild:0.09333333333333334
PropertyHusband:0.09333333333333334
PropertyWife:0.09333333333333334
PropertyChild:0.08666666666666667
Delegate:0.07333333333333333
