UnobsoleteGene:0.62
UpdateGene:0.42333333333333334
GeneBeanTest:0.12666666666666668
