OkHttpProtocolNegotiator:0.77
Http2OkHttpTest:0.13666666666666666
OkHttpTlsUpgrader:0.12333333333333334
