FtpListing:0.7466666666666667
FtpListingParser:0.39666666666666667
FileCheck:0.25666666666666665
