Py:0.5966666666666667
PyString:0.4533333333333333
__builtin__:0.4166666666666667
