Console:0.6566666666666666
ConsolePane:0.33666666666666667
ConsolePlugin:0.3333333333333333
CommandOutputParser:0.29
GeneralOptionPane:0.19333333333333336
CommandoHandler:0.17333333333333334
StreamThread:0.16666666666666666
