DOReader:0.8366666666666667
DatastreamResolverServlet:0.42333333333333334
FastDOReader:0.3233333333333333
SimpleDOReader:0.18666666666666668
