LocaleManager:0.6433333333333333
StringsResourceTranslator:0.4157777777777778
