ManagementCenterService:0.5466666666666666
TaskPoller:0.37666666666666665
