StatefulPersistenceContext:0.5066666666666667
Item:0.39
DefaultMergeEventListener:0.38333333333333336
MergeTest:0.3233333333333333
Category:0.24
AbstractOperationTestCase:0.19666666666666666
Hoarder:0.13083333333333336
