HitBeanImpl:0.6797222222222223
MassValidateHits:0.40388888888888885
