ScriptStepResult:0.8
ScriptExecutionEngine:0.45666666666666667
ScriptExecutionConfirmationDialog:0.26666666666666666
ScriptExecuteHandler:0.13333333333333333
