AlfSession:0.48333333333333334
AlfHelper:0.36333333333333334
JavaObjectAccessor:0.2633333333333333
WSObjectAccessor:0.2633333333333333
