JolieAdapterProtocol:0.8133333333333334
JolieAdapterProtocolFactory:0.27666666666666667
