BasicInvocation:0.5266666666666666
BasicInvocationFuture:0.3933333333333333
BasicOperationServiceTest:0.11666666666666667
TimedOutBackupAwareOperation:0.08333333333333333
