MJIEnv:0.6372222222222222
JPF_java_lang_Class:0.38333333333333336
