LogAppender:0.49666666666666665
LogAppenderTest:0.29
SenderTest:0.2833333333333333
Publication:0.28
PublicationTest:0.24
