BdbFrontier:0.7733333333333333
BdbWorkQueue:0.44333333333333336
BdbMultiQueue:0.2966666666666667
