Mango_Object:0.5666666666666667
Array:0.5466666666666666
Class_MangoFormal:0.41333333333333333
ObjectStreamClass:0.17333333333333334
System:0.16666666666666666
Object_MangoFormal:0.16333333333333333
Void:0.0
