AbstractAdminModule:0.44
SendMailErrorWrapper:0.43333333333333335
EmailHelper:0.2833333333333333
GwtShareHelper:0.28
RelevanceAjaxController:0.18
SendEntryMailController:0.11
SendMailController:0.11
