SynthInternalFrameTitlePane:0.39
PainterUtils:0.28
InputEquationParser:0.26666666666666666
TaskBar:0.24533333333333332
SynthTabbedPaneUI:0.2424444444444444
SynthDesktopIconUI:0.22733333333333333
SynthSplitPaneUI:0.21972222222222218
SynthTableUI:0.21972222222222218
SynthTableHeaderUI:0.21305555555555555
SynthTabbedPaneLayout:0.19666666666666666
LoadScriptPanel:0.19666666666666666
SaveXMLAction:0.19666666666666666
DataProviderParserHandler:0.19333333333333333
SynthComboBoxRenderer:0.15444444444444444
SynthTreeCellEditor:0.11333333333333333
