R:0.7366666666666667
Nutz:0.17444444444444446
