FileUtils:0.8266666666666667
UpdatedAreaUtils:0.5066666666666667
TemplateUtils:0.26666666666666666
