OutageAnticipator:0.7766666666666666
PollerTest:0.5266666666666666
