T_639NumbersTableRecord:0.43
T_639NumbersTable:0.39
GeneralTests:0.35333333333333333
InsertUpdateTests:0.35333333333333333
AggregateWindowFunctionTests:0.22666666666666666
