Link:0.5627777777777778
FederationFrameCodec:0.33666666666666667
