JPPFMulticastReceiverThread:0.5866666666666667
AbstractGenericClient:0.36666666666666664
