StoredScriptSource:0.8616666666666667
AbstractSerializingTestCase:0.41
Diff:0.36833333333333335
ScriptMetaDataTests:0.2866666666666667
