DirectoryHistoryReader:0.4107619047619048
SCCSRepository:0.4107619047619048
Project:0.3230952380952381
DirectoryHistoryParser:0.31642857142857145
OGAgent:0.3130952380952381
GitRepository:0.23
BazaarRepository:0.23
Excerpt:0.215
RazorRepository:0.17583333333333334
MercurialRepository:0.1325
ClearCaseRepository:0.1325
Summary:0.11666666666666667
