CollectNode:0.575
Reference:0.4266666666666667
JobExecutorTest:0.27
SymbolVisitor:0.21
RemoteCollectTask:0.21
TestCollectTask:0.15333333333333332
TransportExecutorTest:0.14
SymbolSerializerTest:0.04666666666666667
