Planner:0.3933333333333333
CopyAnalyzedStatement:0.38333333333333336
AnalyzedStatement:0.3466666666666667
TableAliasIntegrationTest:0.30333333333333334
CopyIntegrationTest:0.21333333333333335
CopyStatementAnalyzer:0.20333333333333334
CopyAnalyzerTest:0.2
AnalyzedStatementVisitor:0.15666666666666668
