Viewer:0.53
Text:0.47
Hover:0.4533333333333333
NodeInfoObserver:0.3272804232804233
JnetConstants:0.32
Jnet:0.3
Sticks:0.17
NodeInfoView:0.16666666666666666
HoverWatcher:0.1075
NodeHover:0.07333333333333333
NBrowseFrame:0.05333333333333334
NodeInfoMaker:0.04666666666666667
HoverRenderer:0.01
