AttributeChecks:0.47
TestSets:0.46
TestToolSyntaxErrors:0.3233333333333333
TestBasicSemanticErrors:0.19666666666666666
