StatelessChronicleMap:0.42833333333333334
TCPSocketReplication3wayPutReturnsNullTest:0.17666666666666667
SetForTCPSocketReplication3wayTest:0.17666666666666667
TCPSocketReplication3VoidValueTest:0.17666666666666667
TCPSocketReplication3wayTest:0.17666666666666667
