PickResult:0.6641666666666667
GrpcUtil:0.3566666666666667
ManagedChannelImplTest:0.27
