LinearInterpolation:0.4166666666666667
ForwardFlatInterpolation:0.41333333333333333
LogLinearInterpolation:0.26666666666666666
