Navigation:0.5133333333333333
NBrowseApplet:0.39
MouseManager:0.36
Jnet:0.33666666666666667
JnetManager:0.16666666666666666
StepExpansionThread:0.10666666666666667
