TreeTableViewController:0.42333333333333334
ButtonDemo:0.25333333333333335
DatePickerDemo:0.17333333333333334
Person:0.17333333333333334
FlowPaneStackPaneJFXNodesAnimation:0.11
