StackFrame:0.34
Fields:0.31666666666666665
JVM:0.31
Verify:0.30333333333333334
JPF_gov_nasa_jpf_jvm_Verify:0.2866666666666667
TestAttrs:0.19
TestAttrsNew:0.09333333333333334
HashData:0.08666666666666667
SCENARIO_EXEC_test1:0.05
OAE_SCENARIO_test:0.05
