BSONDecoder:0.48333333333333334
Input:0.41
BSONCallback:0.3466666666666667
BasicBSONCallback:0.3394444444444445
