WebSocket:0.57
ApplicationConfig:0.47904761904761906
DefaultWebSocketProcessor:0.37333333333333335
ProtocolUtil:0.16666666666666666
