BaseTextVectorizer:0.48333333333333334
BagOfWordsVectorizer:0.45
Builder:0.4166666666666667
LabelsSource:0.2833333333333333
ReutersNewsGroupsLoader:0.18333333333333332
BagOfWordsVectorizerTest:0.18333333333333332
