Emitter:0.5333333333333333
ComplexOps:0.4666666666666667
TestAll:0.3144444444444444
