HTMLElementTest:0.6466666666666666
HTMLElement:0.6283333333333333
