JChemPaintWidget:0.4533333333333333
JChemPaintEditorWidget:0.44333333333333336
Message:0.375
JCPCellPainter:0.2733333333333333
