MoleculeSetTest:0.30666666666666664
PDBMonomerTest:0.30666666666666664
PDBAtomTest:0.29333333333333333
ChemModelTest:0.26666666666666666
ChemFileTest:0.23
NNMoleculeSetTest:0.13
DebugPDBMonomerTest:0.09333333333333334
DebugChemFileTest:0.09333333333333334
DebugChemModelTest:0.09333333333333334
DebugMoleculeSetTest:0.09333333333333334
DebugPDBAtomTest:0.09333333333333334
NNPDBAtomTest:0.09
NNPDBMonomerTest:0.09
NNChemFileTest:0.09
