AuthenticatingHttpConnector:0.5133333333333333
DefaultHttpConnector:0.42333333333333334
RetryingRequestDispatcher:0.33
