IStructuredbInstanceManager:0.7933333333333333
StructuredbInstanceManager:0.5433333333333333
StructuredbInstanceManagerTest:0.37
StructuredbManager:0.28
AbstractStructuredbInstanceManager:0.26666666666666666
