ProfileModule:0.57
AdminModule:0.49666666666666665
ConfigurePasswordPolicyDlg:0.34
GwtTeamingMessages:0.32666666666666666
PasswordPolicyConfig:0.25
SavePasswordPolicyConfigCmd:0.24333333333333335
User:0.23
ZoneConfig:0.23
GwtRpcServiceImpl:0.19333333333333333
ProfileModuleImpl:0.16
ModifyEntryController:0.14
GwtServerHelper:0.13
AbstractAdminModule:0.09333333333333334
