Node:0.8466666666666667
Xmls:0.5633333333333334
Tag:0.43333333333333335
SimpleNode:0.24333333333333335
