ExceptionSerializationTests:0.4033333333333333
ESExceptionTests:0.2966666666666667
IndicesService:0.2633333333333333
TransportUpdateAction:0.23333333333333334
TransportIndexAction:0.20333333333333334
TransportDeleteAction:0.20333333333333334
RolloverIT:0.18
TaskResultsService:0.17
