View:0.4755555555555555
MetaProperty:0.35333333333333333
MetaCollectionView:0.3036111111111111
Maps:0.21333333333333335
EditorTag:0.19666666666666666
WorkCostTest:0.11333333333333333
