AccumuloRecordSet:0.44666666666666666
AccumuloClient:0.43333333333333335
AccumuloPageSink:0.42826984126984124
ZooKeeperMetadataManager:0.25333333333333335
ConnectorProvider:0.24666666666666667
AccumuloPageSinkProvider:0.09
AccumuloRecordSetProvider:0.07666666666666666
