SecurityMockMvcRequestPostProcessors:0.4633333333333333
AnonymousRequestPostProcessor:0.2954444444444444
Config:0.15666666666666668
WithUserClassLevelAuthenticationTests:0.09
DefaultfSecurityRequestsTests:0.09
