HTMLIFrameElement:0.6533333333333333
HtmlInlineFrameTest:0.22
HTMLIFrameElementTest:0.056666666666666664
HtmlTableSectionTest:0.006666666666666667
