FieldMapper:0.7333333333333333
DocumentMapper:0.5766666666666667
AbstractFieldMapper:0.41333333333333333
RoutingFieldMapper:0.26777777777777784
SimpleAllMapperTests:0.25333333333333335
FieldsVisitor:0.2
SimpleDateMappingTests:0.19666666666666666
ShardGetService:0.18
BinaryMappingTests:0.13
DoubleIndexingDocTest:0.11
