LayoutHelper:0.5033333333333333
Graph2D:0.46366666666666667
VisibilityGraph:0.30333333333333334
Geometry:0.28
EditableEdge:0.21666666666666667
DelegatingGraph:0.21333333333333335
HierarchicalLayout:0.20333333333333334
TreeLayout:0.19666666666666666
EuclideanShortestPathLayout:0.19666666666666666
DefaultGraph:0.19333333333333333
DummyAwareGraph2D:0.18833333333333332
Recursion:0.17
EditableGraph:0.15
AbstractGraphLayout:0.04666666666666667
