JSONObject:0.8033333333333333
JSONArray:0.6033333333333334
JSONTokener:0.43333333333333335
JSONException:0.38333333333333336
JSONString:0.38319841269841265
JSONWriter:0.35333333333333333
XML:0.21
CookieList:0.10805555555555557
XMLTokener:0.09333333333333334
CDL:0.08111111111111112
Cookie:0.08
Test:0.07222222222222222
HTTP:0.041388888888888885
JSONML:0.02666666666666667
HTTPTokener:0.0
JSONStringer:0.0
