CompositeIterator:0.7166666666666667
PortletRequestParameterMap:0.4033333333333333
HttpServletRequestParameterMap:0.2633333333333333
