MultipleValuesException:0.8122222222222222
DATASOURCE:0.25594227994228
