Modification:0.4066666666666667
WeblogPublisherTest:0.3933333333333333
CMSynergyModification:0.38666666666666666
ClearCaseModification:0.30666666666666664
ManagedCommandline:0.2833333333333333
