Path:0.5466666666666666
FileHandle:0.38
MathUtils:0.31
GwtFileHandle:0.28
ClickListener:0.27666666666666667
CatmullRomSpline:0.24666666666666667
Preloader:0.21666666666666667
ShortArray:0.21
BSpline:0.2
AndroidFileHandle:0.16666666666666666
Bezier:0.16
FreeTypeFontGenerator:0.15
OisControllers:0.13666666666666666
SoundLoader:0.05333333333333334
MusicLoader:0.05333333333333334
PixmapLoader:0.05333333333333334
PathTest:0.03666666666666667
