LaunchFlowRedirect:0.6833333333333333
FlowExecutorArgumentExtractor:0.37333333333333335
ResponseInstruction:0.2633333333333333
FlowPhaseListener:0.21
FlowExecutorArgumentExtractorTests:0.2
AbstractFlowExecutionTests:0.19333333333333333
TextToViewSelectorTests:0.18333333333333332
RequestPathFlowExecutorArgumentExtractor:0.16666666666666666
PortletFlowController:0.16333333333333333
RequestPathFlowExecutorArgumentExtractorTests:0.16333333333333333
FlowAction:0.16333333333333333
FlowRedirectTests:0.15
FlowRedirectSelector:0.15
FlowController:0.12
FlowRedirectSelectorTests:0.11666666666666667
