ElasticsearchAssertions:0.4166666666666667
PercolatorTests:0.37666666666666665
MultiPercolatorTests:0.22333333333333333
RecoveryPercolatorTests:0.15666666666666668
TTLPercolatorTests:0.13666666666666666
PercolatorFacetsTests:0.1
