Request:0.7266666666666667
NettyResponseFuture:0.43
RequestBuilderBase:0.25666666666666665
NettyRequestSender:0.24583333333333332
Protocol:0.235
DefaultRequest:0.20333333333333334
ChannelManager:0.19666666666666666
