EntityTableModel:0.6566666666666666
TableView:0.44666666666666666
