MqsarbondTests:0.6077222222222222
MqsarmolecularTests:0.29305555555555557
