MqsaratomicTests:0.36
PartialPiChargeDescriptorTest:0.28259523809523807
PiElectronegativityDescriptorTest:0.27259523809523806
PartialSigmaChargeDescriptorTest:0.27259523809523806
AtomHybridizationVSEPRDescriptorTest:0.2692619047619048
SigmaElectronegativityDescriptorTest:0.2692619047619048
EffectiveAtomPolarizabilityDescriptorTest:0.24592857142857147
IPAtomicHOSEDescriptorTest:0.24592857142857147
PartialTChargeMMFF94DescriptorTest:0.24592857142857147
PartialTChargePEOEDescriptorTest:0.24592857142857147
StabilizationPlusChargeDescriptorTest:0.24592857142857147
IPAtomicLearningDescriptorTest:0.23333333333333334
RDFProtonDescriptor_GDRTest:0.2192619047619048
RDFProtonDescriptor_GSRTest:0.2192619047619048
RDFProtonDescriptor_G3RTest:0.2192619047619048
RDFProtonDescriptor_GHR_topolTest:0.2192619047619048
RDFProtonDescriptor_GHRTest:0.2192619047619048
AtomHybridizationDescriptorTest:0.2192619047619048
CovalentRadiusDescriptorTest:0.21259523809523811
IsProtonInConjugatedPiSystemDescriptorTest:0.21259523809523811
VdWRadiusDescriptorTest:0.21259523809523811
PeriodicTablePositionDescriptorTest:0.21259523809523811
InductiveAtomicHardnessDescriptorTest:0.21259523809523811
IsProtonInAromaticSystemDescriptorTest:0.21259523809523811
DistanceToAtomDescriptorTest:0.21259523809523811
ProtonTotalPartialChargeDescriptorTest:0.21259523809523811
BondsToAtomDescriptorTest:0.21259523809523811
InductiveAtomicSoftnessDescriptorTest:0.21259523809523811
AtomDegreeDescriptorTest:0.21259523809523811
AtomValenceDescriptorTest:0.21259523809523811
ProtonAffinityHOSEDescriptorTest:0.19
