LayoutEngine:0.5266666666666666
MBOEGroup:0.27666666666666667
VBoeGen:0.23333333333333334
PosModel:0.20333333333333334
invoiceinternal:0.03333333333333333
boeinternal:0.03333333333333333
