BulletWorld:0.5466666666666666
BaseBulletTest:0.2966666666666667
BaseWorld:0.25333333333333335
ShootTest:0.09
