ConfiguredClass:0.41333333333333333
SimpleAttribute:0.36
MappedAttribute:0.31333333333333335
AssociationAttribute:0.29
SingularAttributeSourceImpl:0.18333333333333332
KeepSetupFailureStatement:0.1
