PostGISCommonDriverPanel:0.3566666666666667
PostGISSaveDriverPanel:0.29
PostGISOpenWizard:0.2866666666666667
PostGISConnection:0.25333333333333335
PostGISPlugIn:0.18333333333333332
PostGISConfiguration:0.17333333333333334
AddPostGISLayerWizardPanel:0.15333333333333332
