ComboTester:0.6133333333333333
ScrollBarTester:0.5533333333333333
