ClientIssueTest:0.8094444444444445
MapPortableHook:0.38666666666666666
