AlignViewportEvent:0.54
SeqPanel:0.36666666666666664
SeqCanvas:0.27
AlignFrame:0.24
AlignmentPanel:0.20333333333333334
TextColourAction:0.13
ShowAction:0.13
ColourMenu:0.11333333333333333
ViewMenu:0.11333333333333333
