SelectStatementAnalyzerTest:0.6480555555555555
UnnestTableFunctionImplementation:0.31666666666666665
ColumnRegistrar:0.30666666666666664
