ExecutionService:0.5933333333333334
TaskStub:0.5133333333333333
JbpmExecutionLogic:0.30666666666666664
JbpmExecutionServiceBean:0.29333333333333333
ExecutionServiceDelegateLocalImpl:0.20666666666666667
ExecutionServiceDelegateRemoteImpl:0.20666666666666667
ExecutionServiceDelegate:0.19416666666666665
TaskAlreadyAcceptedException:0.08666666666666667
