FunctionTable:0.54
BooleanExpression:0.4266666666666667
variable:0.25666666666666665
CodeGenerator:0.25333333333333335
