WanReplicationTest:0.52
EvictionTest:0.39666666666666667
QueryAdvancedTest:0.3433333333333333
