DefaultDOManager:0.6166666666666667
SQLUtility:0.49
SQLRebuilder:0.3933333333333333
