BlendingAttribute:0.44
TextureAttribute:0.33666666666666667
ColorAttribute:0.23666666666666666
MaterialAttribute:0.20333333333333334
