Uri:0.49666666666666665
RealmBuilder:0.4066666666666667
MultipartUtils:0.23333333333333334
CookieEncoder:0.2188888888888889
NettyRequestFactory:0.18666666666666668
OAuthSignatureCalculator:0.14666666666666667
CookieDecoder:0.13666666666666666
