Function1:0.37166666666666665
Function0:0.37166666666666665
Function2:0.37166666666666665
