HiveClient:0.5933333333333334
HiveChunkReader:0.45
FileSystemCache:0.34
HiveClientFactory:0.26666666666666666
PartitionChunkIterable:0.21333333333333335
TestHiveClientFactory:0.16
HiveImportClientFactoryTest:0.14666666666666667
TestHiveClient:0.13666666666666666
TestHiveClientChunkIteratorBackPressure:0.13666666666666666
HiveClientModule:0.12666666666666668
