EntryOperation:0.41333333333333333
MapContainer:0.35333333333333333
EntryProcessorTest:0.25666666666666665
PartitionWideEntryOperation:0.24
MapLoadAllTask:0.09666666666666666
