ImmutableBean:0.8888333333333335
Block:0.42333333333333334
TestAll:0.3433333333333333
