Key:0.49333333333333335
SingleMethodInjector:0.34
InjectorImpl:0.31
ProxyFactory:0.27
MissingDependencyException:0.21
SingleFieldInjector:0.17666666666666667
GetProviderProcessor:0.16666666666666666
ConstructorInjector:0.16055555555555556
DefaultConstructionProxyFactory:0.14
ProxyFactoryTest:0.12333333333333334
ProxyFactoryBuilder:0.09666666666666666
InjectorBuilder:0.08333333333333333
BindInterceptorCommandProcessor:0.07555555555555554
