UIRepeatListComponent:0.9633333333333334
CreateObjectComponent:0.4066666666666667
ApplicationListener:0.26
ValueComponent:0.1411111111111111
PointerConverter:0.03666666666666667
MakumbaDataComponent:0.03
ObjectTagHandler:0.014166666666666666
ListTagHandler:0.013333333333333334
ValueTagHandler:0.0
