RearrangementCation1Reaction:0.2886666666666667
GasteigerPEPEPartialCharges:0.265
PartialTChargePEOEDescriptorTest:0.20666666666666667
PartialPiChargeDescriptorTest:0.2
StructureResonanceGenerator:0.19111111111111112
PartialPiChargeDescriptor:0.18233333333333335
RearrangementAnion2Reaction:0.182
RearrangementRadical1Reaction:0.16666666666666666
RearrangementRadical2Reaction:0.16666666666666666
RearrangementRadical3Reaction:0.16666666666666666
