ComponentDescriptionContent:0.6733333333333333
LoadDescription:0.37333333333333335
ComponentDescriptionFont:0.37333333333333335
ComponentDescriptionParser:0.3233333333333333
