Block:0.74
Wallet:0.57
WalletTest:0.2833333333333333
ChainSplitTest:0.10333333333333333
