PhoneNumber:0.5165277777777778
Employee:0.4146666666666667
Store:0.41333333333333333
ManyToManyDefaultsTest:0.37333333333333335
Item:0.18666666666666668
ContactInfo:0.013333333333333334
