PermissionTest:0.6737777777777778
PermissionPropertiesComparator:0.2633333333333333
