Parameter:0.6033333333333334
CreoleRegisterImpl:0.31333333333333335
Factory:0.27666666666666667
ParameterValueEditor:0.24333333333333335
ListEditorDialog:0.2333333333333334
CreoleXmlHandler:0.21222222222222223
FeaturesTableModel:0.16333333333333333
ParameterValueRenderer:0.16
