Report:0.5433333333333333
ReportView:0.4166666666666667
Output:0.30666666666666664
