GetCapabilities:0.5166666666666667
LocalLib:0.36833333333333335
Csw:0.0
