BinderServiceImpl:0.48
FolderBrief:0.4033333333333333
SearchServiceImpl:0.30333333333333334
BinderBrief:0.26
TeamBrief:0.14555555555555558
