ReferenceChecker:0.7016666666666667
DataObjectViewerServlet:0.2833333333333333
