AbstractEmbeddedTrigger:0.71
H2Trigger:0.36666666666666664
HsqlDbTrigger:0.3433333333333333
