IntegerConverter:0.04666666666666667
LongConverter:0.04666666666666667
ShortConverter:0.04666666666666667
ByteConverter:0.04666666666666667
DoubleConverter:0.04666666666666667
FloatConverter:0.04666666666666667
