TagW:0.6566666666666666
DicomMediaIO:0.6166666666666667
AbstractDragGraphicArea:0.22333333333333333
