ObjectConstructor:0.6
OwlValidator:0.5133333333333333
EcmTest:0.2833333333333333
