Builder:0.6733333333333333
Glove:0.44
GloveTest:0.17533333333333334
