Buffer:0.7000000000000001
ContentManager:0.382
FileCellRenderer:0.21666666666666667
