QueryInfo:0.58
QueryRequest:0.49
ChartFactory:0.25
RequestsByDate:0.21333333333333335
CatalogSearcher:0.18666666666666668
SearcherLogger:0.16333333333333333
MostSearchedKeyword:0.056666666666666664
LastMonthSummary:0.05
