InvitationRequestPacket:0.5233333333333333
ChatRoomsComposite:0.37
SarosSessionManager:0.35
SarosView:0.22333333333333333
OutgoingSessionNegotiation:0.20222222222222222
XMPPTunnelPacketExtensionTest:0.12666666666666668
ISarosSessionManager:0.12583333333333332
InvitationHandler:0.10666666666666667
