Settings:0.6766666666666666
ResultMap:0.3466666666666667
DelegatingSettings:0.2866666666666667
ClasspathConfigurationProvider:0.24
