CSSStyleDeclaration:0.8066666666666666
CSSStyleSheet:0.4033333333333333
CSSSelectorTest:0.3233333333333333
