Metric:0.63
MetricsCheck:0.3837407407407407
MetricComparison:0.3566666666666667
TestTpchDistributedStats:0.31666666666666665
MetricComparator:0.25333333333333335
StatisticsAssertion:0.216
Checks:0.2
