EmailSubscription:0.42
SellerTest:0.4
EmailNotifications:0.35333333333333333
SubscribeToEmailNotificationsAction:0.23333333333333334
