LuceneProvider:0.6222222222222222
LuceneProviderManager:0.44
IndexSupport:0.15666666666666668
LuceneProviderMBean:0.09277777777777778
