WorkbenchListener:0.72
Workbench:0.5466666666666666
ViewDockable:0.3466666666666667
ReportPlugin:0.3
LayoutPersister:0.2733333333333333
Menu:0.25555555555555554
WorkbenchAction:0.22166666666666668
WorkbenchAdapter:0.22166666666666668
GedcomDockable:0.19476190476190477
StatusBar:0.15416666666666667
Toolbar:0.14333333333333334
