TemporaryFolder:0.5133333333333333
Theories:0.42083333333333334
DataPointsMustBePublic:0.2
UnsuccessfulWithDataPointFields:0.18666666666666668
CreatesSubFolder:0.16666666666666666
