GridExtent:0.6
GridWrapperNotInterpolated:0.3566666666666667
OpenJUMPSextanteRasterLayer:0.3
GridWrapper:0.29333333333333333
WorldFileHandler:0.27666666666666667
AbstractSextanteRasterLayer:0.26
GridWrapperInterpolated:0.2425
RasterImageLayerPropertiesPlugIn:0.18666666666666668
ProfileGraphTool:0.17666666666666667
RasterImageIOUtils:0.17333333333333334
CreatePolygonGridFromSelectedImageLayerPlugIn:0.15333333333333332
