AbstractScpService:0.38666666666666666
AetChanged:0.36666666666666664
DcmServerService:0.3433333333333333
AEService:0.3233333333333333
CallingAetChanged:0.13666666666666666
