Connection:0.7266666666666667
HttpConnection:0.37
UrlConnectTest:0.30333333333333334
Request:0.29333333333333333
Response:0.25666666666666665
