ProfileInfo:0.7533333333333333
GwtProfileHelper:0.3466666666666667
GwtQuickViewDlg:0.3233333333333333
