CodeGenerator:0.6816666666666666
CharArrayKey:0.4464166666666665
BooleanArrayKey:0.4464166666666665
TestKeyFactory:0.38
