HttpServerImpl:0.5133333333333333
ClientConnection:0.3433333333333333
ServerHandler:0.31666666666666665
ServerConnection:0.2833333333333333
VertxHandler:0.23333333333333334
ServerHandleWithWebSockets:0.18666666666666668
VertxNetHandler:0.14333333333333334
DatagramServerHandler:0.11994444444444445
VertxHttpHandler:0.07194444444444444
ClientHandler:0.06
