GwtServerHelper:0.4955555555555555
FindControlBrowserPopup:0.33
GetFolderCmd:0.26
GwtRpcServiceImpl:0.25
CopyMoveEntriesDlg:0.24777777777777782
FindCtrl:0.23733333333333334
