NetworkConfig:0.5866666666666667
XmlConfigBuilder:0.39666666666666667
AbstractXmlConfigHelper:0.30083333333333334
XmlClientConfigBuilder:0.29333333333333333
