OrcRecordReader:0.7675
OrcInputStream:0.29
StripeReader:0.22666666666666666
OrcReader:0.20666666666666667
