Stream:0.6483333333333333
Iterator:0.38
AbstractTraversableTest:0.37666666666666665
IntMap:0.28444444444444444
