Router:0.8416666666666667
JUTestRouter:0.35333333333333333
