Indi:0.44333333333333336
PointInTime:0.4166666666666667
PropertyDate:0.41333333333333333
DateEntry:0.27666666666666667
MetaProperty:0.21416666666666667
ReportBirthdays:0.19444444444444445
ReportAges:0.13666666666666666
ProxyEvent:0.12
