InternalPartitionServiceImpl:0.48
ClusterStateManager:0.3933333333333333
BasicClusterStateTest:0.30333333333333334
ClusterStateManagerTest:0.26
