UnsupportedValue:0.38333333333333336
UcanaccessDatabaseMetadata:0.38
SQLConverter:0.38
DBReference:0.28027777777777774
ComplexBase:0.22555555555555556
TriggerBase:0.13333333333333333
