TransportSQLAction:0.5466666666666666
JobContext:0.24476190476190476
