MessageDeframer:0.6
MessageDeframerTest:0.3333333333333333
Http2ClientStream:0.2733333333333333
AbstractClientStream:0.2633333333333333
