IndexMetaData:0.75
Builder:0.6666666666666666
MetaDataCreateIndexService:0.22333333333333333
ToAndFromJsonMetaDataTests:0.18
