Skin:0.37333333333333335
AnimatedTiledMapTile:0.35333333333333333
Rectangle:0.2966666666666667
LwjglAWTCanvas:0.2866666666666667
TexturePacker2:0.2866666666666667
Polygon:0.22666666666666666
BatchTiledMapRenderer:0.20666666666666667
IsometricTiledMapRenderer:0.17333333333333334
HexagonalTiledMapRenderer:0.16333333333333333
OrthogonalTiledMapRenderer:0.08
