Event:0.5833333333333334
Repository:0.57
Loader:0.20333333333333334
