Parser:0.38
jPredicate:0.36
jAtom:0.3233333333333333
jKnowledgeBase:0.23666666666666666
EulerRunner:0.1877777777777778
