SimpleSymmetricEngine:0.7077777777777777
SymmetricMessageReceiver:0.3233333333333333
SymmetricMessageDispatcher:0.2966666666666667
