BotCache:0.6433333333333333
WFEServerConnector:0.4166666666666667
WorkspaceOperations:0.38333333333333336
BotResourcesLabelProvider:0.20666666666666667
