BeanCopy:0.67
BeanVisitor:0.3805555555555556
BeanTemplateParser:0.21694444444444447
