ResourcesTest:0.5266666666666666
ShadowResources:0.37333333333333335
string:0.32255555555555554
ResourceLoaderTest:0.23
