ESBaseDirectoryTestCase:0.4442619047619048
SmbSimpleFSDirectoryTests:0.20666666666666667
SmbMMapDirectoryTests:0.20666666666666667
