RubyEditor:0.5133333333333333
RubyPlugin:0.5033333333333333
RubyActionGroup:0.32666666666666666
RefactoringActionGroup:0.25666666666666665
