GL20:0.6333333333333333
ShaderProgram:0.52
GL30Profiler:0.18333333333333332
GL20Profiler:0.10666666666666667
