Style:0.7166666666666667
LiferayStyle:0.47333333333333333
Liferay41Style:0.3433333333333333
ButtonTag:0.12333333333333334
