Order:0.6566666666666666
AbstractPayment:0.40797222222222224
AbstractShipment:0.19
