DBNNmodel:0.4633333333333333
SmartsMatchModel:0.4633333333333333
DBExactmodel:0.4633333333333333
