Elvin:0.5766666666666667
ConnRqst:0.14333333333333334
SubDelRqst:0.14333333333333334
SecRqst:0.14333333333333334
SubModRqst:0.14333333333333334
SubAddRqst:0.14333333333333334
Nack:0.13083333333333333
DisconnRqst:0.10333333333333333
