AbstractProcessingFilter:0.56
SessionUtils:0.5030555555555555
SessionFixationProtectionFilter:0.10666666666666667
