PlainShardsIterator:0.6966666666666667
PlainShardIterator:0.5033333333333333
