Robot:0.64
AWT:0.4266666666666667
Bugs:0.31333333333333335
BugsTest:0.24
ComponentTesterTest:0.22666666666666666
RobotTest:0.22666666666666666
ComponentTestFixture:0.21
AWTTest:0.18333333333333332
ThreadStateChecker:0.03
