GwtServerHelper:0.42333333333333334
SearchUtils:0.4
BinderHelper:0.37333333333333335
AccessControlManagerImpl:0.3233333333333333
QueryBuilder:0.27666666666666667
GwtUIHelper:0.23
