HibernatePG:0.55
StringArrayBytesConverter:0.48
StringTimeFormatter:0.16666666666666666
TimeBaseFormatter:0.15333333333333332
