MatrixAutomaton:0.47333333333333333
NormalAutomaton:0.3333333333333333
NormalState:0.29
SimpleAutomaton:0.10333333333333333
