RobolectricConfig:0.44
ResourceLoader:0.39555555555555555
Vars:0.35694444444444445
RobolectricClassLoader:0.31
RobolectricTestRunner:0.2833333333333333
RobolectricInternals:0.2833333333333333
RobolectricContext:0.24333333333333335
ResourceExtractor:0.17833333333333334
