CompiledCode:0.47801587301587306
Book:0.46166666666666667
LobTest:0.4166666666666667
