GeoPointFieldType:0.56
GeoPointFieldMapper:0.42
GeoPointFieldMapperTests:0.31
DecayFunctionScoreIT:0.24666666666666667
GeoDistanceSortBuilder:0.23333333333333334
GeoBoundingBoxQueryBuilder:0.23
GeoDistanceQueryBuilder:0.23
GeoDistanceRangeQueryBuilder:0.23
GeoUtilsTests:0.21333333333333335
GeoBoundingBoxIT:0.19333333333333333
GeoDistanceQueryParser:0.19
GeoDistanceRangeQueryParser:0.19
GeoBoundingBoxQueryParser:0.17888888888888888
GeoPolygonQueryParser:0.17888888888888888
GeoDistanceSortParser:0.17333333333333334
GeoDistanceIT:0.17333333333333334
GeoPointFieldTypeTests:0.11666666666666667
Names:0.08333333333333333
GeoPolygonQueryBuilder:0.06
Defaults:0.03
TypeParser:0.0033333333333333335
