ValidateCMLManager:0.7133333333333334
IValidateCMLManager:0.31
ValidateCMLManagerTest:0.30666666666666664
