JAttr:0.7466666666666667
AspectJVertex:0.45666666666666667
MyRenderer:0.39
JVertexView:0.2966666666666667
EditorJGraph:0.16
MultiLinedEditor:0.12333333333333334
