Config:0.6433333333333333
Transformer:0.42
ApolloPanel:0.38666666666666666
SiteView2:0.2633333333333333
SyntenyLinkPanel:0.22
Controller:0.21333333333333335
KaryotypePanel:0.21
StrandedZoomableApolloPanel:0.19
EnsemblDbPanel:0.16333333333333333
SyntenyMenu:0.16111111111111112
FullSyntenyPanel:0.16
SyntenyLinkMenu:0.07
