ReactionProcessTest:0.6516666666666666
ReactionChainTest:0.3933333333333333
ReactionMechanismTest:0.305
MreactionTests:0.15333333333333332
