Builder:0.79
EntityWriter:0.42333333333333334
Person:0.3616666666666667
EntityDataStore:0.36
EntityReader:0.33666666666666667
CompletableEntityStore:0.31333333333333335
SingleEntityStoreFromBlocking:0.31333333333333335
CompletionStageEntityStore:0.29333333333333333
SingleEntityStore:0.29333333333333333
BlockingEntityStore:0.24666666666666667
EntityStore:0.24666666666666667
FunctionalTest:0.19333333333333333
AutoValueModelTest:0.18333333333333332
ImmutableType:0.016666666666666666
