DatumValidator:0.37333333333333335
CRSValidator:0.36
ParameterValidator:0.28
Validator:0.14333333333333334
