Version:0.7266666666666667
VersionTests:0.5266666666666666
MoreLikeThisRequest:0.36666666666666664
