TaskSummary:0.43666666666666665
TaskInfo:0.4166666666666667
TaskInfoButton:0.4033333333333333
TaskComparator:0.18666666666666668
