GraphicUtilsFactory:0.6372222222222222
JFXUtilsFactory:0.5033333333333333
SwingUtilsFactory:0.42
JFXEditorDeleteTest:0.21333333333333335
