TopicBrowserTopComponent:0.6216666666666667
TopicOutputParser:0.5166666666666667
JPFAnnotation:0.3433333333333333
