MapCombineTask:0.4533333333333333
ListKeyValueSource:0.30333333333333334
SetKeyValueSource:0.30333333333333334
PartitionProcessor:0.12911111111111112
SingleExecutionProcessor:0.09577777777777777
