IAtomTypeGuesser:0.25493650793650796
ValencyMatcher:0.23333333333333334
StructGenMatcher:0.18666666666666668
StructGenAtomTypeGuesser:0.18666666666666668
