SimpleIndexQueryParserTests:0.5366666666666666
SpanWithinQueryBuilder:0.5133333333333333
QueryBuilders:0.34
SpanWithinQueryParser:0.14666666666666667
