SendingProviderRequestState:0.12333333333333334
SendingNodeResponseState:0.12333333333333334
SendingProviderInitialResponseState:0.12333333333333334
IdleProviderState:0.12333333333333334
SendingNodeInitialResponseState:0.12333333333333334
SendInitialBundleState:0.12333333333333334
SendingBundleState:0.12333333333333334
IdleState:0.11
ClassServerState:0.013333333333333334
NodeServerState:0.0
