P4:0.38333333333333336
Project:0.3433333333333333
ModificationSet:0.2833333333333333
ModificationSetTest:0.15666666666666668
P4Test:0.14666666666666667
Changelist:0.12666666666666668
AffectedFile:0.08666666666666667
MockModificationSet:0.06666666666666667
