Router:0.79
TriggerRouter:0.35333333333333333
RouterService:0.32
TriggerRouterService:0.28
TriggerRouterMapper:0.12333333333333334
