ESSearchNode:0.5866666666666667
ESGetNode:0.5177777777777778
