FileMetaInfo:0.84
DcmObjectFactory:0.365
FileMetaInfoImpl:0.2866666666666667
DcmObjectFactoryImpl:0.18666666666666668
