TrashListPage:0.33666666666666667
StudyListPage:0.3333333333333333
AuthenticatedWebSession:0.33
StudyListHeader:0.25666666666666665
TrashListHeader:0.21
