HQLScrollFetchTest:0.32666666666666666
QuoteTest:0.28
NamedNativeQueryTest:0.28
LoaderTest:0.27
MultiTableTest:0.24
CachedMutableNaturalIdTest:0.16333333333333333
ProxyNarrowingTest:0.11333333333333333
GeneratedValueTest:0.09333333333333334
OneToOneJoinTableTest:0.02
SerializableToBlobTypeTest:0.01
CompositeIdTypeBindingTest:0.006666666666666667
DoubleQuoteQuoting:0.0
