VanillaChronicleMap:0.6797222222222223
StatelessChronicleMap:0.5414444444444444
