SQLQueryModel:0.51
XmlBasedConstructorProvider:0.39
SQLQueryParameterModel:0.30333333333333334
SQLTasksModel:0.27
SQLTaskModel:0.14333333333333334
SQLHandlerCellEditorProvider:0.12666666666666668
ConstructorView:0.11
