Operations:0.7633333333333333
OperationsImpl:0.45666666666666667
GenericOperationsImpl:0.41
IndexDocumentHandler:0.34
RESTImpl:0.23333333333333334
SOAPImpl:0.09666666666666666
