RemoteObject:0.53
BackendBean:0.36666666666666664
BackendBeanRemote:0.2866666666666667
KuwaibaWebservice:0.23333333333333334
ObjectViewAdapter:0.15333333333333332
