ThrottleController:0.38666666666666666
DownloadManager:0.3433333333333333
DownloadWorker:0.26
