Gedcom:0.5733333333333334
MetaProperty:0.5266666666666666
Property:0.44666666666666666
TagPath:0.42
PropertySex:0.3
PropertyFile:0.29333333333333333
Source:0.2783333333333333
File:0.2733333333333333
PropertyDate:0.27
MLE:0.25666666666666665
Note:0.24666666666666667
PropertyXRef:0.23666666666666666
PropertyName:0.23666666666666666
PropertyEvent:0.23
Repository:0.21666666666666667
PropertyForeignXRef:0.20644444444444443
PropertyBlob:0.2
PropertyNote:0.2
EditViewFactory:0.2
ViewManager:0.19666666666666666
TagPathTree:0.19666666666666666
ChoosePropertyBean:0.19666666666666666
MultiLineSupport:0.19583333333333333
EntityTableModel:0.19333333333333333
PropertyFam:0.19
GedcomWriter:0.19
PropertyAge:0.18333333333333332
ReportMakeHTMLTable:0.17666666666666667
ReportAppletDetails:0.17
FilterProperties:0.17
ProxyXRef:0.17
ProxyMLE:0.16666666666666666
PropertyRelationship:0.16
PropertyView:0.15666666666666668
GedcomReader:0.15333333333333332
Media:0.14666666666666667
PropertyMedia:0.13833333333333334
PropertySource:0.13666666666666666
PropertyRepository:0.13333333333333333
TimelineViewSettings:0.12333333333333334
PropertyIndi:0.12
AssociatedWith:0.10333333333333333
Delegate:0.09666666666666666
Example:0.08333333333333333
EntityRenderer:0.07833333333333334
ActionPropertyAdd:0.07333333333333333
Base64Iterator:0.06333333333333334
PropertySimpleValue:0.05
PropertyMultilineValue:0.05
LinkedBy:0.04
FIFO:0.03333333333333333
Parser:0.016666666666666666
TagPathSelector:0.016666666666666666
PropertyNoValue:0.0
