EndToEndViewScene:0.58
ServiceNode:0.34777777777777774
EndToEndViewTopComponent:0.32666666666666666
ShowEndToEndViewAction:0.19333333333333333
CustomerNode:0.14333333333333334
