ElasticTabStopBufferListener:0.28089336
ElasticTabstopsTabExpander:0.12996398
Selection:0.096426755
JEditBuffer:0.08255166
ColumnBlockLine:0.06751594
TextArea:0.048877917
Node:0.0137106925
