TokenMarker:0.15121625
ParserRule:0.1358007
XModeHandler:0.08073238
KeywordMap:0.07368795
Token:0.036322474
JEditBuffer:0.031737853
StandaloneTextArea:0.024073187
Chunk:0.02344916
DefaultTokenHandler:0.021544106
Buffer:0.015317199
DisplayTokenHandler:0.003948897
