Anchor:0.35937548
DisplayManager:0.19658922
TextArea:0.05819472
BufferHandler:0.052174326
JEditBuffer:0.01830699
Log:0.0014622505
Debug:0.001417356
