Sink:0.56
MessageFramer:0.4666666666666667
MessageDeframer:0.3433333333333333
ByteWritableBuffer:0.29
AbstractServerStream:0.23333333333333334
MessageFramerTest:0.22666666666666666
MessageDeframerTest:0.22666666666666666
NettyServerStream:0.21333333333333335
AbstractClientStream:0.21333333333333335
OkHttpClientStream:0.21333333333333335
AbstractStream:0.18666666666666668
NettyServerHandlerTest:0.16333333333333333
NettyClientStream:0.15
Http2ClientStream:0.14333333333333334
BytesWritableBufferAllocator:0.0
