User:0.41333333333333333
PortletTestUtils:0.33666666666666667
AuthenticationDetails:0.33
MockInitialContext:0.2833333333333333
GrantedAuthorityImpl:0.26666666666666666
J2eeBasedPreAuthenticatedWebAuthenticationDetailsSource:0.23
JbossSpringSecurityLoginModuleTests:0.21666666666666667
JettyAcegiUserRealmTests:0.21666666666666667
AbstractAuthenticationToken:0.20555555555555557
MockMethodInvocation:0.2
AclProviderManager:0.19305555555555554
BasicAclEntryVoterTests:0.19166666666666668
CaptchaSecurityContextImpl:0.18833333333333332
CatalinaSpringSecurityUserRealmTests:0.18666666666666668
ResinAcegiAuthenticatorTests:0.18666666666666668
J2eeBasedPreAuthenticatedWebAuthenticationDetailsSourceTests:0.17333333333333334
AclProviderManagerTests:0.16333333333333333
PortletProcessingInterceptor:0.15
PortletSessionContextIntegrationInterceptorTests:0.14
AlwaysTestBelowAverageTimeInMillisBetweenRequestsChannelProcessor:0.13666666666666666
AfterInvocationProviderManagerTests:0.13
MockFilterInvocationDefinitionMap:0.12666666666666668
AnonymousProcessingFilterTests:0.12333333333333334
MockStaticPart:0.11976190476190476
MockCodeSignature:0.11920634920634922
AlwaysTestAfterTimeInMillisCaptchaChannelProcessor:0.11333333333333333
TestOnceAfterMaxRequestsCaptchaChannelProcessor:0.11333333333333333
UserTests:0.11333333333333333
MockJoinPoint:0.11166666666666666
MockFilterChain:0.09333333333333334
MockConfigAttribute:0.09
MockFilterToBeanProxy:0.09
MockJbossIntegrationFilter:0.09
MockAuthenticationEntryPoint:0.09
MockAuthenticationImpl:0.08666666666666667
MockChannelDecisionManager:0.08666666666666667
PreAuthenticatedAuthenticationProvider:0.08333333333333333
PortletPreAuthenticatedAuthenticationDetails:0.07333333333333333
PortletAuthenticationDetails:0.06
MockAfterInvocationProvider:0.058333333333333334
CustomGrantedAuthority:0.043333333333333335
MockGrantedAuthorityImpl:0.04
PortletProcessingFilterEntryPoint:0.03666666666666667
AbstractPreAuthenticatedAuthenticationDetailsSource:0.03
SomeDomainObject:0.02
AuthenticationDetailsSourceImpl:0.016666666666666666
MockPortletAuthenticationManager:0.013333333333333334
SecurityContextPortlet:0.01
PortletPreAuthenticatedAuthenticationDetailsSource:0.006666666666666667
PreAuthenticatedGrantedAuthoritiesUserDetailsService:0.006666666666666667
