AbstractUserDetailsAuthenticationProvider:0.8033333333333333
UserDetailsChecker:0.07611111111111112
AccountStatusUserDetailsChecker:0.07
DefaultPreAuthenticationChecks:0.013333333333333334
DefaultPostAuthenticationChecks:0.013333333333333334
