Fiber:0.6866666666666666
Stack:0.37666666666666665
SingleConsumerQueue:0.30333333333333334
SingleConsumerArrayQueue:0.2866666666666667
RingBenchmark:0.18000000000000002
