AddSpectrumWizard:0.5266666666666666
AssignBibtexWizard:0.3933333333333333
ViewDeleteBibtexWizard:0.22666666666666666
NewSpecMolWizard:0.21666666666666667
