Settings:0.7
LegacyPropertiesConfigurationProvider:0.2966666666666667
SettingsTest:0.22666666666666666
