NeuralNetConfiguration:0.7933333333333333
BackPropOptimizer:0.25333333333333335
OutputLayerTest:0.17
WeightInitUtil:0.16333333333333333
StackedDenoisingAutoEncoderTest:0.12666666666666668
