TransportSQLActionTest:0.4266666666666667
TestNodesTableInfo:0.2555555555555556
PlannerTest:0.25333333333333335
TestModule:0.19914285714285715
TestShardsTableInfo:0.16580952380952382
Planner:0.15666666666666668
TestSysModule:0.08833333333333333
