JPPFNode:0.5633333333333334
JPPFLocalNode:0.25333333333333335
JPPFRemoteNode:0.23666666666666666
AbstractClassLoaderManager:0.15
RemoteClassLoaderManager:0.06
LocalClassLoaderManager:0.05
