DataManager:0.5133333333333333
LuceneSearcher:0.3466666666666667
Search:0.3233333333333333
SearchManager:0.30333333333333334
FieldMapper:0.27666666666666667
DescribeRecord:0.23166666666666666
GetRecords:0.20333333333333334
GetDomain:0.18666666666666668
Session:0.17777777777777776
Delete:0.16777777777777778
GetRecordById:0.16666666666666666
CatalogSearcher:0.15333333333333332
SearchController:0.13666666666666666
GetResultsInfo:0.09
OgcGenericFilters:0.016666666666666666
