WanReplicationRef:0.5233333333333333
SpringXmlConfigBuilder:0.32666666666666666
XmlConfigBuilder:0.30333333333333334
TestFullApplicationContext:0.28
MapServiceContextImpl:0.23333333333333334
MapServiceContext:0.19416666666666665
WanReplicationRefReadOnly:0.06821428571428571
