GeneBean:0.49333333333333335
ArticleBean:0.4766666666666667
ChromosomeChoices:0.33666666666666667
DisplayGene:0.26666666666666666
