CA:0.4166666666666667
CAH:0.3433333333333333
Vocabulary:0.2833333333333333
Cooccurrence:0.25
Concordance:0.24833333333333332
Repartition:0.23
SpecificitesResult:0.23
Diagnostic:0.2255952380952381
CoocMatrix:0.22333333333333333
Referencer:0.22333333333333333
ProcessWatcher:0.22166666666666668
Lexicon:0.21
QueryIndex:0.2
InterTextDistance:0.16166666666666665
Function:0.12333333333333334
