JavaGenerator:0.508
AbstractDatabase:0.44333333333333336
GenerationTool:0.34833333333333333
