ValidationService:0.9360555555555558
ValidationServiceImpl:0.5733333333333334
ValidationConsumer:0.32976190476190476
