JTBSession:0.7116666666666667
ExternalConfigManager:0.36666666666666664
MessageServices:0.29
EmptyMessageException:0.07333333333333333
