RDFProtonDescriptor_G3RTest:0.18333333333333332
RDFProtonDescriptor_GDRTest:0.18333333333333332
RDFProtonDescriptor_GHRTest:0.18333333333333332
RDFProtonDescriptor_GHR_topolTest:0.18333333333333332
RDFProtonDescriptor_GSRTest:0.18333333333333332
