ShadowAlarmManager:0.5366666666666666
ShadowUserManager:0.28
ShadowAlarmManagerTest:0.21333333333333335
ShadowFilter:0.10333333333333333
ShadowFilterTest:0.06
ShadowUserManagerTest:0.056666666666666664
