SMSResultHandler:0.42333333333333334
EncodeActivity:0.3333333333333333
WifiResultHandler:0.28
CaptureActivityHandler:0.20666666666666667
