ArcCircleRenderer:0.5836666666666667
ArcEllipseRenderer:0.5836666666666667
