ClientEngine:0.82
ClientEndpoint:0.69
ClientEngineImpl:0.13
MapAddEntryListenerRequest:0.12
AddEntryListenerRequest:0.03
AddMembershipListenerRequest:0.016666666666666666
AddItemListenerRequest:0.016666666666666666
AddMessageListenerRequest:0.013333333333333334
AddListenerRequest:0.013333333333333334
PartitionDataSerializerHook:0.0
