FileUtils:0.6633333333333333
CompressionService:0.45666666666666667
FileMoveService:0.36333333333333334
FileCopyService:0.2866666666666667
