EhCacheTicketRegistry:0.3566666666666667
MemCacheTicketRegistry:0.2633333333333333
CipherExecutor:0.2544444444444444
CompressionUtils:0.25
HazelcastTicketRegistry:0.24666666666666667
JBossCacheTicketRegistry:0.18333333333333332
DefaultCipherExecutor:0.15333333333333332
DefaultCasCookieValueManager:0.14333333333333334
