Environment:0.63
VersionUtils:0.44666666666666666
Cfg:0.3988888888888889
