ClassNode:0.7633333333333333
InsnGen:0.34
TestInner:0.31666666666666665
