AuditedPropertiesReader:0.4633333333333333
AuditReaderImpl:0.31333333333333335
RevisionDoesNotExistException:0.2866666666666667
AnnotationsMetadataReader:0.26
NotAuditedException:0.17666666666666667
