RosterTracker:0.6497777777777778
RosterTrackerTest:0.37
AbstractRosterListener:0.2738055555555556
