RScript:0.5647777777777778
RedissonScript:0.5233333333333333
RedissonScriptTest:0.2633333333333333
ObjectListReplayDecoder:0.16333333333333333
RScriptAsync:0.12666666666666668
RedisCommands:0.05333333333333334
