AnalyzerDispatcher:0.3566666666666667
ShowStatementAnalyzer:0.3566666666666667
Analyzer:0.3466666666666667
ShowStatementsAnalyzerTest:0.3433333333333333
ShowIntegrationTest:0.26666666666666666
