SMILESReader:0.7405555555555555
SMILESReaderTest:0.38333333333333336
