Unit:0.7
Mission:0.63
TransportMission:0.21666666666666667
WishRealizationMission:0.21
BuildColonyMission:0.21
IndianBringGiftMission:0.2
InGameController:0.19666666666666666
IndianDemandMission:0.18
CashInTreasureTrainMission:0.17666666666666667
ScoutingMission:0.17666666666666667
PioneeringMission:0.17666666666666667
DefendSettlementMission:0.17666666666666667
UnitSeekAndDestroyMission:0.17333333333333334
DefaultCostDecider:0.14
UnitWanderHostileMission:0.13
UnitWanderMission:0.13
