PredicateDefinitionVo:0.5694444444444445
InitialFunctionDefinitionVo:0.5211111111111111
