VertxLifecycleHooks:0.6872222222222223
BareCommand:0.4166666666666667
RunCommand:0.4
Launcher:0.385
