OkApacheClientTest:0.36
OkUrlFactoryTest:0.3566666666666667
RouteSelector:0.33
MockWebServerTest:0.3233333333333333
URLConnectionTest:0.30666666666666664
CookiesTest:0.30333333333333334
ResponseCacheTest:0.29333333333333333
InterceptorTest:0.27666666666666667
UrlConnectionCacheTest:0.26
HttpOverHttp2Test:0.26
CacheAdapterTest:0.25666666666666665
RealConnection:0.24666666666666667
SpdyRequest:0.24
CustomDispatcherTest:0.23
DisconnectTest:0.23
ThreadInterruptTest:0.23
HttpOverSpdyTest:0.20666666666666667
NetworkInterceptorChain:0.19333333333333333
