Group:0.32
Permission:0.32
Scope:0.31333333333333335
RoleFactory:0.2866666666666667
Domain:0.2866666666666667
Privilege:0.2866666666666667
User:0.27666666666666667
Subject:0.23333333333333334
TypeFactory:0.21444444444444447
UserAction:0.20333333333333334
ValidTag:0.13666666666666666
PrivilegeTest:0.11666666666666667
