ParsedTag:0.7666666666666667
LagartoParser:0.39666666666666667
