HopParser:0.53
HopLexer:0.32111111111111107
MatchKeyword:0.2866666666666667
HopEndMatcher:0.26
FileMatcher:0.095
EndMatcherFactory:0.08
HopCodeMatcher:0.023333333333333334
