PlaceBean:0.5416666666666666
NameBean:0.43333333333333335
ChoiceBean:0.34833333333333333
