KeyTools:0.5266666666666666
OCSPServletStandAlone:0.39
PKCS11CAToken:0.18333333333333332
KeyStoreContainerP11:0.18333333333333332
