ManufactureGood:0.66
Technician:0.4166666666666667
Engineer:0.25666666666666665
JobManager:0.21666666666666667
