MainFrame:0.5566666666666666
IResourceHandle:0.5533333333333333
ApplicationViewer:0.25666666666666665
DSHandle:0.23666666666666666
DefaultResourceHandle:0.22666666666666666
ProjectData:0.19111111111111112
RunAction:0.18333333333333332
OpenDSAction:0.18
NewDSAction:0.18
NewApplicationAction:0.18
NewPRAction:0.18
RefreshAction:0.18
NewLRAction:0.18
ApplicationHandle:0.17666666666666667
PRHandle:0.15555555555555556
ModulesTableModel:0.1527777777777778
ClosePRAction:0.15
LRHandle:0.15
CustomResourceHandle:0.15
CloseAction:0.15
CustomTreeCellRenderer:0.14277777777777775
ResourcesTreeModel:0.13333333333333333
DSEntry:0.12
ResourceTreeCellRenderer:0.10666666666666667
LoadAction:0.0033333333333333335
DeleteAction:0.0033333333333333335
