TreeView:0.5983333333333334
FontChooser:0.36
FontUI:0.29777777777777775
MultilineUI:0.26
