LinuxDisplay:0.8088888888888889
LinuxContextImplementation:0.43333333333333335
