FileSystemMgt2Bean:0.6622222222222222
LossyCompressionService:0.3722222222222222
