ClientsView:0.5622222222222222
LogView:0.4066666666666667
