PcoreMolecule:0.5266666666666666
IPcoreElement:0.44333333333333336
MoleculeFile:0.3
PcorePage:0.2866666666666667
PcoreEditorModel:0.2733333333333333
MoleculesContentProvider:0.2
MoleculesLabelProvider:0.17666666666666667
PcoreConformer:0.03333333333333333
PcoreMatchingDialog:0.0
