Main:0.73
MainLoopRunner:0.21333333333333335
MainLoopLauncher:0.20666666666666667
