LexicalTable:0.6711111111111111
LexicalTableEditor:0.61
ObjectSelector:0.4633333333333333
ObjectSelectionDialog:0.2633333333333333
IImageKeys:0.25
