JavaTranslator:0.49
DarkTheme:0.31083333333333335
ApkTranslator:0.2544444444444445
DisplayArea:0.23333333333333334
DexInfoTranslator:0.21333333333333335
