HistoryGuru:0.49666666666666665
JDBCHistoryCache:0.44
MercurialRepository:0.26666666666666666
BazaarRepository:0.2633333333333333
CVSRepository:0.26
Handler:0.229031746031746
RazorRepository:0.21666666666666667
SubversionRepository:0.18666666666666668
GitHistoryParser:0.15
