LogicalConnectionManagedImpl:0.3933333333333333
AvailableSettings:0.3383333333333333
ConnectionProviderDelegate:0.26
PreparedStatementSpyConnectionProvider:0.25
ReflectionUtil:0.18
AbstractLogicalConnectionImplementor:0.16
JdbcCoordinatorTest:0.09666666666666666
CriteriaLiteralsTest:0.08666666666666667
