ParserATNSimulator:0.44
ATNConfigSet:0.43666666666666665
ATNConfig:0.4
TestFullContextParsing:0.2966666666666667
TestT:0.19333333333333333
ANTLRErrorListener:0.1638888888888889
ProxyErrorListener:0.12333333333333334
BaseErrorListener:0.11994444444444445
DiagnosticErrorListener:0.060833333333333336
