Adapter:0.5826111111111111
LocalCertificateStoreSessionBean:0.42
CertificateDataUtil:0.4033333333333333
LocalCertificateStoreOnlyDataSessionBean:0.19111111111111112
MyAdapter:0.17333333333333334
