MultiSubscriberTest:0.5860714285714286
FragmentedMessageTest:0.30333333333333334
