CouchbaseClientFactory:0.6233333333333333
CollectionUtils:0.38333333333333336
CouchbaseServiceRegistryDao:0.2633333333333333
CouchbaseAuthenticationConfiguration:0.17
CouchbaseTicketRegistryConfiguration:0.17
CouchbaseAuthenticationHandler:0.16777777777777778
CouchbaseServiceRegistryConfiguration:0.15
BaseCouchbaseProperties:0.0
