AbstractEntityTest:0.6477777777777777
ComponentTest:0.33
ConfigurationTest:0.21333333333333335
