HttpUserInfo:0.5766666666666667
XDSIService:0.4066666666666667
ContentEditService:0.33
RIDService:0.29333333333333333
RIDSupport:0.2833333333333333
AEService:0.19666666666666666
