CallsCount:0.5966666666666667
PromiseSupport:0.37666666666666665
PrototypeTest:0.18333333333333332
B2BService:0.16722222222222222
WeaponTest:0.16
B2BServiceTest:0.13333333333333333
FactoryMethodTest:0.13
