SigmaElectronegativityDescriptor:0.3233333333333333
VAdjMaDescriptor:0.29
ZagrebIndexDescriptor:0.29
ProtonTotalPartialChargeDescriptor:0.20666666666666667
BondCountDescriptor:0.16666666666666666
IsProtonInAromaticSystemDescriptor:0.15333333333333332
IsProtonInConjugatedPiSystemDescriptor:0.15333333333333332
AromaticBondsCountDescriptor:0.11666666666666667
AromaticAtomsCountDescriptor:0.11666666666666667
