LoadingRelationshipsListener:0.39
TermBean:0.36
AddTerm2Term:0.2511111111111111
BulkTermLoader:0.16333333333333333
TestConnectionFactory:0.12666666666666668
PubProperties:0.10666666666666667
LoadingTermsListener:0.10527777777777778
