LdapPublisher:0.5733333333333334
CertTools:0.44
LdapSearchPublisher:0.3466666666666667
PublisherDataBean:0.2122222222222222
EditPublisherJSPHelper:0.11666666666666667
