TestTupleDomain:0.6733333333333333
HivePartitionManager:0.2966666666666667
InformationSchemaSplitManager:0.17
Optimizer:0.17
