DefinitionHelper:0.5833333333333334
MobileAjaxController:0.37666666666666665
WebKeys:0.18833333333333332
