TodosDwrImpl:0.34
TodosManager:0.3175
TodosDwr:0.25666666666666665
TodosManagerImpl:0.20333333333333334
