Request:0.75
RequestBuilder:0.5033333333333333
NettyAsyncHttpProvider:0.2866666666666667
RequestBuilderBase:0.2733333333333333
RequestImpl:0.22
Relative302Test:0.19666666666666666
OAuthSignatureCalculator:0.19
ApacheAsyncHttpProvider:0.16
AsyncHttpUrlConnection:0.12
RequestBuilderTest:0.09666666666666666
BasicAuthTest:0.09
EchoHandler:0.07666666666666666
SimpleHandler:0.03
ProxyyTunnellingTest:0.013333333333333334
BodyChunkTest:0.0033333333333333335
