View:0.5866666666666667
ModuleContext:0.33666666666666667
SellerCannotCreateCustomerTest:0.19
Invoice2NoModifyDetailsTest:0.18666666666666668
