RuleEvent:0.72
RuleApplicationRecord:0.53
Rule:0.5166666666666667
RuleApplication:0.49
BasicEvent:0.38333333333333336
PredicateTests:0.27666666666666667
CompositeEvent:0.24333333333333335
TransPredicates:0.21
MatchApplier:0.18166666666666667
AbstractEvent:0.18
ExplorationStatistics:0.17666666666666667
SPOEventCache:0.12333333333333334
Predicate_ruleevent_created_node:0.11
Predicate_ruleevent_created_edge:0.11
Predicate_ruleevent_erased_edge:0.11
Predicate_ruleevent_erased_node:0.11
AbstractEventCache:0.0
