InternalTestCluster:0.39666666666666667
IndicesRequestTests:0.36
MoreLikeThisIT:0.25
SuggestStatsIT:0.23
CompositeTestCluster:0.21666666666666667
SearchStatsTests:0.19666666666666666
