Tab:0.73
CustomReportColumn:0.29333333333333333
OnChangeCustomReportColumnNameAction:0.19666666666666666
GenerateCustomReportAction:0.19
SaveCustomReportColumnAction:0.13
ProductTest:0.09666666666666666
BooleanListFormatter:0.016666666666666666
