Range:0.6733333333333333
HTTPRangeSet:0.37666666666666665
