JobUndeployCommand:0.5116666666666667
JobRemoveCommand:0.3566666666666667
HostDeregisterCommand:0.3566666666666667
