JavaBeanSerializer:0.8233333333333334
SerializeConfigTest:0.23666666666666666
