Pointer:0.5766666666666667
Loader:0.4
Generator:0.3433333333333333
Parser:0.31
