Tree:0.8255555555555555
ReportTrees:0.5433333333333333
