NetworkTab:0.5766666666666667
MouseHandler:0.30633333333333335
SelectionHandler:0.07333333333333333
IgnoreHostAction:0.07
DisconnectHostAction:0.05333333333333334
ChatToHostAction:0.05333333333333334
