TypeUtils:0.48333333333333334
FieldInfo:0.38666666666666666
JavaBeanInfo:0.31
JSONLexerBase:0.2966666666666667
JavaBeanDeserializer:0.2866666666666667
JSONScanner:0.24333333333333335
VO:0.24333333333333335
ASMDeserializerFactory:0.23
DefaultJSONParser:0.21666666666666667
ASMSerializerFactory:0.2
ParserConfig:0.2
LongFieldTest_2_stream:0.14333333333333334
DoubleBenchmark_arrayMapping:0.13666666666666666
