StatsStorage:0.663888888888889
StatsInitializationReport:0.5466666666666666
SbeStatsInitializationReport:0.4633333333333333
StatsListener:0.19472222222222224
MapDBStatsStorage:0.17666666666666667
TestStatsSBE:0.13666666666666666
TrainModule:0.06
