JFXServerWrapper:0.53
SnapshotConfiguration:0.38666666666666666
SnapshotServerConfiguration:0.32666666666666666
SnapshotPlugin:0.24
SnapshotServerPlugin:0.22666666666666666
AbstractExtensionLoader:0.15666666666666668
SnapshotConstants:0.03305555555555555
