JavaInstanceMethodHandleTest:0.7993333333333333
JavaInstanceMethodTypeTest:0.4093333333333333
