VocabCache:0.571888888888889
AbstractCache:0.36666666666666664
VocabConstructorTest:0.29333333333333333
Word2Vec:0.28
AbstractSequenceIterator:0.2633333333333333
SentenceTransformer:0.25666666666666665
ParagraphVectors:0.22444444444444447
InMemoryLookupCache:0.20666666666666667
JointStorage:0.175
VocabConstructor:0.165
Builder:0.11666666666666667
AbstractVectorsTest:0.03
