IRDFManager:0.8533333333333334
RDFManager:0.8159444444444445
