BufferSetListener:0.56373876
Buffer:0.019652693
