jEdit:0.11243819
BufferUpdate:0.0972676
View:0.07837818
Buffer:0.07127572
ViewUpdate:0.07078352
DockableWindowManager:0.06706638
DockingFrameworkProvider:0.063558444
ActionSet:0.06124078
JEditActionSet:0.060079154
DockingOptionPane:0.056106076
EBComponent:0.0535298
EditBus:0.047245964
EditAction:0.043369077
EditPaneUpdate:0.037328683
JEditBuffer:0.028598376
Mode:0.027775755
EBMessage:0.023798458
JEditAbstractEditAction:0.015400171
