FontSelector:0.15841101
TextAreaOptionPane:0.08768103
jEdit:0.03971551
Log:0.011459318
EnhancedDialog:0.0073974053
