Gutter:0.05844382
EditPane:0.051679093
