StringTransferableService:1.0
RichJEditTextTransferableService:0.93214583
TransferHandler:0.6023868
TextArea:0.060208503
jEdit:0.036463745
