GUIUtilities:0.056154046
jEdit:0.052199163
JEditTrayIcon:0.05109957
JTrayIconManager:0.043838188
View:0.03862863
EditServer:0.028705183
JTrayIcon:0.024191365
EBMessage:0.018231165
EditPaneUpdate:0.01369952
StringList:0.012286819
EBComponent:0.0067846086
