JEditSwingTrayIcon:0.03471349
GUIUtilities:0.029666966
JEditTrayIcon:0.014313838
