SaveBackupOptionPane:0.06790995
AppearanceOptionPane:0.033233467
