Log:0.025177414
EncodingsOptionPane:0.009500375
jEdit:0.008464604
