VFS:0.1718871
AbstractBrowserTask:0.12982519
VFSFile:0.10912928
VFSManager:0.102154344
VFSBrowser:0.10144906
FavoritesVFS:0.08094022
jEdit:0.040085074
Task:0.03498765
Log:0.024652686
OperatingSystem:0.013296201
