TaskManager:0.40510646
WorkRequest:0.19600697
LocalFileSaveTask:0.16624509
ProgressObserver:0.1606104
HyperSearchRequest:0.13952303
TaskMonitor:0.1183763
MkDirBrowserTask:0.11823394
DeleteBrowserTask:0.11189297
ListDirectoryBrowserTask:0.110199824
RenameBrowserTask:0.104200244
ThreadUtilities:0.09626584
AbstractBrowserTask:0.09168898
TaskListener:0.073238656
TaskAdapter:0.07259384
TaskMonitorWidgetFactory:0.07159469
PluginManagerOptionPane:0.07059925
MarkersSaveRequest:0.06870338
VFSManager:0.06237849
CopyFileWorker:0.0532061
PluginManager:0.050545532
VFSBrowser:0.0455867
Log:0.036653403
PluginList:0.025733948
