TaskAdapter:0.65908796
AbstractBrowserTask:0.38096693
TaskMonitorWidgetFactory:0.32802707
TaskManager:0.31640914
TaskMonitor:0.23852845
Task:0.09361328
