RedissonList:0.4575
RedissonSet:0.2833333333333333
RedissonMap:0.25666666666666665
RedissonQueue:0.23
RedissonAtomicLong:0.20666666666666667
