jOOQAbstractTest:0.5333333333333333
SelectImpl:0.31
AbstractSubSelect:0.27
SimpleSelectImpl:0.26
OrderProvider:0.15833333333333333
SimpleSelectOrderByStep:0.013333333333333334
SelectOrderByStep:0.013333333333333334
