SWDownloadFile:0.5
SWDownloadSegment:0.45666666666666667
DownloadEngine:0.44666666666666666
SWDownloadWorker:0.38666666666666666
