ElementMatchers:0.7482777777777778
MethodInvocationTest:0.44055555555555553
