Extruder:0.888888888888889
Reprap:0.46
Printer:0.41583333333333333
Preferences:0.2994444444444444
NullCartesianMachine:0.29
GenericExtruder:0.24333333333333335
Producer:0.21333333333333335
NullExtruder:0.2
SquareTest:0.10666666666666667
LayerProducer:0.08333333333333333
