GAuth:0.6033333333333334
OidcConfiguration:0.43666666666666665
GoogleAuthenticatorAuthenticationEventExecutionPlanConfiguration:0.36666666666666664
