ModuleConstantsExistenceCheckerImpl:0.5966666666666667
WellFormedCheckerExecutor:0.44333333333333336
DefaultExistenceChecker:0.39
