DefaultExpressionParserFactory:0.2833333333333333
TestBean:0.22333333333333333
ELExpressionParserTests:0.19333333333333333
OgnlExpressionParserTests:0.14333333333333334
DefaultExpressionParserFactoryTests:0.07
