Expectations:0.6233333333333333
ViewCalculator:0.39666666666666667
ViewExpectation:0.30333333333333334
ExpectAnim:0.29
PositionAnimExpectationBottomOfParent:0.2277777777777778
ExpectAnimPositionManager:0.19444444444444445
ExpectAnimScaleManager:0.17777777777777778
MainActivity:0.14
ExpectAnimAlphaManager:0.09
