QueryBuilders:0.6733333333333333
SimpleIndexQueryParserTests:0.3566666666666667
CustomScoreSearchTests:0.31666666666666665
DecayFunctionScoreTests:0.31666666666666665
SimpleSortTests:0.2833333333333333
SimplePercolatorTests:0.21333333333333335
SimpleChildQuerySearchTests:0.2
RandomScoreFunctionTests:0.18
QueryRescorerTests:0.11666666666666667
