DataManager:0.5233333333333333
Manager:0.5033333333333333
Params:0.02
