Actor:0.6633333333333333
Event:0.43
ActorGestureListener:0.30333333333333334
Scene2dTest:0.21666666666666667
ChangeListener:0.12666666666666668
