DocumentKey:0.3466666666666667
RatedDocument:0.28
PrecisionAtK:0.24
RankEvalSpec:0.23
RatedRequestsTests:0.21666666666666667
DiscountedCumulativeGain:0.21333333333333335
EvalQueryQuality:0.21066666666666667
MeanReciprocalRank:0.19666666666666666
RatedDocumentTests:0.17
RankEvalRequestIT:0.16666666666666666
DiscountedCumulativeGainTests:0.14333333333333334
RankEvalResponseTests:0.10333333333333333
RankEvalSpecTests:0.07666666666666666
EvalQueryQualityTests:0.04666666666666667
RatedSearchHitTests:0.045
RankEvalActionListener:0.03333333333333333
