LuceneQueryBuilderTest:0.6191111111111112
MatchPredicateTest:0.44666666666666666
