JglfwApplication:0.5366666666666666
JglfwGraphics:0.5
JglfwApplicationConfiguration:0.3
JglfwTestStarter:0.13444444444444442
JglfwDebugStarter:0.09333333333333334
