RenderPanel:0.5933333333333334
JChemPaintPanel:0.5188888888888888
PrintAction:0.14872222222222223
