ReallyBigClass:0.49138888888888893
FastClassEmitter:0.39666666666666667
FastClass:0.325
TestFastClass:0.32
EmitUtils:0.28
