InstanceBean:0.6533333333333333
QueryCmd:0.40166666666666667
ContentItemBean:0.24666666666666667
