Viewer:0.7666666666666667
NodeView:0.35
JnetManager:0.31333333333333335
