ServerUtilities:0.32666666666666666
GUITestUtilities:0.3
ServerMapItemsUtilities:0.2733333333333333
TestBehaviorRenderer:0.23166666666666666
TestWidgetRenderer:0.2080952380952381
PushButton2Renderer:0.2080952380952381
NewPushButtonRenderer:0.2080952380952381
ComboBoxRenderer2:0.18333333333333332
AltPushButtonRenderer:0.18333333333333332
SyntheticWidgetRenderer:0.18333333333333332
PushButtonRenderer2:0.18333333333333332
CheckMessagesRenderer:0.18
ServerComUtilities:0.17
JFXPropertiesConstructor:0.16666666666666666
SwingPropertiesConstructor:0.12
