XContentBuilder:0.6333333333333333
StringTerms:0.26666666666666666
SignificantStringTerms:0.26666666666666666
XContentBuilderTests:0.20666666666666667
