Controller:0.6733333333333333
AndroidInput:0.3933333333333333
Controllers:0.2833333333333333
ControllerListener:0.2517063492063492
Timer:0.24
LwjglDebugStarter:0.18
PauseResumeListener:0.1778888888888889
DesktopControllersTest:0.17333333333333334
GameLoop:0.12666666666666668
MainMenu:0.11
