GwtTeamingMessages:0.558888888888889
EditNetFolderRightsDlg:0.33
GwtNetFolderHelper:0.24333333333333335
PerUserRightsInfo:0.22333333333333333
NetFolderSelectPrincipalsWidget:0.22
