ActivitySequencerTest:0.3433333333333333
BaseTestCase:0.30333333333333334
UDPServiceStub:0.2833333333333333
StubXMPPTransmitter:0.2833333333333333
MessageHelper:0.2729444444444445
UDPConnectionTest:0.26666666666666666
UDPSocketChannelTest:0.25333333333333335
UDPConnectNIOTest:0.25333333333333335
ActivitiesExtensionProviderTest:0.22666666666666666
XMPPTransmitterTest:0.20083333333333334
SessionManagerStub:0.17333333333333334
SynMessageImplTest:0.17333333333333334
SequenceNumberExtenderTest:0.1622222222222222
RUDPMessagesImplTest:0.15083333333333335
UDPMultiplexorTest:0.14666666666666667
SynMessageImplProtocolVersion0:0.14333333333333334
DefaultMessageFactoryTest:0.13888888888888887
StubRUDPMessage:0.13666666666666666
Version0MessageFactory:0.11654761904761902
UDPTester:0.10666666666666667
UDPMessageTest:0.1
UStandalone:0.09666666666666666
StubConnectObserver:0.09111111111111111
DataWindowTest:0.08
StubDataMessage:0.057777777777777775
