PreLogoutEvent:0.55
EventHelper:0.3933333333333333
MainMenuControl:0.37333333333333335
LogoutEvent:0.2833333333333333
AdminControl:0.26
