Management:0.5754444444444444
DOWriter:0.5593333333333333
DatastreamPane:0.36
DefaultDOManager:0.34
TypeUtility:0.32
DefaultManagement:0.27666666666666667
DatastreamConduit:0.2733333333333333
FedoraAPIMBindingSOAPHTTPImpl:0.24666666666666667
NewDatastreamPane:0.24333333333333335
FedoraOAIProvider:0.23
FedoraOAIProviderModule:0.21333333333333335
SimpleDOWriter:0.20666666666666667
EditingPane:0.19666666666666666
DatastreamsPane:0.15666666666666668
CurrentVersionPane:0.08333333333333333
