User:0.56
Ejb3JoinColumn:0.5333333333333333
QuoteGlobalTest:0.26
QuoteTest:0.15333333333333332
