JMController:0.6704920634920636
AdminController:0.4533333333333333
