RenderPanel:0.5266666666666666
JChemPaintPanel:0.46888888888888886
JChemPaintViewerPanel:0.20333333333333334
