AccessTreeNode:0.4866666666666667
QueryGenerator:0.31
Criteria:0.22333333333333333
AccessTreeNodeTest:0.22
CliAuthenticationProviderSessionBean:0.14666666666666667
EndEntityAccessSessionBean:0.12333333333333334
