MediaConductor:0.8288888888888889
MediaDriverContext:0.5466666666666666
