Good:0.5233333333333333
Settlement:0.45
GoodsManager:0.25
GoodsUtil:0.08666666666666667
