HTMLMarqueeElement:0.894626984126984
HTMLTextElement:0.7633333333333333
