Aligner:0.42333333333333334
Geonet20Harvester:0.30333333333333334
GeonetResult:0.2881666666666666
GeonetHarvester:0.25333333333333335
CswHarvester:0.18333333333333332
