AbstractChannel:0.070448466
Enclosure:0.032269944
Feed:0.022067357
