BioResource:0.8266666666666667
TextEditor:0.2966666666666667
