ModuleConstantsExistenceChecker:0.43666666666666665
QedeqBoFormalLogicChecker:0.39666666666666667
DefaultExistenceChecker:0.2866666666666667
ModuleConstantsExistenceCheckerTest:0.16333333333333333
