Utils:0.4633333333333333
NettyServerTransport:0.36666666666666664
NettyClientTransport:0.2866666666666667
NettyChannelBuilder:0.27666666666666667
