ThwackerTool:0.46
PublisherTool:0.305
ThwackingElement:0.25333333333333335
Handler:0.15580952380952381
SubscriberTool:0.15333333333333332
PublisherThread:0.13666666666666666
