BasicAclEntryVoterTests:0.45
MockCodeSignature:0.40076190476190476
MockAfterInvocationProvider:0.37742857142857145
MockStaticPart:0.3030952380952381
SomeDomainObject:0.2872063492063492
MockInitialContext:0.24666666666666667
MockFilterChain:0.1830952380952381
MockMethodInvocation:0.17666666666666667
AnonymousProcessingFilterTests:0.12666666666666668
MockFilterInvocationDefinitionMap:0.12
AfterInvocationProviderManagerTests:0.11666666666666667
MockJoinPoint:0.10166666666666667
MockJbossIntegrationFilter:0.08666666666666667
MockAuthenticationEntryPoint:0.08666666666666667
MockConfigAttribute:0.08666666666666667
MockFilterToBeanProxy:0.08666666666666667
MockAuthenticationImpl:0.08333333333333333
MockChannelDecisionManager:0.08333333333333333
