MultifactorAuthenticationProvider:0.7041666666666667
AbstractCasWebflowEventResolver:0.44333333333333336
SelectiveAuthenticationProviderWebflowEventResolver:0.24333333333333335
AbstractMultifactorAuthenticationProvider:0.21333333333333335
AdaptiveMultifactorAuthenticationWebflowEventResolver:0.14666666666666667
