Icons:0.5666666666666667
Recipe:0.49333333333333335
RuleJTree:0.49333333333333335
ActionEntry:0.41305555555555556
CtrlLexer:0.2966666666666667
RuleTreeNode:0.27666666666666667
CtrlParser:0.23838888888888887
CtrlChecker:0.23838888888888887
Namespace:0.21666666666666667
ResourceTab:0.21666666666666667
CtrlBuilder:0.20666666666666667
CtrlHelper:0.19666666666666666
CtrlSchedule:0.19
ResourceDisplay:0.17666666666666667
CtrlLoader:0.17666666666666667
RuleSelectionListener:0.16
RuleDisplay:0.15333333333333332
MyMouseListener:0.15333333333333332
CompositeControlModel:0.15
RecipeTreeNode:0.14666666666666667
RecipeEntry:0.04
RuleEntry:0.04
CtrlFragment:0.013333333333333334
