GenbankAdapter:0.4533333333333333
GAMEAdapter:0.44666666666666666
FlyNameAdapter:0.32666666666666666
Controller:0.2066666666666667
GenbankAdapterGUI:0.16
GenbankFormatType:0.14666666666666667
GeneMerge:0.13333333333333333
FastaFile:0.12333333333333334
DataInputType:0.10333333333333333
