ElementMatchers:0.34
Proxy:0.32666666666666666
MethodAnnotationTarget:0.26666666666666666
ByteBuddy:0.26
TargetType:0.26
AbstractTypeDescription:0.25333333333333335
DefaultMatchedMethodInterception:0.25
MatchedMethodInterception:0.24333333333333335
OptionalMethodInterception:0.17666666666666667
ForAnnotationValue:0.14333333333333334
MethodInterceptable:0.11
ByteBuddyTest:0.09
TargetTypeTest:0.07
