CsvLoader:0.6683333333333333
SqlTemplate:0.6482222222222223
