KeyValue:0.4666666666666667
RequestBasedCall:0.3
MigrationAwareTargettedCall:0.21
SelectorBase:0.14333333333333334
ObjectPool:0.14
MultiCall:0.12333333333333334
