Contact:0.6208333333333333
NetcdfMetadata:0.5466666666666666
Telephone:0.26666666666666666
