Gene:0.66
GeneParsedListener:0.2966666666666667
LocusTable:0.2833333333333333
GeneSaxHandler:0.23666666666666666
GeneSaxReader:0.15333333333333332
GeneModelTypeTable:0.14666666666666667
GeneSaxReaderTest:0.11
GeneAlias:0.06333333333333334
