Options:0.5333333333333333
ReportLinesCirc:0.32
Report4Generations:0.25
ReportFamily:0.22333333333333333
ReportToDo:0.21
ReportLinesFan:0.19
ReportAges:0.17333333333333334
