BotMind:0.56
Mind:0.47
Robot:0.43666666666666665
Building:0.42833333333333334
Maintenance:0.31333333333333335
Airlock:0.30333333333333334
RepairMalfunction:0.2683333333333333
TaskManager:0.26666666666666666
WalkOutside:0.26166666666666666
Walk:0.25666666666666665
ExitAirlock:0.24
MissionWindow:0.23805555555555558
EnterAirlock:0.23666666666666666
MaintenanceEVA:0.23
JobManager:0.23
RepairEmergencyMalfunctionEVA:0.23
ProduceFood:0.23
RepairEmergencyMalfunction:0.23
TendGreenhouse:0.23
RepairEVAMalfunction:0.22666666666666666
CookMeal:0.22666666666666666
LabelMapLayer:0.20666666666666667
RobotTableModel:0.20666666666666667
UnitManager:0.18333333333333332
Repairbot:0.1511111111111111
Technician:0.1511111111111111
Gardenbot:0.14777777777777779
ProduceFoodMeta:0.13333333333333333
MaintenanceEVAMeta:0.13333333333333333
SkillTableModel:0.13333333333333333
RepairEVAMalfunctionMeta:0.12333333333333334
ChefBot:0.12333333333333334
TendGreenhouseMeta:0.12
MaintenanceMeta:0.12
CookMealMeta:0.12
RepairMalfunctionMeta:0.11666666666666667
TabPanelActivity:0.1
