RandomUtils:0.7
CasOAuthConfiguration:0.25
EhcacheTicketRegistryTestConfiguration:0.2
DefaultSingleLogoutServiceLogoutUrlBuilderTests:0.17333333333333334
RegisteredServiceTestUtils:0.17333333333333334
DefaultLogoutManagerTests:0.16666666666666666
QueryDatabaseAuthenticationHandlerTests:0.16333333333333333
BaseWSFederationRequestController:0.12666666666666668
GoogleAccountsServiceResponseBuilder:0.12666666666666668
SamlCompliantUniqueTicketIdGenerator:0.11
DigestAuthenticationUtils:0.11
PasswordEncoderUtils:0.08666666666666667
