VcardSubCrawler:0.61
IcalCrawler:0.5233333333333333
VcardSubCrawlerTest:0.25666666666666665
