ClientExecutorServiceExecuteTest:0.25666666666666665
MapPutRunnable:0.2546666666666667
MapPutPartitionAwareCallable:0.2422222222222222
MapPutPartitionAwareRunnable:0.2422222222222222
ClientExecutorServiceTest:0.24
ClientExecutorServiceInvokeTest:0.18666666666666668
ExecutionDelayTest:0.16666666666666666
ClientExecutorServiceSubmitTest:0.15
