RequestContext:0.8033333333333333
AddFolderController:0.4066666666666667
AccessControlManagerImpl:0.3333333333333333
RunWithTemplate:0.15
