Event:0.64
Constants:0.5
SearchFilter:0.37
AjaxController:0.25
IcalModuleImpl:0.23666666666666666
ListFolderHelper:0.22333333333333333
SearchFilterToSearchBooleanConverter:0.21333333333333335
FieldBuilderEvent:0.17333333333333334
WebKeys:0.12666666666666668
UidBuilder:0.01
