Window:0.48333333333333334
Display:0.4766666666666667
Mouse:0.39
Sys:0.38333333333333336
AL:0.2644444444444445
Cursor:0.2377777777777778
VBOIndexTest:0.18333333333333332
VBOTest:0.18333333333333332
Game:0.17333333333333334
DisplayTest:0.17333333333333334
