TodosDwrImpl:0.3933333333333333
TodoListsManagerImpl:0.3233333333333333
TodoListsManagerImplTest:0.31
TodoListsDwrImpl:0.27666666666666667
DwrExceptionHandlerAspect:0.18
