TestActionTranslation:0.4266666666666667
TestATNConstruction:0.30333333333333334
LexerATNSimulator:0.29333333333333333
TestATNSerialization:0.23
TestLexerExec:0.22
ParserATNSimulator:0.21666666666666667
CharSupport:0.15
