ProfileModule:0.6133333333333333
GwtServerHelper:0.38
ManageGroupsDlg:0.2733333333333333
GwtRpcServiceImpl:0.24916666666666668
ProfileModuleImpl:0.23333333333333334
GetAllGroupsCmd:0.22666666666666666
FilterControls:0.21
Restrictions:0.12333333333333334
IsLikeCriterion:0.023333333333333334
