ParserATNFactory:0.6016666666666667
TestToolSyntaxErrors:0.2454444444444444
