TypeDescriptor:0.31666666666666665
HopParser:0.27666666666666667
HopLexer:0.27666666666666667
ExpressionValue:0.2733333333333333
HopSymbolTableWalker:0.20916666666666667
AssignmentStep:0.20500000000000002
Result:0.13
TimeStamp:0.043333333333333335
