IL:0.6824603174603174
ILUT:0.3933333333333333
