StepExecution:0.49666666666666665
JobExecution:0.39
SimpleJob:0.3566666666666667
AbstractStep:0.35
SimpleJobFailureTests:0.27051984126984113
StubStep:0.21166666666666667
StatefulRetryStepFactoryBeanTests:0.19
StepExecutionTests:0.18833333333333332
SimpleJobTests:0.17333333333333334
TaskletStepTests:0.16666666666666666
AbstractJobTests:0.16666666666666666
JobExecutionTests:0.16666666666666666
SkipLimitStepFactoryBeanTests:0.16
SimpleStepFactoryBeanTests:0.15
TaskletStepExceptionTests:0.13
StepExecutorInterruptionTests:0.12333333333333334
ChunkOrientedStepIntegrationTests:0.12166666666666667
SimpleJobLauncher:0.10666666666666667
