LoadDataFromFile:0.9333333333333333
SyncService:0.05333333333333334
