Options:0.5547619047619048
JAttr:0.5483333333333333
FormatError:0.5233333333333333
Editor:0.4266666666666667
FormatException:0.42333333333333334
JModel:0.42333333333333334
GraphInfo:0.4066666666666667
JVertex:0.4066666666666667
GCLChecker:0.3933333333333333
SPORule:0.39
Simulator:0.35333333333333333
DefaultLabel:0.3466666666666667
AspectNode:0.33
Exploration:0.33
GCLParser:0.32
AspectEdge:0.31
AspectGraph:0.30333333333333334
GCLBuilder:0.3
AspectMap:0.2966666666666667
Converter:0.2927777777777778
Namespace:0.28833333333333333
ControlTransition:0.28
GCLDeterminismChecker:0.27666666666666667
SystemRecord:0.27666666666666667
TypeGraph:0.2733333333333333
ControlState:0.26666666666666666
MyRenderer:0.26666666666666666
NewRuleView:0.2546666666666667
RuleSystem:0.25
AutomatonBuilder:0.24666666666666667
GraphJEdge:0.23666666666666666
JGraph:0.23666666666666666
GraphJModel:0.23444444444444448
LayoutIO:0.23333333333333334
GraphJVertex:0.23333333333333334
DefaultGxlIO:0.23333333333333334
StoredGrammarView:0.23
ControlPanel:0.22666666666666666
Level:0.2261111111111111
JGraphPanel:0.21666666666666667
EditorJGraph:0.21
LabelTree:0.21
DefaultRuleView:0.21
AspectualGraphView:0.20666666666666667
TypePanel:0.20666666666666667
GraphGrammar:0.20666666666666667
LevelMap:0.20333333333333334
EditorDialog:0.20333333333333334
EditorJModel:0.2
TypeNode:0.2
Parameters:0.1978888888888889
DefaultTypeView:0.19333333333333333
DefaultFileSystemStore:0.19
AspectJModel:0.19
Documented:0.17333333333333334
DefaultExplorationValidator:0.15666666666666668
ExplorationDialog:0.15333333333333332
EditRuleAction:0.13
ControlView:0.12666666666666668
NewRuleAction:0.12666666666666668
ControlTest:0.11
MyCompoundEdit:0.08166666666666667
ControlTextArea:0.08
AcceptorRequiringRule:0.06166666666666667
MyEdgeRenderer:0.05
NewErrorListPanel:0.043333333333333335
AntlrParser:0.04
RenumberAction:0.03
ErrorListPanel:0.025
DFA14:0.015
