ServerEngine:0.6041666666666666
ARINC661App:0.30916666666666665
XMLDFExporter:0.2833333333333333
DefaultClientXMLDFHandler:0.2825
JFXEditorOverlayTest:0.2377777777777778
DefaultServerXMLDFHandler:0.22194444444444447
DefaultXMLExporter:0.20666666666666667
FrameworkConfiguration:0.18
JFXEditorOverlay3Test:0.17666666666666667
ClientXMLDFHandler_KO3Test:0.17333333333333334
RendererFactory:0.16666666666666666
DFHandler_KO3Test:0.13333333333333333
JFXEditorOverlay2Test:0.12277777777777779
