ArticleMgmtService:0.49
ArticleProcessor:0.3333333333333333
CommentAddValidation:0.23
ClientCommentAddValidation:0.20333333333333334
