Http2ServerResponseImpl:0.5466666666666666
Http2ServerRequestImpl:0.39666666666666667
HttpServerResponseImpl:0.2866666666666667
VertxHttp2Handler:0.2866666666666667
HttpServerRequestImpl:0.2733333333333333
HttpServerRequest:0.24972222222222218
HttpServerResponse:0.19416666666666665
