PublicDbFeature:0.4605555555555556
FeatureView:0.4483333333333333
GenbankRead:0.39666666666666667
