Def:0.5666666666666667
DefBootstrap:0.38
MethodWriter:0.3
EBinary:0.27666666666666667
DefOperationTests:0.25333333333333335
BinaryOperatorTests:0.24
XorTests:0.22166666666666668
EComp:0.17333333333333334
AndTests:0.16166666666666665
OrTests:0.16166666666666665
PIC:0.14666666666666667
LDefArray:0.13666666666666666
LDefField:0.13666666666666666
ECapturingFunctionRef:0.13166666666666665
SEach:0.12666666666666668
EUnary:0.12666666666666668
LDefCall:0.11333333333333333
Utility:0.1
DefBootstrapTests:0.035
UnaryTests:0.016666666666666666
WriterConstants:0.0
