Color:0.7628333333333334
XavaSuite:0.3433333333333333
ReturnPreviousModuleTest:0.2966666666666667
