If:0.77
ElseIf:0.22666666666666666
Else:0.21333333333333335
