Robot:0.72
RobotTest:0.31
MenuListener:0.195765873015873
SimpleApplet:0.14333333333333334
SingleThreadedEventListener:0.07
