ResourceTarget:0.5133333333333333
Target:0.43333333333333335
Model:0.4166666666666667
DatabaseDDLUtils:0.35333333333333333
AbstractGenerator:0.26666666666666666
