Renderer:0.44666666666666666
HelloWorld:0.32666666666666666
GameOver:0.2677777777777778
MainMenu:0.2677777777777778
