DataManagerNode:0.7533333333333333
HopCompilerVariable:0.39666666666666667
