MOrder:0.3433333333333333
X_C_Tax:0.31
Document:0.30333333333333334
MInvoiceLine:0.2841666666666667
MInvoiceTax:0.2362222222222222
MOrderTax:0.1877777777777778
Doc_Invoice:0.17666666666666667
CalloutInvoice:0.14
WsPayment:0.013333333333333334
