Formula:0.6633333333333333
DefaultMarker:0.4166666666666667
CTLModelChecker:0.38333333333333336
Input:0.23
ModelCheckingTest:0.13
CheckCTLAction:0.11666666666666667
FormulaTest:0.07666666666666666
