JUMPConfiguration:0.56
SaveLegendPlugIn:0.4033333333333333
PlumePlugIn:0.34833333333333333
