SeriesBean:0.5633333333333334
StudyBean:0.5633333333333334
InstanceBean:0.4766666666666667
