HttpClientConfigurationTest:0.2966666666666667
SizeTest:0.27
DurationTest:0.27
BaseConfigurationFactoryTest:0.25
DataSourceFactoryTest:0.24333333333333335
AbstractDAOTest:0.24333333333333335
GenericsTest:0.22
CachingAuthenticatorTest:0.21666666666666667
HttpsConnectorFactoryTest:0.21333333333333335
OptionalQueryParamResourceTest:0.19666666666666666
EnvironmentVariableSubstitutorTest:0.17666666666666667
OptionalHeaderParamResourceTest:0.17333333333333334
OptionalCookieParamResourceTest:0.17333333333333334
UnitOfWorkAwareProxyFactoryTest:0.17
EnvironmentVariableLookupTest:0.12
FixtureHelpersTest:0.10333333333333333
ConfigurationFactoryFactoryTest:0.09666666666666666
PostBodyTaskTest:0.08333333333333333
