ExecutorManager:0.5433333333333333
ExecutorThreadFactory:0.4633333333333333
