SimpleJobRepository:0.5433333333333333
AbstractBatchLauncherTests:0.3433333333333333
SimpleJobRepositoryIntegrationTests:0.22333333333333333
StepExecutorInterruptionTests:0.17333333333333334
HibernateFailureJobFunctionalTests:0.11666666666666667
SimpleJobTests:0.11666666666666667
