ImageWidget:0.5966666666666667
FileBean:0.4866666666666667
ActionZoom:0.25333333333333335
DropHandler:0.13333333333333333
