Params:0.5040555555555557
Elem:0.5040555555555557
ServiceManager:0.37666666666666665
Create:0.29333333333333333
Update:0.19333333333333333
GetEditableData:0.15333333333333332
