AbstractCacheRecordStore:0.5177777777777778
CachePutOperation:0.3418492063492064
