BroadcasterTest:0.23333333333333334
AtmosphereResourceFactoryTest:0.22333333333333333
UUIDBroadcasterCacheTest:0.22
ExcludeSessionBroadcasterTest:0.18666666666666668
BroadcasterCacheTest:0.17
WebSocketProcessorTest:0.15666666666666668
ConcurrentBroadcasterTest:0.15666666666666668
WriteTimeoutTest:0.15333333333333332
ServiceTest:0.15
