NutDao:0.6716666666666666
SqlImpl:0.32
SimpleDaoTest:0.30333333333333334
