InstrumentedTypeDefaultTest:0.38666666666666666
TargetType:0.3775
ArrayProjection:0.2833333333333333
ForDetachment:0.20666666666666667
EnumerationImplementation:0.20444444444444446
TypeDescriptionGenericVisitorSubstitutorForTokenNormalizationTest:0.12666666666666668
