GroovyScript:0.8133333333333334
GroovyScriptEngineService:0.2966666666666667
