AllJUnitTests:0.49
StatisticsBean:0.44666666666666666
BeanFactory:0.31
BulkTermLoader:0.29
StatisticsBeanTest:0.21666666666666667
AddTerm:0.20166666666666666
LoadingTermsListener:0.11
StatisticsBeanFactory:0.013333333333333334
