JadxArgs:0.585
JadxDecompiler:0.49
IntegrationTest:0.3466666666666667
JadxCLIArgs:0.26
IJadxArgs:0.18416666666666667
