Clipboard:0.7088333333333333
TextField:0.35333333333333333
