AbstractTicketDelegator:0.4766666666666667
AbstractTicketRegistry:0.31
TicketRegistry:0.19661111111111113
AbstractCentralAuthenticationService:0.17
MockOnlyOneTicketRegistry:0.13333333333333333
CentralAuthenticationService:0.12083333333333333
