ECKey:0.5933333333333334
Transaction:0.49333333333333335
ScriptBuilder:0.36333333333333334
Script:0.3
ECDSASignature:0.21666666666666667
