MultiLayerNetwork:0.43
Builder:0.36333333333333334
FrozenLayer:0.3566666666666667
LayerVertex:0.2833333333333333
GraphBuilder:0.19166666666666668
TransferLearningCompGraphTest:0.18333333333333332
