ConvergenceAnnealingEngine:0.6666666666666666
IAnnealingEngine:0.36297619047619045
