SomeSource:0.4822222222222223
MethodProbe:0.35333333333333333
StringUtil:0.33666666666666667
MethodProbeTest:0.22
