ContextCapabilities:0.6633333333333333
EXT_blend_color:0.3819047619047619
EXT_blend_minmax:0.3819047619047619
EXTBlendColor:0.043333333333333335
EXTBlendMinmax:0.043333333333333335
