ScepRequestMessage:0.7733333333333333
ScepPkiOpHelper:0.3933333333333333
ScepServlet:0.16
