MissionTabPanel:0.22333333333333333
MemberTableModel:0.22333333333333333
CrewTabPanel:0.18333333333333332
VehicleTabPanel:0.12333333333333334
PopulationTabPanel:0.12333333333333334
AssociatedPeopleTabPanel:0.12333333333333334
