LwjglInput:0.4716666666666667
JoglInput:0.4633333333333333
AngleInput:0.33
