RuntimeEnvironment:0.5966666666666667
Configuration:0.5833333333333334
HistoryGuru:0.35
CommandLineOptions:0.21777777777777782
MercurialRepository:0.20333333333333334
Indexer:0.19777777777777777
RuntimeEnvironmentTest:0.15333333333333332
