Model:0.7966666666666666
FamiliesBean:0.2866666666666667
PropertyTableModel:0.21666666666666667
PropertyTableWidget:0.18888888888888888
TableHeaderColumnModel:0.03
TableAndHeaderModel:0.0011111111111111111
