Value:0.4666666666666667
ResBunch:0.43333333333333335
ResBunchTest:0.22333333333333333
