FXGraphSelectionHandler:0.7533333333333333
FXGraphMouseHandler:0.41333333333333333
FXGraph:0.29133333333333333
FXGraphModel:0.15333333333333332
