Parser:0.4583333333333333
TokenIndexer:0.34
DeclarationList:0.2786666666666667
