InternalTestCluster:0.63
ESIntegTestCase:0.51
NodeAndClient:0.27777777777777773
InternalTestClusterTests:0.26666666666666666
TribeIT:0.20666666666666667
