Principal:0.6
DefaultFolderEmailFormatter:0.4533333333333333
BinderModuleImpl:0.29333333333333333
BinderModule:0.2833333333333333
