TestToolSyntaxErrors:0.7432222222222222
LexerATNFactory:0.4826666666666667
