Grammar:0.47
ANTLRParser:0.38666666666666666
ANTLRLexer:0.36333333333333334
Tool:0.23666666666666666
ASTVerifier:0.22333333333333333
CollectSymbols:0.21
BasicSemanticChecks:0.17
TestBasicSemanticErrors:0.08333333333333333
