ArticleProcessor:0.5766666666666667
Article:0.46907142857142875
Common:0.41031746031746036
CommentNotifier:0.31333333333333335
