GLSLShadowParallel:0.4033333333333333
GLSLShadowPerspective:0.3933333333333333
GLSLShadowCube:0.34
TextLabelBase:0.23
