CitrixMonitor:0.19482323232323231
SshMonitor:0.19482323232323231
TcpMonitor:0.19482323232323231
DhcpMonitor:0.19482323232323231
ImapMonitor:0.19482323232323231
FtpMonitor:0.19482323232323231
Pop3Monitor:0.19482323232323231
SmtpMonitor:0.19482323232323231
IcmpMonitor:0.1873232323232323
RadiusAuthMonitor:0.1873232323232323
HttpMonitor:0.1577777777777778
JDBCMonitor:0.14666666666666667
IPv4LatencyMonitor:0.12916666666666668
HttpMonitorTest:0.12
DnsMonitor:0.11333333333333333
HttpsMonitor:0.11333333333333333
NtpMonitor:0.11333333333333333
