FedoraAPIABindingSOAPHTTPImpl:0.6766666666666666
TestLargeDatastreams:0.5666666666666667
