Request:0.5366666666666666
GenericIntegrationTest:0.31666666666666665
RequestWrapper:0.28
RouteEntry:0.17
SparkUtils:0.09333333333333334
