EntityBinding:0.86
SingleTableEntityPersister:0.31333333333333335
Binder:0.29
InheritanceBindingTest:0.22666666666666666
