Robolectric:0.9005555555555554
RobolectricTest:0.15666666666666668
