JChemPaint:0.6433333333333333
RenderPanel:0.6233333333333333
