PluginsService:0.4166666666666667
Environment:0.36
Security:0.31333333333333335
ShardsIndicesStatusChecker:0.31333333333333335
NodeInfo:0.2733333333333333
IndexingMemoryController:0.2733333333333333
Builder:0.24666666666666667
ElasticsearchAssertions:0.24333333333333335
MockController:0.24333333333333335
Node:0.22666666666666666
ClusterStatsNodes:0.20333333333333334
IndexingMemoryControllerTests:0.19666666666666666
PluginManagerTests:0.19
PluginManager:0.18
RestForceMergeAction:0.12
RestPluginsAction:0.11666666666666667
PluginsServiceTests:0.10666666666666667
EvilSecurityTests:0.07333333333333333
