Workbench:0.5966666666666667
Model:0.33
Menu:0.32666666666666666
Toolbar:0.29333333333333333
EditView:0.27
