OrcWriter:0.7633333333333333
OrcTester:0.43666666666666665
TestOrcWriter:0.17666666666666667
PrestoDwrfFormatWriter:0.17
OrcFileWriter:0.17
PrestoOrcFormatWriter:0.17
