CMLCoreModule:0.8066666666666666
ChemFileCDO:0.39111111111111113
