SymmetricWebServer:0.7566666666666667
TestSetupUtil:0.37
TestDataLoaderFilter:0.17333333333333334
StartSymmetricEngine:0.13
