LineElement:0.44333333333333336
OvalElement:0.37666666666666665
IChemModelRelay:0.2833333333333333
RingElement:0.26072222222222224
HighlightGenerator:0.12
