ArticleQueryService:0.27666666666666667
ArticleProcessor:0.26666666666666666
CommentQueryService:0.24333333333333335
Common:0.21083333333333334
ArticleSender:0.19694444444444445
CommentSender:0.15433333333333332
CommentMgmtService:0.13666666666666666
ArticleMgmtService:0.10666666666666667
