JavaBeanDeserializer:0.5933333333333334
JSONLexerTest_2:0.3466666666666667
Model:0.08333333333333333
JacksonTest:0.07333333333333333
