CustomLoader:0.61
ServiceConfigurationView:0.3233333333333333
CustomIntervalType:0.2633333333333333
CustomActionType:0.2633333333333333
CustomWorkerType:0.23
EditPublisherJSPHelper:0.18666666666666668
BasicAccessRuleSet:0.049166666666666664
