Version:0.54
FieldType:0.4
QueryAnalyzer:0.29305555555555557
QueryAnalyzerTests:0.23666666666666666
PercolatorFieldMapperTests:0.23666666666666666
QueryStringQueryBuilderTests:0.21666666666666667
GeoDistanceSortBuilder:0.21666666666666667
InternalTopHits:0.2111111111111111
WordDelimiterTokenFilterFactory:0.19333333333333333
HasChildQueryBuilderTests:0.19
