GwtClientHelper:0.9766666666666667
PersonalPreferencesDlg:0.24666666666666667
JitsZoneConfigDlg:0.24222222222222223
ShareExpirationDlg:0.24222222222222223
ConfigureMobileAppsDlg:0.24222222222222223
ConfigureFileSyncAppDlg:0.24222222222222223
ModifyNetFolderDlg:0.22555555555555556
