SharedAttributeMapLocator:0.5533333333333333
LocalMapLocator:0.35333333333333333
SessionMapLocator:0.35333333333333333
