SearchSourceBuilder:0.37333333333333335
SearchContext:0.35888888888888887
FetchPhase:0.33666666666666667
SearchRequestBuilder:0.32416666666666666
TestSearchContext:0.27666666666666667
PercolateContext:0.27666666666666667
TopHitsContext:0.25666666666666665
DefaultSearchContext:0.25666666666666665
SearchFieldsTests:0.23333333333333334
SearchModule:0.21333333333333335
SourceFetchingTests:0.13333333333333333
