Skin:0.3333333333333333
Dialog:0.32
AtlasTmxMapLoader:0.27666666666666667
LwjglApplication:0.27
TmxMapLoader:0.2608333333333333
ClassReflection:0.2475
LwjglApplicationConfiguration:0.24642857142857144
LabelStyle:0.24333333333333335
Field:0.22333333333333333
Constructor:0.21333333333333335
MaxRectsPacker:0.19666666666666666
Sort:0.1875
GwtTestStarter:0.11333333333333333
