MediaDriver:0.63
AeronTest:0.31666666666666665
NewSourceEventHandler:0.2711428571428571
InactiveSourceEventHandler:0.2711428571428571
UnicastReceiverTest:0.2633333333333333
