WeightLookupTable:0.7066666666666667
InMemoryLookupTable:0.47
LegacyGlove:0.24777777777777782
JointStorage:0.23333333333333334
Word2VecPerformer:0.21777777777777782
GlovePerformer:0.20944444444444446
GloveWeightLookupTable:0.20444444444444446
WordVectorSerializer:0.19333333333333333
SkipGram:0.1877777777777778
Word2VecTests:0.11666666666666667
