ClientTxnTest:0.35
TransactionProxy:0.3333333333333333
XATransactionProxy:0.30333333333333334
ClientXATest:0.12
