SearchTab:0.5166666666666667
StrUtil:0.32
MouseHandler:0.21944444444444447
SWQuickDownloadAction:0.20444444444444446
SWConfigDownloadAction:0.1988888888888889
ChatToHostAction:0.043333333333333335
ViewBitziTicketAction:0.04
