Block:0.56
Coin:0.41
FakeTxBuilder:0.3433333333333333
NetworkParameters:0.30333333333333334
BitcoinURITest:0.20666666666666667
LazyParseByteCacheTest:0.20666666666666667
PeerGroupTest:0.20333333333333334
WalletProtobufSerializerTest:0.19666666666666666
FullBlockTestGenerator:0.19333333333333333
PeerTest:0.19166666666666668
ChainSplitTest:0.18666666666666668
BlockChainTest:0.185
WalletTest:0.16666666666666666
TransactionBroadcastTest:0.15666666666666668
AbstractFullPrunedBlockChainTest:0.15333333333333332
PaymentChannelStateTest:0.13
MemoryPoolTest:0.10333333333333333
CoinTest:0.06666666666666667
