ColorResourceLoader:0.7033333333333334
color:0.426626984126984
ColorResourceLoaderTest:0.26666666666666666
