IBootstrapService:0.8111111111111111
BootstrapService:0.5833333333333334
SymmetricLauncher:0.35
