PreferencesActivity:0.43666666666666665
CaptureActivity:0.3466666666666667
InactivityTimer:0.24333333333333335
SupplementalInfoRetriever:0.22083333333333333
WifiResultHandler:0.21333333333333335
ShareActivity:0.20944444444444443
EncodeActivity:0.20333333333333334
CameraConfigurationManager:0.20333333333333334
SearchBookContentsActivity:0.20277777777777778
AppPickerActivity:0.15055555555555555
AutoFocusManager:0.13
