AtmosphereFramework:0.6566666666666666
ManagedAtmosphereHandlerTest:0.19666666666666666
WebSocketHandlerServiceProcessor:0.17333333333333334
AnnotationUtil:0.17333333333333334
AtmosphereHandlerServiceProcessor:0.11333333333333333
ManagedServiceProcessor:0.11333333333333333
MeteorServiceProcessor:0.11333333333333333
OverrideBroadcaster:0.10666666666666667
