ActivationPanel:0.5766666666666667
ReloadPanel:0.4043333333333333
ActivationRenderer:0.2866666666666667
