DelegablePresentation:0.4337619047619048
SwimlanePresentation:0.37333333333333335
PortabilityRefactoring:0.35333333333333333
