JTreeLocation:0.6733333333333333
JTreeTester:0.6233333333333333
