Scale:0.42
ScaleObserver:0.41333333333333333
XLParser:0.36333333333333334
RGG:0.265
