DBCollection:0.5233333333333333
FindAndUpdateOperation:0.28711111111111115
FindAndReplaceOperation:0.28711111111111115
FindAndReplaceAcceptanceTest:0.28
FindAndUpdateAcceptanceTest:0.2733333333333333
DBCollectionTest:0.23666666666666666
