ConverterManager:0.5
TimeOfDay:0.3233333333333333
YearMonthDay:0.3233333333333333
PartialConverter:0.30666666666666664
AbstractConverter:0.2866666666666667
TestYearMonthDay_Constructors:0.245
TestConverterManager:0.23666666666666666
TestTimeOfDay_Constructors:0.235
BasePartial:0.19
