GwtServerHelper:0.58
AccessoriesPanel:0.4166666666666667
DashboardHelper:0.32666666666666666
GwtRpcServiceImpl:0.29833333333333334
GwtViewHelper:0.21
