DictionaryBlock:0.5266666666666666
Page:0.3983333333333333
Block:0.26888888888888884
BlockBuilder:0.25333333333333335
TestBlockBuilder:0.24333333333333335
GenericPartitioningSpiller:0.23666666666666666
TestDictionaryBlock:0.09333333333333334
TestPage:0.07166666666666667
