DbXmlPolicyDataManager:0.688888888888889
PopulatePolicyDatabase:0.3333333333333333
MelcoePDPImpl:0.18
