Authoriser:0.7886111111111112
StandardPage:0.4622777777777777
