HashSlotArrayBase:0.63
HashSlotArray12byteKeyImpl:0.3466666666666667
HashSlotArray8byteKeyImpl:0.3466666666666667
