Defaults:0.51
StringFieldMapper:0.4533333333333333
OldIndexBackwardsCompatibilityIT:0.4266666666666667
Builder:0.27
AnalysisService:0.20666666666666667
CustomAnalyzerProvider:0.15
TypeParser:0.13
