Simulator:0.61
DeleteGraphAction:0.31333333333333335
CopyGraphAction:0.2833333333333333
DeleteRuleAction:0.23444444444444448
StateJList:0.21733333333333335
MyMouseListener:0.16444444444444445
