MapVertItemsRenderer:0.33599999999999997
MapHorzItemsRenderer:0.33599999999999997
