SettingsHandler:0.6666666666666666
CrawlServer:0.6
ServerCache:0.12333333333333334
