RuleContext:0.41833333333333333
BaseRecognizer:0.39666666666666667
Parser:0.35333333333333333
TreeParser:0.22
RecognitionException:0.1988888888888889
DebugParser:0.19666666666666666
NoViableAltException:0.17833333333333334
TestT:0.12666666666666668
