HiveColumnHandle:0.5483333333333333
HivePageSourceProvider:0.28
RcFilePageSourceFactory:0.25
DwrfRecordCursorProvider:0.21333333333333335
OrcRecordCursorProvider:0.21
