GeometricMinimizer:0.5933333333333334
ForceField:0.5566666666666666
ForceFieldTests:0.42333333333333334
