MessageContext:0.7033333333333334
PropertyNotFoundError:0.569555315055315
BindingModel:0.31666666666666665
Booking:0.2957777777777778
FacesMessageIterator:0.2625
FlowFacesContext:0.25666666666666665
ClientIdIterator:0.23826767676767677
DefaultMessageContextFactoryTests:0.22666666666666666
DefaultMessageContext:0.16666666666666666
MvcView:0.13
TestGetMessagesContext:0.09666666666666666
TestAddMessageContext:0.09333333333333334
FieldErrorMessage:0.033650793650793646
MappingError:0.0
