AjaxController:0.5991666666666666
Datepicker:0.43
DisplayConfiguration:0.37333333333333335
