BlogEntry:0.6761666666666667
StandardFetcher:0.39
CommentPlugin:0.22666666666666666
CommentAPIServlet:0.18666666666666668
