MWebBrowser:0.38
Browser:0.3566666666666667
TextEditor:0.2816666666666667
LinkEditor:0.24583333333333332
PluginSettings:0.21583333333333332
FeedViewer:0.20888888888888887
