CertificateProfile:0.7033333333333334
CACertificateProfile:0.12333333333333334
EndUserCertificateProfile:0.12
RootCACertificateProfile:0.12
