AbstractJob:0.7244444444444443
PullJob:0.3233333333333333
