AbstractManagedChannelImplBuilder:0.53
ManagedChannelImplTest:0.5233333333333333
ManagedChannelImpl:0.5016666666666667
