HsqlDbDialect:0.48333333333333334
Log:0.4066666666666667
AbstractEmbeddedTrigger:0.3933333333333333
HsqlDbTrigger:0.31666666666666665
