PrivilegeTest:0.3233333333333333
UserFactoryTest:0.30666666666666664
SubjectFactoryTest:0.3
GroupFactoryTest:0.2733333333333333
DomainTest:0.26
ScopeTest:0.25333333333333335
GroupTest:0.1975952380952381
UserTest:0.17
PermissionTest:0.13
AllTests:0.08666666666666667
