Advapi32:0.85
Advapi32Test:0.45666666666666667
Advapi32Util:0.35333333333333333
ACCESS_ACEStructure:0.3433333333333333
ACL:0.14666666666666667
ACCESS_ALLOWED_ACE:0.12333333333333334
ACEStructure:0.10666666666666667
SECURITY_DESCRIPTOR:0.06333333333333334
WinNT:0.03333333333333333
