BlobContainer:0.5766666666666667
BlobStore:0.56
BlobStoreRepository:0.33
InternalTestCluster:0.30333333333333334
Context:0.28
BlobStoreIndexShardRepository:0.19
AbstractBlobContainer:0.16333333333333333
BlobStoreWrapper:0.15666666666666668
MockBlobStore:0.13666666666666666
URLBlobStore:0.13
SnapshotContext:0.11
FsBlobStore:0.10666666666666667
Names:0.07
MockRepository:0.06666666666666667
RestoreContext:0.06
PartSliceStream:0.02666666666666667
FsRepository:0.023333333333333334
URLRepository:0.013333333333333334
