PartitionManager:0.47
ClusterManager:0.4666666666666667
NodeMulticastListener:0.30666666666666664
TargetAwareOp:0.2833333333333333
