JtdsResultSet:0.35833333333333334
TdsCore:0.30333333333333334
BlobImpl:0.27666666666666667
ClobImpl:0.27666666666666667
ConnectionJDBC2:0.26
Support:0.24333333333333335
CharsetInfo:0.22333333333333333
JtdsCallableStatement:0.2175
TdsData:0.21
JtdsPreparedStatement:0.20666666666666667
ResponseStream:0.2
SharedSocket:0.18
ColInfo:0.16666666666666666
