DefaultExecutionTracker:0.6566666666666666
DefaultTODHandler:0.395
ExecutionListener:0.17557142857142854
