EgressAdapter:0.5855555555555555
StubEgressListener:0.5033333333333333
EgressListener:0.5033333333333333
