FileSystemMgt2Bean:0.48
LossyCompressionService:0.4033333333333333
FileInfo:0.39666666666666667
CompressCmd:0.37666666666666665
