HtmlProperties:0.45666666666666667
GwtTeamingMessages:0.31666666666666665
GwtRpcServiceImpl:0.31333333333333335
GwtRpcService:0.2300555555555556
GwtRpcServiceAsync:0.21833333333333332
HtmlDropWidget:0.20666666666666667
HtmlConfig:0.12666666666666668
