AuditedPropertiesReader:0.39666666666666667
ComponentPropertyMapper:0.20666666666666667
MultiPropertyMapper:0.205
ComponentMetadataGenerator:0.14333333333333334
ComponentPropertiesSource:0.13333333333333333
AuditedDynamicComponentTest:0.11666666666666667
StringTools:0.07333333333333333
DynamicComponentSource:0.006666666666666667
