CaptureActivity:0.5466666666666666
Scan:0.5239047619047619
DecodeThread:0.26
CaptureActivityHandler:0.18333333333333332
