Namespace:0.59
StoringValuesTests:0.4266666666666667
TempDirectory:0.27544444444444444
CompositeNamespaceTests:0.25
TimingExtension:0.14
