Viewer:0.6966666666666667
ModelSet:0.5066666666666667
TransformManager:0.41
MouseManager:0.22111111111111115
