MultipartTypedOutput:0.7233333333333334
RequestBuilder:0.4633333333333333
RequestBuilderTest:0.37666666666666665
