HttpTest:0.5580555555555555
NetTest:0.31
FileSystemTest:0.30333333333333334
