Music:0.5997222222222223
AndroidMusic:0.53
OpenALMusic:0.2866666666666667
IOSMusic:0.26666666666666666
GwtMusic:0.24333333333333335
