ClientExecutorServiceProxy:0.49333333333333335
ExecutorServiceProxy:0.49333333333333335
MemberSelector:0.38961111111111113
