CsvData:0.5933333333333334
DatabaseWriter:0.3933333333333333
DmlStatement:0.27166666666666667
AbstractWriterTest:0.21666666666666667
TableConstants:0.21
DatabaseWriterTest:0.18666666666666668
DefaultDatabaseWriterConflictResolver:0.17
DefaultTransformWriterConflictResolver:0.07666666666666666
