Utils:0.5466666666666666
ReusableObjManager:0.37
ContactsStrategy:0.36666666666666664
FormatsStrategy:0.29333333333333333
ViewNonValidated:0.17333333333333334
Geonetwork:0.13
