HttpUploadActivity:0.615
SimpleUploadUtil:0.48333333333333334
HttpThreadTask:0.42333333333333334
