Mongo:0.6266666666666667
MongoClientOptions:0.5666666666666667
Builder:0.38
