InstanceBindingImpl:0.33666666666666667
ProviderInstanceBindingImpl:0.28583333333333333
HashEqualsTester:0.2633333333333333
OverrideModuleTest:0.16333333333333333
DuplicateBindingsTest:0.11
