Tag:0.6966666666666667
Element:0.44333333333333336
Attributes:0.38611111111111107
ElementTest:0.2633333333333333
