MissionManager:0.39
SalvageBuilding:0.31333333333333335
BuildingSalvageMission:0.2816666666666667
LoadVehicle:0.21138888888888888
VehicleTableModel:0.20944444444444446
LocalMissionListener:0.20444444444444446
ConstructBuilding:0.18666666666666668
LocalMissionManagerListener:0.1811111111111111
SalvageVehiclePanel:0.12333333333333334
ConstructionVehiclePanel:0.11666666666666667
