DataStore:0.7288888888888888
FeatureType:0.37333333333333335
DataStoreEvent:0.24
