JwtMap:0.45
JwtBuilder:0.44333333333333336
DefaultJwtBuilder:0.3333333333333333
