twoDJframe:0.4866666666666667
NewMoleculeFromSMILESWizard:0.4
NewMoleculeWizard:0.2916666666666667
