Tuple4:0.37
Tuple5:0.37
Tuple6:0.37
Tuple1:0.36666666666666664
Tuple2:0.36666666666666664
Tuple3:0.36666666666666664
Tuple8:0.23666666666666666
Tuple7:0.23666666666666666
TupleTest:0.21972222222222218
Tuple3Test:0.21
Tuple7Test:0.21
Tuple5Test:0.21
Tuple8Test:0.21
Tuple4Test:0.21
Tuple6Test:0.21
Tuple1Test:0.18333333333333332
Tuple2Test:0.18333333333333332
Tuple0:0.14333333333333334
