TradeTableModel:0.4533333333333333
ResourceTableModel:0.4033333333333333
EquipmentTableModel:0.31972222222222224
