Function:0.5
jOOQOracleTest:0.4766666666666667
GroupConcat:0.32
AggregateFunction:0.22166666666666668
