MediaDriver:0.43333333333333335
Agent:0.33
ClientConductor:0.29333333333333333
Sender:0.21
Receiver:0.20666666666666667
Context:0.14333333333333334
