TierMenu:0.36666666666666664
AnnotationMenu:0.32
ViewMenu:0.29625396825396827
EditMenu:0.29625396825396827
MenuManager:0.18333333333333332
EvidenceMenu:0.12666666666666668
StatusBar:0.12666666666666668
