DefinitionService:0.6566666666666666
DefinitionLogic:0.30333333333333334
DefinitionServiceBean:0.30333333333333334
DefinitionServiceDelegate:0.28
BotStationTableBuilder:0.27
Bendpoint:0.09666666666666666
