Engine:0.64
ShadowEngine:0.36666666666666664
InternalEngine:0.33666666666666667
OldIndexBackwardsCompatibilityTests:0.3333333333333333
