Content:0.6155555555555555
ImageWidget:0.4644444444444444
Worker:0.42380555555555555
