Builder:0.5155555555555555
NeuralNetConfiguration:0.49
BackTrackLineSearch:0.33666666666666667
BackTrackLineSearchTest:0.26
BaseOptimizer:0.25666666666666665
