OOITBuilder:0.6016666666666667
CommCore:0.41
LocalListener:0.22444444444444447
