SeqSelectorTable:0.4033333333333333
FindPanel:0.36
SelectionManager:0.30333333333333334
SeqSelSwingWorker:0.21666666666666667
TableSelector:0.12666666666666668
