AbstractWrappedDataSpace:0.45
AbstractDWidget:0.3566666666666667
IWidgetModifyListener:0.3272804232804233
ISpherePlugin:0.30333333333333334
DataSpaceEditorManager:0.29
AbstractDataAreaEditor:0.25333333333333335
AbstractDataAreaEditorDelegate:0.24666666666666667
LogicalDataAreaEditorDelegate:0.22833333333333333
StatusBar:0.22666666666666666
DDataSpaceValue:0.22333333333333333
CharacterDataAreaEditorDelegate:0.22111111111111115
DecimalDataAreaEditorDelegate:0.19666666666666666
UnsupportedDataAreaEditorDelegate:0.16
DataSpaceEditorDelegate:0.10333333333333333
DataModifiedEvent:0.09666666666666666
AdapterTextModifiedListener:0.06138888888888888
BigDecimalHelper:0.043333333333333335
AdapterButtonModifiedListener:0.02277777777777778
