AtmosphereResourceFactory:0.49666666666666665
HeaderConfig:0.48611111111111116
DefaultBroadcaster:0.4166666666666667
AtmosphereResourceTest:0.22333333333333333
AtmosphereResourceFactoryTest:0.22
Utils:0.21833333333333332
OnDisconnectInterceptor:0.12
