NeuralNetConfiguration:0.4766666666666667
Builder:0.39
ConvolutionLayer:0.35
SubsamplingLayer:0.34
ConvolutionParamInitializer:0.28444444444444444
ConvolutionUtils:0.27777777777777773
NeuralNetConfLayerBuilderTest:0.14
ListBuilder:0.10444444444444445
