TasksTree:0.6866666666666666
Timeslots:0.6866666666666666
