AndroidManifest:0.6366666666666667
ActivityData:0.5466666666666666
AndroidManifestTest:0.4666666666666667
