Coin:0.8133333333333334
Fiat:0.7333333333333333
CoinTest:0.3433333333333333
FiatTest:0.19333333333333333
