EditorApplication:0.42333333333333334
EditorEngine:0.39
EditorApplications:0.36666666666666664
LayerTreeEditor:0.36
EditorLayer:0.3233333333333333
EditorPanel:0.31
TreeEditorCopyHelper:0.22666666666666666
TreeEditorHelper:0.20333333333333334
LayerTreeEditorTest:0.12666666666666668
AbstractEditorEngine:0.09666666666666666
