SessionImplementor:0.69
PersistenceContext:0.6305555555555555
SessionImpl:0.5366666666666666
StatefulPersistenceContext:0.37333333333333335
EntityIdentityInsertAction:0.24
EntityInsertAction:0.20666666666666667
TwoPhaseLoad:0.16333333333333333
