User:0.44333333333333336
AuthResource:0.19666666666666666
CachingAuthenticatorTest:0.16666666666666666
HelloWorldApplication:0.11
BasicCustomAuthProviderTest:0.10666666666666667
OAuthProviderTest:0.10666666666666667
ChainedAuthTestResourceConfig:0.10333333333333333
BasicAuthTestResourceConfig:0.09666666666666666
OAuthCustomProviderTest:0.09333333333333334
BasicAuthProviderTest:0.09333333333333334
ProtectedResourceTest:0.09
ProtectedResource:0.01
ExampleResource:0.0033333333333333335
