MetadataTools:0.35333333333333333
RevisionInfoConfigurationResult:0.3333333333333333
AuditEntitiesConfiguration:0.31666666666666665
AuditMetadataGenerator:0.24
ValidityAuditStrategy:0.2
RevisionInfoConfiguration:0.17733333333333334
AuditConfiguration:0.11333333333333333
