MetaData:0.685
Builder:0.5566666666666666
BlobStoreRepository:0.32666666666666666
LocalGatewayMetaState:0.2633333333333333
