SlowOperationDetectorAbstractTest:0.44333333333333336
SlowOperationDetector_JsonTest:0.38666666666666666
SlowOperationDetectorBasicTest:0.3566666666666667
SlowOperationDetector_EntryProcessorTest:0.21333333333333335
