ImageBean:0.73
KeyObjectFilter:0.5333333333333333
KeyObjectFilterTest:0.18333333333333332
