NewTypeWizardPage:0.4533333333333333
NewContainerWizardPage:0.38
RubyModelUtil:0.29333333333333333
StandardRubyElementContentProvider:0.19333333333333333
NewClassWizardPage:0.1877777777777778
