StatementAnalyzer:0.5566666666666666
StorageManager:0.5041666666666667
MockStorageManager:0.43333333333333335
AbstractSqlBenchmark:0.19333333333333333
DatabaseStorageManager:0.16666666666666666
