HighlighterSearchTests:0.39666666666666667
HighlightModule:0.35
ElasticsearchAssertions:0.26666666666666666
FastVectorHighlighter:0.22666666666666666
HighlightPhase:0.14333333333333334
PlainHighlighter:0.1
