Commons:0.6133333333333333
AuthenticationService:0.5066666666666667
AuthenticationServiceDelegate:0.37956349206349205
TableViewSetupFormTag:0.22666666666666666
ShowHistoryFormTag:0.20666666666666667
FormTag:0.19666666666666666
HideableBlockTag:0.19666666666666666
FormFiller:0.185
LinkTag:0.16666666666666666
AuthenticationServiceBean:0.16333333333333333
SubstitutionRowBuilder:0.15
InstanceGraphFormTag:0.15
ProcessInstanceInfoFormTag:0.15
PrincipalCallbackHandler:0.14333333333333334
ReflectionRowBuilder:0.14333333333333334
BatchReturningTitledFormTag:0.14333333333333334
TabHeaderTag:0.13666666666666666
ProcessInstanceSwimlaneRowBuilder:0.13666666666666666
TaskProcessInstanceIdTDBuilder:0.13666666666666666
ProcessInstanceBaseDateTDBuilder:0.13666666666666666
TaskProcessDefinitionTDBuilder:0.13666666666666666
SortingHeaderBuilder:0.13666666666666666
DescriptionProcessTDBuilder:0.13666666666666666
BotTaskListTag:0.13666666666666666
WFFormTag:0.12666666666666668
ViewControlsHideableBlockTag:0.12333333333333334
ProcessDefinitionDescriptionFormTag:0.12333333333333334
PermissionTableBuilder:0.12333333333333334
TaskOwnerTDBuilder:0.12333333333333334
DefaultItemUrlStrategy:0.12
DefinitionUrlStrategy:0.12
InfoPathFormHelper:0.11333333333333333
DefinitionGraphFormTag:0.11
HTMLPageFilter:0.10666666666666667
ProcessInstanceSwimlaneAssignmentRowBuilder:0.10666666666666667
BotStationTableBuilder:0.10666666666666667
BotTableBuilder:0.10666666666666667
RedeployProcessTDBuilder:0.10333333333333333
GrantLoginPermissionOnSystemLinkTag:0.10333333333333333
PropertiesProcessTDBuilder:0.10333333333333333
StartProcessTDBuilder:0.1
LoginAsMessageTag:0.09333333333333334
TaskUrlStrategy:0.08333333333333333
CreateGroupLinkTag:0.08333333333333333
CreateActorLinkTag:0.08333333333333333
LogoutTag:0.07666666666666666
AuthenticationServiceDelegateLocalImpl:0.07666666666666666
AuthenticationServiceDelegateRemoteImpl:0.07666666666666666
RunaWFEErrorForwards:0.07333333333333333
AuthenticationLogic:0.04694444444444445
PrincipalLoginModule:0.043333333333333335
PrincipalCallback:0.03916666666666667
RunaWFEPortlet:0.0033333333333333335
