MethodInfo:0.7035555555555555
Proxetta:0.4166666666666667
MethodSignatureVisitor:0.39
ProxettaClassBuilder:0.31666666666666665
ProxettaAsmUtil:0.22333333333333333
BigFatJoe:0.14166666666666666
ProxettaCreator:0.14
SmallSkinnyZoe:0.08777777777777777
