AdviceListener:0.68
Advice:0.5466666666666666
TimeTunnelCommand:0.29333333333333333
AdviceWeaver:0.2633333333333333
StringUtil:0.2
AgentLauncher:0.14555555555555558
WatchCommand:0.12666666666666668
StackCommand:0.12666666666666668
MonitorCommand:0.12666666666666668
