Aggregator:0.725
VariableWidthAggregator:0.35333333333333333
FixedWidthAggregator:0.35333333333333333
AbstractTestAggregationFunction:0.33
FixedWidthAggregationFunction:0.2866666666666667
VariableWidthAggregationFunction:0.2866666666666667
AggregationOperator:0.15333333333333332
CountAggregation:0.13
VarBinaryMinAggregation:0.12666666666666668
VarBinaryMaxAggregation:0.12666666666666668
DoubleAverageAggregation:0.1
LongAverageAggregation:0.1
DoubleSumAggregation:0.05
DoubleMinAggregation:0.05
LongMaxAggregation:0.05
LongMinAggregation:0.05
DoubleMaxAggregation:0.05
LongSumAggregation:0.05
