ShadowAssetManager:0.49333333333333335
FileFsFile:0.31666666666666665
ShadowArscAssetManager:0.31333333333333335
Fs:0.30666666666666664
RobolectricFrameworkMethod:0.26666666666666666
ShadowTypeface:0.22666666666666666
ParallelUniverse:0.2230952380952381
RobolectricTestRunner:0.21666666666666667
CppAssetManager:0.16
ShadowTypefaceTest:0.11666666666666667
StaxDocumentLoader:0.10333333333333333
