BooleanGrid:0.7433333333333333
BooleanGridList:0.44
AllSTLsToBuild:0.43666666666666665
