ClientMapProxy:0.61
MapQueryEngineImpl:0.25333333333333335
ClientPartitionPredicateTest:0.21666666666666667
QueryResultUtils:0.1
