RethrottleRequest:0.33
RetryTests:0.22666666666666666
AbstractBulkByScrollRequestBuilder:0.18333333333333332
RethrottleTests:0.15666666666666668
CancelTests:0.13472222222222222
