NonZeroStoppingConjugateGradient:0.46
MasterActor:0.43666666666666665
ActorNetworkRunner:0.3
BatchActor:0.2111111111111111
