CertificateProfile:0.5933333333333334
CA:0.5733333333333334
X509CA:0.27666666666666667
SimpleRequestMessage:0.2755555555555555
IRequestMessage:0.2500396825396825
CrmfRequestMessage:0.23666666666666666
PKCS10RequestMessage:0.23333333333333334
CVCCA:0.22
CVCRequestMessage:0.21666666666666667
RSASignSessionBean:0.20166666666666666
TestSignSession:0.17
