DOTranslator:0.7753571428571429
DOTranslatorModule:0.5
DOTranslatorImpl:0.3433333333333333
