ShadowTextToSpeechTest:0.6683888888888888
ShadowTextToSpeech:0.47955555555555557
