TestAtomDODeserializer:0.36
AllUnitTests:0.27
TestAtomDOSerializer:0.27
DOTranslationUtilityTest:0.22333333333333333
TestAPIALiteConfigA:0.16111111111111112
NamespaceContextImplTest:0.12333333333333334
TestTomcatServerXML:0.09083333333333334
TestFedoraWebXML:0.09083333333333334
