ManufactureProcessInfo:0.6866666666666666
GoodsManager:0.41
HelpGenerator:0.38
ConstructionProjectPanel:0.24
MembersPanel:0.23333333333333334
ConstructionVehiclePanel:0.19
ManufactureConfig:0.14333333333333334
