DefaultDOManager:0.7766666666666666
DefinitiveDOReader:0.5233333333333333
DatastreamManagedContent:0.18
