StoreProcessor:0.5966666666666667
SizeEstimatorTest:0.4088888888888889
