DataExtractorService:0.5833333333333334
IOutgoingBatchService:0.17833333333333334
IDataExtractorService:0.17833333333333334
OutgoingBatchService:0.14333333333333334
SymmetricManagementService:0.08333333333333333
