MutableDateTime:0.57
ReadableDateTime:0.5513333333333333
TestMutableDateTime_Sets:0.31666666666666665
TestInstant_Basics:0.30333333333333334
ReadWritableInstant:0.2763333333333334
ReadableInstant:0.2356507936507936
TestReadableIntervalConverter:0.22
TestMutableDateTime_Adds:0.19333333333333333
AbstractInstant:0.17
