DefaultModuleFactory:0.44666666666666666
KernelContext:0.3566666666666667
ModuleFactory:0.26916666666666667
QedeqConfig:0.26
Modules:0.22
Xml2Xml:0.17333333333333337
LoadRequiredModules:0.16333333333333333
