IStructuredbManager:0.8112698412698413
StructuredbManager:0.4569444444444445
StructuredbManagerTest:0.32666666666666666
