StructureConverter:0.39
ViewerApplet:0.36
MyStructureDiagramGenerator:0.2377777777777778
NewMoleculeFromNameWizard:0.22
ConverterToInChI:0.16444444444444445
