MatcherAndConverter:0.49666666666666665
Errors:0.4866666666666667
InjectorImpl:0.36333333333333334
ConvertToTypesCommandProcessor:0.27666666666666667
