ApolloFrame:0.66
CompositeApolloFrame:0.3233333333333333
MenuManager:0.2866666666666667
LoadUtil:0.20444444444444446
RegionChangeEvent:0.15333333333333332
ViewMenuListener:0.09333333333333334
MenuManagerRegionChangeListener:0.03666666666666667
