X509CA:0.56
CAAdminSessionBean:0.44
CADataBean:0.30666666666666664
TestSignSession:0.11666666666666667
CAOfflineException:0.07333333333333333
