CebuanoGazetteerTokeniser:0.6586666666666667
CebuanoGazetteer:0.6586666666666667
CebuanoTransducer:0.6586666666666667
CebuanoTokeniser:0.6586666666666667
CebuanoTransducerPost:0.6586666666666667
