DriverConductorTest:0.5871111111111111
Receiver:0.49333333333333335
