RWorkspace:0.5555555555555555
Lexicon:0.45666666666666667
MainCorpusTest:0.2633333333333333
