BasicUnicodeButtonUI:0.47350000000000014
SyntaxTreeViewer:0.43666666666666665
Tools:0.33
