StringUtils:0.8172222222222222
ArticleReferenceListAsTable:0.44333333333333336
