StatsListenerConfiguration:0.7672222222222222
StatsReport:0.7646428571428572
StatsListener:0.4
