AbstractTree:0.5216666666666666
CategoriesRenderer:0.29333333333333333
SMARTCYPRuleRank1:0.20333333333333334
TreeSelector:0.16599999999999998
RulesSelectorTest:0.1
