RemoteJPF:0.7333333333333333
TestFile:0.33099999999999996
