SystemProperties:0.8233333333333334
WebResources:0.45666666666666667
LDAPLogic:0.3333333333333333
LDAPSynchronizerTask:0.12666666666666668
