AnnotationEditor:0.39666666666666667
AnnotationsTableModel:0.24833333333333332
Main:0.2306666666666667
MainFrame:0.23
AnnotationEditDialog:0.21
ApplicationViewer:0.15
NewApplicationAction:0.14666666666666667
ApplicationHandle:0.10666666666666667
PRListTableModel:0.04666666666666667
SelectAnnotationPopupItem:0.02
LocaleSelectorMenuItem:0.02
NewAnnotationPopupItem:0.013333333333333334
