BinaryJedis:0.42333333333333334
JedisCluster:0.3566666666666667
AllKindOfValuesCommandsTest:0.2833333333333333
JedisShardInfo:0.27
BinaryClient:0.24666666666666667
JedisPoolTest:0.24333333333333335
JedisSentinelPoolTest:0.24
JedisTest:0.20666666666666667
