WebApplicationServiceResponseBuilder:0.32
CasCoreBootstrapStandaloneConfiguration:0.30333333333333334
OidcIdTokenGeneratorService:0.22333333333333333
BasePrincipalFromNonInteractiveCredentialsAction:0.19333333333333333
BaseJsonOneTimeTokenCredentialRepository:0.19333333333333333
JsonYubiKeyAccountRegistry:0.19333333333333333
DynamoDbCloudConfigBootstrapConfiguration:0.14
RegexUtils:0.12333333333333334
GroovyScriptAttributeReleasePolicy:0.12333333333333334
