FedoraClient:0.46
Server:0.4266666666666667
Ingest:0.32666666666666666
DefaultAccess:0.29333333333333333
DefaultDisseminatorImpl:0.24666666666666667
FileComparator:0.24666666666666667
FOXMLDODeserializer:0.24666666666666667
Report:0.24333333333333335
ResourceIndexIntegrationTest:0.23
DisseminationService:0.22666666666666666
ServiceMapper:0.20333333333333334
ManyDisseminationsTestSetup:0.20333333333333334
DSInputSpecParser:0.2
TestAPIM:0.19555555555555554
ReposInfoSerializerThread:0.1955
DescribeRepositoryServlet:0.19
FedoraAccessServlet:0.19
GetNextPIDServlet:0.18333333333333332
JNDITest:0.18
TestManagedDatastreams:0.17700000000000002
Constants:0.17666666666666667
BatchModifyValidator:0.175
FedoraAccessSoapServlet:0.17333333333333334
FieldSearchServlet:0.17
BatchBuildGUI:0.16642857142857143
DOValidatorSchematron:0.16642857142857143
TestServerConfiguration:0.165
RepositoryReaderTest:0.165
GetObjectHistoryServlet:0.15666666666666668
TestManagementNotifications:0.15666666666666668
SaxonServlet:0.15666666666666668
BatchBuildIngestGUI:0.15642857142857144
BatchIngestGUI:0.15642857142857144
ProfileSerializerThread:0.15333333333333332
ObjectHistorySerializerThread:0.15333333333333332
Uploader:0.15166666666666667
ListMethodsServlet:0.15166666666666667
DeploymentDSBindRule:0.14166666666666666
ListDatastreamsServlet:0.14
GetNextPIDSerializerThread:0.13666666666666666
FedoraBindingSpecNamespace:0.13666666666666666
DeploymentDSBindSpec:0.12311111111111113
AutoBatchBuild:0.12
TransformerWriter:0.12
LoginDialog:0.11666666666666667
PurgeButtonListener:0.11333333333333333
DigitalObjectUtil:0.11333333333333333
SDepMockRepositoryReader:0.1125
XMLBuilder:0.11
ConnectionPool:0.10666666666666667
DisseminationBindingInfo:0.10666666666666667
METSInOutTest:0.08333333333333333
FOXMLInOutTest:0.07333333333333333
ContentModelDSInputTest:0.07083333333333333
AllCommonSystemTests:0.05
InMemoryWriter:0.03
ConnectionPoolManagerImpl:0.025833333333333333
FedoraDSInputSpec1_1Format:0.01
FedoraSDepMethodMap1_1Format:0.0
PriorVersionPane:0.0
