ServerCockpitMapHorzPanelTest:0.5988888888888888
JFXStylesEngine2Test:0.3416666666666667
MultiLayersMessages2Test:0.24666666666666667
