ServerTask:0.52
JPPFThreadFactory:0.48333333333333334
SSLHandler:0.26666666666666666
ServerJob:0.15666666666666668
WaitInitialBundleState:0.14
JobSubmissionTask:0.13
NodeMixRunner:0.13
