Task:0.5166666666666667
ChangeListener:0.5033333333333333
CachingLogic:0.38666666666666666
Swimlane:0.37
ExecutorGroupMembership:0.33
Action:0.28111111111111114
BaseCacheCtrl:0.27
SubstitutionCacheImpl:0.2633333333333333
WFCommonLogic:0.24666666666666667
TaskCacheImpl:0.20927777777777778
ExecutorCacheCtrl:0.19666666666666666
KrbFilterConfig:0.19
FormUtils:0.19
TaskCacheCtrl:0.18
TasklistBuilder:0.17666666666666667
BaseCacheImpl:0.16166666666666665
Timer:0.16111111111111112
JbpmRefactoringPatch:0.13
WFRunaHibernateInterceptor:0.12333333333333334
ServiceTask:0.11666666666666667
SubstitutionCacheCtrl:0.1
EscalationActionHandler:0.09666666666666666
ReceiveMessageBean:0.09333333333333334
ExpiredJobCheckerTask:0.08666666666666667
ProcessDefCacheImpl:0.08333333333333333
ChangeListenerGuard:0.07333333333333333
ProcessDefCacheCtrl:0.07083333333333333
AltSubstitutionCacheImpl:0.03
