Lock:0.49616666666666664
Utils:0.41333333333333333
DeadLockException:0.38666666666666666
LockableImpl:0.33666666666666667
LockImpl:0.18031746031746032
