ShadowDialog:0.5383333333333333
ShadowRect:0.49444444444444446
ShadowDateFormat:0.32
