DeleteSessionEntryProcessor:0.5566666666666666
WebFilterSessionCleanupTest:0.3566666666666667
DeferredFailoverClusterTest:0.19
