Property:0.57
PropertyTest:0.21666666666666667
PropertyCheck1Test:0.13333333333333333
PropertyCheck7Test:0.13333333333333333
PropertyCheck6Test:0.13333333333333333
PropertyCheck8Test:0.13333333333333333
PropertyCheck4Test:0.13333333333333333
PropertyCheck5Test:0.13333333333333333
PropertyCheck3Test:0.13333333333333333
PropertyCheck2Test:0.13333333333333333
