ViewNode:0.47333333333333333
id:0.426626984126984
ViewLoaderTest:0.4066666666666667
