SessionImpl:0.5366666666666666
StatelessSessionImpl:0.3466666666666667
StandardQueryCache:0.22666666666666666
QueryCacheTest:0.08666666666666667
DelayLoadOperations:0.07
