InternalSearchHit:0.335
AbstractStringFieldDataTests:0.3
BytesRefValComparator:0.29333333333333333
SimpleSortTests:0.27
NestedFieldComparatorSource:0.23666666666666666
BytesRefOrdValComparator:0.20666666666666667
PerSegmentComparator:0.20666666666666667
NestedFieldComparator:0.20666666666666667
Highest:0.19
Lowest:0.19
MultiValuedBytesWrapper:0.19
NumberComparatorBase:0.16
BytesRefFieldComparatorSource:0.14333333333333334
AbstractBytesIndexFieldData:0.10666666666666667
NestedSortingTests:0.08
