InconsistencyTest_etc2:0.5283333333333333
ImportEntailmentTest_etc2:0.38333333333333336
