CommandAsyncService:0.35
RedissonKeys:0.28
RedisCommands:0.2603888888888889
CommandAsyncExecutor:0.235
RKeysAsync:0.15833333333333333
RKeys:0.09916666666666667
