ServerConnection:0.47
MetricsTest:0.2866666666666667
DummyHttpServerMetrics:0.27666666666666667
FakeHttpServerMetrics:0.21333333333333335
HttpServerMetrics:0.135
