InternalSearchHit:0.5733333333333334
InternalSearchHits:0.42333333333333334
FetchSearchResult:0.245
InternalSearchHitTests:0.16666666666666666
