PubSourceTable:0.37
UpdatePubSource:0.31666666666666665
PubSourceAliasTable:0.2277777777777778
HTMLUtils:0.09333333333333334
