MaterialViewPager:0.5133333333333333
Utils:0.3422222222222222
MaterialViewPagerAnimator:0.30333333333333334
MaterialViewPagerHeader:0.23
MaterialViewPagerImageHelper:0.21666666666666667
MaterialViewPagerHelper:0.1711111111111111
RecyclerViewFragment:0.14777777777777779
MainActivity:0.1425
MaterialViewPagerSettings:0.13333333333333333
