JPPFExecutorService:0.51
BatchHandler:0.43333333333333335
GroovyScriptRunner:0.15333333333333332
DataSizeRunner:0.14333333333333334
LongTaskRunner:0.14333333333333334
JPPFTaskCallable:0.05333333333333334
ExampleGridRunner:0.02222222222222222
ExampleTask:0.008981481481481483
