ThreadContext:0.6233333333333333
ContextPreservingAbstractRunnable:0.44666666666666666
EsThreadPoolExecutor:0.4033333333333333
ThreadContextTests:0.2966666666666667
ContextPreservingRunnable:0.29333333333333333
