CloneAnnotation:0.5463888888888888
PropagateAnnotationsToGenes:0.37333333333333335
PropagateAnnotationsToTerms:0.37
