Molecule:0.5666666666666667
RandomGenerator:0.35
RandomStructureGeneratorTest:0.21
PathLengthTest:0.19777777777777777
PathTools:0.18333333333333332
IsomorphismTester:0.18333333333333332
