URIFrontier:0.6405555555555555
URIStoreable:0.30742063492063487
