Variable:0.7230158730158729
MirroredObjectInstanceImpl:0.35333333333333333
LocalVariableImpl:0.31
TODCompilerUtils:0.21333333333333335
FieldVariableImpl:0.16333333333333333
