TypeGraph:0.7833333333333333
TypeGraphGxl:0.5466666666666666
PatternJModel:0.25666666666666665
AbstractPatternGraph:0.22666666666666666
PatternGraphGenerator:0.20333333333333334
PatternLabelValue:0.20166666666666666
TestMaterialisation:0.18
MyFactory:0.17916666666666667
TestMatching:0.12666666666666668
TestPatternShape:0.10333333333333333
TestPatternEquiv:0.10333333333333333
Test:0.1
