MovAvgIT:0.43333333333333335
MovAvgUnitTests:0.3566666666666667
MovAvgPipelineAggregator:0.20333333333333334
SerialDiffIT:0.20333333333333334
