ResonancePositiveChargeDescriptorTest:0.33
ResonancePositiveChargeDescriptor:0.2966666666666667
RearrangementCation2Reaction:0.29
HyperconjugationReaction:0.2633333333333333
StructureResonanceGeneratorTest:0.25333333333333335
StructureResonanceGenerator:0.20333333333333334
