AbstractWidget:0.4893253968253968
SyntheticWidget:0.2733333333333333
ARINCMapGrid:0.2733333333333333
ARINCScrollList:0.23
ARINCGPPolyline:0.23
ARINCGPTriangle:0.23
ARINCGPLine:0.23
ARINCPictureToggleButton:0.23
ARINCPopUpMenuButton:0.23
ARINCComboBoxEdit:0.23
ARINCLabel:0.23
ARINCToggleButton:0.23
ARINCEditBoxMultiline:0.23
ARINCPicturePushButton:0.215
ARINCSlider:0.215
ARINCGPArcEllipse:0.215
ARINCGPArcCircle:0.215
ARINCGPCrown:0.215
ARINCEditBoxNumeric:0.215
ARINCComboBox:0.215
ARINCPushButton:0.215
ARINCCursorOver:0.215
ARINCEditBoxNumericBCD:0.205
ARINCGPLinePolar:0.205
ARINCConnector:0.205
ARINCCheckButton:0.205
ARINCBroadcastReceiver:0.205
ARINCEditBoxText:0.205
ARINCLabelComplex:0.11666666666666667
AbstractDataScalingWidget:0.11666666666666667
ARINCGPRectangle:0.11666666666666667
ARINCPopUpMenu:0.11666666666666667
ARINCCursorOverlay:0.05
ARINCPicture:0.05
ARINCSymbol:0.05
ARINCSymbolAnimated:0.04666666666666667
ARINCActiveArea:0.04666666666666667
ARINCPictureAnimated:0.0
ARINCBufferFormat:0.0
ARINCMapLegacy:0.0
