CRules:0.5366666666666666
ZIPSIPReader:0.4266666666666667
ObjectTemplate:0.24666666666666667
SIP2FOX:0.18
