Merge:0.3433333333333333
PlannerTest:0.29333333333333333
NestedLoopConsumerTest:0.27666666666666667
SubSelectIntegrationTest:0.24
UpdateConsumer:0.16333333333333333
MultiSourceAggregationConsumer:0.16333333333333333
CopyStatementPlanner:0.10666666666666667
DeleteStatementPlanner:0.10333333333333333
Visitor:0.09
GlobalAggregateConsumer:0.07333333333333333
