EndEntityProfile:0.6233333333333333
BatchMakeP12:0.3433333333333333
LocalKeyRecoverySessionBean:0.28
LocalUserAdminSessionBean:0.25333333333333335
CertReqServlet:0.24666666666666667
TestKeyRecovery:0.20055555555555554
