MainDesktopPane:0.435
GoodsManager:0.37666666666666665
ModifyTransportItemDialog:0.3566666666666667
NewTransportItemDialog:0.17333333333333334
ResupplyWindow:0.17
TransportWizard:0.16333333333333333
