CalendarParsedResult:0.8
CalendarParsedResultTestCase:0.44333333333333336
VEventResultParser:0.20722222222222222
