ParameterConstants:0.45666666666666667
TriggerRouterService:0.44333333333333336
NodeService:0.37
ParameterService:0.2525
MockParameterService:0.24333333333333335
IParameterService:0.19416666666666665
