DefinitionModuleImpl:0.4033333333333333
AuthenticationManagerImpl:0.33
DefaultFolderEmailFormatter:0.22333333333333333
MailJobDescription:0.21
