FailoverClusterInvokerTest:0.5633333333333334
AbstractClusterInvoker:0.5
FailoverClusterInvoker:0.26666666666666666
MockDirectory:0.2555555555555556
MockInvoker:0.04666666666666667
Demo:0.043055555555555555
