AnnotationIocLoader:0.37333333333333335
Jdbcs:0.30333333333333334
ErrorResourceLocation:0.24333333333333335
ObjectMakerImpl:0.19666666666666666
FilePostSender:0.19666666666666666
ModuleProcessor:0.18666666666666668
JdbcExpertConfigFile:0.18333333333333332
DefaultMirrorFactory:0.15333333333333332
