CropGalleryAdapter:0.4033333333333333
CropViewConfigurator:0.36333333333333334
CropGallery:0.33
CropGalleryActivity:0.32666666666666666
ViewImageActivity:0.11333333333333333
