JoinIntegrationTest:0.37666666666666665
OrderBy:0.33
MultiSourceFetchPushDownTest:0.23666666666666666
MultiSourceFetchPushDown:0.19
RelationSplitter:0.18726190476190477
RelationNormalizer:0.18333333333333332
RelationSplitterTest:0.17666666666666667
Visitor:0.16666666666666666
ManyTableConsumer:0.14333333333333334
