FSMInstance:0.43333333333333335
SinglePhaseTransducer:0.25
DefaultTokeniser:0.2363888888888889
TestJape:0.22
TestFSM:0.20666666666666667
TestFiles:0.2
