NestedMessageContentTest:0.7294444444444445
NestedMessageContentHandler:0.2916666666666667
