GetIndexedScriptRequest:0.5466666666666666
SearchService:0.38
GetIndexedScriptRequestBuilder:0.24666666666666667
RestGetIndexedScriptAction:0.24666666666666667
GetIndexedScriptRequestTests:0.17
