ScenarioMenu:0.49
Simulator:0.4533333333333333
LTSJGraph:0.2833333333333333
MCScenarioMenu:0.11333333333333333
