FileResource:0.6266666666666667
FolderResource:0.38666666666666666
