Mirror:0.6233333333333333
ObjectProxy:0.42
MirrorBorning:0.3566666666666667
NutIoc:0.19666666666666666
UTF8JsonView:0.14666666666666667
InnerValue:0.11333333333333333
