LogBufferDescriptor:0.4766666666666667
Publication:0.39
ExclusivePublication:0.3233333333333333
TermAppender:0.2846666666666667
LogBufferUnblockerTest:0.25333333333333335
DriverConductor:0.25
ExclusiveTermAppender:0.21888888888888886
TermAppenderTest:0.15
