RequestSpecification:0.81
SSLConfig:0.44333333333333336
CertificateAuthSettings:0.4066666666666667
RequestSpecBuilder:0.3933333333333333
RestAssured:0.38333333333333336
SSLITest:0.19
AuthConfig:0.07
