ScriptRunner:0.7233333333333334
BaseCommand:0.3933333333333333
EncodingTest:0.17333333333333334
ScriptCommand:0.17
UpCommand:0.15
PendingCommand:0.15
DownCommand:0.15
BootstrapCommand:0.14333333333333334
MultiDbTest:0.13666666666666666
