AuthzImplTest:0.47
MockPortResolver:0.29253968253968254
AclTagTests:0.2833333333333333
MockAclManager:0.2652380952380952
RequestKey:0.21333333333333335
SecurityContextImplTests:0.19
EhCacheBasedTicketCacheTests:0.12666666666666668
AuthorizeTagExpressionLanguageTests:0.11
CaptchaChannelProcessorTemplateTests:0.10666666666666667
CaptchaSecurityContextImplTests:0.08
CaptchaEntryPointTests:0.06
PermissionTests:0.02666666666666667
DatabaseSeeder:0.016666666666666666
