StepFactory:0.61
HopSymbolTableWalker:0.4166666666666667
DFA65:0.14333333333333334
DFA48:0.14333333333333334
