TypeMap:0.5666666666666667
AbstractDatabasePlatform:0.37
JdbcSqlTemplate:0.33
OracleBulkDatabaseWriter:0.3
AbstractTriggerTemplate:0.29
OracleTriggerTemplate:0.19333333333333333
