CacheProxy:0.49
SerializationAwareCopyStrategy:0.4166666666666667
CacheManagerImpl:0.32666666666666666
CacheLoaderAdapter:0.21
LoadingCacheProxy:0.09
