JoinFilterCacheKey:0.37
CacheKey:0.27
JoinHashSupplier:0.23611111111111113
JoinFilterFunctionCompiler:0.22
SimplePagesHashStrategy:0.20666666666666667
JoinCompiler:0.17
TestPositionLinks:0.13666666666666666
RowSortExpressionContext:0.07333333333333333
IsolatedJoinFilterFunctionFactory:0.043333333333333335
JoinFilterFunctionFactory:0.03
