TermsWithGeneAliases:0.47833333333333333
Terms:0.38666666666666666
ListUtils:0.26233333333333336
