ImageryLayerDataset:0.82
GeoRaster:0.4033333333333333
MrSIDReferencedImage:0.22666666666666666
