Builder:0.36666666666666664
CustomTrust:0.3566666666666667
OkHttpClient:0.32
CertificatePinner:0.22
