RuntimeEnvironment:0.5566666666666666
Configuration:0.5266666666666666
MercurialRepository:0.3144444444444444
FileHistoryCache:0.29388888888888887
JDBCHistoryCache:0.26111111111111107
JDBCHistoryCacheTest:0.23333333333333334
FileHistoryCacheTest:0.17333333333333334
Indexer:0.16666666666666666
