CAAdminSessionBean:0.8033333333333333
CaEditCaCommand:0.49666666666666665
