MTGRoot:0.69
MTGBranchElement:0.3433333333333333
MTGGraphBuilder:0.19333333333333333
