Tds:0.4
DatabaseMetaData:0.3933333333333333
TestBase:0.25333333333333335
TdsResultSet:0.24166666666666667
TdsStatement:0.24
CSUnitTest:0.23333333333333334
TimestampTest:0.2013888888888889
AsTest:0.17
