Builder:0.6366666666666667
InMemoryLookupTable:0.5433333333333333
ParagraphVectorsTest:0.32666666666666666
