EmbeddedServer:0.5722222222222222
EmbeddedJettyServer:0.5122222222222222
