AbstractTcpPlugin:0.4141666666666667
MSExchangePlugin:0.24166666666666667
SshPlugin:0.21166666666666667
Pop3Plugin:0.21166666666666667
SmtpPlugin:0.21166666666666667
TcpPlugin:0.21166666666666667
