Builder:0.7
ChunkingTest:0.4033333333333333
NTLMEngine:0.3052222222222223
AsyncStreamHandlerTest:0.18
FilePartLargeFileTest:0.16
InputStreamBodyGenerator:0.1525
PutLargeFileTest:0.13666666666666666
AsyncStreamLifecycleTest:0.13666666666666666
InputStreamHandler:0.10666666666666667
