ChangeListener:0.7104166666666667
CachingLogic:0.6166666666666667
BaseCacheCtrl:0.39666666666666667
