Util:0.5066666666666667
ARBImaging:0.37666666666666665
Game:0.25
PositionTest:0.2227777777777778
Grass:0.21666666666666667
PbufferTest:0.2041666666666667
VBOTracker:0.19333333333333336
BufferUtils:0.11666666666666667
