PipelineBase:0.6111111111111112
PipeliningTest:0.31666666666666665
