CreatingNewFileTest:0.7063333333333334
CreateSameFileAtOnceTest:0.34888888888888886
