PhraseSuggestionContext:0.6266666666666667
PhraseSuggestionBuilder:0.47333333333333333
SuggestSearchTests:0.4266666666666667
PhraseSuggester:0.18
PhraseSuggestParser:0.17444444444444446
