DB:0.55
DBCollection:0.47333333333333333
DBTCPConnector:0.3433333333333333
JavaClientTest:0.29583333333333334
DBConnector:0.21661111111111112
WriteConcern:0.14
