MetaCADEvaluatorEngine:0.6733333333333333
MetaCADLine:0.2966666666666667
LinearSolve2:0.2786111111111111
