Caffeine:0.52
BoundedLocalCache:0.46
UnboundedLocalCache:0.27
Sync:0.1980952380952381
SerializationProxy:0.11333333333333333
ValuesIterator:0.10666666666666667
BoundedEntryWeigher:0.10333333333333333
KeyIterator:0.09333333333333334
ValueIterator:0.09333333333333334
EntryIterator:0.09333333333333334
Weigher:0.03666666666666667
Ticker:0.03333333333333333
