ConvolutionLayer:0.4533333333333333
Builder:0.38666666666666666
BaseConvBuilder:0.23333333333333334
CNN1DGradientCheckTest:0.12
