OptionGroup:0.8633333333333333
HelpFormatterTest:0.30333333333333334
