Py:0.6133333333333333
PyObject:0.5233333333333333
PyInteger:0.3
JavaMaker:0.2633333333333333
ProxyMaker:0.22833333333333333
PySystemState:0.18
NewCompilerResources:0.10333333333333333
VisibleOverride:0.0011111111111111111
