XmlConfigBuilder:0.43
QueueConfig:0.41333333333333333
ExecutorConfig:0.36333333333333334
ManagementCenterService:0.30666666666666664
MultiMapConfig:0.2733333333333333
TopicConfig:0.26
