ExecutableList:0.5333333333333333
ActionQueue:0.43333333333333335
ExecutableListTest:0.21666666666666667
QueuedOperationCollectionAction:0.1877777777777778
