WriteFailureException:0.45666666666666667
SimpleLimitExceptionHandlerTests:0.3433333333333333
TransactionInvalidExceptionTests:0.2733333333333333
TransactionValidExceptionTests:0.2733333333333333
ReadFailureException:0.10333333333333333
