SecurityNamespaceHandler:0.5555555555555555
Elements:0.426626984126984
SecurityNamespaceHandlerTests:0.31
