ClientConductor:0.37333333333333335
AeronTest:0.3466666666666667
SharedDirectories:0.24666666666666667
UnicastReceiverTest:0.23
MappingBufferUsageStrategy:0.15833333333333333
BufferUsageStrategy:0.15833333333333333
