Anchor:0.19757807
DisplayManager:0.13724789
TextArea:0.071778186
JEditBuffer:0.020710086
Debug:0.008070485
Log:0.0062080063
