TextArea:0.14089262
ScreenLineManager:0.07965149
SelectionManager:0.05520348
FirstLine:0.04490751
HyperSearchResult:0.031335708
RichJEditTextTransferableService:0.009179233
BufferAutosaveRequest:0.005771428
