ModeCatalogHandler:0.091507144
RichJEditTextTransferableService:0.011121195
