URLLocation:0.24
FileLocation:0.24
MemoryLocation:0.24
CommandLineTask:0.16
Location:0.12527777777777777
StreamOutputDestination:0.04
AbstractLocation:0.016666666666666666
StreamInputSource:0.006666666666666667
