Audio:0.7466666666666667
OpenALAudio:0.23
JavaSoundAudioDevice:0.22333333333333333
AudioRecorderTest:0.22
AndroidAudioDevice:0.21333333333333335
AngleAudio:0.16
AndroidAudio:0.16
AudioDeviceTest:0.15333333333333332
AngleAudioDevice:0.13666666666666666
