Tds:0.8422222222222222
TdsConnection:0.2633333333333333
