XContentBuilder:0.47888888888888886
Status:0.44
AsyncBulkByScrollActionTests:0.3566666666666667
RequestAndListener:0.34
BulkByScrollTask:0.2966666666666667
AbstractAsyncBulkByScrollAction:0.28
AbstractBulkByScrollRequest:0.25666666666666665
RoundTripTests:0.19666666666666666
AbstractBaseReindexRestHandler:0.13666666666666666
MyMockClient:0.05333333333333334
