LSTM:0.6233333333333333
LSTMHelpers:0.46
GravesBidirectionalLSTM:0.31
GravesLSTM:0.27666666666666667
GravesBidirectionalLSTMTest:0.21333333333333335
CuDNNGradientChecks:0.03333333333333333
