BioclipseMobyModel:0.5533333333333333
MobyViewCentral:0.3819047619047619
