MyObject:0.44333333333333336
DefaultContentTypeHandlerManager:0.3233333333333333
ContainUtil:0.3111111111111111
ContainUtilTest:0.2866666666666667
