QsarHelper:0.6141666666666666
QSARBuilder:0.5133333333333333
InformationPage:0.39666666666666667
