DbDialectFactory:0.4633333333333333
AbstractResourceServlet:0.4533333333333333
AbstractTransportResourceServlet:0.19
ErrorConstants:0.02
