Button:0.4033333333333333
Tabs:0.3433333333333333
InternetSearch:0.22638888888888886
EditorPassword:0.22
DesktopToolBar:0.22
PropertiesBar:0.21583333333333332
ScriptPlugin:0.14416666666666667
