TestDiscoveryRequestBuilder:0.7449444444444445
DiscoverySelectionTests:0.5736666666666667
