GUI:0.8133333333333334
StartGamePanel:0.37333333333333335
ShowGameOptionsAction:0.31333333333333335
