Criteria:0.5913888888888889
Dao:0.49366666666666664
NutDao:0.30666666666666664
SimpleCriteria:0.25666666666666665
Cnd:0.23
Items:0.21111111111111108
QueryTest:0.12666666666666668
