Logger:0.6975000000000001
WebConsole:0.44666666666666666
WindowTest:0.33
DefaultLogger:0.31
Console2Test:0.24666666666666667
