StringValuesCommandsTest:0.3333333333333333
BinaryValuesCommandsTest:0.3333333333333333
SetCommandsTest:0.2733333333333333
Protocol:0.2683333333333333
JedisPubSub:0.24666666666666667
Connection:0.24333333333333335
HashesCommandsTest:0.23666666666666666
ListCommandsTest:0.23333333333333334
SortingCommandsTest:0.23333333333333334
SortedSetCommandsTest:0.23
AllKindOfValuesCommandsTest:0.22
ControlCommandsTest:0.19
ProtocolTest:0.12
TransactionCommandsTest:0.11
