ObjectIdentityImpl:0.5333333333333333
BasicLookupStrategyTests:0.3
JdbcAclServiceTests:0.2833333333333333
BasicLookupStrategy:0.2088888888888889
