RecordingOutputStream:0.32666666666666666
Frontier:0.29
DiskLongFPSet:0.23333333333333334
RecordingInputStream:0.19833333333333333
FetchHTTP:0.17666666666666667
FlipFileInputStream:0.13666666666666666
HttpRecorder:0.13333333333333333
