IAtomicLong:0.7433333333333333
AtomicLongProxy:0.36333333333333334
PartitionSpecificClientProxy:0.22666666666666666
FilterOnesFunction:0.1943968253968254
ClientAtomicLongProxy:0.11333333333333333
ClientAtomicLongTest:0.056666666666666664
