BufferPrintable:0.57
StatusBar:0.43666666666666665
BufferPrinter1_3:0.17
BufferPrinter1_4:0.16333333333333333
