BasesView:0.72
Messages:0.5239047619047619
ExecuteScriptImport:0.21333333333333335
ComputeRepartition:0.11666666666666667
