IteratorPageDownstream:0.5833333333333334
IteratorPageDownstreamTest:0.38333333333333336
