ViewStateManager:0.37583333333333335
MvpLceViewStateActivity:0.36333333333333334
MvpViewStateActivity:0.3433333333333333
MainActivity:0.28
FragmentContainerActivity:0.15666666666666668
