MasterClock:0.6766666666666666
ClockThreadTask:0.35333333333333333
