jdbcResultSet:0.47
jdbcClob:0.3433333333333333
jdbcBlob:0.32666666666666666
jdbcCallableStatement:0.3233333333333333
jdbcStatement:0.31
jdbcDatabaseMetaData:0.30666666666666664
jdbcConnection:0.3
jdbcPreparedStatement:0.2866666666666667
jdbcDataSource:0.26
jdbcResultSetMetaData:0.26
jdbcParameterMetaData:0.21
