SpectralChannelDistribution:0.3027420634920635
Type:0.22777777777777777
ChannelSpectralDistribution:0.22666666666666666
SpectralLight:0.22333333333333333
SpectralLightMap:0.10838095238095237
SpectralLightMapNode:0.06
SpectralLightDistribution:0.0011111111111111111
