For:0.5576190476190476
JmhRunner:0.42333333333333334
PatternMatching:0.3894444444444445
Try:0.3894444444444445
Tuple4Benchmark:0.09666666666666666
Tuple8Benchmark:0.09666666666666666
Tuple2Benchmark:0.08333333333333333
Base:0.016666666666666666
