LocalComponentMetadataTest:0.43333333333333335
ComponentSubElementTest:0.2866666666666667
AmbigousTestComponent:0.24
SimpleConstructorInjectionMetadata:0.21333333333333335
