ForumActionModuleImpl:0.47333333333333333
ForumActionModule:0.47
DefinitionModuleImpl:0.4266666666666667
WebKeys:0.33644444444444443
ViewDefinitionXmlController:0.03
