StringHelper:0.6633333333333333
Column:0.6066666666666667
AliasTest:0.2866666666666667
