ComputedCSSStyleDeclaration:0.63
HtmlStyle:0.20333333333333334
HtmlFrameSet:0.20333333333333334
HtmlMeta:0.20333333333333334
HtmlNoFrames:0.15666666666666668
