ListTemplate:0.7522222222222222
AbstractCollectionProxyImpl:0.5685555555555556
