GeometryCollectionShape:0.6366666666666667
PolygonShape:0.4033333333333333
LineStringPath:0.39666666666666667
Java2DConverter:0.27
