ErrorList:0.5966666666666667
ErrorListOptionPane:0.36666666666666664
ErrorListPlugin:0.27
ErrorHighlight:0.14
