Dao:0.8266666666666667
NutStatement:0.32361111111111107
FieldFilter:0.27
EntityOperator:0.23333333333333334
NutDao:0.23333333333333334
SimpleDaoTest:0.14666666666666667
