Selection:0.56
FeatureSelectionEvent:0.22666666666666666
BaseFineEditor:0.21666666666666667
BlastParser:0.20666666666666667
SelectionManager:0.2
EvidencePanel:0.2
SeqExport:0.19666666666666666
Commentator:0.17666666666666667
SeqExportSelectionListener:0.15333333333333332
SelectionAnnotationChangeListener:0.12
