OracleSpatial10gDialect:0.36
SpatialIntegrator:0.26666666666666666
PostgisDialect:0.24666666666666667
TestSupportFactories:0.24333333333333335
BasicTypeRegistry:0.20277777777777775
GeometryType:0.14333333333333334
SqlServer2008GeometryValueExtractor:0.07333333333333333
SqlServer2008GeometryValueBinder:0.07
