BindingConverter:0.6833333333333333
JdtNoType:0.35
TypeUtil:0.31
JdtTypes:0.2833333333333333
