KeyTools:0.55
CustomUserDataSourceContainer:0.44333333333333336
CustomPublisherContainer:0.44333333333333336
BaseManagedBean:0.17333333333333334
PluginTool:0.13666666666666666
