NodeOperationTree:0.5366666666666666
NodeOperationTreeGenerator:0.38666666666666666
ExecutionPhasesTask:0.3433333333333333
