TransactionConfidence:0.41800000000000004
ScriptWitnessOrBuilder:0.395
Transaction:0.35333333333333333
TransactionInput:0.31777777777777777
Builder:0.2811111111111111
ScriptWitness:0.24666666666666667
TransactionInputOrBuilder:0.24666666666666667
BlockTest:0.23
WalletProtobufSerializer:0.22333333333333333
TransactionBroadcastTest:0.16666666666666666
WalletProtobufSerializerTest:0.15166666666666667
TransactionTest:0.09333333333333334
