ProjectPTO:0.7333333333333333
ListProjectsAction:0.36333333333333334
ListProjectsAdminAction:0.09666666666666666
