ProcessInfo:0.65
ChannelRouterContext:0.5466666666666666
RouterService:0.32666666666666666
DataGapRouteReader:0.26
CsvData:0.26
DataGapDetector:0.24
ProcessInfoDataWriter:0.19
DataGapRouteReaderTest:0.06
