Binding:0.5666666666666667
AtInjectBinding:0.39
Linker:0.26
BuiltInBinding:0.2375
InjectionTest:0.18333333333333332
ProviderMethodBinding:0.14333333333333334
Modules:0.13666666666666666
ProblemDetector:0.12333333333333334
ProvidesProcessor:0.07333333333333333
InjectProcessor:0.07333333333333333
