FieldInfo:0.6566666666666666
FieldNode:0.5336785714285714
FieldDefinitionImpl:0.42
MDDAnalyzeWalker:0.24
ComparisonValidationRule:0.2174761904761905
RegExpValidationRule:0.20333333333333334
