VertexAttribute:0.6533333333333333
VertexBufferObjectSubData:0.27666666666666667
VertexArray:0.27666666666666667
VertexBufferObject:0.27666666666666667
