Window:0.8133333333333334
HTMLSelectElementTest:0.36666666666666664
Window2Test:0.3
