ConstructionStageInfo:0.5133333333333333
ConstructionStage:0.4033333333333333
ConstructionValues:0.38333333333333336
ConstructionSite:0.29333333333333333
ConstructionVehicleType:0.16333333333333333
