IndexShard:0.71
Index:0.46
Create:0.39666666666666667
ShardReplicationOperationRequest:0.2866666666666667
IndexRequest:0.24
InternalEngine:0.22333333333333333
InternalIndexShard:0.21333333333333335
IndexingOperation:0.21
TransportIndexAction:0.18
TransportShardBulkAction:0.18
AsyncShardOperationAction:0.13666666666666666
SingleThreadBulkStress:0.009166666666666667
