DefaultAuthorization:0.7953333333333333
ActionNamespace:0.2758333333333333
