ExtractableView:0.6966666666666667
Disabled:0.48
Default:0.43
ImplementationContextDefaultTest:0.26666666666666666
RedefinitionClassVisitor:0.22444444444444447
ImplementationContextDefaultOtherTest:0.22333333333333333
ImplementationContextDisabledTest:0.18
