HandlerRegistration:0.5066666666666667
EventBusImpl:0.38
MetricsTest:0.27166666666666667
FakeEventBusMetrics:0.24
DummyEventBusMetrics:0.22
EventBusMetrics:0.21661111111111112
HandlerMetric:0.20666666666666667
