MoveScp:0.4066666666666667
DicomSecurityService:0.3595238095238095
StorageBean:0.35
StoreScp:0.3333333333333333
AbstractScpService:0.32666666666666666
StudyPermissionManagerBean:0.27666666666666667
DicomSecurityDelegate:0.2633333333333333
QueryRetrieveScpService:0.17
StoreScpService:0.13
