SeqAlignPanel:0.56
BaseMouseListener:0.3046666666666667
BaseEditorPanel:0.2966666666666667
RightClickActionListener:0.25666666666666665
