SubnetEngine:0.58
SubnetPoolNode:0.26
SubnetNode:0.23666666666666666
InterfaceFrame:0.22333333333333333
ServiceManagerActionFactory:0.20666666666666667
ServicePoolNode:0.20333333333333334
BDIsInterfaceFrame:0.2
CreateSubnetPoolAction:0.19666666666666666
AddIPAddressAction:0.19
SubnetsFrame:0.17897222222222223
CreateSubnetAction:0.17333333333333334
IPAMModuleTopComponent:0.16777777777777778
SubnetPoolChildren:0.16333333333333333
VlansFrame:0.16333333333333333
CreateServicePoolAction:0.16
CustomerNode:0.15
CustomerChildren:0.14333333333333334
DeleteSubnetPoolAction:0.14333333333333334
CustomerPoolNode:0.14
DeleteServiceAction:0.13
ServiceManagerRootNode:0.12
VFRsFrame:0.12
RelateSubnetToVlanAction:0.11666666666666667
DeleteSubnetAction:0.11666666666666667
ServiceNode:0.11
RelateIPToBDIInterfaceAction:0.10833333333333334
RelateSubnetToVFRAction:0.1
ServiceManagerTopComponent:0.0911111111111111
CreateServiceAction:0.07666666666666666
CreateCustomerPoolAction:0.07666666666666666
CreateCustomerAction:0.07666666666666666
DeleteServicePoolAction:0.07
IPAMModuleService:0.06666666666666667
IPAMRootNode:0.05333333333333334
GeneralPurposeDeleteServiceAction:0.05333333333333334
ReleaseSubnetFromVlanAction:0.04666666666666667
ReleaseSubnetFromVFRAction:0.04666666666666667
RelateEndPointToInterfaceAction:0.043333333333333335
RelateGenericNetworkElementToInterface:0.043333333333333335
SubnetChildren:0.041111111111111105
RelateEndPointToIPAddressAction:0.03333333333333333
RelateVFRToVlanAction:0.03333333333333333
ServiceManagerService:0.03333333333333333
PoolNativeTypeProperty:0.03333333333333333
RelateToServiceAction:0.02666666666666667
ListTypeProperty:0.02666666666666667
ServicesFrame:0.023333333333333334
DeleteCustomerAction:0.023333333333333334
DeleteCustomerPoolAction:0.023333333333333334
IPAddressNode:0.021111111111111112
ReleaseFromServiceAction:0.016666666666666666
ItemListPropertyEditor:0.016666666666666666
GeneralProperty:0.016666666666666666
GeneralPurposeDeleteCustomerAction:0.006666666666666667
ServiceChildren:0.006666666666666667
ReleaseGenericPortFromInterfaceAction:0.0033333333333333335
NotEditableProperty:0.0033333333333333335
ReleaseVFRFromVlanAction:0.0033333333333333335
ReleaseEndPointFromInterface:0.0033333333333333335
ReleaseEndPointFromIPAddresAction:0.0033333333333333335
ReleaseIPFromBDIInterfaceAction:0.0033333333333333335
PTextField:0.0
