NettyResponseFuture:0.7066666666666667
NettyRequestSender:0.29533333333333334
RequestTimeoutTimerTask:0.16666666666666666
