PPSFilter:0.33
ContentEditDelegate:0.31
MPPSScpService:0.2866666666666667
ContentEditService:0.24333333333333335
MWLModel:0.23333333333333334
FolderSubmitCtrl:0.21666666666666667
MPPSDelegate:0.18
MWLConsoleCtrl:0.18
PatientMergeCtrl:0.17
MPPSConsoleCtrl:0.11666666666666667
MWLScuDelegate:0.09111111111111111
