BeanFactory:0.6666666666666666
TermBeanImpl:0.36666666666666664
SequenceBeanImpl:0.26666666666666666
TermBeanFactory:0.25333333333333335
HitBeanFactory:0.16666666666666666
