IndexShard:0.6433333333333333
IndexShardTests:0.26666666666666666
IndexShardOperationPermitsTests:0.22333333333333333
InternalTestCluster:0.21666666666666667
TransportReplicationAction:0.21666666666666667
IndexShardOperationPermits:0.2
RecoverySourceHandler:0.16
AsyncReplicaAction:0.15666666666666668
AsyncPrimaryAction:0.14
SyncedFlushSingleNodeTests:0.13333333333333333
DelayedOperation:0.03333333333333333
