InternalTestCluster:0.7155
TribeIT:0.38666666666666666
UnicastZenPing:0.37333333333333335
