MockServletResponse:0.6333333333333333
FileServlet:0.4633333333333333
FileServletTest:0.31666666666666665
