ProtocolHelper:0.43333333333333335
SendMessageCallback:0.3933333333333333
InsertProtocol:0.2866666666666667
UpdateProtocol:0.23
DeleteProtocol:0.23
KillCursorProtocol:0.21
WriteProtocol:0.2
FutureResultCallback:0.19666666666666666
QueryProtocol:0.19333333333333333
WriteCommandProtocol:0.18666666666666668
CommandProtocol:0.15
GetMoreProtocol:0.12333333333333334
CommandResultCallback:0.10333333333333333
GetMoreResultCallback:0.023333333333333334
UnacknowledgedWriteResultCallback:0.023333333333333334
QueryResultCallback:0.016666666666666666
WriteResultCallback:0.016666666666666666
