TransactionTest:0.49333333333333335
HazelcastTest:0.37
CMap:0.3466666666666667
ConcurrentMapManager:0.19833333333333333
TransactionImpl:0.185
MultiData:0.18333333333333332
TransactionRecord:0.1705952380952381
PutOperationHandler:0.15
ClusterTest:0.13333333333333333
MPut:0.12666666666666668
MGetMapEntry:0.08
