Bootstrap:0.6833333333333333
BootstrapSettings:0.4666666666666667
BootstrapChecks:0.2833333333333333
OnErrorCheck:0.16222222222222224
OnOutOfMemoryErrorCheck:0.16222222222222224
BootstrapSettingsTests:0.15
