NtlmEngine:0.8233333333333334
NtlmTest:0.28
NTLMHandler:0.12444444444444443
NTLMProxyHandler:0.12
