SunshineRaytracer:0.5966666666666667
SunshineStandardRaytracer:0.47333333333333333
SunshineSpectralPT:0.39666666666666667
ShadingKernel:0.17666666666666667
SpectralShadingKernel:0.17
TempMatKernel:0.10666666666666667
SpectralTempMatKernel:0.03666666666666667
