CloseableKryoFactory:0.54
CloseableKryo:0.42
Beans:0.39666666666666667
CasKryoPool:0.23083333333333333
