Peer:0.7733333333333333
PeerDataEventListener:0.7308333333333333
AbstractPeerDataEventListener:0.4
PeerGroup:0.31666666666666665
PeerGroupTest:0.22333333333333333
PeerTest:0.22333333333333333
WatchMempool:0.11666666666666667
