RandomGuid:0.5466666666666666
RandomGuidMessageIdStrategyTest:0.25666666666666665
UuidMessageIdStrategyTest:0.25666666666666665
UuidMessageIdStrategy:0.17333333333333334
