DefaultTraversalVisitor:0.2833333333333333
AstBuilder:0.2733333333333333
TestSqlParser:0.2733333333333333
AstVisitor:0.23
Formatter:0.22333333333333333
