ReflectUtils:0.3566666666666667
StringMaker:0.3027420634920635
KeyFactoryGenerator:0.29333333333333333
Generator:0.26666666666666666
ConstructorProxy:0.23
TestMethodProxy:0.18333333333333332
