FlowArtifactFactory:0.8033333333333333
XmlFlowBuilder:0.41333333333333333
XmlFlowRegistrar:0.32
FlowArtifactFactoryAdapter:0.27666666666666667
XmlFlowFactoryBean:0.21
AbstractFlowRegistryFactoryBean:0.20666666666666667
FlowRegistryFactoryBean:0.17333333333333334
BeanFactoryFlowArtifactFactory:0.15416666666666667
XmlFlowRegistryFactoryBean:0.13833333333333334
