Block:0.7333333333333333
PredicateFilterSqlBenchmark:0.3811111111111111
Visitor:0.3333333333333333
Constant:0.31666666666666665
CompilerContext:0.22666666666666666
Input:0.22
IfStatementBuilder:0.20333333333333334
TestBenchmarks:0.13
