TestEngineRegistry:0.7966666666666666
ServiceLoaderTestEngineRegistry:0.7966666666666666
