RedissonMapCache:0.45
CommandDecoder:0.35333333333333333
RedissonMapCacheTest:0.35
RedisCommands:0.3088888888888889
