ReportDescendants:0.6655555555555556
ReportAncestors:0.5866666666666667
