DictionaryDatabase:0.6566666666666666
OWLFile:0.4066666666666667
