FixedWidthBlock:0.56
AbstractArrayBlock:0.4633333333333333
FixedWidthBlockBuilder:0.36666666666666664
LazyFixedWidthBlock:0.24333333333333335
