EdgeViewI:0.61
EdgeView:0.39
NodeView:0.36833333333333335
GraphData:0.2866666666666667
NodeMover:0.27666666666666667
