RuleContext:0.3
ParserFactory:0.25888888888888884
OutputModelController:0.25
StructDecl:0.23
BaseRecognizer:0.22
ListenerFile:0.18083333333333335
RuleFunction:0.17333333333333334
ParserRuleContext:0.12333333333333334
CodeBlockForOuterMostAlt:0.11333333333333333
