RecordingLog:0.48333333333333334
ReplayStep:0.36333333333333334
RecordingCatchUp:0.3233333333333333
RecordingExtent:0.30333333333333334
