HierarchicalLayoutAlgorithm:0.36666666666666664
VertexByXPositionComparator:0.345
LayerAssignment:0.3284285714285714
Layer:0.32
LongestPathLA:0.30333333333333334
Cell:0.30333333333333334
VertexInLayerComparator:0.0011111111111111111
