AuthorizeTag:0.5333333333333333
AuthorizeTagTests:0.34
AuthzImpl:0.19
AuthorizeTagAttributeTests:0.09916666666666667
AuthorizeTagExpressionLanguageTests:0.08666666666666667
AuthorizeTagCustomGrantedAuthorityTests:0.013333333333333334
