ComputationGraph:0.8033333333333333
FwdPassReturn:0.4339285714285715
