ParameterConstants:0.77
RouterService:0.27
ISymmetricDialect:0.2535396825396825
DataService:0.23333333333333334
SelectFromTableSource:0.21
ConfigurationChangedDataRouter:0.21
DataExtractorService:0.20666666666666667
MsSql2000TriggerTemplate:0.20333333333333334
AbstractTriggerTemplate:0.19333333333333333
AbstractTriggerRouterServiceTest:0.19
AbstractSymmetricDialect:0.16333333333333333
MsSqlTriggerTemplate:0.1303174603174603
