Advapi32:0.5722222222222222
Advapi32Test:0.41333333333333333
Netapi32:0.37277777777777776
Netapi32Util:0.31333333333333335
Advapi32Util:0.21333333333333335
Advapi32UtilTest:0.12
WinNT:0.11
LMAccess:0.10838095238095237
Netapi32UtilTest:0.03777777777777778
