CasAuthenticationProvider:0.46
OpenIDAuthenticationProviderTests:0.31666666666666665
CasAuthenticationProviderTests:0.20666666666666667
MockTicketValidator:0.16333333333333333
OpenIDAuthenticationProvider:0.15
MockAuthoritiesPopulator:0.043333333333333335
MockUserDetailsService:0.008981481481481483
