ParserATNFactory:0.5366666666666666
LeftRecursiveRuleAnalyzer:0.4166666666666667
TestLeftRecursion:0.21333333333333335
