GenericPropertiesConverter:0.39666666666666667
InnerTableElementsAnalyzer:0.30666666666666664
TableElementsAnalyzer:0.30666666666666664
CreateAnalyzerStatementAnalyzer:0.3
ColumnDefinitionContext:0.25666666666666665
CreateTableStatementAnalyzer:0.14
AlterTableAddColumnAnalyzer:0.14
