Table:0.6016666666666667
AssetManager:0.5183333333333333
JsonWriter:0.35
Image:0.20333333333333334
