Console:0.49
Shell:0.41333333333333333
SystemShell:0.39
StreamThread:0.17333333333333334
ConsoleProcess:0.16333333333333333
BeanShell:0.12666666666666668
ActionHandler:0.12666666666666668
ConsoleState:0.10666666666666667
CommandoTextField:0.08333333333333333
CommandoCheckBox:0.08333333333333333
SystemShellBuiltIn:0.07666666666666666
Output:0.03666666666666667
BufferOutput:0.013333333333333334
