ContentControl:0.4997222222222222
GwtTeamingMessages:0.47
AdminControl:0.3333333333333333
