Job:0.6433333333333333
Builder:0.58
JobValidatorTest:0.25333333333333335
JobsResource:0.17333333333333334
IdMismatchJobCreateTest:0.13666666666666666
