GeneTable:0.5366666666666666
SearchFullText:0.39666666666666667
DisplayGene:0.22
LuceneFullTextSearch:0.16333333333333333
