WebServiceConnection:0.74
WebServiceTemplateTest:0.36333333333333334
WebServiceTemplate:0.26666666666666666
AbstractSoap11MessageTestCase:0.23111111111111116
AbstractSoap12MessageTestCase:0.23111111111111116
AbstractSoap12MessageFactoryTestCase:0.20666666666666667
AbstractSoap11MessageFactoryTestCase:0.20666666666666667
HttpUrlConnection:0.18
AbstractHttpWebServiceMessageSenderTestCase:0.17833333333333334
HttpUrlConnectionMessageSender:0.17333333333333334
WebServiceMessageReceiverHandlerAdapter:0.15444444444444444
WebServiceMessageReceiverHandlerAdapterTest:0.13166666666666665
HttpServletConnection:0.12666666666666668
WebServiceMessageReceiverObjectSupport:0.125
TransportContext:0.08666666666666667
CommonsHttpMessageSender:0.08666666666666667
DefaultTransportContext:0.08
MockTransportOutputStream:0.043333333333333335
MockTransportInputStream:0.043333333333333335
CommonsHttpConnection:0.03944444444444445
WebServiceTemplateIntegrationTest:0.03333333333333333
HttpServletConnectionTest:0.02666666666666667
FaultAwareWebServiceConnection:0.02
SimpleSaajServlet:0.016666666666666666
MyServlet:0.013333333333333334
