PyJavaPackage:0.6033333333333334
PyModule:0.31333333333333335
SysPackageManager:0.29
JavaImporter:0.25666666666666665
