InternalTables:0.5666666666666667
WeakInternalTables:0.37166666666666665
SoftIInternalTables:0.34
AutoInternalTables:0.2
