CommChannel:0.43333333333333335
SOAPProtocol:0.43
HTTPProtocol:0.34
SocketCommChannel:0.29300000000000004
ByteArrayCommChannel:0.27444444444444444
JavaCommChannel:0.2488888888888889
InternalCommChannel:0.19
