ParcelableAnalysisTest:0.6666666666666666
ParcelableAnalysis:0.4354444444444444
