MetadataSnapshot:0.41
BasicBackwardsCompatibilityTest:0.30666666666666664
BlobStoreIndexShardRepository:0.23333333333333334
SharedClusterSnapshotRestoreTests:0.21666666666666667
SnapshotContext:0.20888888888888887
RestoreContext:0.19555555555555554
