ClassMetadataNode:0.58
AttributeMetadataProperty:0.26
AttributeMetadataNode:0.14
ClassMetadataChildren:0.07833333333333334
CreateClassMetadataAction:0.056666666666666664
ClassMetadataNodeProperty:0.045
ClassAttributeMetadataProperty:0.03833333333333333
AttributeEditorSupport:0.035
RootClassMetadataNode:0.0325
DeleteAttributeMetadataAction:0.02666666666666667
CreateAttributeMetadataAction:0.023333333333333334
RefreshClassMetadataAction:0.015833333333333335
ListAttributeMetadataProperty:0.013333333333333334
DeleteClassMetadataAction:0.013333333333333334
RefreshAttributeMetadataAction:0.006666666666666667
TextAttributeMetadataProperty:0.0
ItemListPropertyEditor:0.0
MultipleChoiceItemListPropertyEditor:0.0
