TestUpdaters:0.7133333333333334
BaseUpdater:0.6566666666666666
UpdaterAggregatorImpl:0.25333333333333335
