CacheLayer:0.5633333333333334
Milestone:0.33
RRTree:0.2966666666666667
SocketTreeTable:0.2877777777777778
CacheLayerOutputStream:0.23
NoCacheLayer:0.22666666666666666
ResponseByte:0.20666666666666667
RequestByte:0.20666666666666667
HTTPServerThread:0.2
Node:0.2
JPF_java_net_Socket:0.10833333333333334
HTTPServerCounterThread:0.10833333333333334
JPF_java_net_ServerSocket:0.08
HTTPServerCounter:0.03333333333333333
AlphabetClient:0.023333333333333334
CacheNotifier:0.016666666666666666
EmptyMilestone:0.006666666666666667
