VehicleMission:0.7433333333333333
UnloadVehicle:0.33
MissionListModel:0.2633333333333333
InfoPanel:0.06
