BitmapFont:0.5466666666666666
BitmapFontCache:0.41
ParticleEmitter:0.4033333333333333
GdxFont:0.35333333333333333
ParticleEffect:0.24333333333333335
BitmapFontFlipTest:0.21
FilesTest:0.1627777777777778
BitmapFontTest:0.12
TextBounds:0.0
