JsonValue:0.5233333333333333
Json:0.4766666666666667
Method:0.3433333333333333
AndroidApplication:0.30666666666666664
Matcher:0.30333333333333334
ReflectionPool:0.2866666666666667
DefaultShader:0.27
GwtApplication:0.25
AndroidDaydream:0.22833333333333333
AndroidLiveWallpaper:0.22
Skin:0.21666666666666667
G3dModelLoader:0.20166666666666666
VerticalGroup:0.18666666666666668
HorizontalGroup:0.16
Sort:0.14666666666666667
TmxMapHelper:0.13666666666666666
ReflectionTest:0.10333333333333333
