Rectangle:0.5366666666666666
ShaderProgram:0.4866666666666667
FrameBuffer:0.3466666666666667
TmxMapLoader:0.20333333333333334
AtlasTmxMapLoader:0.19333333333333333
PathTest:0.19
ListScroll:0.18333333333333332
Ouya:0.16759523809523807
GLSurfaceView20:0.14666666666666667
GLSurfaceView20API18:0.14666666666666667
SpriteBatchShaderTest:0.13666666666666666
FrameBufferTest:0.11
