SimpleIndexQueryParserTests:0.48
BlendedTermQuery:0.37666666666666665
QueryBuilder:0.2966666666666667
MultiMatchQuery:0.21
CrossFieldsQueryBuilder:0.19777777777777777
