AbstractSharedClusterTest:0.49
MetaDataMappingService:0.25333333333333335
TransportClusterStateAction:0.24333333333333335
UpdateMappingTests:0.20333333333333334
