SingleConsumerLinkedArrayObjectQueue:0.4816666666666667
SingleConsumerLinkedArrayQueue:0.3566666666666667
SingleConsumerQueueTest:0.28
QueueIterator:0.24333333333333335
SingleConsumerPrimitiveQueueTest:0.19666666666666666
SingleConsumerLinkedArrayPrimitiveQueue:0.19
