FullBlockTestGenerator:0.53
BlockAndValidity:0.49666666666666665
FullPrunedBlockChainTest:0.2866666666666667
BitcoindComparisonTool:0.10666666666666667
