Container:0.6133333333333333
CDKChemObject:0.4766666666666667
JCPPage:0.35333333333333333
MDLMolfileEditor:0.17333333333333334
BioPolymerContentProvider:0.125
StructureLabelProvider:0.11472222222222221
StructureContentProvider:0.07333333333333333
JCPOutlinePage:0.043333333333333335
ChemTreeView:0.02
NameSorter:0.0
