BotStationResources:0.9066666666666666
BotInvokerFactory:0.29444444444444445
SingleThreadBotInvoker:0.08
