HttpProtocol:0.37666666666666665
HttpParser:0.31333333333333335
UnsupportedMethodException:0.07
UnsupportedHttpVersionException:0.07
