QuorumEditorParserFactory:0.7366666666666667
QuorumLanguage:0.37333333333333335
