AjaxController:0.4666666666666667
DashboardHelper:0.4033333333333333
WebKeys:0.2911111111111111
ModifyDashboardController:0.24666666666666667
SAbstractForumController:0.18666666666666668
ListProfilesController:0.17
WorkspaceTreeController:0.14333333333333334
