ComplexOps:0.5
TypeUtils:0.38
ParallelSorter:0.32
Generator:0.24
AddStaticInitTransformer:0.08333333333333333
MethodFilterTransformer:0.013333333333333334
