AgentConfig:0.44666666666666666
MasterConfig:0.39666666666666667
ServiceParser:0.29
SystemTestBase:0.27666666666666667
AgentService:0.19
MasterService:0.19
MasterParser:0.14333333333333334
AgentParser:0.14333333333333334
ZooKeeperClusterIdTest:0.13333333333333333
