MapFacadeBean:0.5627777777777778
POJOPersistenceProviderBase:0.35833333333333334
