PipelineBase:0.47888888888888886
BinaryRedisPipeline:0.36666666666666664
RedisPipeline:0.36666666666666664
