Namematch:0.7933333333333333
TestNamematch:0.27316666666666667
