Criteria:0.5366666666666666
FilterCompiler:0.45666666666666667
FilterParseTest:0.39
EmptyEvaluator:0.13
