Window:0.49666666666666665
Selection:0.44
SimpleRange:0.43
SelectionTest:0.13666666666666666
