RatedDocument:0.7933333333333333
QuerySpec:0.41
RankEvalRequestTests:0.03
QuerySpecTests:0.02
PrecisionAtNTests:0.006666666666666667
