IssueForm:0.7
EditIssueActionUtil:0.58
CreateIssueAction:0.15333333333333332
CreateIssueFormAction:0.13666666666666666
