ClassySharkPanel:0.58
MethodsCountPanel:0.3566666666666667
RootBuilder:0.19
NodeWorker:0.16411111111111112
GuiMode:0.14333333333333334
ViewerController:0.013333333333333334
