XMLSerializerTest:0.6266666666666667
XmlPageTest:0.53
XmlPage2Test:0.2733333333333333
