Vertex:0.6633333333333333
Circle:0.31666666666666665
DirectedGraphFactory:0.21
GraphWriter:0.19
Shell:0.16666666666666666
ActionLoadGraph:0.16666666666666666
Animation:0.16666666666666666
ActionExecute:0.16333333333333333
ActionSelect:0.16333333333333333
Tree:0.16333333333333333
CircularGraph:0.16
EdgeHandler:0.10333333333333333
VertexHandler:0.08333333333333333
