NodeService:0.5433333333333333
SingleInvocation:0.43133333333333335
GenericBackupOperation:0.21777777777777782
MigrationRequestOperation:0.19666666666666666
SingleInvocationBuilder:0.1902777777777778
PartitionStateGeneratorImpl:0.18333333333333332
BackupResponse:0.17444444444444446
MapProxy:0.17333333333333334
PutOperation:0.1577777777777778
SingleTargetInvocation:0.09333333333333334
