WordVectorSerializer:0.5733333333333334
VocabularyHolder:0.4033333333333333
WordVectorSerializerTest:0.26666666666666666
Huffman:0.208
SparkSequenceVectors:0.10666666666666667
