RubySourceViewerConfiguration:0.4533333333333333
RubyCodeTextHover:0.26666666666666666
RiDocHoverProvider:0.16666666666666666
ITextHoverProvider:0.12853968253968254
RubyElementsHyperlinkProvider:0.12333333333333334
IHyperlinkProvider:0.0011111111111111111
