ReactionMultiPageEditor:0.5133333333333333
ReactionResource:0.49333333333333335
