Journey:0.31666666666666665
XavaSuite:0.2866666666666667
JourneyTest:0.19
FormulaIngredient:0.14
FormulaTest:0.10666666666666667
Vehicle:0.043333333333333335
AverageSpeed:0.043333333333333335
