HttpResponseCache:0.6366666666666667
OkHttpClient:0.4
HttpEngine:0.34
URLConnectionTest:0.27666666666666667
HttpResponseCacheTest:0.27666666666666667
ResponseCacheAdapterTest:0.26
HttpOverSpdyTest:0.24666666666666667
CallTest:0.23666666666666666
ResponseCacheTest:0.21333333333333335
HttpURLConnectionImpl:0.2
Crawler:0.16333333333333333
URLEncodingTest:0.1
