DeskletWidget:0.13988556
DeskletLoader:0.081204936
