IOSAudio:0.55
IOSApplication:0.4422222222222223
IOSApplicationConfiguration:0.014071428571428572
