Sign:0.355
KeyStoreTools:0.3466666666666667
SignWithWorkingAlgorithm:0.27666666666666667
SignOperation:0.27666666666666667
SignWithWorkingAlgorithmTest:0.2733333333333333
