IMap:0.7533333333333333
MapClientProxy:0.34
EntryOperation:0.24666666666666667
EntryBackupOperation:0.24
MapProxySupport:0.21333333333333335
EntryProcessorTest:0.13333333333333333
