DocumentTest:0.7030555555555555
WindowFramesArray:0.4266666666666667
WindowTest:0.21333333333333335
