FastBdefReader:0.6133333333333333
FastBmechReader:0.5833333333333334
