TdsCore:0.43333333333333335
JtdsResultSet:0.37666666666666665
Support:0.33
MSCursorResultSet:0.21666666666666667
ResultSetTest:0.19666666666666666
JtdsStatement:0.17666666666666667
