ApprovalSessionBean:0.5183333333333333
LogTest:0.4033333333333333
LogAuthorization:0.2997222222222222
