OptionGroup:0.18552251
PluginOptions:0.14078939
GlobalOptions:0.1240203
OptionPane:0.06999431
jEdit:0.049243838
GUIUtilities:0.046373993
Log:0.023315312
BeanShell:0.022229321
EnhancedTreeCellRenderer:0.017205264
EnhancedDialog:0.0103484085
OperatingSystem:0.009927121
