TestSysNodesExpressions:0.43
TestModule:0.33666666666666667
NodeIdExpression:0.30666666666666664
NodeNameExpression:0.30666666666666664
