TransportSQLActionTest:0.5758333333333333
SQLTransportExecutor:0.3
UpdateIntegrationTest:0.2966666666666667
RowCountReceiver:0.22666666666666666
SysNodeCheckerIntegrationTest:0.22
