ByteBuddyExtension:0.62
TransformationAction:0.36333333333333334
ByteBuddyMojo:0.36333333333333334
