ExecutionStep:0.6365555555555555
CallStep:0.47333333333333333
