ClassConfigurationListener:0.5733333333333334
CglibConfigurationEnhancer:0.26666666666666666
