JFXRendererBridge:0.39
LegendContext:0.36
JFXFactory:0.36
JFXUtilsFactory:0.3566666666666667
JFXServerWrapper:0.3333333333333333
JFXServerDisplay:0.31
JFXLayerRenderer:0.2966666666666667
JFXFont:0.29
ServerConfigurationParser:0.2725
JFXClippings:0.268
SwingUIDefinitionParser:0.268
JFXLayerPainter:0.26
ClientGUIWrapper:0.26
JFXErrorLogger:0.25333333333333335
JFXPainterUtils:0.23
SwingFactory:0.22666666666666666
JFXServerGraphicsConfigHandler:0.19
JFXEventLogger:0.17333333333333334
JFXUIManager:0.11666666666666667
JFXRenderersHandler:0.11
JFXGUITools:0.07
JFXUIDefinitionParser:0.05
AbstractCockpitConfigurationHandler:0.043333333333333335
SwingLegendContext:0.04
JFXPolygonContext:0.02666666666666667
ColorKey:0.017388888888888888
SizeKey:0.017388888888888888
