ObjectiveCHeaderGenerator:0.5166666666666667
ObjectiveCSegmentedHeaderGenerator:0.38
ObjectiveCSegmentedHeaderGeneratorTest:0.10666666666666667
