ScaledRAFile:0.5553525
RandomAccessInterface:0.088876955
