ConcordancesEditor:0.4988888888888889
SynopticEditionEditor:0.38333333333333336
EditionPanel:0.3466666666666667
BackToText:0.20666666666666667
BackToTextCommand:0.08
