StatelessChronicleMap:0.7733333333333333
Entry:0.26666666666666666
TcpReplicationSoakTest:0.24
