ReportEntry:0.5233333333333333
SwingPanelBuilder:0.27
MainFrame:0.25
Main:0.24066666666666667
ResultTableModel:0.16
ResultCellRenderer:0.12
ImplementationManifest:0.07333333333333333
ConfigurationTableModel:0.05444444444444444
FactoryTableModel:0.05444444444444444
