FileModuleImpl:0.5044444444444444
AbstractBinderProcessor:0.33
ImageOpenOfficeConverter:0.22666666666666666
SessionWrappedInputStream:0.22666666666666666
