AntBuilder:0.8366666666666667
AntBuilderTest:0.31333333333333335
