ApplicantTest:0.64
SlotMachine:0.30333333333333334
SlotMachineAccount:0.27666666666666667
SlotMachineTest:0.07666666666666666
SlotMachineConcept:0.016666666666666666
