RadioBoxRenderer:0.45666666666666667
ToggleButtonRenderer:0.30666666666666664
PictureToggleButtonRenderer:0.2966666666666667
CheckButtonRenderer:0.20333333333333334
ToggleModel:0.17
