AnnotationBinder:0.5566666666666666
PropertyBinder:0.2866666666666667
EntityBinder:0.25666666666666665
Version:0.21333333333333335
ElementsToProcess:0.03
