BoundedLocalCache:0.44888888888888884
Caffeine:0.38666666666666666
BoundedWeigher:0.34
AsyncWeigher:0.16666666666666666
IsCacheReserializable:0.16
WriteThroughEntry:0.11666666666666667
