FileSystemUtils:0.52
InstallPluginCommandTests:0.30333333333333334
Analysis:0.25333333333333335
ESClientYamlSuiteTestCase:0.23333333333333334
RemoteScrollableHitSourceTests:0.21666666666666667
GceMockUtils:0.16666666666666666
BuildTests:0.13
FileSystemUtilsTests:0.13
