FunctionTests:0.5991666666666666
Sqrt:0.30666666666666664
Power:0.30666666666666664
