Matrix4:0.5766666666666667
BufferUtilsTest:0.36666666666666664
MatrixJNITest:0.23666666666666666
