open:0.7866666666666666
javaViewer:0.3433333333333333
