Preview:0.5433333333333333
ActionZoom:0.4633333333333333
