ComputationGraph:0.6766666666666666
MultiLayerNetwork:0.67
DefaultGradient:0.40944444444444444
ModelSerializer:0.27
BaseMultiLayerUpdater:0.18666666666666668
WorkspaceTests:0.18
MultiLayerTest:0.12666666666666668
TestComputationGraphNetwork:0.1
DataSetLossCalculator:0.09666666666666666
TestInstantiation:0.013333333333333334
