HTMLTableElement:0.44333333333333336
HTMLTableCellElement:0.32666666666666666
HTMLTableRowElementTest:0.2633333333333333
HTMLTableCellElementTest:0.21666666666666667
HTMLTableRowElement:0.21666666666666667
HTMLTableElementTest:0.20666666666666667
