IParameterReact:0.86
SetReactionCenter:0.7
IReactionProcess:0.49166666666666664
ParameterReact:0.24333333333333335
AdductionProtonLPReactionTest:0.23666666666666666
AdductionProtonPBReactionTest:0.21666666666666667
EntryReact:0.20666666666666667
AdductionProtonLPReaction:0.19666666666666666
AdductionProtonPBReaction:0.18
RadicalSiteHrBetaReaction:0.17333333333333334
RadicalSiteRrAlphaReaction:0.17333333333333334
ElectronImpactPDBReaction:0.17333333333333334
HyperconjugationReaction:0.17333333333333334
RadicalSiteInitiationHReaction:0.17333333333333334
RearrangementLonePairReaction:0.17333333333333334
RadicalSiteHrAlphaReaction:0.17333333333333334
RadicalSiteRrBetaReaction:0.17333333333333334
RearrangementCationReaction:0.17333333333333334
HomolyticCleavageReaction:0.17333333333333334
RadicalSiteInitiationReaction:0.17333333333333334
SharingAnionReaction:0.17333333333333334
CarbonylEliminationReaction:0.17333333333333334
SharingChargeDBReaction:0.17333333333333334
RearrangementAnionReaction:0.17333333333333334
RadicalSiteHrGammaReaction:0.17333333333333334
AdductionSodiumLPReaction:0.17333333333333334
ElectronImpactSDBReaction:0.17333333333333334
SharingLonePairReaction:0.17333333333333334
ElectronImpactNBEReaction:0.17333333333333334
RadicalSiteHrDeltaReaction:0.17333333333333334
RadicalSiteRrDeltaReaction:0.17333333333333334
SharingChargeSBReaction:0.17333333333333334
RadicalChargeSiteInitiationReaction:0.17333333333333334
HeterolyticCleavagePBReaction:0.17333333333333334
HeterolyticCleavageSBReaction:0.17333333333333334
RadicalChargeSiteInitiationHReaction:0.17333333333333334
RearrangementRadicalReaction:0.17333333333333334
TautomerizationReaction:0.17333333333333334
RadicalSiteRrGammaReaction:0.17333333333333334
ReactionProcessTest:0.16666666666666666
PiBondingMovementReaction:0.14666666666666667
ReactionEngineTest:0.10583333333333333
ReactionEngine:0.06
OWLReact:0.02
DictDBTest:0.0
IParamaterTest:0.0
