AbstractReplicatedRecordStore:0.47333333333333333
ReplicatedMapConfig:0.37333333333333335
MemberState:0.34277777777777774
ReplicatedMapProxy:0.3
ReplicatedMapService:0.29
ReplicatedRecord:0.25333333333333335
ManagementCenterService:0.25333333333333335
ManagementService:0.23333333333333334
LocalReplicatedMapStats:0.23
ReplicatedMapDataSerializerHook:0.22
XmlConfigBuilder:0.20333333333333334
MemberStateImpl:0.20333333333333334
