DescriptorLabelProvider:0.7966666666666666
DescriptorsPage:0.3933333333333333
