Kernel32:0.7666666666666667
User32:0.5966666666666667
Kernel32Test:0.26666666666666666
Advapi32Test:0.23
AbstractWin32TestSupport:0.21666666666666667
GDI32Test:0.17
User32Test:0.15333333333333332
KeyHook:0.11666666666666667
Kernel32NamedPipeTest:0.11666666666666667
HICON:0.06305555555555555
