NodeExtension:0.795
ConfigCheck:0.4666666666666667
ClusterJoinConfigCheckTest:0.36333333333333334
TcpIpJoinTest:0.3466666666666667
MulticastService:0.24666666666666667
DefaultNodeExtension:0.20333333333333334
ConfigCheckTest:0.15
MulticastJoinTest:0.14333333333333334
