Ioc:0.7253333333333333
NutIoc:0.4
ComboIocLoader:0.38666666666666666
Ioc2:0.3175
