AbstractTicketRegistryTests:0.5316666666666666
CouchbaseTicketRegistry:0.5066666666666667
CouchbaseTicketRegistryTests:0.41
