SearchOperationListener:0.7866666666666666
SearchService:0.5333333333333333
CompositeListener:0.33666666666666667
