CalendarFolderView:0.631388888888889
BlogFolderView:0.43166666666666664
TaskFolderView:0.43166666666666664
