HeaderFlyweight:0.5066666666666667
TripleMessageFlyweight:0.4216666666666667
DataHeaderFlyweight:0.3466666666666667
ChannelMessageFlyweight:0.30333333333333334
ReceiverThreadTest:0.22666666666666666
AdminThread:0.22666666666666666
RemoveReceiverMessageFlyweight:0.19333333333333333
AddReceiverFlyweight:0.18
