CustomCache:0.866111111111111
CacheTest:0.42333333333333334
CustomCacheUnsupportedPropertyMapper:0.12166666666666667
