OCSPServletStandAlone:0.49666666666666665
ExtOCSPHealthCheck:0.49333333333333335
CommonHealthCheck:0.4
IHealtChecker:0.3023888888888889
