JsonPath:0.6133333333333333
ObjectMapperDeserializationContext:0.30477777777777776
ObjectMapper:0.23244444444444445
