MultipleAttributeParametrizer:0.4666666666666667
ArgumentReplacer:0.3566666666666667
