BTL2CapListener:0.5666666666666667
BTL2CapListenerFactory:0.15333333333333332
