TimelineView:0.6033333333333334
TimelineViewSettings:0.30666666666666664
Settings:0.19
