ChadoInstance:0.8541666666666666
TigrSybilChadoInstance:0.43333333333333335
