EjbcaWS:0.6466666666666666
EjbcaWSHelper:0.38666666666666666
EjbcaWSTest:0.36666666666666664
