StatementGenerator:0.4166666666666667
ClassTest:0.36
AutoboxerTest:0.33666666666666667
ObjectiveCHeaderGenerator:0.3176111111111112
FunctionizerTest:0.31
InnerClassExtractorTest:0.31
ObjectiveCImplementationGenerator:0.2833333333333333
ArrayCreationTest:0.27666666666666667
ImplementationImportCollector:0.25666666666666665
StatementGeneratorTest:0.25
InitializationNormalizerTest:0.24666666666666667
AnonymousClassConverterTest:0.23333333333333334
ObjectiveCImplementationGeneratorTest:0.21333333333333335
GwtConverterTest:0.19666666666666666
