FunctionInfo:0.6233333333333333
FunctionRegistry:0.32666666666666666
Visitor:0.32666666666666666
QueryPlanner:0.29
