Target:0.775436507936508
Appender:0.4666666666666667
AbstractBase:0.45666666666666667
