JackrabbitLirsPolicy:0.5083333333333333
Simulator:0.365
PolicyBuilder:0.3433333333333333
