JChemPaintEditorPanel:0.4866666666666667
JChemPaint:0.36
JChemPaintMenuBar:0.31666666666666665
JChemPaintAbstractApplet:0.27
JChemPaintViewerOnlyApplet:0.22333333333333333
