AAssociateRQAC:0.3933333333333333
PresentationContext:0.3466666666666667
AAssociateRQACEncoder:0.33
RoleSelection:0.30666666666666664
CommonExtendedNegotiation:0.29333333333333333
AAssociateRJ:0.21333333333333335
ItemType:0.20333333333333334
AAssociateRQACDecoder:0.16333333333333333
ExtendedNegotiation:0.16333333333333333
AAbort:0.14333333333333334
AAbortEncoder:0.12
AAssociateRJEncoder:0.12
AAssociateACEncoder:0.09666666666666666
AAssociateRQEncoder:0.09333333333333334
AAbortDecoder:0.07333333333333333
UserIdentity:0.06
AAssociateRJDecoder:0.06
