TestingJtaBootstrap:0.42333333333333334
MergeTest:0.29
CreateTest:0.25333333333333335
SaveOrUpdateTest:0.25333333333333335
GetLoadTest:0.25333333333333335
AggressiveReleaseTest:0.24666666666666667
CMTTest:0.24666666666666667
DeleteTest:0.14333333333333334
BaseUnitTestCase:0.1
TransactionJoiningTest:0.08333333333333333
