RequestInfo:0.3933333333333333
AdaptedPortletURL:0.35
GwtTeaming:0.34
MastHead:0.33666666666666667
ViewPermalinkController:0.31
GwtBrandingData:0.24
GwtMainPage:0.22333333333333333
BrandingPanel:0.16333333333333333
