BioObjectList:0.53
BiojavaManager:0.3566666666666667
BiojavaSequenceList:0.33666666666666667
BiojavaManagerTest:0.2866666666666667
SequenceContentProvider:0.2622222222222222
Activator:0.22
