JUnit4TestDescriptor:0.46
JUnit4TestEngineClassSpecificationResolutionTests:0.31
JUnit3SuiteWithSingleTestCaseWithSingleTestWhichFails:0.3
JUnit4TestPlanSpecificationResolver:0.15666666666666668
IgnoredJUnit4TestCase:0.14444444444444446
PlainJUnit3TestCaseWithSingleTestWhichFails:0.036388888888888894
SingleFailingTheoryTestCase:0.008981481481481483
