BroadcasterCache:0.8733333333333333
BroadcasterConfig:0.42333333333333334
UUIDBroadcasterCache:0.29333333333333333
AbstractBroadcasterCache:0.28
DefaultBroadcasterCache:0.16305555555555554
