Packet:0.4633333333333333
Event:0.45
Decoder:0.43666666666666665
