RepositoryAccessData:0.6916666666666667
AccessDataTest:0.24666666666666667
