DelayedClientTransport:0.4072222222222222
ManagedChannelImplTest:0.3466666666666667
ManagedChannelReference:0.3187619047619048
ManagedChannelImpl:0.30333333333333334
InternalSubchannel:0.2972222222222222
GrpclbState:0.2833333333333333
NettyServer:0.25833333333333336
OobChannel:0.25476190476190474
ServerImpl:0.24666666666666667
OkHttpClientTransport:0.2213730158730159
InProcessTransport:0.20892857142857144
NettyClientTransport:0.20892857142857144
NettyServerTransport:0.20892857142857144
GrpclbLoadBalancer:0.15333333333333332
