Raw:0.6759444444444445
ByteIndexer:0.27
IndexerTest:0.2633333333333333
UnsafeRaw:0.26
ReverseUnsafeRaw:0.19666666666666666
ByteArrayIndexer:0.14
ByteBufferIndexer:0.10666666666666667
ByteRawIndexer:0.10666666666666667
