JCPEditor:0.56
JCPMultiPageEditor:0.4166666666666667
JCPAction:0.4066666666666667
JChemPaintPopupMenu:0.19333333333333333
AddHydrogenAction:0.18333333333333332
MenuBarMaker:0.13333333333333333
ToolBarMaker:0.11
