IDataLoaderContext:0.5966666666666667
IncomingBatch:0.5233333333333333
DataLoaderContext:0.46
IBatchListener:0.38
BatchListenerAdapter:0.32666666666666666
CsvLoader:0.30333333333333334
ConfigurationChangedFilter:0.28
DataLoaderService:0.25
IIncomingBatchService:0.22166666666666668
AbstractTextPublisherDataLoaderFilter:0.18333333333333332
XmlPublisherDataLoaderFilter:0.13
IncomingBatchService:0.06666666666666667
LoadBatchResultsListener:0.03666666666666667
