RepoUtil:0.5611111111111111
Generator:0.5533333333333333
BMechGenerator:0.33
