DeterministicKey:0.5766666666666667
DeterministicKeyChain:0.4066666666666667
MarriedKeyChain:0.31333333333333335
MainNetParams:0.2866666666666667
NetworkParameters:0.27
WalletTest:0.25666666666666665
WalletTool:0.21333333333333335
WalletProtobufSerializerTest:0.19333333333333333
KeyChainGroupTest:0.18333333333333332
ChildKeyDerivationTest:0.15666666666666668
DeterministicKeyChainTest:0.14666666666666667
TestNet2Params:0.14666666666666667
UnitTestParams:0.08333333333333333
TestNet3Params:0.08333333333333333
BitcoinSerializerTest:0.04666666666666667
BIP32Test:0.04666666666666667
