ChronicleMapBuilder:0.4633333333333333
VanillaChronicleMap:0.4533333333333333
ReplicatedChronicleMap:0.35333333333333333
Segment:0.33666666666666667
Builder:0.31
ChronicleMapTest:0.23333333333333334
MultiMapTimeBaseReplicationTest:0.18333333333333332
MapEventListener:0.10666666666666667
ModificationDelegator:0.10666666666666667
Issue42:0.10333333333333333
TCPSocketReplicationBootStrapTests:0.1
EntryIterator:0.085
