OsgiJUnitTest:0.5466666666666666
AbstractOsgiTests:0.46
AutoJUnitTestActivator:0.29
AbstractOnTheFlyBundleCreatorTests:0.2633333333333333
AbstractSynchronizedOsgiTests:0.20666666666666667
MBSProPlatform:0.14
Activator:0.12
AbstractOsgiPlatformTest:0.02666666666666667
Platforms:0.0
FelixPlatformTest:0.0
EquinoxPlatformTest:0.0
KnopflerfishPlatformTest:0.0
MBSProPlatformTest:0.0
