ShadowDrawable:0.4116666666666667
ActivityController:0.37666666666666665
TextViewTest:0.30333333333333334
ShadowBitmapDrawable:0.2966666666666667
LayerDrawableTest:0.25
BitmapDrawableTest:0.25
DrawableTest:0.23
ShadowResources:0.21666666666666667
ImageViewTest:0.19666666666666666
DrawableBuilder:0.17277777777777778
