NearCache:0.69
NearCachedClientCacheProxy:0.36
DefaultNearCache:0.24666666666666667
ClientReplicatedMapProxy:0.21333333333333335
NearCachedClientMapProxy:0.21
NearCachedMapProxyImpl:0.20333333333333334
NearCacheTestSupport:0.17666666666666667
ReplicatedMapEventHandler:0.175
NearCacheTest:0.17333333333333334
GetAsyncCallback:0.15
