AbstractGreeter:0.006666666666666667
AbstractTestService:0.006666666666666667
AbstractUnimplementedService:0.006666666666666667
AbstractBenchmarkService:0.006666666666666667
AbstractReconnectService:0.006666666666666667
AbstractWorkerService:0.006666666666666667
AbstractLoadBalancer:0.006666666666666667
AbstractRouteGuide:0.006666666666666667
