Jupiter:0.5583333333333333
SynchronizedQueue:0.412781746031746
