TestPerformance:0.5333333333333333
CommonTokenStream:0.49333333333333335
TokenRewriteStream:0.4766666666666667
BufferedTokenStream:0.3
