ConfigurationEditor:0.7333333333333333
PluginEditorPane:0.37649999999999995
ConfigurationContext:0.25333333333333335
