AbstractUiPlugIn:0.6116666666666667
OpenFilePlugIn:0.40111111111111114
OpenProjectPlugIn:0.31
