DocumentFormat:0.45
TestHtml:0.3933333333333333
CustomObject:0.35
Sgml2Xml:0.31666666666666665
ScratchCristian:0.25666666666666665
TestSgml:0.12666666666666668
SgmlDocumentFormat:0.07
MyComparator:0.005
