Setting:0.7366666666666667
AbstractScopedSettings:0.3466666666666667
Updater:0.28
AbstractEventExpectation:0.17666666666666667
GroupSetting:0.16333333333333333
SettingTests:0.1375
SettingsFilterTests:0.09166666666666666
