Encode:0.49333333333333335
LdapAuthenticationProperties:0.32666666666666666
CasJdbcConfiguration:0.2866666666666667
ShiroAuthenticationHandler:0.23861111111111113
LdapAuthenticationHandler:0.23333333333333334
Search:0.17666666666666667
AbstractUsernamePasswordAuthenticationHandler:0.15666666666666668
Bind:0.15666666666666668
LdapAuthenticationConfiguration:0.15666666666666668
Query:0.08
