RackViewScene:0.6666666666666666
RackViewBuilder:0.30333333333333334
