ArrayType:0.47333333333333333
KeyWrapper:0.4666666666666667
TypeUtils:0.27
MapType:0.13
