DrawableSequence:0.8233333333333334
SequenceI:0.5863888888888888
