SynsetImpl:0.8666666666666667
Synset:0.7733333333333333
