Transaction:0.64
TransactionConfidence:0.49083333333333334
WalletProtobufSerializer:0.31666666666666665
