VideoSharing:0.5133333333333333
VideoSharingPreferenceHelper:0.2866666666666667
VideoSharingSession:0.27666666666666667
PreferenceConstants:0.2733333333333333
XugglerEncoderPreferencePage:0.21666666666666667
EncoderPreferencePage:0.18333333333333332
PreferenceInitializer:0.10333333333333333
VideoSharingPreferencePage:0.09666666666666666
