ManyToOneRingBuffer:0.38666666666666666
ReceiverProxy:0.3433333333333333
AeronTest:0.27666666666666667
DataFrameHandler:0.24666666666666667
LogAppender:0.23444444444444448
ManyToOneRingBufferTest:0.21333333333333335
MediaConductor:0.19666666666666666
TransmitterTest:0.18
MediaConductorProxy:0.13
Producer:0.11333333333333333
ReceiverTest:0.09
ManyToOneRingBufferConcurrentTest:0.04666666666666667
