JsonPath:0.6
Criteria:0.43
DefaultObjectOps:0.21
JsonReader:0.20722222222222222
IssuesTest:0.20333333333333334
AbstractJsonProvider:0.2
JsonProviderTest:0.18333333333333332
HttpProviderTest:0.14
