RDF2GoRDFContainer:0.7266666666666667
RDF2GoRDFContainerFactory:0.4633333333333333
