QSARFormEditor:0.5233333333333333
MoleculesPage:0.42333333333333334
DescriptorsPage:0.39
QsarModelUIAdapter:0.15333333333333332
QsarEditorAdvisor:0.09
