FieldDefinition:0.7166666666666667
choiceEditor:0.29333333333333333
RecordFormatter:0.29
FieldFormatter:0.28
dateEditor:0.24
FieldInfo:0.24
ptrEditor:0.21
FieldEditor:0.18
charEditor:0.15666666666666668
textEditor:0.15333333333333332
setEditor:0.14333333333333334
InvalidValueException:0.12666666666666668
RecordEditor:0.12333333333333334
charEnumEditor:0.12
intEditor:0.09333333333333334
errorEditor:0.08
dateFormatter:0.07
FieldViewer:0.06333333333333334
setcharEnumEditor:0.06333333333333334
intEnumFormatter:0.06
intEnumEditor:0.05
setintEnumEditor:0.04666666666666667
charViewer:0.043333333333333335
textViewer:0.04
realEditor:0.03333333333333333
RecordViewer:0.03
timestampFormatter:0.02666666666666667
ptrFormatter:0.016666666666666666
