ExportSettingsPanel:0.66
CSVFilter:0.35
CSVExportSettingsPanel:0.31333333333333335
ComplexQueryResultTopComponent:0.31
ExportSettingsDialog:0.24083333333333334
ODTFilter:0.056666666666666664
XMLFilter:0.056666666666666664
DOCFilter:0.056666666666666664
