QueryRunner:0.4066666666666667
MapQueryEngineImpl:0.4
OperationRunnerImpl:0.36
AtomicLongAbstractTest:0.34
AbstractNearCachePreloaderTest:0.3333333333333333
ClientNetworkConfig:0.29
CacheCreationTest:0.28
InboundResponseHandler:0.2633333333333333
QueryOperation:0.25666666666666665
QueryPartitionOperation:0.20666666666666667
ClientConnectionTest:0.19666666666666666
AbstractMapQueryMessageTask:0.18
MapOperation:0.11
CheckDependenciesIT:0.02666666666666667
