Term:0.7716666666666666
DisplayTerm:0.5722222222222222
