Convertor:0.5566666666666666
MDMoleculeCustomizer:0.23666666666666666
MDMoleculeConvention:0.22666666666666666
