DateProcessor:0.63
DateProcessorTests:0.4166666666666667
DateIndexNameProcessor:0.37666666666666665
