Options:0.59
ErrorUtil:0.3466666666666667
GenerationTest:0.3433333333333333
TranslationProcessorTest:0.14
