JChemPaintPanel:0.7516111111111111
ChangeAtomSymbolAction:0.3258333333333333
