DeviceLdapMapper:0.42333333333333334
NetworkAELdapMapper:0.36
DeviceInfo:0.3566666666666667
ConfigLdapMapper:0.24666666666666667
ConfigInfo:0.22333333333333333
NetworkConnectionLdapMapper:0.16
JavaObjectLdapMapper:0.13
JavaObjectInfo:0.10333333333333333
TransferCapabilityLdapMapper:0.07194444444444445
NodeCertificateLdapMapper:0.07111111111111112
