BarcodeValue:0.44111111111111106
Codeword:0.37
PDF417ScanningDecoder:0.34
BoundingBox:0.3333333333333333
Detector:0.29333333333333333
PDF417Common:0.2733333333333333
DetectionResult:0.21
DetectionResultRowIndicatorColumn:0.20666666666666667
ErrorCorrectionTestCase:0.19666666666666666
DetectionResultColumn:0.13666666666666666
PDF417Reader:0.13333333333333333
PDF417BlackBox2TestCase:0.12
