EntityRegionAccessStrategy:0.5826388888888889
SessionFactoryImpl:0.5433333333333333
CollectionRegionAccessStrategy:0.4780119047619048
ReadOnlyAccess:0.44
EntityRegionImpl:0.3466666666666667
BasicRegionAdapter:0.31333333333333335
InvalidationCacheInstanceManager:0.2833333333333333
JBossCacheRegionFactory:0.12
