NoClipLabeledSkinBase:0.91
DecoratedLabelSkin:0.22333333333333333
DecoratedButtonSkin:0.22333333333333333
