HiveUtil:0.779388888888889
HiveWriteUtils:0.4216666666666667
