Global:0.38666666666666666
ByteBuddyMojoTest:0.3333333333333333
ByteBuddyMojo:0.3
AgentBuilderCircularityLockTest:0.18333333333333332
PoolStrategy:0.155
