ShadowInputMethodManager:0.73
SoftInputVisibilityChangeHandler:0.6838492063492063
ShadowInputMethodManagerTest:0.21333333333333335
