Translog:0.5766666666666667
TranslogTests:0.49333333333333335
BaseTranslogReader:0.29003968253968254
LocationOperation:0.14666666666666667
