PowerstaffSystemParameterService:0.42
PowerstaffSystemParameterServiceImpl:0.39166666666666666
WrongDataServiceImpl:0.36666666666666664
FreelancerDAO:0.17833333333333334
FreelancerDAOHibernateImpl:0.15666666666666668
