SandboxClassLoader:0.38666666666666666
ShadowAccountManagerTest:0.3566666666666667
BaseRoboAccountManagerFuture:0.33166666666666667
ShadowAccountManager:0.23333333333333334
ShadowDevicePolicyManager:0.16666666666666666
SandboxFactory:0.14
ShadowUsbManagerTest:0.03333333333333333
ShadowUsbManager:0.016666666666666666
