Wait:0.49333333333333335
Action:0.45
Assert:0.43
Log:0.39666666666666667
Step:0.3933333333333333
Recorder:0.3933333333333333
Script:0.33666666666666667
ComponentRecorder:0.26
Sequence:0.26
ScriptEditor:0.24
ComponentBrowser:0.22
EventRecorderTest:0.21333333333333335
EventRecorder:0.21
Launch:0.21
AbbotHelper:0.20333333333333334
ScriptModel:0.19333333333333333
ComponentRecorderTest:0.19333333333333333
AbstractRecorderTest:0.19
SemanticRecorder:0.18
ScriptTest:0.16666666666666666
ScriptTestCase:0.16
AbstractSemanticRecorderTest:0.15333333333333332
MethodInvocation:0.15333333333333332
Terminate:0.15333333333333332
SendEvent:0.15333333333333332
JComboBoxRecorder:0.11
Costello:0.1075
JListRecorderTest:0.10666666666666667
JTableRecorderTest:0.10666666666666667
JTabbedPaneRecorder:0.1
JComboBoxRecorderTest:0.09666666666666666
AbstractButtonRecorder:0.08333333333333333
WindowRecorder:0.07333333333333333
JTabbedPaneRecorderTest:0.07
Strings:0.07
JListRecorder:0.056666666666666664
JTableRecorder:0.056666666666666664
WindowRecorderTest:0.04
DialogRecorder:0.023333333333333334
FrameRecorder:0.023333333333333334
JComponentRecorder:0.02
JMenuItemRecorder:0.016666666666666666
WindowTester:0.016666666666666666
ContainerRecorder:0.0
