AppBundleProperties:0.16321641
HelpBook:0.11125112
DocumentType:0.09864356
Service:0.048509993
JavaProperty:0.009177027
