HtmlRadioButtonInput:0.5366666666666666
Node:0.42888888888888893
HtmlRadioButtonInput2Test:0.3466666666666667
