PartitionedTableIntegrationTest:0.48
DropTableTask:0.28777777777777774
DocTableInfoBuilder:0.18
ESDeleteIndexTask:0.14666666666666667
