FileAdministration:0.6797222222222223
PhexSecurityManager:0.6754444444444445
