LayerInfo:0.6266666666666667
GraphicFactory:0.59
LayerPainter:0.5866666666666667
ConcreteLayer:0.4033333333333333
ServerApplication:0.31
DevicesPainter:0.25333333333333335
SuperLayerPainter:0.25333333333333335
SwingConcreteLayer:0.25
BasicServerEngine:0.24666666666666667
BasicWindowManager:0.2
AbstractSwingWindowManager:0.17
SwingFactory:0.14333333333333334
AbstractLayerInfo:0.13333333333333333
SwingLayerInfo:0.06
AbstractLayerPainter:0.0
