Key:0.5566666666666666
ElasticsearchAssertions:0.36
RestoreBackwardsCompatIT:0.27
VersionTests:0.24666666666666667
ExceptionSerializationTests:0.21
NGramTokenizerFactoryTests:0.19666666666666666
InjectionPoint:0.19333333333333333
AbstractQueryTestCase:0.19
FactoryProvider:0.16666666666666666
GceComputeServiceImpl:0.15
LoggingListenerTests:0.14666666666666667
RetryHttpInitializerWrapperTests:0.13333333333333333
ProviderMethodsModule:0.12333333333333334
NodesStatsBasicBackwardsCompatIT:0.11333333333333333
MustacheScriptEngineService:0.10333333333333333
Reflection:0.09333333333333334
ClientInvocationHandler:0.09333333333333334
RetryHttpInitializerWrapper:0.07333333333333333
