AbstractRecord:0.5366666666666666
UnlockOperationHandler:0.29133333333333333
ConcurrentMapManager:0.2866666666666667
HazelcastTest:0.18
