IterateNodeHandler:0.44666666666666666
NavigatableController:0.38666666666666666
WebFormSerializer:0.31666666666666665
DumpNodeHandler:0.2812460317460317
FreelancerHistoryFormBean:0.21666666666666667
FreelancerHistoryController:0.16
UserController:0.14068253968253966
ContactTypesController:0.14068253968253966
FormController:0.09916666666666667
