WebClient:0.5466666666666666
Window:0.4033333333333333
HtmlPage:0.33666666666666667
DomElement:0.30666666666666664
BaseFrameElement:0.30333333333333334
HtmlScript:0.2833333333333333
SimpleScriptable:0.2693333333333333
HtmlInput:0.25333333333333335
HTMLDocument:0.23666666666666666
XMLHTTPRequest:0.21333333333333335
HTMLFormElement:0.2
JavaScriptEngineTest:0.19333333333333333
InteractivePage:0.17333333333333334
Promise:0.17333333333333334
MessagePort:0.14
DefaultElementFactory:0.11666666666666667
DownloadBehaviorJob:0.11333333333333333
