RenderPanel:0.8233333333333334
JChemPaint:0.6837777777777778
