InsertFromValuesAnalyzedStatement:0.49333333333333335
Planner:0.40166666666666667
InsertFromValuesAnalyzerTest:0.37333333333333335
