JPPFConnectionPool:0.6333333333333333
JMXConnectionPool:0.35333333333333333
JPPFClient:0.28
