DeploymentGroupStatusResponse:0.47
DeploymentGroupStatusCommandTest:0.25666666666666665
RollingUpdateCommandTest:0.24666666666666667
DeploymentGroupStatusCommand:0.16555555555555557
DeploymentGroupResource:0.13
RollingUpdateCommand:0.12333333333333334
