DropWidget:0.45
ConfigData:0.4266666666666667
HtmlProperties:0.31333333333333335
HtmlConfig:0.26
ActionsControl:0.2511111111111111
