LongHashSetTest:0.35333333333333333
IntHashSetTest:0.35333333333333333
Long2LongHashMapTest:0.30333333333333334
Hashing:0.27
HashUtil:0.23
Long2ObjectHashMapTest:0.18333333333333332
Int2ObjectHashMapTest:0.18333333333333332
