JUnit5TestEngineTests:0.5933333333333334
DescriptorBasedTestExecutionContext:0.5566666666666666
TestDecoratorOnMethodTestCase:0.08
