TransportSQLActionTest:0.68
AnalysisVisitor:0.30666666666666664
CreateTableStatementAnalyzer:0.30333333333333334
DocIndexMetaData:0.2966666666666667
Constants:0.2595
AnalyzerDispatcher:0.25333333333333335
DDLAnalysisDispatcher:0.14666666666666667
