SpriteBatch:0.57
Vector3:0.5233333333333333
HelpScreen:0.27666666666666667
IOSGraphics:0.25833333333333336
IOSInput:0.25666666666666665
MainMenu:0.25666666666666665
IOSSound:0.24
Vector2:0.21333333333333335
IOSNet:0.2
IOSApplication:0.2
IOSFileHandle:0.185
GameOver:0.17833333333333334
FilesTest:0.16333333333333333
HelpScreen2:0.15
HelpScreen4:0.15
HelpScreen3:0.15
HelpScreen5:0.10666666666666667
HighscoresScreen:0.09
GdxInvaders:0.02666666666666667
SuperJumper:0.016666666666666666
PlayThread:0.01
