ERDesignerComponent:0.43666666666666665
CompleteCompareEditor:0.31333333333333335
ERDesignerBundle:0.2911111111111111
CompleteCompareEditorView:0.20500000000000002
ModelComparator:0.1988888888888889
CompleteCompareWithDatabaseCommand:0.12916666666666668
OutlineTreeCellRenderer:0.10666666666666667
CompleteCompareWithOtherModelCommand:0.0725
