ParserXmlUserfile:0.7566666666666667
FilterXmlUserfile:0.3233333333333333
