AbstractMultimapTest:0.4266666666666667
Builder:0.21
HashMultimapTest:0.16666666666666666
LinkedHashMultimapTest:0.16666666666666666
TreeMultimapTest:0.16666666666666666
