AlignFrame:0.5466666666666666
HelpMenu:0.37666666666666665
MenuManager:0.19333333333333333
InformationAction:0.17
ContentsAction:0.17
