OperationExecutor:0.692
OperationExecutorImpl:0.5733333333333334
OperationServiceImpl:0.2633333333333333
