InternalTestCluster:0.37
MergeSchedulerProvider:0.31166666666666665
ElasticsearchIntegrationTest:0.3
InternalIndexShard:0.2866666666666667
Names:0.2720555555555556
ConcurrentMergeSchedulerProvider:0.21
