JCPStatusBar:0.5853333333333333
RenderPanel:0.52
JChemPaintPanel:0.4066666666666667
