RDF2GoRDFContainer:0.5633333333333334
SesameRDFContainer:0.4266666666666667
SimpleCrawlerHandler:0.3233333333333333
TestIcalCrawler:0.26
IcalTestIncrementalCrawlerHandler:0.23333333333333334
ExampleImapCrawler:0.22
ModelAccessData:0.21916666666666668
IcalTestSimpleCrawlerHandler:0.21333333333333335
VocabularyWriter:0.21333333333333335
ThunderbirdCrawlerTest:0.21
ExampleFileCrawler:0.19666666666666666
ExampleWebCrawler:0.19666666666666666
AppleAddressbookCrawler:0.18333333333333332
CrawlerPanel:0.17333333333333334
AppleAddressbookCrawlerTest:0.17333333333333334
ApertureTestBase:0.17
FileInspectorPanel:0.16
TutorialCrawlerHandler:0.16
ExampleIcalCrawler:0.15666666666666668
FileInspector:0.14416666666666667
TestIcalCrawlerIncremental:0.14333333333333334
TestModelAccessData:0.11
