AsynchServiceDependencyApplicationContextExecutor:0.49333333333333335
DependencyServiceManager:0.20666666666666667
DependencyServiceListener:0.15726190476190477
OsgiListenerUtils:0.14
CompleteRefreshTask:0.11527777777777776
WatchDogTask:0.05333333333333334
