JdbcSqlTemplate:0.5016666666666667
AbstractDataExtractorServiceTest:0.29333333333333333
SimpleIntegrationTest:0.20333333333333334
