PluginsService:0.7133333333333334
RemovePluginCommand:0.3911111111111111
RemovePluginCommandTests:0.38333333333333336
PluginsServiceTests:0.22416666666666665
