MemberImpl:0.51
AddRemoveListener:0.2633333333333333
ClusterManager:0.23555555555555557
MContainsValue:0.22666666666666666
MLockMap:0.22666666666666666
BaseManager:0.21666666666666667
MultiCall:0.215
ClusterBackupTest:0.19666666666666666
MemberMBean:0.19
ClusterTest:0.12666666666666668
