DecommissioningService:0.4533333333333333
SQLOperations:0.45
DecommissioningServiceTest:0.3
TestableDecommissioningService:0.16333333333333333
TransportSQLBulkAction:0.08738888888888888
TransportSQLAction:0.008333333333333333
