ResTableConfig:0.6966666666666667
Chunk:0.31666666666666665
ArscTableTest:0.20666666666666667
