HazelcastCache:0.5833333333333334
HazelcastCacheRegionFactory:0.23
ReadOnlyAccessDelegate:0.22333333333333333
AbstractHazelcastRegion:0.19666666666666666
HazelcastCacheProvider:0.1622222222222222
HazelcastEntityRegion:0.1577777777777778
HazelcastCollectionRegion:0.1577777777777778
