ExpressionInterpreter:0.47
TimeLiteral:0.30666666666666664
TestSqlParser:0.2866666666666667
TestExpressionInterpreter:0.16666666666666666
Visitor:0.16
