ParserATNFactory:0.5733333333333334
DecisionState:0.47904761904761906
ATNSerializer:0.41
ATNSimulator:0.26666666666666666
