SQLResponse:0.47
TransportSQLActionTest:0.3408333333333333
QueryVisitor:0.2966666666666667
TableExecutionContext:0.2866666666666667
InsertVisitor:0.16666666666666666
Fields:0.05333333333333334
