PermissionsDataFileBuilder:0.64
ExecutorDataFileBuilder:0.2683333333333333
DataFileCreator:0.22666666666666666
BotDataFileBuilder:0.225
DefinitionDataFileBuilder:0.11444444444444443
RelationDataFileBuilder:0.1125
