DecompressorRegistry:0.5833333333333334
GrpcUtil:0.46
ServerCallImpl:0.4033333333333333
DecompressorRegistryBenchmark:0.21
