NotificationMgmtService:0.49
Common:0.45118253968253963
UserChannel:0.3333333333333333
