XacmlName:0.7665555555555555
RDFName:0.35766666666666663
