Transaction:0.7
TransactionConfidence:0.61
ChainSplitTest:0.3433333333333333
WalletTest:0.27666666666666667
