Server:0.6566666666666666
Module:0.47333333333333333
DefaultDOManager:0.3
