ErrorListModel:0.5066666666666667
Shell:0.47
ErrorsOptionPane:0.2833333333333333
ActionHandler:0.2711111111111111
