DelayedClientTransport:0.5266666666666666
TransportListener:0.3566666666666667
TransportSet:0.2733333333333333
ManagedChannelImplTest:0.22666666666666666
ManagedChannelImplTransportManagerTest:0.19666666666666666
TransportSetTest:0.18
