Installer:0.5433333333333333
Column:0.36333333333333334
BackupTablesFoundException:0.35333333333333333
InstallerDBTest:0.3466666666666667
ThrowableAnticipator:0.26916666666666667
