SpdyConnection:0.78
Spdy3ConnectionTest:0.4866666666666667
SpdyDataSink:0.31333333333333335
