InvokeDynamic:0.61
ForJavaInstance:0.3333333333333333
WithImplicitFieldType:0.30666666666666664
InvokeDynamicTest:0.30333333333333334
ForStaticField:0.25333333333333335
FixedValueTest:0.25
