HsqlDbSupport:0.57
HsqlMigrationMediumTest:0.38666666666666666
HsqlSqlScript:0.3711111111111111
