AstVisitor:0.5233333333333333
DefaultTraversalVisitor:0.3933333333333333
GroupBy:0.18666666666666668
Rollup:0.16055555555555553
Cube:0.16055555555555553
GroupingSets:0.15666666666666668
GroupingElement:0.15666666666666668
SimpleGroupBy:0.12555555555555556
