ProfileModule:0.49366666666666664
ShareWith:0.4066666666666667
ProfileDaoImpl:0.3466666666666667
ShareWithMember:0.2833333333333333
ProfileModuleImpl:0.25666666666666665
ShareWithSelectSpec:0.13666666666666666
