GMLGeometryWriter:0.36333333333333334
AttributeQueryPlugIn:0.2875
SelectItemsByCircleTool:0.2866666666666667
InfoFrame:0.2833333333333333
QueryDialog:0.258
SpatialQueryPlugIn:0.24333333333333335
ChooseProjectPanel:0.2338888888888889
GMLWriter:0.18666666666666668
MenuNames:0.10436507936507938
SelectItemsByCircleFromSelectedLayersPlugIn:0.10333333333333333
