JFXSpinnerSkin:0.7866666666666666
JFXSpinner:0.7266666666666667
SpinnerController:0.22666666666666666
