FileModule:0.6666666666666666
BinderModule:0.6566666666666666
BinderProcessor:0.525
FileModuleImpl:0.4633333333333333
DefaultTemplateCoreProcessor:0.2733333333333333
AbstractBinderProcessor:0.2733333333333333
AbstractFolderModule:0.22
BinderModuleImpl:0.19
AbstractFolderCoreProcessor:0.18833333333333332
DefaultProfileCoreProcessor:0.18833333333333332
