CMLWriter:0.5933333333333334
FileConvertor:0.39
ChemObjectWriter:0.254
ShelXWriter:0.18
MDLWriter:0.11722222222222224
SMILESWriter:0.11722222222222224
