PartitionedTableIntegrationTest:0.39
ColumnsNumericPrecisionExpression:0.27051984126984113
ColumnsNumericPrecisionRadixExpression:0.27051984126984113
ColumnsDatetimePrecisionExpression:0.27051984126984113
HandlerSideLevelCollectTest:0.23333333333333334
InformationSchemaTest:0.22333333333333333
DDLIntegrationTest:0.17666666666666667
Columns:0.17
InformationColumnsTableInfo:0.09333333333333334
InformationTablesTableInfo:0.09333333333333334
References:0.09333333333333334
PartitionsTableCatalogExpression:0.0
PartitionsReferenceGenerationExpression:0.0
PartitionsSelfReferencingColumnNameExpression:0.0
ColumnsNullExpression:0.0
PartitionsTableTypeExpression:0.0
