OkHttpClientTransport:0.46
AbstractTransportTest:0.36
ManagedChannelImplTest:0.31666666666666665
NettyClientTransport:0.2505555555555556
InProcessTransport:0.24476190476190476
ClientStreamListenerImpl:0.19
LbResponseObserver:0.15333333333333332
