MangoInterface:0.72
Mango:0.5233333333333333
Invocation:0.3566666666666667
ACATCHHANDLER:0.33666666666666667
BackupAlg:0.3333333333333333
MangoInstruction:0.32
SymbolHashOpcodeSyms:0.2966666666666667
ATHROWHANDLER:0.29
MangoInvokeInstruction:0.25
ExceptionHandlerUtil:0.24666666666666667
Worker:0.22666666666666666
CpnVertex:0.22666666666666666
ATHROW:0.21666666666666667
ATHROWCREATOR:0.2
HandlerInfo:0.19666666666666666
SymbolHashEngine:0.19333333333333333
INVOKEVIRTUAL:0.16111111111111112
INVOKESPECIAL:0.16111111111111112
INVOKEINTERFACE:0.16111111111111112
ThrowsException:0.1461111111111111
AASTORE:0.13833333333333334
LocalVariableInstruction:0.12833333333333333
AALOAD:0.12666666666666668
FALOAD:0.12333333333333334
LASTORE:0.12333333333333334
BASTORE:0.12333333333333334
DALOAD:0.12333333333333334
DASTORE:0.12333333333333334
LALOAD:0.12333333333333334
IALOAD:0.12333333333333334
CASTORE:0.12333333333333334
CALOAD:0.12333333333333334
IASTORE:0.12333333333333334
SALOAD:0.12333333333333334
BALOAD:0.12333333333333334
SASTORE:0.12333333333333334
FASTORE:0.12333333333333334
ARRAYLENGTH:0.12
MULTIANEWARRAY:0.12
IDIV:0.12
ANEWARRAY:0.12
CHECKCAST:0.12
NEWARRAY:0.12
PUTFIELD:0.12
GETFIELD:0.11
LDIV:0.10666666666666667
LREM:0.10666666666666667
IREM:0.10666666666666667
trychk6:0.07
DCONST:0.04666666666666667
LCONST:0.04666666666666667
FCONST:0.04666666666666667
ICONST:0.04666666666666667
ExceptionHandlerDebuggingFlags:0.0
