ExecutorServiceDelegate:0.7866666666666666
Messages:0.71
ExecutorService:0.6733333333333333
ExecutorDAO:0.30833333333333335
ExecutorServiceBean:0.3
CachingLogic:0.29
ExecutorDAOHibernateImpl:0.2866666666666667
ExecutorServiceDelegateLocalImpl:0.26
ExecutorServiceDelegateRemoteImpl:0.26
ExecutorLogic:0.18666666666666668
OrgFunctionHelper:0.17666666666666667
AddBotTag:0.14333333333333334
ActorSelectTD:0.13666666666666666
AddBotStationTag:0.12333333333333334
CreateRelationForm:0.11333333333333333
ListExecutorRightRelationMembersFormTag:0.10333333333333333
ListExecutorLeftRelationMembersFormTag:0.10333333333333333
CreateRelationRightExecutorFormTag:0.08666666666666667
CreateRelationLeftExecutorFormTag:0.08666666666666667
Resources:0.08333333333333333
RelationIdsForm:0.041666666666666664
RemoveRelationAction:0.03666666666666667
CreateRelationAction:0.03666666666666667
ListExecutorRightRelationsFormTag:0.016666666666666666
ListExecutorLeftRelationsFormTag:0.016666666666666666
CreateRelationRightExecutorLinkTag:0.011111111111111112
CreateRelationLeftExecutorLinkTag:0.011111111111111112
