BigArrays:0.53
MockBigArrays:0.44666666666666666
BigArraysTests:0.2833333333333333
PagedBytesReferenceTest:0.24
NettyTransportMultiPortTests:0.19333333333333333
NettySizeHeaderFrameDecoderTests:0.14
NettyHttpServerPipeliningTest:0.14
