FeatureEditorDialog:0.61
TranscriptEditPanel:0.44166666666666665
URLQueryGenerator:0.22333333333333333
