AboutDialog:0.5361825396825397
LicenseDialog:0.5361825396825397
