AeronUri:0.5666666666666667
CommonContext:0.53
AeronUriTest:0.37333333333333335
