RadiationModel:0.6666666666666666
LightModelProcessor:0.52
RadiationModelTask:0.4033333333333333
ParallelRadiationModel:0.17333333333333334
