PublisherQueueSessionLocal:0.6141666666666666
PublisherSessionBean:0.5433333333333333
PublisherQueueSessionBean:0.3466666666666667
