Search:0.5766666666666667
BFSHeuristic:0.30666666666666664
HeuristicSearch:0.29333333333333333
TestRandomJPF:0.23333333333333334
CGMonitor:0.19666666666666666
TestCrossingJPF:0.18
TestOldClassicJPF:0.18
HeuristicState:0.16666666666666666
DFSearch:0.11
DFSHeuristic:0.08
RandomHeuristic:0.06666666666666667
GlobalSwitchThread:0.06666666666666667
ChooseFree:0.05333333333333334
UserHeuristic:0.05
MostBlocked:0.05
Interleaving:0.03666666666666667
PreferThreads:0.03333333333333333
