Builder:0.47333333333333333
IndexMetaData:0.47333333333333333
IndexSettings:0.30333333333333334
FilterAllocationDecider:0.24666666666666667
ClusterModule:0.22
MockEngineFactoryPlugin:0.22
SharedClusterSnapshotRestoreIT:0.21666666666666667
IndicesStoreIntegrationIT:0.15333333333333332
IndexRecoveryIT:0.15333333333333332
MetaDataWriteDataNodesIT:0.13666666666666666
ClusterRebalanceRoutingTests:0.12333333333333334
