ChadoInstance:0.6466666666666666
JdbcChadoAdapter:0.48333333333333334
AbstractChadoInstance:0.3333333333333333
RiceChadoInstance:0.25666666666666665
FlybaseChadoInstance:0.23666666666666666
XmlConfigFileParser:0.22333333333333333
