DcmServerService:0.6466666666666666
StgCmtCmd:0.3333333333333333
MoveTask:0.3333333333333333
AbstractScpService:0.2966666666666667
