ScriptExecutionManager:0.6322222222222222
ThrowingEvaluator:0.5636111111111112
