AbstractFlywayTask:0.38666666666666666
ClassUtils:0.33
CommandLineLargeTest:0.21333333333333335
MavenTestCase:0.16
AntLargeTest:0.16
DbMigrate:0.13
Main:0.09
ResolversElement:0.02
LocationsElement:0.02
ResolverElement:0.02
SchemasElement:0.02
SchemaElement:0.02
