Mesh:0.6566666666666666
MeshBuilder:0.5233333333333333
DependencyBank:0.24
GradientEditor:0.22333333333333333
