DefaultQueryHandler:0.8733333333333333
DatabaseHandler:0.39
OracleQueryHandler:0.26
MySqlQueryHandler:0.24333333333333335
PostgresQueryHandler:0.1577777777777778
