ClusterTest:0.39
OrderUpdateCallable:0.36333333333333334
OrderUpdateRunnable:0.36333333333333334
DistributedTask:0.30333333333333334
DistributedRunnableAdapterImpl:0.13666666666666666
