CtrlBuilder:0.41
function_return:0.36833333333333335
stat_return:0.36833333333333335
recipe_return:0.36833333333333335
block_return:0.36833333333333335
program_return:0.36833333333333335
literal_return:0.36833333333333335
type_return:0.36833333333333335
var_decl_return:0.36833333333333335
arg_return:0.36833333333333335
CtrlChecker:0.3566666666666667
rule_return:0.3194444444444444
recipes_return:0.3194444444444444
functions_return:0.3194444444444444
CtrlLexer:0.29333333333333333
CtrlAut:0.2733333333333333
CtrlParser:0.27
DFA12:0.26
CtrlFactory:0.22333333333333333
CtrlTokenMaker:0.14333333333333334
package_decl_return:0.044409090909090905
import_decl_return:0.044409090909090905
qual_name_return:0.017388888888888888
