DisplayVariableTag:0.47333333333333333
StringFormat:0.44333333333333336
TextFormat:0.4033333333333333
VariableAdapter:0.2833333333333333
