DT:0.5833333333333334
AbstractTest:0.4533333333333333
TestRepeatRule:0.3333333333333333
TestDT:0.09333333333333334
