EditIssueAction:0.8177777777777778
CreateIssueAction:0.43944444444444436
