AnnotationSetImpl:0.5933333333333334
SinglePhaseTransducer:0.36083333333333334
TestJape:0.25
TestFSM:0.16333333333333333
