Beans:0.5633333333333334
LdapAuthenticationConfiguration:0.3233333333333333
Ldap:0.2833333333333333
CasWebApplicationSecurityConfiguration:0.23333333333333334
AdminPagesSecurityProperties:0.14333333333333334
