X_C_Invoice:0.87
GenerateModel:0.2733333333333333
VDocAction:0.24666666666666667
