History:0.5897777777777777
CaptureActivity:0.3755555555555556
HistoryManager:0.35333333333333333
