SeqFeatureI:0.58
FeaturePair:0.38
SeqFeature:0.3566666666666667
Config:0.3333333333333333
DrawableSeqFeature:0.29333333333333333
FeatureSet:0.2833333333333333
GenericAnnotationSet:0.27055555555555555
ApolloNameAdapterI:0.2305555555555555
ApolloFrame:0.22666666666666666
DetailInfo:0.21
DefaultNameAdapter:0.16333333333333333
FlyNameAdapter:0.07333333333333333
