NettyClientHandler:0.37
NettyClientStream:0.28800000000000003
NettyClientHandlerTest:0.23666666666666666
NettyServerHandler:0.23333333333333334
NettyClientStreamTest:0.23333333333333334
NettyServerStreamTest:0.21666666666666667
NettyServerStream:0.21333333333333335
NettyServerHandlerTest:0.15333333333333332
