JtxTransactionManager:0.5366666666666666
DbOrmManager:0.44666666666666666
DbJtxSessionProvider:0.33666666666666667
