ConfigurationVariablesTopComponent:0.2
ValidatorsTopComponent:0.2
ConfigurationVariablesRootNode:0.18
ConfigurationVariablesPoolNode:0.16666666666666666
ClassNode:0.15666666666666668
ConfigurationVariablesActionFactory:0.13
DeleteConfigurationVariablesPoolAction:0.10666666666666667
DeleteConfigurationVariableAction:0.10666666666666667
DeleteValidatorDefinitionAction:0.10666666666666667
ValidatorDefinitionNode:0.1
ConfigurationVariableNode:0.1
AddConfigurationVariableAction:0.04666666666666667
AddValidatorDefinitionAction:0.04666666666666667
AddConfigurationVariablesPoolAction:0.04666666666666667
ValidatorsRootNode:0.03222222222222222
ValidatorDefinitionsActionFactory:0.03
ConfigurationVariableNativeTypeProperty:0.03
ValidatorDefinitionNativeTypeProperty:0.0033333333333333335
