Script:0.61
ScriptEditor:0.44
Annotation:0.41333333333333333
HierarchyWriterTest:0.25666666666666665
ScriptEditorTest:0.25
ScriptTest:0.24
AnnotationTest:0.15333333333333332
AllTests:0.13777777777777778
WindowLock:0.0
