FilePerKeyMap:0.5066666666666667
EngineMap:0.44600000000000006
ServerConnector:0.3348333333333333
ClientWiredStatelessChronicleMap:0.3333333333333333
FPMEntry:0.25
FilePerKeyMapTest:0.04833333333333333
FPMWatcher:0.0
