PresentationUtils:0.9066666666666666
VaadinPlugin:0.14666666666666667
