ApplicationEntityManagerImpl:0.585
FunctionValue:0.35555555555555557
MetadataEntityManagerImpl:0.29333333333333333
