QueryableEntry:0.48
MapTransactionTest:0.38333333333333336
AbstractPredicate:0.27
ValueExtractor:0.15333333333333332
LimbNameExtractor:0.016666666666666666
BodyNameExtractor:0.016666666666666666
ReducedLimbNameExtractor:0.006666666666666667
ReducedLimbPowerExtractor:0.006666666666666667
IndexOneLimbNameExtractor:0.0
IndexOneLimbPowerExtractor:0.0
NameExtractor:0.0
IqExtractor:0.0
