RefItem:0.35333333333333333
CockpitConfigurationHandler:0.3433333333333333
ArcCircleRenderer:0.2544444444444445
MapHorzItemsRenderer:0.22
SynthCrownUI:0.19
AbstractSynthGPRenderer:0.18333333333333332
SynthArcCircleUI:0.16
SynthSymbolUI:0.14333333333333334
