JPPFJcaClient:0.6066666666666667
JPPFResourceAdapter:0.4
JcaSocketInitializer:0.32666666666666666
JPPFJcaJob:0.11333333333333333
ConnectionInitializerTask:0.08666666666666667
DemoTest:0.07
