DataManager:0.5433333333333333
Log:0.37
Processor:0.29333333333333333
ServiceManager:0.24666666666666667
SearchManager:0.24333333333333335
SettingInfo:0.22666666666666666
JeevesEngine:0.18333333333333332
Show:0.13333333333333333
IndexMetadataTask:0.11666666666666667
IndexRebuild:0.08666666666666667
