NodeService:0.47333333333333333
AbstractDdlBuilder:0.44666666666666666
DatabaseWriter:0.35333333333333333
OracleDdlBuilder:0.2866666666666667
MySqlDdlBuilder:0.2752777777777778
H2DdlBuilder:0.2252777777777778
SqliteDdlBuilder:0.22
