ConnectionManagerPanel:0.37
AddDatastoreLayerPanel:0.3233333333333333
ConnectionPanel:0.29833333333333334
AddDatastoreLayerPlugIn:0.27
ConnectionDescriptorPanel:0.26
RunDatastoreQueryPanel:0.26
PasswordPrompter:0.22733333333333333
RunDatastoreQueryPlugIn:0.20333333333333334
ConnectionManagerToolboxPlugIn:0.19111111111111112
AbstractAddDatastoreLayerPlugIn:0.12666666666666668
