PyBuiltinMethodSet:0.5133333333333333
ExtendedCursorFunc:0.3433333333333333
CursorFunc:0.3433333333333333
BCPFunc:0.33
ConnectionFunc:0.18333333333333332
