WorkflowBotConfigurationParser:0.30333333333333334
cacheController:0.21666666666666667
