RotationCamera:0.7566666666666667
Billboarder:0.32666666666666666
BasicBillboarder:0.21
