QueryCmd:0.5033333333333333
QueryRetrieveScpService:0.3333333333333333
PIDWithIssuer:0.32
FindScp:0.31666666666666665
FileCopyService:0.24666666666666667
StudyReconciliationService:0.24666666666666667
WADOSupport:0.21666666666666667
QueryCmdTest:0.19333333333333333
MultiCFindRsp:0.18333333333333332
ORUService:0.16333333333333333
StudyQueryCmd:0.09666666666666666
SeriesQueryCmd:0.09666666666666666
PatientQueryCmd:0.09666666666666666
ImageQueryCmd:0.09666666666666666
AdjustPatientID:0.06166666666666667
