CDKResource:0.7333333333333333
ChemTreeView:0.2633333333333333
twoDJframe:0.20944444444444443
BioPolymerContentProvider:0.16166666666666665
NewMoleculeFromSMILESWizard:0.15555555555555556
NewMoleculeWizard:0.13555555555555557
Structure2DView:0.12333333333333334
