DataRef:0.43666666666666665
RoutingService:0.41333333333333333
DataService:0.26
IDataService:0.235
MockDataService:0.22666666666666666
