Owner:0.5066666666666667
Worker:0.37666666666666665
UserDialog:0.22333333333333333
