MergeMap:0.8133333333333334
AbstractLabel:0.6727777777777777
