AbstractTestQueries:0.5991666666666666
Cast:0.48333333333333334
TestRowOperators:0.23666666666666666
