BasicAttribute:0.4
AssociationAttribute:0.35333333333333333
ConfiguredClass:0.31333333333333335
MappedAttribute:0.28
