BlockChainTest:0.51
ChainSplitTest:0.39
VersionTallyTest:0.24666666666666667
ParseByteCacheTest:0.20333333333333334
