MapItemsUIHandler:0.5666666666666667
ServerXMLMapItem:0.5066666666666667
