FrameworkManager:0.6866666666666666
ServerComUtilities:0.44333333333333336
ServerUtilities:0.43333333333333335
