StepContext:0.7191666666666666
SimpleStepContext:0.38333333333333336
DefaultStepExecutorTests:0.3433333333333333
SimpleStepExecutor:0.30666666666666664
SimpleStepContextTests:0.06
