VarcharType:0.6566666666666666
TypeSignature:0.4633333333333333
TypeRegistry:0.24
BaseJdbcClient:0.20666666666666667
TestTypeSignature:0.20666666666666667
TestStringFunctions:0.19
HiveWriteUtils:0.19
VarcharParametricType:0.11666666666666667
