BinaryJedisCluster:0.5433333333333333
ScanParams:0.30333333333333334
JedisClusterHashTagUtil:0.25666666666666665
