Configuration:0.7033333333333334
MakumbaTransactionProvider:0.3233333333333333
TransactionProvider:0.30333333333333334
HibernateTransactionProvider:0.26
MakumbaTestSetup:0.15666666666666668
Suite:0.1
