LuceneQueryBuilderTest:0.7183333333333334
StringQueryBuilder:0.30666666666666664
QueryBuilderHelper:0.26666666666666666
