Ec2Module:0.6366666666666667
Ec2DiscoveryPlugin:0.6166666666666667
