EnabledIfTests:0.590111111111111
EnabledIfCondition:0.38888888888888884
