WebSecurityConfiguration:0.7886111111111112
AbstractSecurityBuilder:0.4622777777777777
