MethodDatabase:0.5666666666666667
CheckInstrumentationVisitor:0.29
SimpleSuspendableClassifier:0.23666666666666666
InstrumentClass:0.16666666666666666
SuspendableClassifier:0.12682142857142856
DefaultSuspendableClassifier:0.10666666666666667
