Tensor:0.83
ConvolutionalRBM:0.43666666666666665
TensorTests:0.16666666666666666
