ExceptionSerializationTests:0.4866666666666667
ScriptModesTests:0.4766666666666667
PluginManagerIT:0.28
ScriptServiceTests:0.26666666666666666
BindingBuilder:0.24133333333333334
ScriptModule:0.2
AggregationCollectorTests:0.12666666666666668
