BandwidthController:0.5533333333333333
BandwidthInputStream:0.2633333333333333
UploadEngine:0.24550000000000002
BandwidthOutputStream:0.24333333333333335
TestThrottleController:0.13333333333333333
TransferAverage:0.09
