HazelcastInstanceImpl:0.44
LockTest:0.39666666666666667
HazelcastTestSupport:0.32
PartitionDistributionTest:0.18333333333333332
