Id:0.7166666666666667
InsertFromValuesAnalyzerTest:0.43333333333333335
InsertFromValuesAnalyzedStatement:0.38666666666666666
IdTest:0.32
BulkDeleteBenchmark:0.16666666666666666
InsertFromValuesAnalyzer:0.13166666666666665
