AbstractServiceValidateController:0.43666666666666665
Cas30ResponseView:0.31333333333333335
RequestParameterAuthenticationPolicyWebflowEventResolver:0.27051984126984113
AuthenticationException:0.26166666666666666
AbstractCasView:0.18
EncodingUtils:0.17194444444444443
AbstractCasProtocolValidationSpecification:0.15333333333333332
DuoMultifactorAuthenticationProvider:0.07333333333333333
RadiusMultifactorAuthenticationProvider:0.07333333333333333
AbstractCasWebflowEventResolver:0.06666666666666667
AuthenticationContextValidator:0.02
RankedAuthenticationProviderWebflowEventResolver:0.013333333333333334
YubiKeyMultifactorAuthenticationProvider:0.0
