SymbolTable:0.48333333333333334
MethodDescriptor:0.38
ClassDescriptor:0.36
HopParser:0.30666666666666664
BlockDescriptor:0.25
Scopable:0.2317619047619047
