SqlBuilder:0.41333333333333333
PatientBean:0.37333333333333335
QueryCmd:0.35333333333333333
AttributeFilter:0.33666666666666667
PatientMatching:0.21916666666666668
SeriesRequestBean:0.21666666666666667
InstanceBean:0.21
SeriesBean:0.195
StudyBean:0.19166666666666668
VerifyingObserverBean:0.18666666666666668
AttributeFilterLoader:0.14333333333333334
QueryStudiesCmd:0.075
GPWLQueryCmd:0.07333333333333333
MPPSQueryCmd:0.056666666666666664
MWLQueryCmd:0.03833333333333333
GPPPSQueryCmd:0.03333333333333333
