JdbcStepExecutionDao:0.5433333333333333
SimpleJobRepository:0.43666666666666665
SimpleJobRepositoryTests:0.31666666666666665
AbstractStepDaoTests:0.29
JdbcStepDaoPrefixTests:0.25333333333333335
