ValueFactory:0.3466666666666667
SpringServiceExportComponentMetadata:0.2633333333333333
ExporterMetadataTest:0.24333333333333335
SpringRegistrationListenerMetadata:0.22666666666666666
LocalComponentMetadataTest:0.2
SpringLocalComponentMetadata:0.18666666666666668
ComponentSubElementTest:0.18
ExporterListener:0.05333333333333334
ExporterTest:0.02
