PrinterServiceMBean:0.8440873015873016
PrinterService:0.6466666666666666
PrintScpService:0.26666666666666666
