ServerDescription:0.8266666666666667
ServerDescriptionTest:0.32
Builder:0.24
MixedBulkWriteOperation:0.22333333333333333
ServerStateNotifier:0.19
UnorderedRunGenerator:0.1
OrderedRunGenerator:0.1
