SeriesModel:0.43666666666666665
StudyModel:0.3233333333333333
PatientModel:0.29333333333333333
AbstractModel:0.28
InstanceModel:0.27666666666666667
