HiveClientConfig:0.6222222222222222
AuthenticationModules:0.38666666666666666
KerberosHiveMetastoreAuthentication:0.3566666666666667
TestHiveClientConfig:0.26
