SystemTablesManager:0.69
MetadataManager:0.4533333333333333
SystemSplitManager:0.25666666666666665
TestAnalyzer:0.23666666666666666
HandleResolver:0.23
ConnectorManager:0.22333333333333333
SplitManager:0.21333333333333335
InformationSchemaSplitManager:0.18333333333333332
LocalQueryRunner:0.17
BenchmarkPageProcessor:0.16666666666666666
DiscoveryNodeManager:0.16333333333333333
AbstractTestQueryFramework:0.15666666666666668
TaskTestUtils:0.11666666666666667
PageSourceManager:0.10333333333333333
SystemTablesModule:0.06666666666666667
