ChildrenConstantScoreQuery:0.295
ParentQuery:0.295
ParentConstantScoreQuery:0.295
ChildrenQuery:0.295
AllTermQuery:0.28833333333333333
AllTermWeight:0.2833333333333333
ContextIndexSearcher:0.26666666666666666
MockEngineSupport:0.11666666666666667
