IndexShard:0.6133333333333333
Store:0.43
Streams:0.24333333333333335
MockIndicesService:0.22
AllocatedIndices:0.21661111111111112
IndicesService:0.18583333333333332
FailedShardHandler:0.1162777777777778
StoreCloseListener:0.08738888888888888
ShardEventListener:0.08666666666666667
