AndResultSetTest:0.31
MultiResultTest:0.2633333333333333
OrResultSetTest:0.16666666666666666
PredicateBuilderTest:0.15666666666666668
MapEntrySetTest:0.14666666666666667
PartitionPredicateTest:0.12
