AmqpConnection:0.5833333333333334
AmqpListener:0.3933333333333333
AmqpCommChannel:0.32
