AndroidInput:0.5466666666666666
Controllers:0.4
AndroidControllers:0.2966666666666667
ControllerLifeCycleListener:0.23722222222222225
