AnnotationEditor:0.78
TestApollo:0.33666666666666667
CompoundTransaction:0.28733333333333333
