SqliteMetaData:0.6366666666666667
SqlCipherMetaData:0.19333333333333333
SqlitexMetaData:0.19333333333333333
