Row:0.47
OrcStorageManager:0.31333333333333335
OrcFileWriter:0.24333333333333335
TestOrcStorageManager:0.19
OrcPageSource:0.17666666666666667
Types:0.17333333333333334
OrcFileRewriter:0.17333333333333334
TestOrcFileRewriter:0.13333333333333333
TestShardWriter:0.12666666666666668
StorageType:0.02
TestRaptorDistributedQueries:0.016666666666666666
LazyStructuralBlockLoader:0.0033333333333333335
