SnmpCollector:0.5888888888888889
RrdConfig:0.56
CapsdTest:0.21333333333333335
