HtmlForm:0.67
HtmlSelectTest:0.31666666666666665
HtmlFormTest:0.23666666666666666
