ClientCallImpl:0.5433333333333333
DelayedClientTransport:0.2833333333333333
PendingStream:0.25333333333333335
ClientTransportProvider:0.19
