FeatureStyleFactory:0.6766666666666666
Halo:0.6766666666666666
FilterVisitor:0.5816666666666667
FeatureStyle:0.5616666666666666
Fill:0.5533333333333333
PointPlacement:0.5533333333333333
Mark:0.5533333333333333
CustomLayer:0.5533333333333333
ExpressionVisitor:0.5533333333333333
Layer:0.5533333333333333
DistanceBufferOperator:0.5333333333333333
FeatureCanvas:0.5166666666666667
PropertyIsLike:0.5083333333333333
BBOX:0.5016666666666667
FilteredLayer:0.27051984126984113
FilterFactory:0.24916666666666668
TextSymbol:0.24666666666666667
FeatureTypeFactory:0.23333333333333334
Stroke:0.23
Rule:0.23
StyleException:0.22666666666666666
FeatureType:0.22166666666666668
Symbol:0.22166666666666668
FeatureAttributeDescriptor:0.22166666666666668
Graphic:0.22166666666666668
ExternalGraphic:0.22166666666666668
BinarySpatialOperator:0.15
PropertyIsBetween:0.12666666666666668
PolygonSymbol:0.11
FeatureCollection:0.05
Function:0.043333333333333335
BinaryExpression:0.043333333333333335
BinaryLogicOperator:0.043333333333333335
BinaryComparisonOperator:0.043333333333333335
LinePlacement:0.006666666666666667
Literal:0.0
PointSymbol:0.0
PropertyName:0.0
FeatureId:0.0
Not:0.0
PropertyIsNull:0.0
Filter:0.0
Expression:0.0
LineSymbol:0.0
SpatialOperator:0.0
