Cfg:0.6666666666666666
MsgManager:0.62
Server:0.33666666666666667
FirewallCheckTimer:0.16111111111111112
