Mongo:0.48
ReplicaSetStatus:0.43666666666666665
DBPort:0.4266666666666667
ReadPreference:0.35333333333333333
OutMessage:0.3433333333333333
JavaClientTest:0.24333333333333335
TaggableReadPreference:0.20666666666666667
DBPortPool:0.18333333333333332
DBTCPConnector:0.18333333333333332
SecondaryReadTest:0.17333333333333334
ReadPreferenceTest:0.15666666666666668
DBTest:0.057777777777777775
DBTCPConnectorTest:0.051666666666666666
Assertions:0.023333333333333334
