LtlStrategy:0.5566666666666666
Strategy:0.43
BoundedLtlStrategy:0.32
Exploration:0.25666666666666665
CycleAcceptor:0.2375
BoundedPocketLtlStrategy:0.06333333333333334
