GeneBean:0.5966666666666667
LocusBean:0.5333333333333333
ArticleTable:0.38333333333333336
