ClientConfig:0.5433333333333333
HazelcastClient:0.39666666666666667
SocketOptions:0.3933333333333333
NearCacheConfig:0.34
ProxyManager:0.26
ConnectionImpl:0.24666666666666667
SpringXmlConfigBuilder:0.23333333333333334
XmlClientConfigBuilder:0.21666666666666667
SpringXmlBuilder:0.21333333333333335
ConnectionTest:0.19
SpringXmlBuilderHelper:0.16666666666666666
ClientIssueTest:0.12333333333333334
HazelcastClientLoader:0.09666666666666666
CustomPropertiesTest:0.09333333333333334
ClientEntryListenerDisconnectTest:0.08
DummySocketInterceptor:0.05
TestClientApplicationContext:0.02666666666666667
