BlojsomUtils:0.6266666666666667
BlojsomProperties:0.4116666666666667
