JFXServerWrapper:0.5783333333333334
JFXPerformanceDialog:0.35
ComboBoxEditRenderer:0.30666666666666664
JFXScenarioViewer:0.2866666666666667
