JmsSenderConnection:0.5266666666666666
JmsTransportConstants:0.29833333333333334
JmsReceiverConnection:0.2866666666666667
JmsMessageSender:0.17666666666666667
WebServiceMessageListenerIntegrationTest:0.17333333333333334
JmsMessageSenderIntegrationTest:0.16666666666666666
JmsTransportUtils:0.12333333333333334
JmsMessageReceiver:0.06
JmsTransportUtilsTest:0.02666666666666667
