MchargesTests:0.48583333333333334
MexperimentalTests:0.16555555555555557
