OutgoingBatch:0.6266666666666667
MockAcknowledgeService:0.45429365079365075
AcknowledgeService:0.41
IAcknowledgeService:0.30666666666666664
RegistrationService:0.2866666666666667
AcknowledgeServiceTest:0.24333333333333335
OutgoingBatchServiceTest:0.2
InternalTransportManager:0.19333333333333333
PushService:0.18
AckResourceHandler:0.13666666666666666
