PingTask:0.7066666666666667
PingTaskTest:0.3433333333333333
UDCService:0.2954444444444444
