Photon:0.5266666666666666
OptionReader:0.3933333333333333
PhotonMapRayProcessor:0.39
PhotonMap:0.2866666666666667
