PersistencyHandler:0.45
Utilities:0.4066666666666667
DatabaseHandler:0.2866666666666667
FileHandler:0.28
WikiBase:0.26
AbstractSearchEngine:0.2
DatabaseInit:0.18333333333333332
EditServlet:0.14666666666666667
SaveAttachmentServlet:0.12666666666666668
ImportServlet:0.1
XMLUtil:0.05333333333333334
