StoreLatencyPlugin_QueueIntegrationTest:0.5703333333333334
StoreLatencyPlugin_MapIntegrationTest:0.5703333333333334
