MapReduceOutput:0.5633333333333334
MapReduceCommand:0.46
DBCollection:0.35333333333333333
