HazelcastClient:0.7433333333333333
ConnectionManager:0.3566666666666667
