Builder:0.3383333333333333
ExternalMapper:0.31
GeoPointFieldMapperTests:0.22666666666666666
GeoBoundingBoxQueryBuilder:0.22333333333333333
GeoDistanceQueryBuilder:0.22333333333333333
DecayFunctionBuilder:0.22333333333333333
GeoContextMapping:0.21333333333333335
GeoPolygonQueryBuilder:0.21333333333333335
GeoDistanceSortBuilderTests:0.19666666666666666
AbstractFieldDataTestCase:0.19666666666666666
IndicesModule:0.19666666666666666
ExpressionScriptEngineService:0.14
ValueCountAggregatorTests:0.14
