WidgetTester:0.58
TextMatcher:0.33
BasicFinder:0.3
SWTHierarchy:0.2966666666666667
TableTester:0.21777777777777782
FinderTest:0.20333333333333334
MenuItemTester:0.17666666666666667
IWABridge:0.12
SingleWidgetHierarchy:0.11833333333333333
TreeItemTester:0.07666666666666666
Watcher:0.07637638287638286
WidgetGetter:0.01
TableSingleTesterTest:0.0033333333333333335
Expander:0.0
