GL11:0.8133333333333334
GLContext:0.49666666666666665
Pbuffer:0.31
Display:0.29333333333333333
ARBTextureCompression:0.2833333333333333
NVHalfFloat:0.2833333333333333
ARBImaging:0.2833333333333333
ARBShaderObjects:0.2833333333333333
NVRegisterCombiners:0.2833333333333333
ATIVertexArrayObject:0.2833333333333333
PbufferTest:0.2733333333333333
ATIFragmentShader:0.24666666666666667
NVFence:0.24666666666666667
ARBMultitexture:0.24666666666666667
ATIVertexStreams:0.24666666666666667
ARBOcclusionQuery:0.24666666666666667
NVOcclusionQuery:0.24666666666666667
NVEvaluators:0.24666666666666667
ATIEnvmapBumpmap:0.22166666666666668
ARBVertexShader:0.22166666666666668
NVPixelDataRange:0.22166666666666668
ATIVertexAttribArrayObject:0.22166666666666668
ARBWindowPos:0.22166666666666668
NVVertexArrayRange:0.22166666666666668
ARBBufferObject:0.21833333333333332
GL13:0.21833333333333332
GL15:0.21833333333333332
ARBProgram:0.21833333333333332
ARBVertexProgram:0.20333333333333334
EXTVertexShader:0.20333333333333334
NVVertexProgram:0.20333333333333334
ARBVertexBlend:0.20333333333333334
GL14:0.20266666666666666
NVProgram:0.19166666666666668
GL12:0.17933333333333332
ARBMatrixPalette:0.17666666666666667
NVFragmentProgram:0.16166666666666665
ARBTransposeMatrix:0.16166666666666665
NVRegisterCombiners2:0.16166666666666665
ATIElementArray:0.13166666666666665
EXTFogCoord:0.13166666666666665
EXTDrawRangeElements:0.13166666666666665
EXTSecondaryColor:0.13166666666666665
EXTVertexWeighting:0.13166666666666665
ARBPointParameters:0.11
NVPointSprite:0.11
EXTPointParameters:0.11
EXTCompiledVertexArray:0.04
NVPrimitiveRestart:0.04
ATIDrawBuffers:0.04
ATIMapObjectBuffer:0.04
ATISeparateStencil:0.04
EXTMultiDrawArrays:0.04
ATIPnTriangles:0.04
EXTStencilTwoSide:0.0
ARBMultisample:0.0
EXTDepthBoundsTest:0.0
EXTBlendEquationSeparate:0.0
EXTBlendFuncSeparate:0.0
