ExecutionService:0.8066666666666666
ExecutionLogic:0.33
ListProcessesFormTag:0.31666666666666665
TableBuilder:0.29777777777777775
ProcessRowBuilder:0.29
ExecutionServiceDelegate:0.19
ExecutionServiceBean:0.16333333333333333
