DbQuery:0.44666666666666666
StreamUtilTest:0.28
GoogleMapsTest:0.2633333333333333
EmailUtil:0.22
PropertiesUtil:0.20666666666666667
