QueryInfo:0.5733333333333334
QueryCompletionEvent:0.25666666666666665
QueryMonitor:0.22666666666666666
ImportTableExecution:0.21
SqlQueryManager:0.2
SqlQueryExecution:0.19555555555555554
QueryCreatedEvent:0.15
SimpleQuery:0.11
