RubyOutlineContentProvider:0.8533333333333334
RubyContentOutlinePage:0.2833333333333333
