Main:0.7966666666666666
OracleSchema:0.5466666666666666
