KeyRing:0.79
EditSuperUserDialog:0.4066666666666667
KeyRingTest:0.30333333333333334
