ActionStore:0.5933333333333334
Simulator:0.45666666666666667
