TestHazelcastInstanceFactory:0.6233333333333333
ClientRegressionWithMockNetworkTest:0.4666666666666667
TestHazelcastFactory:0.265
