Analyzer:0.62
DefaultClassifier:0.33666666666666667
DirObjectSource:0.24666666666666667
RecursiveFileIterator:0.21
