NearCacheStats:0.61
NearCachePreloader:0.41333333333333333
NearCachePreloaderConfig:0.4033333333333333
LockBasicTest:0.3933333333333333
LockServiceImpl:0.2833333333333333
NearCacheStatsImpl:0.26666666666666666
XmlClientConfigBuilderTest:0.20666666666666667
NearCacheTestContext:0.18666666666666668
ClientEvictionTest:0.18333333333333332
XmlClientConfigBuilder:0.18
EvictionTest:0.17333333333333334
BaseHeapNearCacheRecordStore:0.17111111111111113
NearCachePreloaderConfigTest:0.15833333333333333
QueryCacheIMapEventHandlingTest:0.14333333333333334
AbstractNearCachePreloaderTest:0.12333333333333334
ClientCacheNearCachePreloaderTest:0.11
NearCachePreloaderConfigReadOnlyTest:0.10666666666666667
NearCacheStatsImplTest:0.09333333333333334
ClientMapNearCachePreloaderTest:0.09
NearCachePreloaderConfigReadOnly:0.09
