DisplayZone:0.42
FreeLayerPainter:0.4064285714285714
ARINCCockpitItemList:0.37
FreeServerCockpit:0.31666666666666665
