HTMLOptionElement2Test:0.5146666666666667
HTMLOptionElement:0.38333333333333336
