GwtTeamingMessages:0.7358333333333333
ConfigureUserAccessDlg:0.5266666666666666
ZoneConfig:0.3
