Wevtapi:0.7833333333333333
WevtapiUtil:0.3233333333333333
WevtapiTest:0.30333333333333334
EVT_RPC_LOGIN:0.26666666666666666
