MPTItemIterator:0.5433333333333333
MPTQueryFactory:0.41333333333333333
