ClientRegistration:0.5666666666666667
Builder:0.3466666666666667
ProviderDetails:0.31666666666666665
TestUtil:0.2633333333333333
AuthorizationCodeAuthenticationFilter:0.21
