ChadoXmlWrite:0.5766666666666667
ChadoXmlAdapter:0.5533333333333333
