CAToken:0.8233333333333334
CATokenTestBase:0.37
SoftCATokenTest:0.23333333333333334
