DbIndex:0.3
DbSerial:0.27
DbIndexKey:0.21666666666666667
DbAttribute:0.18166666666666667
DbClass:0.18166666666666667
DbUser:0.18166666666666667
