Entry:0.63
Metadata:0.48333333333333334
CqiServer:0.31666666666666665
ResolveXInclude:0.2627777777777778
TSResult:0.14
MetadataGroup:0.04666666666666667
MinMaxDateGroup:0.03
DateMetadata:0.02
