ApolloDataAdapterI:0.5933333333333334
ApolloFrame:0.42
FindPanel:0.2966666666666667
StrandedZoomableApolloPanel:0.2866666666666667
DataAdapterException:0.27
GAMEAdapter:0.25666666666666665
DummySequenceAdapter:0.25333333333333335
DataLoader:0.24666666666666667
CORBAAdapter:0.24
ScrollableTierView:0.23333333333333334
SerialDiskAdapter:0.22944444444444448
BaseEditorPanel:0.21833333333333332
FeatureEditorDialog:0.21
GFFAdapter:0.19777777777777777
BaseMouseListener:0.18166666666666667
BookmarkMenu:0.175
CommentEditPanel:0.17333333333333334
EfetchSequenceAdapter:0.17333333333333334
SortMouseListener:0.17166666666666666
CORBAAdapterGUI:0.15833333333333333
ExonSelectionListener:0.14833333333333334
TranscriptMenu:0.14666666666666667
AnnotationMenu:0.13666666666666666
SetDetailPanel:0.13
RightClickActionListener:0.12
CellRenderer:0.11416269841269842
EditMenu:0.11
TableSelector:0.08
TierMenu:0.07
CopyAction:0.024880952380952382
ApolloExonSelectionListener:0.006666666666666667
CopyMouseListener:0.0033333333333333335
