ISymmetricEngine:0.6633333333333333
AbstractSymmetricEngine:0.5033333333333333
RouterService:0.35
Statistic:0.24277777777777781
JobManager:0.2
NodeManagementService:0.16666666666666666
IRouterService:0.15833333333333333
IJobManager:0.013333333333333334
