Encoder:0.48
MatrixUtil:0.44333333333333336
Detector:0.2866666666666667
Code39Reader:0.21666666666666667
ContactEncoder:0.18333333333333332
ITFWriter:0.18
Code128Reader:0.17666666666666667
VCardResultParser:0.17333333333333334
