MockAclManager:0.51
SecurityContextImplTests:0.49666666666666665
MockPortResolver:0.4266666666666667
