VelocityManager:0.3233333333333333
FreemarkerManager:0.2966666666666667
Form:0.27
FormTagTest:0.27
StrutsConstants:0.14622222222222223
SettingsTest:0.13
