CommandThread:0.6366666666666667
MainWindowMenuHandler:0.38
EditorController:0.31
SearchThread:0.18666666666666668
