GreenLabPropertyFileReader:0.9
GreenLabGUI:0.3177777777777778
GreenLabGrowthSinkPanel:0.30666666666666664
GreenLabEnvironmentPanel:0.20666666666666667
