XContentBuilder:0.7333333333333333
XContentHelper:0.21333333333333335
MultiSearchRequest:0.2
StoredScriptSource:0.2
DecayFunctionBuilder:0.2
Script:0.19833333333333333
RestRequest:0.19333333333333333
BulkRequest:0.19111111111111112
PutMappingRequest:0.17666666666666667
RawTaskStatus:0.16833333333333333
JsonProcessor:0.16333333333333333
