CruiseControlLogFileFilter:0.5033333333333333
NavigationTag:0.42333333333333334
ReversedComparator:0.4033333333333333
XSLTag:0.36666666666666664
