Materialisation:0.7733333333333333
EquationSystem:0.49
TestMaterialisation:0.14666666666666667
