CAToken:0.43
KeyStoreTools:0.4166666666666667
PKCS11CryptoTokenTest:0.29
SoftCryptoTokenTest:0.2733333333333333
CryptoTokenTestBase:0.16333333333333333
