Project:0.6233333333333333
ProjectGUI:0.43
SimpleFilenameFilter:0.36333333333333334
