GrammarModel:0.54
AspectGraph:0.49333333333333335
SystemProperties:0.48
SimulatorModel:0.2966666666666667
HostModel:0.2966666666666667
Generator:0.29333333333333333
TypeModel:0.28
ReteNetworkTest:0.23
ExplorationTest:0.23
DefaultArchiveSystemStore:0.205
ControlModel:0.19
ShapeGenerator:0.18833333333333332
PatternGraphGenerator:0.18833333333333332
CompositeTypeModel:0.18333333333333332
CompositeControlModel:0.18166666666666667
RuleModel:0.17777777777777778
GraphBasedModel:0.17166666666666666
RuleApplicationTest:0.17
PutPropertiesEdit:0.14333333333333334
EnableUniqueAction:0.14
ResourceModel:0.14
Transform:0.13833333333333334
IOTest:0.13666666666666666
PrologTestUtil:0.135
PrologModel:0.12333333333333334
EncodedEnabledRule:0.11666666666666667
RefreshButton:0.11666666666666667
AntWorld:0.11
SaveGrammarAction:0.09333333333333334
ExplorationDialogAction:0.09333333333333334
ControlVariablesTest:0.08333333333333333
ControlAttributeParametersTest:0.08333333333333333
ControlGrammarsTest:0.08333333333333333
CalculatorSample:0.08
