Utils:0.5533333333333333
Message:0.43666666666666665
Sha256Hash:0.37666666666666665
Transaction:0.29833333333333334
ECKey:0.2833333333333333
TransactionOutput:0.28
UnknownMessage:0.27
ScriptChunk:0.22
BitcoinSerializer:0.21666666666666667
ECKeyTest:0.21333333333333335
PostgresFullPrunedBlockStore:0.21333333333333335
LazyParseByteCacheTest:0.20666666666666667
KeyChainGroup:0.20333333333333334
KeyCrypterScryptTest:0.18333333333333332
BitcoinSerializerTest:0.15333333333333332
AddressTest:0.14333333333333334
PeerAddressTest:0.12
