Util:0.5627777777777778
ControlEdge:0.4866666666666667
LabelValue:0.4066666666666667
CtrlJGraph:0.20666666666666667
