OAuthConfig:0.5133333333333333
OAuthConstants:0.45359523809523816
ServiceBuilder:0.3933333333333333
OAuthRequestAsync:0.2833333333333333
OAuthRequest:0.18333333333333332
