Label:0.7266666666666667
MainView:0.11666666666666667
TestView:0.11666666666666667
