Server:0.8333333333333334
ServerInitializationException:0.30666666666666664
