ReportView:0.62
Output:0.5396666666666667
ActionShow:0.29333333333333333
