Envelope:0.47333333333333333
DirectPosition:0.4066666666666667
