HttpTest:0.3433333333333333
NetClientOptions:0.31555555555555553
NetServerOptions:0.31555555555555553
HttpServerOptions:0.31555555555555553
HttpClientOptions:0.31555555555555553
NetTest:0.3
TCPOptions:0.26666666666666666
VertxHandler:0.26666666666666666
