Metadata:0.58
TransactionManager:0.49
MetadataManager:0.4533333333333333
AccessControlManager:0.29333333333333333
TestTransactionManager:0.2833333333333333
TransactionMetadata:0.24333333333333335
LocalQueryRunner:0.24
ConnectorManager:0.23333333333333334
ServerMainModule:0.21333333333333335
PrestoServer:0.20666666666666667
ColumnJdbcTable:0.15333333333333332
TableJdbcTable:0.14333333333333334
SchemaJdbcTable:0.13666666666666666
TestAccessControlManager:0.105
CatalogSystemTable:0.07333333333333333
CatalogJdbcTable:0.05
CatalogAccessControlEntry:0.04666666666666667
