TasksTree:0.37666666666666665
MainMenuBar:0.30333333333333334
ImportFromCSVDialog:0.26
TaskTreeTransferHandler:0.20555555555555557
ExportToICALDialog:0.13
TasksInterface:0.09916666666666667
StringUtils:0.07333333333333333
ImportFromCSVAction:0.03666666666666667
ExportToICALAction:0.02
