NearCache:0.65
AbstractNearCacheRecordStore:0.48333333333333334
NearCacheRecord:0.4074444444444445
DefaultNearCache:0.29
AbstractNearCacheRecord:0.25
NearCacheRecordStore:0.2172777777777778
DefaultNearCacheManager:0.18
