GenbankAdapter:0.6933333333333334
GenericAnnotation:0.38666666666666666
