ApprovalDataVOView:0.8166666666666667
ActivateCATokenApprovalRequest:0.41444444444444445
