InternalResourceGroup:0.5133333333333333
ResourceGroupInfo:0.4066666666666667
QueryStateInfo:0.30333333333333334
NoOpResourceGroupManager:0.2633333333333333
InternalResourceGroupManager:0.23
ResourceGroupManager:0.18066666666666667
QueryStateInfoResource:0.15333333333333332
TestResourceGroupIntegration:0.12
