Origin:0.63
DefaultOrigin:0.2866666666666667
ActionSave:0.27694444444444444
ZipOrigin:0.24
FileBean:0.19138888888888891
ActionExit:0.16777777777777778
