GwtTeamingMessages:0.31666666666666665
GwtServerHelper:0.29333333333333333
BlogFolderView:0.24333333333333335
GwtRpcServiceImpl:0.23111111111111116
BlogArchiveCtrl:0.18666666666666668
BlogArchiveMonth:0.18333333333333332
BlogArchiveInfo:0.12
GwtBlogHelper:0.08666666666666667
BlogArchiveFolder:0.07666666666666666
GetBlogArchiveInfoCmd:0.04666666666666667
