CalendarBrowser:0.5666666666666667
SetDatetimeAction:0.24
SelectionListener:0.24
CellSelected:0.19333333333333333
