Renderer2D:0.42
SmilesGenerator:0.37333333333333335
ConnectivityCheckerTest:0.30333333333333334
ConnectivityChecker:0.275
