NodeGroupLink:0.52
INodeService:0.31916666666666665
NodeService:0.31333333333333335
ConfigurationService:0.2962222222222222
MockNodeService:0.23333333333333334
TriggerRouterService:0.22
RouterService:0.21
NodeGroupLinkMapper:0.10527777777777779
