HasChildQueryBuilder:0.5466666666666666
ChildQuerySearchIT:0.4266666666666667
LateParsingQuery:0.34
HasParentQueryBuilder:0.33666666666666667
