ActionTransitionCriteria:0.5933333333333334
ActionTransitionCriteriaTests:0.39666666666666667
