UdpTransport:0.24
DriverConductorTest:0.24
DriverConnection:0.23333333333333334
Receiver:0.22666666666666666
DriverConductor:0.22
ReceiverTest:0.19666666666666666
DriverPublication:0.19666666666666666
CreateConnectionCmd:0.13333333333333333
ConnectionDispatcher:0.13
ReceiverProxy:0.11666666666666667
AddSubscriptionCmd:0.1
RemoveSubscriptionCmd:0.1
NewConnectionCmd:0.09
RegisterReceiverChannelEndpointCmd:0.08
DriverConductorProxy:0.01
