EMPIAdapter:0.30333333333333334
EMPINotification:0.24333333333333335
