SplitSource:0.6422777777777777
SqlStageExecution:0.435
HiveSplitSourceProvider:0.25
SampledSplitSource:0.23
ConnectorAwareSplitSource:0.21
HiveSplitSource:0.19666666666666666
FixedSplitSource:0.09166666666666666
ConnectorSplitSource:0.013333333333333334
