Jedis:0.87
BinaryJedis:0.5533333333333333
JedisPool:0.31333333333333335
JedisPoolTest:0.17333333333333334
JedisTest:0.13
