CompensatingTransactionOperationManager:0.5264444444444445
LdapCompensatingTransactionOperationFactoryTest:0.30333333333333334
LdapUtils:0.26
DirContextHolder:0.23666666666666666
ContextSourceTransactionManagerTest:0.19666666666666666
LdapCompensatingTransactionOperationFactory:0.16666666666666666
UnbindOperationRecorder:0.15666666666666668
RebindOperationRecorder:0.15666666666666668
ContextSourceTransactionManager:0.1561111111111111
UnbindOperationRecorderTest:0.12333333333333334
RebindOperationRecorderTest:0.12333333333333334
TransactionAwareDirContextInvocationHandler:0.08333333333333333
DefaultCompensatingTransactionOperationManagerTest:0.06333333333333334
DefaultCompensatingTransactionOperationManager:0.023333333333333334
