DBApiLayer:0.48
DBMessage:0.47333333333333333
MyCollection:0.3325
DBPort:0.31333333333333335
DBConnector:0.308
DBTCPConnector:0.2733333333333333
ByteDecoder:0.25666666666666665
QueryHeader:0.21944444444444447
Result:0.18444444444444444
DBCursorTest:0.1161111111111111
