LocalClassMetadata:0.7333333333333333
LocalClassMetadataLight:0.69
CommunicationsStub:0.43
LocalClassMetadataImpl:0.2866666666666667
Cache:0.26666666666666666
LocalClassMetadataLightImpl:0.24
LocalTransientQuery:0.20444444444444446
AuthenticationPanel:0.20333333333333334
UserProperty:0.15333333333333332
GroupNode:0.14333333333333334
ClassManagerService:0.13
Create:0.11
HierarchyCustomizerService:0.10666666666666667
AttributeCustomizerService:0.07666666666666666
