PolicyEnforcementPoint:0.6666666666666666
ContextAttributeFinderModule:0.43333333333333335
