Action:0.42333333333333334
PublishClusterStateAction:0.27666666666666667
ZenDiscovery:0.2733333333333333
PendingClusterStatesQueueTests:0.24
TransportReplicationAction:0.23333333333333334
SendingController:0.225
DiscoveryWithServiceDisruptionsIT:0.21
PublishClusterStateActionTests:0.20666666666666667
ClusterService:0.20666666666666667
ShardStateAction:0.13333333333333333
PrimaryPhase:0.13333333333333333
ZenDiscoveryUnitTests:0.11333333333333333
MockPublishAction:0.03666666666666667
