SeedListTest:0.8633333333333333
SeedIterator:0.5933333333333334
