MvcViewTests:0.7633333333333333
DefaultExpressionParserFactoryTests:0.37726190476190474
