MainWindow:0.706111111111111
ScenarioConfigEditorFX:0.6877777777777778
