HttpSecurityConfigPostProcessor:0.37666666666666665
ConfigUtils:0.3466666666666667
HttpSecurityBeanDefinitionParser:0.2733333333333333
InterceptMethodsBeanDefinitionDecorator:0.24
SecurityNamespaceHandler:0.18
MethodSecurityConfigPostProcessor:0.16
InternalInterceptMethodsBeanDefinitionDecorator:0.09333333333333334
