ClearScrollResponse:0.5533333333333333
SearchScrollTests:0.25666666666666665
SearchFreeContextResponse:0.24666666666666667
SearchService:0.24333333333333335
SearchFreeContextTransportHandler:0.188
SearchServiceTransportAction:0.18666666666666668
Async:0.16
RestClearScrollAction:0.13333333333333333
