CruiseControlTagSupport:0.6795555555555556
XSLTag:0.5422222222222223
