SparkUtils:0.5966666666666667
SparkDl4jMultiLayer:0.36333333333333334
SparkComputationGraph:0.33
