Protocol:0.8133333333333334
AbstractProtocol:0.3433333333333333
AbstractPropertyClient:0.29333333333333333
PropertyClient:0.265
