ExtendRecordingTest:0.48
PublicationParams:0.4716666666666667
BasicArchiveTest:0.3933333333333333
