RmiSWTWorkbenchBot:0.5233333333333333
IEclipseBasicObject:0.4506746031746032
IEclipseWindowObject:0.43011904761904757
IRmiSWTWorkbenchBot:0.4197619047619048
IProgressViewObject:0.3817857142857143
SarosRmiSWTWorkbenchBot:0.31333333333333335
Musician:0.2818333333333333
EclipseWindowObject:0.27
ISarosRmiSWTWorkbenchBot:0.26
TestBasicSarosElements:0.18666666666666668
TestSVN:0.16666666666666666
TestCreatingNewFile:0.15333333333333332
TestParallelInvitationWithTerminationByInvitees:0.13666666666666666
TestDriverChangeAndImmediateWrite:0.13
TestChatViewFunctions:0.13
TestShare2UsersSequentially:0.13
TestParallelInvitationWithTerminationByHost:0.11666666666666667
StartupSaros:0.11
ProgressViewObject:0.10333333333333333
EclipseBasicObject:0.06333333333333334
HelperObject:0.06
EclipseObject:0.01
