CRSValidator:0.4583333333333333
ReportEntry:0.38666666666666666
PJFactory:0.3088888888888889
