Subject:0.4766666666666667
DeviceInfo:0.32666666666666666
SubjectBuilder:0.2966666666666667
HL7V3MessageBuilderHelper:0.2833333333333333
SubjectIdentifier:0.17333333333333334
PRPA_IN201309UV02_Message_Builder:0.12666666666666668
PIXManagerClient:0.043333333333333335
