KerasBatchNormalization:0.3566666666666667
KerasDense:0.18666666666666668
KerasReshape:0.18666666666666668
KerasPooling2D:0.17666666666666667
KerasPooling1D:0.17666666666666667
