X_I_BOE:0.5366666666666666
X_C_BOE:0.44899999999999995
MBOE:0.42333333333333334
X_C_BOEGroup:0.27666666666666667
ImportBillOfExchange:0.15
