DependencyUtils:0.3566666666666667
MethodBeanWrapper:0.2966666666666667
DefaultConfigurationListenerRegistry:0.27
ProxyHelper:0.1
