MetaData:0.46888888888888897
IndicesAdminClient:0.37
RestGetMappingAction:0.16
RestGetWarmerAction:0.15333333333333332
SimpleDeleteMappingTests:0.14
AbstractIndicesAdminClient:0.12
Regex:0.09682539682539683
SimpleIndicesWarmerTests:0.08333333333333333
ActionModule:0.07333333333333333
