ApacheAsyncHttpProvider:0.6350000000000001
AsyncHttpUrlConnection:0.4266666666666667
ApacheClientRunnable:0.30333333333333334
