Utils:0.8516666666666667
EmailSenderBean:0.17666666666666667
