IsotopeFactory:0.33666666666666667
IUPACNameGenerator:0.31666666666666665
AtomPlacer:0.28
MFAnalyser:0.26666666666666666
AtomTypeFactory:0.26666666666666666
StructureDiagramGenerator:0.26
UniversalIsomorphismTester:0.26
ModelBuilder3D:0.25333333333333335
GeometricMinimizer:0.25
PMPReader:0.24333333333333335
SVGWriter:0.24
AllRingsFinder:0.24
AtomContainerManipulator:0.2363888888888889
JChemPaintEditorPanel:0.235
JChemPaintPanel:0.23166666666666666
AtomContainerTest:0.2086111111111111
ElectronImpactPDBReaction:0.20166666666666666
RearrangementCation1Reaction:0.20166666666666666
RearrangementCation2Reaction:0.20166666666666666
RearrangementRadical3Reaction:0.20166666666666666
RearrangementRadical1Reaction:0.20166666666666666
RearrangementAnion3Reaction:0.20166666666666666
RearrangementAnion2Reaction:0.20166666666666666
RearrangementRadical2Reaction:0.20166666666666666
VicinitySampler:0.20166666666666666
RearrangementAnion1Reaction:0.20166666666666666
ElectronImpactNBEReaction:0.20166666666666666
RearrangementCation3Reaction:0.20166666666666666
ElementPTFactory:0.20166666666666666
RandomGenerator:0.18333333333333332
RandomStructureGeneratorTest:0.18333333333333332
VicinitySamplerTest:0.18333333333333332
AtomContainerBondPermutor:0.13666666666666666
AdjacencyMatrixTools:0.13666666666666666
CreateReactionAction:0.13
ProteinBuilderTool:0.13
AtomContainerAtomPermutor:0.12666666666666668
SubstructureFingerprinter:0.08
