Installer:0.7
Column:0.45
InstallerWebappTest:0.21666666666666667
InstallerDBTest:0.21333333333333335
