HtmlButton2Test:0.4502777777777777
HTMLButtonElement:0.39666666666666667
HTMLButtonElementTest:0.2833333333333333
