AbstractConnectionModel:0.5233333333333333
ReactionEditor:0.42
MyAbstractObjectEditPart:0.21333333333333335
ReactionMultiPageEditor:0.21
MyAbstractConnectionEditPart:0.15666666666666668
ReactionOutLinePage:0.11944444444444442
MyEditPartFactory:0.08666666666666667
