SimpleAlertStep:0.35333333333333333
HopSymbolTableWalker:0.3466666666666667
StepFactory:0.33666666666666667
AbstractVirtualMachine:0.3
AlertStep:0.27133333333333337
ExceptionsTester:0.25
HopVirtualMachine:0.20666666666666667
DFA50:0.11577777777777779
DFA61:0.11577777777777779
