Content:0.4633333333333333
FeedViewer:0.19666666666666666
MButton:0.19666666666666666
MTextPane:0.19333333333333333
MURLButton:0.17833333333333334
MTextArea:0.15
NoteWidget:0.13333333333333333
DayButton:0.12666666666666668
MenuButton:0.12
MToggleButton:0.11666666666666667
MSmallButton:0.11
StyleButton:0.10666666666666667
