ProxettaAsmUtil:0.5733333333333334
IntArgHistoryMethodAdapter:0.43
ProxyTarget:0.33666666666666667
ProxyTargetReplacement:0.25666666666666665
ProxettaMethodBuilder:0.22
