EliminatePhiNodes:0.41333333333333333
TypeInference:0.39666666666666667
PostTypeInference:0.38
