WeightInitUtil:0.7033333333333334
DefaultParamInitializer:0.32666666666666666
