ProblemCVC3:0.9266666666666666
NativeInterface:0.6066666666666667
DPFactory:0.26
SymbolicConstraintsGeneral:0.24333333333333335
