ClientAdminThread:0.38666666666666666
LibraryFacade:0.285
MediaDriverFacade:0.285
ReceiverThread:0.28488888888888897
Aeron:0.27
ReceiverThreadCursor:0.2633333333333333
ClientAdminThreadCursor:0.25666666666666665
MediaDriverAdminThread:0.24333333333333335
AeronTest:0.21666666666666667
AdminErrorHandler:0.18833333333333332
UnicastTest:0.18333333333333332
UnicastReceiverTest:0.16
ControlProtocolEvents:0.0
