Queries:0.5033333333333333
QueryTest:0.4583333333333333
ContainerBuilder:0.45666666666666667
ProxyFactoryTest:0.18666666666666668
IntegrationTest:0.14
DefaultSourceProvider:0.043333333333333335
