CircdnaWS:0.15666666666666668
ProdivWS:0.12333333333333334
ClustalwAtEBI:0.12333333333333334
ClustalwLocal:0.09333333333333334
bogusActiveSite:0.09333333333333334
Smi23D:0.09333333333333334
EinvertWS:0.09333333333333334
ArrayExpress:0.07
Intact:0.07
BrunnDatabaseType:0.07
Genbank:0.07
