MetadataEntityManagerImpl:0.58
BusinessEntityManagerRemote:0.4442619047619048
BusinessEntityManagerImpl:0.2733333333333333
