ProcessCache:0.6866666666666666
MultiInstanceDialog:0.44666666666666666
SubprocessDialog:0.39666666666666667
