Mango:0.7166666666666667
MangoInstruction:0.34
ACATCHHANDLER:0.3233333333333333
InvocationUtil:0.31
INVOKEINTERFACE:0.25
ATHROWCREATOR:0.23
INVOKECLINIT:0.18
INVOKESTATIC:0.17111111111111113
MangoInvokeInstruction:0.16666666666666666
INVOKESPECIAL:0.14
INVOKEVIRTUAL:0.14
