DataProviderParserHandler:0.5633333333333334
DataProviderHandler:0.40797222222222224
DefaultHandler:0.31333333333333335
