DefaultAuthorization:0.53
ResourceIndexModule:0.47333333333333333
Parameterized:0.25666666666666665
Configuration:0.23666666666666666
Constants:0.06333333333333334
