ICacheRecordStore:0.75
AbstractCacheRecordStore:0.62
CachePutBackupOperation:0.2633333333333333
CachePutAllBackupOperation:0.22333333333333333
