QueryPlanner:0.31333333333333335
Analysis:0.31333333333333335
Rewriter:0.30333333333333334
FunctionRegistry:0.3
DefaultTraversalVisitor:0.29333333333333333
TestAnalyzer:0.29333333333333333
Formatter:0.29
TestSqlParser:0.2866666666666667
AstBuilder:0.2833333333333333
Analyzer:0.28
RewritingVisitor:0.2733333333333333
ExpressionRewriter:0.23333333333333334
AstVisitor:0.23
SymbolAllocator:0.21333333333333335
Visitor:0.20333333333333334
AbstractTestQueries:0.14333333333333334
