OperatorContext:0.57
DriverContext:0.30666666666666664
Driver:0.25666666666666665
PipelineContext:0.24
TopNBuilder:0.2
TaskContext:0.17333333333333334
GroupByHashAggregationBuilder:0.14666666666666667
