TransportSQLActionTest:0.6766666666666666
InsertVisitor:0.4
TableExecutionContext:0.30333333333333334
