ReflectiveConfigurationParser:0.43666666666666665
ConfigurationParserTests:0.39
CircularImportException:0.29
AsmConfigurationParser:0.20333333333333334
CircularImportDetectionTests:0.05
ReflectiveConfigurationParserTests:0.016666666666666666
ReflectiveCircularImportDetectionTests:0.016666666666666666
AsmCircularImportDetectionTests:0.016666666666666666
AsmConfigurationParserTests:0.016666666666666666
