OutputBuffer:0.5088888888888888
ServerAddress:0.425
DBPortPool:0.30833333333333335
