EmitUtils:0.51
Constants:0.4976111111111112
Enhancer:0.3933333333333333
Generator:0.31
KeyFactory:0.18333333333333332
EnhancerKey:0.1162777777777778
ClassesKey:0.1
