AuditEntitiesConfiguration:0.4266666666666667
Tools:0.36333333333333334
GlobalConfiguration:0.25666666666666665
