MockMvcRequestSpecificationImpl:0.5666666666666667
MockMvcRequestSenderImpl:0.5233333333333333
MockMvcRequestSpecification:0.35
