RequestEntity:0.57
Part:0.5433333333333333
MultipartBody:0.5166666666666667
MultipartRequestEntity:0.33666666666666667
MultipartBodyTest:0.1877777777777778
NettyMultipartBody:0.17666666666666667
PartsBodyHandler:0.17333333333333334
