AllAPITests:0.5966666666666667
METSFedoraExtDOSerializer:0.5033333333333333
