MatchResult:0.5133333333333333
PathMatcherServerWebExchangeMatcherTests:0.31333333333333335
ServerWebExchangeMatchersTests:0.27666666666666667
DelegatingReactiveAuthorizationManager:0.1868888888888889
OrServerWebExchangeMatcherTests:0.18333333333333332
AndServerWebExchangeMatcherTests:0.17666666666666667
ServerWebExchangeMatchers:0.14
