Log4J:0.5833333333333334
Server:0.4533333333333333
Administrator:0.43333333333333335
