JsonObject:0.5766666666666667
JsonArray:0.5366666666666666
BufferImpl:0.33666666666666667
Json:0.30666666666666664
