DriverProxy:0.5016666666666667
Counter:0.36333333333333334
ClientConductor:0.32
DriverConductorTest:0.22666666666666666
