Controller:0.5547222222222222
ControllerTest:0.38333333333333336
