PeakContentProvider:0.5322222222222223
PeakView:0.5111111111111111
