Principal:0.5033333333333333
User:0.4533333333333333
IPrincipal:0.44484523809523807
ProfileDao:0.3584285714285714
BinderModuleImpl:0.3566666666666667
ProfileDaoImpl:0.22666666666666666
Application:0.2253333333333333
IndividualPrincipal:0.21888888888888886
