Crystal:0.5233333333333333
CMLWriter:0.5166666666666667
