RearrangementRadical3Reaction:0.25333333333333335
ElectronImpactSDBReaction:0.21666666666666667
BreakingBondReaction:0.21
DisplacementChargeFromDonorReaction:0.16666666666666666
RadicalSiteInitiationReaction:0.155
ElectronImpactPDBReaction:0.15333333333333332
HydrogenRearrangementGammaReaction:0.1388888888888889
RadicalSiteInitiationHReaction:0.1388888888888889
CarbonylEliminationReaction:0.1388888888888889
CleavageBondReaction:0.12666666666666668
RearrangementAnion3Reaction:0.12666666666666668
RearrangementAnion2Reaction:0.12666666666666668
RearrangementRadical2Reaction:0.12666666666666668
RearrangementAnion1Reaction:0.12666666666666668
HyperconjugationReaction:0.12666666666666668
ElectronImpactNBEReaction:0.12666666666666668
RearrangementCation1Reaction:0.12666666666666668
RearrangementCation2Reaction:0.12666666666666668
HydrogenRearrangementDeltaReaction:0.12666666666666668
RearrangementCation3Reaction:0.12666666666666668
DisplacementChargeFromAcceptorReaction:0.12666666666666668
