Simple:0.5333333333333333
AbstractDynamicTypeBuilderForInliningTest:0.43666666666666665
Compound:0.3433333333333333
AbstractDynamicTypeBuilderTest:0.2833333333333333
MethodTransformerSimpleTest:0.18333333333333332
