AbstractEdge:0.5127777777777777
SwingDeltaGraph:0.47333333333333333
AbstractBinaryEdge:0.4066666666666667
