User:0.44666666666666666
ProfileModuleImpl:0.29333333333333333
ObjectKeys:0.2911111111111111
AbstractZoneModule:0.24666666666666667
AccessControlManagerImpl:0.21666666666666667
ProfileDaoImpl:0.21666666666666667
QueryBuilder:0.18666666666666668
