ShadowView:0.54
ResourceLoader:0.46166666666666667
RoboAttributeSetTest:0.3466666666666667
ShadowResources:0.30666666666666664
