SearchQueryIT:0.5183333333333333
IndexShardTests:0.2833333333333333
DiscoveryService:0.26133333333333336
SortedSetDVOrdinalsIndexFieldData:0.21666666666666667
AbstractIndexOrdinalsFieldData:0.21666666666666667
