CAAdminSessionBean:0.3961111111111111
CmsCAService:0.38666666666666666
CmsCAServiceTest:0.36
CaTestCase:0.27666666666666667
GlobalConfigurationSessionBeanTest:0.26666666666666666
