FileAppenderFactory:0.4866666666666667
AbstractServerFactory:0.48333333333333334
FileAppenderFactoryTest:0.30666666666666664
ExecutorServiceBuilder:0.2833333333333333
