TransportSQLActionTest:0.6838888888888889
TestStatementBuilder:0.4533333333333333
AstVisitor:0.36
