Harvester:0.6633333333333333
CGPHarvester:0.33666666666666667
CGPResult:0.02
