S:0.9466666666666667
State:0.5933333333333334
Errors:0.41333333333333333
K0:0.3272804232804233
I0:0.3272804232804233
J0:0.3272804232804233
InjectorImpl:0.2866666666666667
Scoping:0.28
K1:0.27051984126984113
K2:0.27051984126984113
I1:0.27051984126984113
I2:0.27051984126984113
J1:0.27051984126984113
J2:0.27051984126984113
ScopesTest:0.27
InheritingState:0.20666666666666667
ConstructorBindingImpl:0.19333333333333333
Factory:0.18666666666666668
ConstructionContext:0.17333333333333334
InternalContext:0.15666666666666668
BindingProcessor:0.14
ProvidedByInternalFactory:0.11333333333333333
BoundProviderFactory:0.10666666666666667
DelegatingInvocationHandler:0.09
SBarrierProvider:0.09
SingletonScope:0.08666666666666667
ConstructorInjector:0.08666666666666667
InternalFactoryToInitializableAdapter:0.06666666666666667
ProviderInternalFactory:0.04666666666666667
GImpl:0.0025
HImpl:0.0025
