FileAnalyzer:0.7041666666666667
TextAnalyzer:0.2866666666666667
