NewMoleculeFromSMILESWizard:0.7666666666666667
NewMoleculeWizard:0.43444444444444436
