TypeDescriptor:0.35333333333333333
ExpressionValue:0.35
TypeChecker:0.32666666666666666
CallStep:0.26666666666666666
HopCompilerObjectVariable:0.18666666666666668
MoveNullToObjectVariableStep:0.07333333333333333
MoveNullToObjectVariableLocalStep:0.0
