KeyTools:0.6833333333333333
SigningEntityContainer:0.37666666666666665
KeyToolsTest:0.34
SessionData:0.28
StandAloneSession:0.27666666666666667
