ObjectNode:0.6166666666666667
GISViewScene:0.23333333333333334
SpecialChildrenTopComponent:0.19944444444444445
SpecialRelationshipsTopComponent:0.19944444444444445
ObjectNodeProperty:0.16666666666666666
GISViewService:0.14666666666666667
CreateSpecialBusinessObjectAction:0.13
