LwjglTexture:0.5933333333333334
LwjglGraphics:0.44333333333333336
MathUtils:0.26666666666666666
