ComponentRecorder:0.7433333333333333
AbstractSemanticRecorderTest:0.5266666666666666
