RubyCompletionProcessor:0.5633888888888888
RdtUiPlugin:0.5057222222222222
