Sequence:0.5266666666666666
FileAssociation:0.49333333333333335
