STLObject:0.5433333333333333
RepRapBuild:0.44333333333333336
MaterialRadioButtons:0.36666666666666664
Main:0.31333333333333335
