ValidationAction:0.7386666666666667
LongRangeFieldValidator:0.4666666666666667
