SimpleDASDsn:0.39
DAS2Adapter:0.38666666666666666
DAS2AdapterGUI:0.37
SourceParser:0.32
SimpleDASSegment:0.27777777777777773
DAS2Request:0.2633333333333333
SegmentParser:0.25166666666666665
DAS2FeatureSaxParser:0.2361111111111111
HistoryListener:0.1841666666666667
