AuthorizeTagTests:0.49
HttpRequestIntegrationFilter:0.36833333333333335
AuthenticationSimpleHttpInvokerRequestExecutor:0.27166666666666667
