CruiseControlTagSupport:0.9133333333333333
CruiseControlTagSupportTest:0.18666666666666668
