Converter:0.46
JAttr:0.3233333333333333
GraphJModel:0.29333333333333333
JGraph:0.29
GraphJVertex:0.29
HTMLTag:0.23
JEdge:0.22666666666666666
MyRenderer:0.21666666666666667
AspectJModel:0.20666666666666667
LTSJModel:0.19476190476190477
TransitionJEdge:0.17833333333333334
StateJVertex:0.15
