Validator:0.8233333333333334
CustomViewDataAdapterActivity:0.38
CustomViewDataAdapterTest:0.2833333333333333
Constants:0.02
