Node:0.4266666666666667
HTMLElement:0.41555555555555557
EventTarget:0.37666666666666665
