PatientBean:0.6625
PatientIdentifier:0.36333333333333334
StudyBean:0.35333333333333333
GspsBean:0.25
