XDSbRepositoryService:0.5333333333333333
Document:0.33666666666666667
DataHandlerWriter:0.23333333333333334
XDSDocumentWriterFactory:0.16666666666666666
