PolygonBuilder:0.74
MultiPolygonBuilder:0.4033333333333333
AbstractShapeBuilderTestCase:0.24
PolygonBuilderTests:0.18666666666666668
