RobolectricTestRunner:0.53
ShadowActivity:0.46
ApplicationResolver:0.2866666666666667
TestRunnerSequenceTest:0.11333333333333333
RealApisWithoutDefaults:0.06
