MetadataEntityManagerImpl:0.69
ApplicationEntityManagerImpl:0.5280555555555555
Main:0.24666666666666667
