AbstractPatternGraph:0.43666666666666665
TypeGraph:0.37
PatternFactory:0.3233333333333333
Match:0.31
PatternRule:0.28
PatternGraph:0.23
Matcher:0.15833333333333333
PatternRuleGraph:0.02666666666666667
