Activator:0.7066666666666667
IBioclipseJSManager:0.4592619047619047
StructuredbManagerFactory:0.24333333333333335
IJSStructuredbManager:0.13166666666666665
