FlowExecutorFactoryBean:0.3521666666666667
FlowExecutionContinuationFactory:0.25583333333333336
AbstractFlowExecutionContinuationRepository:0.25333333333333335
AbstractFlowExecutionRepository:0.25333333333333335
WebFlowConfigNamespaceHandlerTests:0.22333333333333333
FlowExecutionContinuationGroup:0.17333333333333334
FlowExecutorFactoryBeanTests:0.14666666666666667
ClientContinuationFlowExecutionRepositoryTests:0.14333333333333334
SerializedFlowExecutionContinuationFactory:0.11333333333333333
DefaultFlowExecutionRepository:0.05
ClientFlowExecutionRepository:0.021111111111111112
