UndoManager:0.6
JEditBuffer:0.5733333333333334
BufferSaveRequest:0.2783333333333333
