Schedule:0.6433333333333333
CoreDaoImpl:0.4266666666666667
AdminModule:0.38
EmailPosting:0.37
AdminModuleImpl:0.18666666666666668
ViewController:0.18
DefaultEmailPosting:0.08333333333333333
ScheduleInfo:0.06333333333333334
ConfigurePostingJobController:0.02744444444444444
ConfigurePostingController:0.016666666666666666
WebKeys:0.0033333333333333335
