TestBroadcastOutputBuffer:0.47333333333333333
TestPartitionedOutputBuffer:0.45
TestArbitraryOutputBuffer:0.4033333333333333
TestClientBuffer:0.31
