FeatureSet:0.68
SeqAlignPanel:0.5
NavClickListener:0.25666666666666665
BaseMouseListener:0.20666666666666667
FindDialog:0.17333333333333334
