ClassWriter:0.5966666666666667
JavaWriter:0.5266666666666666
Snippet:0.33
JavaWriterTest:0.24333333333333335
