CorsRegexIT:0.37
ContextAndHeaderTransportIT:0.30666666666666664
NettyHttpCompressionIT:0.22333333333333333
RestMainActionIT:0.17666666666666667
CorsNotSetIT:0.17666666666666667
ResponseHeaderPluginIT:0.15
