RubyEditor:0.52
RubyEditorMessages:0.45166666666666666
IRubyFoldingStructureProviderExtension:0.3688888888888889
RubyEditorActionContributor:0.30666666666666664
FoldingActionGroup:0.3
DefaultRubyFoldingStructureProvider:0.19666666666666666
Filter:0.15276190476190485
FoldingMessages:0.09666666666666666
IRubyEditorActionDefinitionIds:0.08333333333333333
RubyElementSetFilter:0.03333333333333333
