BSpline:0.39666666666666667
Matrix4:0.37666666666666665
AndroidLiveWallpaper:0.34
Quaternion:0.31333333333333335
World:0.29333333333333333
Bezier:0.27949999999999997
BitmapFontTest:0.26666666666666666
Contact:0.26666666666666666
EarClippingTriangulator:0.24666666666666667
EdgeShape:0.23
GwtControllers:0.19666666666666666
TextureAttribute:0.19
MotorJoint:0.18
WorldManifold:0.10822222222222223
LwjglDebugStarter:0.09333333333333334
Ouya:0.0
