SampleApplication:0.6733333333333333
MviBasePresenter:0.6333333333333333
