DataTypeTests:0.44666666666666666
RenderAndBindTests:0.26
DefaultBindContext:0.15666666666666668
CurrentTimestamp:0.13666666666666666
CurrentTime:0.13666666666666666
