ArgType:0.5366666666666666
ClspGraph:0.36333333333333334
InsnArg:0.23666666666666666
LocalVar:0.18
GenericObject:0.15666666666666668
WildcardType:0.14166666666666666
TestSignatureParser:0.14
CheckRegions:0.1
