Pong:0.6333333333333333
Peer:0.6
PeerGroup:0.5766666666666667
PeerGroupTest:0.22
TestWithNetworkConnections:0.18
FakeChannel:0.11944444444444442
PeerMonitor:0.09777777777777777
