ParamWrapper:0.7566666666666667
ApiParamWrapper:0.36333333333333334
ApiImplicitParamWrapper:0.36333333333333334
ParameterProcessor:0.27
