ExternalResource:0.6533333333333333
ClassPathResourceHandler:0.4066666666666667
SparkFilter:0.38333333333333336
ExternalResourceHandler:0.37
