Element:0.38333333333333336
Tag:0.3433333333333333
HtmlParserTest:0.30666666666666664
Attributes:0.2915555555555555
Attribute:0.22
ElementTest:0.17333333333333334
AttributeParseTest:0.06333333333333334
