MessageTransport:0.92
ExternalConfigManager:0.33666666666666667
RESTServices:0.1577777777777778
