AbstractScopedSettings:0.39
SettingsUpdater:0.30666666666666664
MetaDataUpdateSettingsService:0.29
UpdateSettingsIT:0.21666666666666667
