Interpreter:0.7266666666666667
TimeoutHandler:0.3466666666666667
ResponseReceiver:0.30333333333333334
