AbstractJChemPaintPanel:0.7282777777777778
JChemPaintPanel:0.6466666666666666
