OracleDbSupport:0.45666666666666667
PostgreSQLDbSupport:0.4
H2MigrationMediumTest:0.15333333333333332
MigrationTestCase:0.09333333333333334
HsqlMigrationMediumTest:0.05333333333333334
