CommonFixedMonthChronology:0.47
CopticChronology:0.41
ChronologyType:0.41
TestEthiopicChronology:0.36
EthiopicChronology:0.3
TestChronologyType:0.21333333333333335
TestCopticChronology:0.20400000000000001
TestAll:0.18333333333333332
StandardChronologyType:0.15
BasicFixedMonthOfYearDateTimeField:0.03
