JMXBuildAgentUtility:0.7533333333333333
JMXBuildAgentUtilityMBean:0.6666666666666666
JMXBuildAgentUtilityTest:0.19
JMXBuildAgentUtilityMBeanDescription:0.17
