ReplicatedRecordStore:0.6566666666666666
ReplicatedRecord:0.45666666666666667
ReplicationPublisher:0.28
AbstractBaseReplicatedRecordStore:0.25333333333333335
ReplicatedMapService:0.23
AbstractReplicatedRecordStore:0.20333333333333334
ReplicatedMapEvictionProcessor:0.13666666666666666
DataReplicatedRecordStore:0.09666666666666666
ObjectReplicatedRecordStorage:0.09
RemoteProvisionTask:0.075
