XEGNode:0.6483333333333333
XEGImport:0.4533333333333333
XEGScaleClass:0.19527777777777777
