Wallet:0.6033333333333334
SendRequest:0.36611111111111116
WalletTool:0.29333333333333333
WalletTest:0.27666666666666667
