CSSStyleDeclaration:0.5966666666666667
CSSStyleDeclarationTest:0.32666666666666666
Stylesheet:0.26666666666666666
Window:0.25
SimpleScriptableTest:0.21333333333333335
WindowTest:0.16333333333333333
ComputedCSSStyleDeclaration:0.13333333333333333
