TestHTTPStatusCodes:0.6866666666666666
TestHTTPStatusCodesConfigA:0.4033333333333333
RISearchServlet:0.31777777777777777
AllSystemTestsConfigA:0.19333333333333333
