SeleniumManager:0.6866666666666666
AbstractSeleniumTestCase:0.23
ForgotPasswordSeleniumIT:0.18666666666666668
EditIssueSeleniumIT:0.16666666666666666
ViewProjectListSeleniumIT:0.10666666666666667
CreateIssueSeleniumIT:0.10666666666666667
ViewIssueSeleniumIT:0.10666666666666667
LoginSeleniumIT:0.10666666666666667
ViewProjectIssueListSeleniumIT:0.10666666666666667
ViewPortalHomeSeleniumIT:0.1
LogoutSeleniumIT:0.1
