ArticleProcessor:0.5066666666666667
ArticleAddValidation:0.4928333333333333
NotificationProcessor:0.4766666666666667
