StackFrame:0.6
MJIEnv:0.37666666666666665
NativePeer:0.33666666666666667
InvokeListener:0.3027420634920635
IntListener:0.2111111111111111
DoubleListener:0.2111111111111111
InvokeInstruction:0.20666666666666667
TestAttrs:0.18666666666666668
TestAttrsJPF:0.10333333333333333
