Advapi32UtilTest:0.4
Secur32Test:0.3877777777777778
SecBuffer:0.27
DirectTestLibrary:0.23666666666666666
Secur32:0.23
SecBufferDesc:0.21777777777777782
Netapi32UtilTest:0.21333333333333335
Shell32Test:0.17527777777777778
VersionTest:0.1605
