MustacheScriptEngine:0.62
MustacheTests:0.3516666666666667
MustacheScriptEngineTests:0.27
TransportSearchTemplateAction:0.18
CustomMustacheFactoryTests:0.15666666666666668
PhraseSuggester:0.15
DummyTemplateScriptEngine:0.14
InternalTemplateService:0.13666666666666666
