Contract:0.73
ContractVerifier:0.32666666666666666
TestContracts:0.25666666666666665
