AlwaysAllowLocalAuthenticationToken:0.5366666666666666
TestAlwaysAllowLocalAuthenticationToken:0.36666666666666664
AccessMatchValuePlugin:0.15694444444444444
AccessMatchValue:0.11833333333333333
