TestNodeRegistry:0.43
MockConnectionManager:0.4
MockJoiner:0.3333333333333333
MockNodeContext:0.14666666666666667
FirewallingMockConnectionManager:0.11777777777777779
