Edge:0.5766666666666667
EdgeFilter:0.4282380952380953
GraphEltSet:0.38666666666666666
XMLio:0.3333333333333333
NBEdge:0.3333333333333333
EdgeInfoStepObserver:0.22
Edges_Info:0.19666666666666666
EdgeFilterState:0.16
EdgesInfoModel:0.13333333333333333
EdgeControlModel:0.10333333333333333
