InternalTestCluster:0.7366666666666667
ElasticsearchIntegrationTest:0.52
TribeTests:0.23111111111111116
SimpleThreadPoolTests:0.16
