TestUtil:0.6166666666666667
Subscription:0.37
ArchiveTest:0.2833333333333333
EmbeddedReplayThroughput:0.22444444444444447
ArchiveReplayLoadTest:0.18333333333333332
ArchiveRecordingLoadTest:0.13666666666666666
