RouteMatch:0.5733333333333334
RouteMatcherImpl:0.43333333333333335
WebContext:0.3433333333333333
RouteTest:0.2866666666666667
