Subscription:0.7766666666666666
DriverConductor:0.25
DriverListenerAdapter:0.23
ImageMessageFlyweight:0.22166666666666668
ClientConductor:0.22031746031746033
ClientConductorTest:0.21
EventCodec:0.21
DriverListener:0.16444444444444442
ClientProxy:0.12333333333333334
