BSON:0.4633333333333333
JSONParser:0.2833333333333333
JSON:0.22
CodeWScope:0.2
