ContinuousSpectrumView:0.325
PeakSpectrumView:0.295
JmolView:0.27666666666666667
SpectrumMetadataView:0.26666666666666666
BCJCPPopupController:0.25833333333333336
Structure2DView:0.17333333333333334
PeakView:0.11666666666666667
