HsqldbUtil:0.43
StructuredbManager:0.42333333333333334
BaseObject:0.3466666666666667
StructuredbManagerTest:0.32666666666666666
