MethodBasedTestExtensionContext:0.7227777777777777
ClassBasedContainerExtensionContext:0.5683333333333334
