RedissonLiveObjectService:0.3333333333333333
AccessorInterceptor:0.27666666666666667
RedissonAttachedLiveObjectServiceTest:0.14333333333333334
