MockInvalidResponseClient:0.5125
ErrorHandlerTest:0.43666666666666665
RestHandler:0.43333333333333335
TestException:0.13166666666666665
