InternalPartitionService:0.6861111111111111
InternalPartitionServiceImpl:0.5266666666666666
PartitionStateManager:0.3233333333333333
InternalPartitionServiceImplTest:0.32
