FormatUtils:0.61
RestrictedCodeUtils:0.3933333333333333
XmlCharEntityReferencesUtilsTest:0.3433333333333333
XmlCharEntityReferencesUtils:0.30666666666666664
RestrictedCodeUtilsTest:0.15
FormatUtilsTest:0.023333333333333334
