TDigestState:0.5033333333333333
PercentileAggregation:0.4766666666666667
PercentileAggregationTest:0.23333333333333334
