Module:0.8016666666666666
ColorM1Test:0.19333333333333333
