IDoPerformFinish:0.5415714285714286
Data:0.4266666666666667
WSWUBlastService:0.395
InputParams:0.37
WSWUBlast_PortType:0.35642857142857143
IWebservicesManager:0.27051984126984113
IDoWebService:0.27051984126984113
WSWUBlastServiceLocator:0.21666666666666667
WSWUBlastSoapBindingStub:0.21666666666666667
WSFile:0.18
EBIWSDbfetchWizardPage:0.14666666666666667
EBIWSDbfetchWizard:0.10666666666666667
OpenResourceWizardPage:0.07
WebServiceWizardData:0.058333333333333334
WSDbfetch:0.04666666666666667
WebservicesManager:0.03666666666666667
JobFinishedWizard:0.016666666666666666
WebservicesManagerFactory:0.0033333333333333335
