JPPFRequestHeader:0.7170555555555556
JPPFClient:0.39666666666666667
ApplicationConnection:0.2733333333333333
JPPFTaskBundle:0.2
NonBlockingMatrixRunner:0.18666666666666668
AsynchronousResultProcessor:0.08333333333333333
TaskResultEvent:0.06666666666666667
TaskResultListener:0.0011111111111111111
