LikeOperatorTest:0.48
LikeOperator:0.37666666666666665
InOperator:0.31666666666666665
InOperatorTest:0.24333333333333335
