ExecutorDAO:0.6166666666666667
ChangeListener:0.49
CachingLogic:0.43
BaseCacheCtrl:0.3
WFRunaHibernateInterceptor:0.23
JbpmDefinitionLogic:0.22666666666666666
JbpmExecutionLogic:0.21666666666666667
WorkflowThreadPoolBotInvoker:0.19666666666666666
ExecutorDAOHibernateImpl:0.17666666666666667
SubstitutionCacheCtrl:0.11777777777777779
TaskCacheCtrl:0.08333333333333333
TaskCache:0.07
