ScriptingConsoleView:0.6541111111111112
JsConsoleView:0.4093333333333333
