OptionMap:0.52
ClientTestHelper:0.2687777777777777
AllTests:0.21666666666666667
MoveTest:0.05
