ParcelTransactionFactory:0.4666666666666667
Parcels:0.43333333333333335
ParcelTransactionFactoryTest:0.2966666666666667
ParcelCodeRepository:0.17666666666666667
ParcelsTransactionFactory:0.11333333333333333
