CertificatePinner:0.5266666666666666
CertificatePinnerTest:0.36666666666666664
Builder:0.34
TestUtil:0.12666666666666668
