Field:0.4766666666666667
StatementAnalyzer:0.38333333333333336
TestAnalyzer:0.32666666666666666
TranslationMap:0.31666666666666665
TupleDescriptor:0.31333333333333335
FieldOrExpression:0.2966666666666667
Analysis:0.22444444444444447
Visitor:0.22166666666666668
QueryPlanner:0.20666666666666667
SymbolAllocator:0.19666666666666666
AbstractTestQueries:0.17666666666666667
Analyzer:0.15333333333333332
RelationPlanner:0.14333333333333334
AggregationAnalyzer:0.13
LogicalPlanner:0.13
ExpressionAnalyzer:0.12333333333333334
TupleAnalyzer:0.12
RelationPlan:0.11666666666666667
