Caffeine:0.5933333333333334
CaffeineTest:0.4166666666666667
AsyncLocalCache:0.30666666666666664
AsyncWeigher:0.14
