DemoTimeoutFragment:0.46166666666666667
ConcurrencyWithSchedulersDemoFragment:0.4075
SubjectDebounceSearchEmitterFragment:0.2733333333333333
