LineManager:0.16648607
Buffer:0.16292074
TextArea:0.13639136
IndentFoldHandler:0.10538371
Selection:0.102962285
StandardUtilities:0.10009966
BufferListener:0.09545891
ElasticTabStopBufferListener:0.09517013
ExplicitFoldHandler:0.094389975
DisplayManager:0.09163732
BufferAdapter:0.089934304
FoldHandler:0.08969201
BufferHandler:0.085098416
ColumnBlock:0.08445332
TextUtilities:0.08361365
DummyFoldHandler:0.082390845
ScreenLineManager:0.080083854
jEdit:0.079621665
Mode:0.072656095
DeepIndentRule:0.072382756
BufferIORequest:0.069859646
TextAreaPainter:0.069320835
StandaloneTextArea:0.0686234
Gutter:0.06849729
SearchAndReplace:0.06430491
ElasticTabstopsTabExpander:0.063433945
TokenMarker:0.06281562
Macros:0.058741793
Registers:0.055630624
EditPane:0.05435877
RegexpIndentRule:0.053698182
ChunkCache:0.05314968
SelectionManager:0.052730277
ContentManager:0.05180951
UndoManager:0.051169198
JEditTextArea:0.05103591
BracketIndentRule:0.050011072
ModeProvider:0.049253415
Abbrevs:0.04909935
Log:0.04855213
MiscUtilities:0.04611888
VFS:0.045437515
PluginJAR:0.04425471
WhitespaceRule:0.043406095
View:0.042096462
PositionManager:0.041519966
BeanShell:0.04109513
DefaultTokenHandler:0.040228553
VFSBrowser:0.03725114
TextAreaMouseHandler:0.037124176
CloseBracketIndentRule:0.0367698
DisplayTokenHandler:0.034842946
TextAreaTransferHandler:0.034799688
StatusBar:0.034343015
DummyTokenHandler:0.033895094
TokenHandler:0.033665758
ParserRuleSet:0.033416778
BufferOptionPane:0.033414926
FileVFS:0.032545846
HyperSearchResult:0.030892622
CompleteWord:0.030879438
BufferLoadRequest:0.027976807
BufferPrintable:0.027952198
HyperSearchRequest:0.027296554
KeywordMap:0.027241604
TextAreaInputHandler:0.026726255
BufferSet:0.026223812
ColumnBlockLine:0.025664197
IndentAction:0.025609976
HyperSearchResults:0.02555741
Token:0.025333053
GrabKeyDialog:0.02391072
FirstLine:0.02380483
InputMethodSupport:0.02279605
IndentRule:0.022684319
OpenBracketIndentRule:0.021910692
InputHandler:0.021570573
VFSFileChooserDialog:0.021562146
SelectLineRange:0.020708961
MarkerViewer:0.019750008
ScrollLineCount:0.019693416
StyleEditor:0.018353488
TextAreaDropHandler:0.016590904
FoldPainter:0.016559996
CloseDialog:0.015424049
EncodingsOptionPane:0.015336518
SearchBar:0.015197099
MouseHandler:0.01468732
MarkersProvider:0.014526521
BufferInsertRequest:0.012698153
Debug:0.012647422
ShapedFoldPainter:0.011754056
IntegerArray:0.011477812
ReloadWithEncodingProvider:0.011138321
FilesChangedDialog:0.0109268455
BufferSaveRequest:0.010856718
LineSepWidgetFactory:0.010757186
MarkersSaveRequest:0.010526299
TriangleFoldPainter:0.010491973
BufferUndoListener:0.00973114
RichJEditTextTransferableService:0.0084492965
FoldWidgetFactory:0.008286499
ModeWidgetFactory:0.0069295093
BufferAutosaveRequest:0.006578962
EncodingWidgetFactory:0.006527785
DockingLayoutManager:0.0061127134
WrapWidgetFactory:0.00594941
JEditEmbeddedTextArea:0.0058595887
AddAbbrevDialog:0.0044013043
Node:6.7118504E-5
