ResourceUtil:0.54
WorkspaceResource:0.36
FolderEntryResource:0.30666666666666664
AbstractBinderResource:0.25
CustomAttribute:0.24666666666666667
FolderResource:0.24666666666666667
UserResource:0.11333333333333333
GroupResource:0.11333333333333333
SelfResource:0.07666666666666666
BinderResource:0.03333333333333333
