Router:0.44666666666666666
Acceptor:0.41333333333333333
Connector:0.36666666666666664
IoManager:0.22666666666666666
JUTestFederationTLS:0.14333333333333334
AvisMinaTransport:0.09333333333333334
WebManagementManager:0.09333333333333334
