AstVisitor:0.45
Formatter:0.41333333333333333
ColumnDefinition:0.39
AlterTableAddColumn:0.33
InnerTableElementsAnalyzer:0.17666666666666667
TestStatementBuilder:0.16
