CommentNotifier:0.39166666666666666
NotificationQueryService:0.37666666666666665
Common:0.23438888888888887
NotificationProcessor:0.21333333333333335
