JmolPanel:0.818888888888889
JmolEditor:0.4666666666666667
