ResourceLineReader:0.8866666666666667
ResourceLineReaderTests:0.19333333333333333
