Registry:0.6033333333333334
Debug:0.4
App:0.22666666666666666
