Configuration:0.56
OpenGrokLogger:0.37666666666666665
Management:0.30666666666666664
RuntimeEnvironment:0.24666666666666667
ManagementMBean:0.21833333333333332
AgentIndexRunner:0.20666666666666667
OpenGrokTrayApp:0.16333333333333333
OGAgent:0.06333333333333334
