GTS:0.49666666666666665
GraphTransitionStub:0.3595555555555555
StateCache:0.30666666666666664
LTSDisplay:0.27
LTSJEdge:0.26
AGTS:0.25
LTSJVertex:0.23333333333333334
RecipeEvent:0.23333333333333334
RecipeTransition:0.20333333333333334
ShapeMatchApplier:0.19111111111111112
AbstractGraphState:0.18333333333333332
RecipeTransitionLabel:0.18
