AbstractFigure:0.54
GraphImage:0.36333333333333334
DecisionFigure:0.20666666666666667
GraphConverter:0.16666666666666666
EndStateFigure:0.13666666666666666
StartStateFigure:0.13666666666666666
StateFigure:0.13
DrawProperties:0.06333333333333334
