BaseTestCase:0.6955555555555555
AllTests:0.6121666666666666
