NIOSocketFactory:0.568888888888889
OIOSocketFactory:0.33333333333333337
