BaseRegion:0.6716666666666666
TransactionalAccessDelegate:0.4927777777777778
