CommonFactoryManager:0.5833333333333334
CoordinateReferenceSystemFactory:0.5633333333333334
CoordinateReferenceSystem:0.4666666666666667
CRSAuthorityFactory:0.24666666666666667
LatLonAlt:0.24
UTM:0.24
RangeBearing:0.23333333333333334
Pixel:0.23333333333333334
XY:0.21333333333333335
XYZ:0.18666666666666668
IncompatibleCRSException:0.13333333333333333
HeterogeneousCRSObjectException:0.12333333333333334
CoordinateOperationFactory:0.06444444444444446
CoordinateTransformation:0.06444444444444446
