ParcelableDescriptor:0.51
ParcelableAnalysisTest:0.5066666666666667
ParcelableAnalysis:0.41333333333333333
ParcelableGenerator:0.29333333333333333
DescribedContents:0.19666666666666666
