MemberCallableTaskOperation:0.67
LocalTargetCallableRequest:0.2833333333333333
TargetCallableRequest:0.2833333333333333
