Recycler:0.6333333333333333
Factory:0.34
CacheRecycler:0.30666666666666664
PageCacheRecycler:0.2633333333333333
ConcurrentCollections:0.21388888888888885
SoftThreadLocalRecyclerTests:0.15
ThreadLocalRecyclerTests:0.15
NoneRecyclerTests:0.13333333333333333
QueueRecyclerTests:0.13333333333333333
