RIDSupport:0.48333333333333334
ConceptNameCodeConfig:0.38
IHEDocumentList:0.33
RIDService:0.30666666666666664
RIDStreamResponseObjectImpl:0.22333333333333333
RIDInfoRequestObject:0.12333333333333334
RIDServlet:0.10333333333333333
DatasetDateComparator:0.05333333333333334
