WeightLookupTable:0.7333888888888889
Glove:0.4594444444444444
GloveWeightLookupTable:0.3433333333333333
AbstractVectors:0.19587301587301587
Builder:0.18666666666666668
GloveTest:0.14333333333333334
VectorsConfiguration:0.10066666666666667
