Encoding:0.44666666666666666
ValueAttribute:0.43
Type:0.3933333333333333
EncodedElement:0.35
Reference:0.32505555555555554
Renderers:0.23666666666666666
SourceMapper:0.2277777777777778
TypeTest:0.15666666666666668
CodeTest:0.12333333333333334
Instantiation:0.12
