FeatureSet:0.5466666666666666
SeqFeature:0.39
Controller:0.2866666666666667
GAMEAdapter:0.26666666666666666
StrandedZoomableApolloPanel:0.22333333333333333
ApolloFrame:0.2
ApolloLayoutManager:0.1847222222222222
DrawableResultFeatureSet:0.17
DrawableAnnotatedSeqFeature:0.16666666666666666
ResultView:0.14666666666666667
