TermTable:0.6044444444444445
AddTerm:0.5766666666666667
