SWDownloadFile:0.6066666666666667
Cfg:0.5583333333333333
