Notification:0.6658333333333334
ArticleMgmtService:0.33666666666666667
NotificationMgmtService:0.32
NotificationQueryService:0.2966666666666667
CommentNotifier:0.19111111111111112
