Record:0.8166666666666667
OracleTest:0.4166666666666667
AbstractRecord:0.3233333333333333
RecordTests:0.2633333333333333
