RunListenerAdapter:0.6133333333333333
JUnit4TestEngine:0.39
JUnit4TestEngineClassExecutionTests:0.08666666666666667
