DefinitionHelper:0.43666666666666665
MashupTag:0.3
ObjectKeys:0.016666666666666666
WebKeys:0.016666666666666666
