HttpProtocol:0.5333333333333333
ChannelManager:0.4766666666666667
NettyRequestSender:0.3333333333333333
RedirectHandler:0.23
Relative302Handler:0.13666666666666666
SimpleHandler:0.1
