BasicDocSink:0.47
BasicDocSource:0.4
SynchronousPipeline:0.25
PipelineInvocationImpl:0.11666666666666667
BasicConduit:0.08666666666666667
