MailQueueConfiguration:0.8825555555555555
SendingTask:0.4055555555555555
