AbstractTestQueries:0.7508888888888889
TestEqualityInference:0.4033333333333333
