PartitioningHandle:0.4166666666666667
SystemPartitioningHandle:0.39
Connector:0.29333333333333333
HandleResolver:0.2833333333333333
FragmentProperties:0.24
LocalQueryRunner:0.24
ConnectorManager:0.22666666666666666
Rewriter:0.17666666666666667
RemoteHandleResolver:0.1288888888888889
ConnectorHandleResolver:0.125
NodePartitioningManager:0.09666666666666666
HandleJsonModule:0.05333333333333334
