AbstractTestIndexedQueries:0.535
IndexedTable:0.37222222222222223
UnloadedIndexKeyRecordSet:0.3466666666666667
