GISViewScene:0.44333333333333336
MapWidgetPanAction:0.33666666666666667
MapPanel:0.31666666666666665
ObjectNodeWidget:0.2833333333333333
