Flow:0.555
ViewState:0.2966666666666667
TransitionableState:0.2833333333333333
Transition:0.24666666666666667
RequestControlContextImpl:0.2188888888888889
FlowExecutionImpl:0.21333333333333335
MockRequestControlContext:0.20333333333333334
TransitionTests:0.17
SubflowState:0.12333333333333334
