ClientExecutorServiceProxy:0.2833333333333333
MapPutRunnable:0.28222222222222226
MapPutPartitionAwareCallable:0.26777777777777784
ClientExecutorServiceInvokeTest:0.25666666666666665
MapPutPartitionAwareRunnable:0.24444444444444446
ClientExecutorServiceExecuteTest:0.23
ClientExecutorServiceTest:0.20666666666666667
ClientExecutorServiceSubmitTest:0.19
ExecutionDelayTest:0.19
MultiExecutionCallbackWrapper:0.062380952380952384
