MessageFramerTest:0.31333333333333335
MessageDeframerTest:0.2866666666666667
AbstractClientStreamTest:0.28
AbstractTransportTest:0.28
AbstractInteropTest:0.2633333333333333
ServerImplTest:0.25333333333333335
NettyServerHandlerTest:0.19416666666666665
ServerStreamTracerInfo:0.18333333333333332
