PrinterService:0.5266666666666666
PrinterServiceMBean:0.42333333333333334
ScannerCalibration:0.34
PrinterCalibration:0.3233333333333333
GrayStep:0.19444444444444445
CalibrationException:0.13
