StockUpdaterJoblet:0.58
ShoppingCartController:0.5166666666666667
ShoppingCartControllerConfig:0.18
ShopContentDisplayer:0.07333333333333333
