Workstation:0.4633333333333333
Session:0.37333333333333335
ChatEditor:0.37
Application:0.355
WorkstationWindow:0.21833333333333332
MangoScriptWindow:0.21
ChatEditorInput:0.20666666666666667
BasicLoginDialog:0.15666666666666668
LoginDialog:0.13333333333333333
FileDialogExample:0.11833333333333333
IImageKeys:0.10666666666666667
AdapterFactory:0.09666666666666665
AddContactDialog:0.08833333333333333
GeneralPreferencePage:0.07333333333333333
FileDialogExperiment:0.06722222222222221
SWTMessageBoxExample:0.06338888888888888
ShowDirectoryDialog:0.06333333333333334
ConnectionDetails:0.06
HyperbolaContentProvider:0.058333333333333334
ApplicationWorkbenchAdvisor:0.056666666666666664
InputDialog:0.04
ApplicationWorkbenchWindowAdvisor:0.03
ChatAction:0.03
AddContactAction:0.028333333333333332
ShowDirectoryDialogExperiment:0.023333333333333334
ContactsView:0.016944444444444443
PreferenceInitializer:0.015833333333333335
ApplicationActionBarAdvisor:0.013333333333333334
HyperbolaLabelProvider:0.0033333333333333335
Perspective:0.0
