HttpSessionEventPublisher:0.8966666666666666
HttpSessionEventPublisherTests:0.03666666666666667
