PubSourceAliasBean:0.6633333333333333
PubSourceBean:0.6533333333333333
PubSourceBeanFactory:0.16666666666666666
