InternalPartitionServiceImpl:0.7144444444444444
PartitionStateOperation:0.36666666666666664
OperationThread:0.35333333333333333
