SpecificitesResult:0.41333333333333333
Toolbox:0.2833333333333333
CqiServer:0.28
StreamGobbler:0.22611111111111115
Specificites:0.17
StartRserve:0.15333333333333332
