FlowExecutionHolderUtils:0.77
FlowExecutionVariableResolver:0.31666666666666665
FlowVariableResolver:0.31666666666666665
DelegatingFlowVariableResolver:0.14
