InternetSearch:0.3433333333333333
InternetSearchPlugin:0.3
Net:0.27666666666666667
PluginSettings:0.27
Main:0.2633333333333333
Feed:0.24
