NativeSQLQueriesTest:0.7466666666666667
SQLQueryReturnProcessor:0.5
Person:0.30666666666666664
