ShadowActivity:0.5366666666666666
ShadowViewGroup:0.25666666666666665
ActivityWithOnCreateDialog:0.24874603174603166
ActivityTest:0.19333333333333333
ViewGroupTest:0.12333333333333334
MyActivity:0.07
