ViewSetting:0.7482777777777778
ContextMenuHandler:0.3258333333333333
