MockHttpServletRequest:0.4266666666666667
UploadingUnitTest:0.31
HTTP:0.2511111111111111
MultipartInputStream:0.23333333333333334
InputingHelper:0.12333333333333334
