ReportView:0.625
ActionStart:0.3433333333333333
OutputWriter:0.30416666666666664
