Factory:0.5233333333333333
Function:0.3466666666666667
NamedQueryPartList:0.24666666666666667
SQLClause:0.23472222222222225
FieldList:0.16799999999999998
QueryPartList:0.165
Decode:0.15444444444444444
DefaultPivotTable:0.11
