Shape:0.7333333333333333
ShapeState:0.24666666666666667
Materialisation:0.23650000000000002
ShapeDialog:0.20277777777777778
MaterialiseNode:0.19444444444444445
ShapeJGraph:0.16666666666666666
EdgeMatEqSystem:0.15333333333333332
JGraphTest:0.13666666666666666
ShapeJVertex:0.13333333333333333
ShapeJModel:0.1
