MainFrame:0.6966666666666667
NewCorpusEvalAction:0.16666666666666666
GenerateStoredCorpusEvalAction:0.04666666666666667
CleanMarkedCorpusEvalAction:0.04666666666666667
StoredMarkedCorpusEvalAction:0.04666666666666667
