Table:0.3333333333333333
ShadowSQLiteDatabase:0.32
ShadowAbstractCursor:0.25
SQLiteDatabaseTest:0.15666666666666668
