SelectionVisitor:0.91
Openable:0.39666666666666667
SelectionEngine:0.38333333333333336
