NettyClientHandler:0.6
NettyClientTransport:0.30666666666666664
NettyChannelBuilder:0.30333333333333334
NettyClientHandlerTest:0.3
