AbstractMaybeAsyncHandlerBridgeTest:0.5666666666666667
AbstractMaybeAsyncHandlerBridge:0.4666666666666667
AbstractSingleSubscriberBridge:0.4033333333333333
