Trust:0.5363888888888888
HttpTLSTest:0.4766666666666667
NetTest:0.31333333333333335
