ConcContIterator:0.5066666666666667
PropertyMultilineValueTest:0.4721111111111112
