FreemarkerManager:0.29
ParametersInterceptor:0.2733333333333333
ActionConfigMatcher:0.27
XWorkConverter:0.26666666666666666
JSONCleaner:0.26
JakartaStreamMultiPartRequest:0.26
BaseOsgiHost:0.26
ParameterFilterInterceptor:0.26
PostbackResult:0.26
UIBean:0.23333333333333334
PortletUrlHelper:0.21333333333333335
XHTMLTagSerializer:0.21333333333333335
AbstractMatcher:0.20333333333333334
PackageBasedActionConfigBuilder:0.20333333333333334
StrutsWildcardServletApplicationContext:0.19
RuntimeConfigurationImpl:0.12333333333333334
InterceptorBuilder:0.12
