HueckelAromaticityDetector:0.4033333333333333
HueckelAromaticityDetectorTest:0.37
HOSECodeTest:0.25666666666666665
