BootstrapButtonGroup:0.45
BootstrapDrawableFactory:0.44666666666666666
BootstrapButton:0.37666666666666665
BootstrapEditText:0.23
BootstrapEditTextExample:0.06
