IParameterService:0.5167222222222222
NodeConcurrencyFilter:0.42333333333333334
IntegrationTest:0.39
ParameterService:0.3566666666666667
ParameterServiceTest:0.18666666666666668
NodeConcurrencyFilterTest:0.15333333333333332
