HazelcastClient:0.6966666666666667
HazelcastClientTest:0.6333333333333333
ClientService:0.22666666666666666
GetPartitionsHandler:0.19666666666666666
