VQWikiParser:0.5316666666666666
AbstractParser:0.2836666666666666
MediaWikiParser:0.12333333333333334
