FeatureView:0.32666666666666666
GAMEAdapter:0.29333333333333333
SiteView:0.29333333333333333
AnnotationView:0.29
DragFeatureView:0.2866666666666667
StrandedZoomableApolloPanel:0.27666666666666667
AnnotationMenu:0.2725
SequenceView:0.25333333333333335
LinearView:0.21
ScrollableTierView:0.21
ResultView:0.20333333333333334
ScaleView:0.17333333333333334
GraphView:0.14333333333333334
PlotUtil:0.11833333333333333
