Content:0.42333333333333334
ContentRenderer:0.28
Model:0.2733333333333333
TreeView:0.22666666666666666
Overview:0.22111111111111115
TreeViewSettings:0.20666666666666667
BlueprintManager:0.2
EntityView:0.15
