NBrowseApplet:0.5733333333333334
Jnet:0.52
JNetScriptWriter:0.37333333333333335
JnetManager:0.23666666666666666
