Http2ConnectionBase:0.485
Http1xServerConnection:0.3933333333333333
Http1xClientConnection:0.27
Http2ClientConnection:0.2569444444444445
