AuthorizationCodeAuthenticationProvider:0.6133333333333333
AuthorizationCodeGrantConfigurer:0.5566666666666666
TokenEndpointConfig:0.30833333333333335
