AbstractExternalizedFlowExecutionTests:0.3466666666666667
MockFlowServiceLocator:0.26666666666666666
AbstractXmlFlowExecutionTests:0.09799999999999999
