IndexShard:0.5833333333333334
TranslogConfig:0.3975
MockController:0.3933333333333333
IndexingMemoryControllerTests:0.29333333333333333
