Bootstrap:0.44
HttpClientBuilder:0.39666666666666667
HttpClientBuilderTest:0.30333333333333334
BootstrapTest:0.21
JerseyClientBuilderTest:0.21
Application:0.20049999999999998
