StringHelper:0.76
ComponentPropertyHolder:0.34
CollectionBinder:0.3283333333333333
CollectionPropertyHolder:0.3233333333333333
