GetIndexIT:0.27666666666666667
StrictISODateTimeFormat:0.27
DerivativeIT:0.25333333333333335
AbstractAsyncBulkByScrollAction:0.19333333333333333
QueryDSLDocumentationTests:0.19333333333333333
ContextCompletionSuggestSearchIT:0.19
SyncedFlushUtil:0.13
ReindexFailureTests:0.13
ExistsIT:0.12
ScriptedMetricTests:0.11
KeyedLockTests:0.09
