DebugCrystal:0.49333333333333335
DebugChemObjectBuilder:0.41
DebugMolecule:0.30333333333333334
DebugStrand:0.30333333333333334
