Publication:0.5966666666666667
Image:0.37333333333333335
LogBuffers:0.3
ClientConductorTest:0.26
ExclusivePublication:0.23
ImageTest:0.19
PublicationTest:0.14
