ProcessRunner:0.5166666666666667
ConsoleProcess:0.42
StreamThread:0.41833333333333333
