CertTools:0.6933333333333334
X509CA:0.4
X509CATest:0.30666666666666664
CertificateValidity:0.2633333333333333
