CompositeSpecification:0.42333333333333334
Address:0.22
Interceptor:0.18333333333333332
LeafSpecification:0.16444444444444445
SpecificationTest:0.13333333333333333
City:0.07
