MetadataEntityManagerImpl:0.5766666666666667
Util:0.41
BusinessEntityManagerImpl:0.35333333333333333
ApplicationEntityManagerImpl:0.10333333333333333
