ConfigurationServiceImpl:0.51
LanguageForm:0.46
EditLanguageFormAction:0.23333333333333334
EditLanguageAction:0.19666666666666666
