DoubleFormat:0.6233333333333333
LongFormat:0.5236111111111111
