ConfigService:0.4
ConfigWizard:0.2866666666666667
DatabasePage:0.27
IWizardPage:0.25666666666666665
ConfigSummaryPage:0.24333333333333335
PasswordPage:0.24333333333333335
ConfigImportExportServlet:0.23188888888888887
LucenePage:0.21666666666666667
UpgradeAppliancePage:0.2011111111111111
RequestsAndConnections:0.2
NewLuceneHANodeDialog:0.19666666666666666
DatabaseConfigPage:0.17666666666666667
InitialConfigPage:0.15
LogExportViewServlet:0.13333333333333333
LocalDatabaseConfigPage:0.13
LuceneConfigPage:0.1175
