WADOCache:0.6233333333333333
WADOCacheImpl:0.39166666666666666
WADOSupport:0.36666666666666664
WADOImageResponseObjectImpl:0.2833333333333333
WADOCacheImplSun:0.21666666666666667
