TypeChecker:0.6733333333333333
Random:0.4477777777777777
HopLibraryManager:0.2633333333333333
BinaryAddTextIntegerStep:0.11
