Block:0.7166666666666667
Type:0.6121666666666666
BlockBuilder:0.24666666666666667
GroupByIdBlock:0.24
AbstractType:0.24
AbstractVariableWidthBlock:0.23333333333333334
AbstractFixedWidthBlock:0.23333333333333334
RunLengthEncodedBlock:0.21666666666666667
BlockUtils:0.17333333333333334
