DefaultManagement:0.8033333333333333
FedoraAPIMBindingSOAPHTTPImpl:0.571111111111111
