BotsService:0.6666666666666666
BotsServiceDelegate:0.6466666666666666
BotsLogic:0.2966666666666667
BotsServiceBean:0.25333333333333335
BotsServiceDelegateLocalImpl:0.24
BotsServiceDelegateRemoteImpl:0.24
SaveBotStationAction:0.14333333333333334
DeployBotAction:0.14333333333333334
SaveBotAction:0.14333333333333334
DeployBotStationAction:0.14333333333333334
