CachedResultSet:0.4066666666666667
JtdsResultSet:0.4066666666666667
SQLParser:0.31
JtdsDatabaseMetaData:0.3016666666666667
DatabaseMetaDataTest:0.28
ConnectionJDBC2:0.20833333333333334
MSCursorResultSet:0.16666666666666666
JtdsStatement:0.14
ClientSideCursorTest:0.09333333333333334
