TagThisDlg:0.5
FindCtrl:0.4666666666666667
GwtMainPage:0.4666666666666667
ManageMenuPopup:0.24
