TestDuration_Constructors:0.4033333333333333
TestConverterManager:0.38333333333333336
TestInterval_Constructors:0.31666666666666665
TestMutablePeriod_Updates:0.31
TestStringConverter:0.27666666666666667
TestReadableIntervalConverter:0.2733333333333333
TestReadableDurationConverter:0.2633333333333333
TestMutablePeriod_Constructors:0.25666666666666665
TestDuration_Basics:0.25333333333333335
TestNullConverter:0.24333333333333335
TestLongConverter:0.24333333333333335
TestPeriod_Constructors:0.23
TestPeriod_Basics:0.21333333333333335
MockDuration:0.21
TestAll:0.19666666666666666
TestMutablePeriod_Basics:0.19333333333333333
TestReadablePeriodConverter:0.08666666666666667
