SliceArrayBlock:0.55
AbstractTestBlock:0.4066666666666667
SliceDictionaryStreamReader:0.23666666666666666
TestSliceArrayBlock:0.22333333333333333
