LateParsingQuery:0.6533333333333333
IndexSearcherWrapper:0.39
SearchFactory:0.2733333333333333
