EntityView:0.9083333333333333
EntityViewSettings:0.4066666666666667
