CriticalPair:0.8466666666666667
TestConfluenceWithAttributes:0.3566666666666667
TestDeleteUse:0.2611111111111111
