SingleSearchChangeListener:0.4633333333333333
BackgroundSearchContainer:0.10333333333333333
