HttpBase:0.3433333333333333
BCryptTest:0.34
MoveResult:0.33
JsonParserTest:0.3233333333333333
ThreefishTest:0.30666666666666664
SortedArrayListTest:0.30666666666666664
FastCharBufferTest:0.3
CsrfShield:0.22466666666666668
FastSortTest:0.16666666666666666
