Joiner:0.64
ClusterServiceImpl:0.45666666666666667
Node:0.37
ClusterJoinTest:0.24
TcpIpJoiner:0.21
SplitBrainHandlerTest:0.19666666666666666
AbstractJoiner:0.16666666666666666
MulticastJoiner:0.15111111111111108
