SortingModel:0.7933333333333333
XJTable:0.6666666666666666
