Attributes:0.64
DefaultShader:0.5766666666666667
DepthShader:0.33666666666666667
