Element:0.575
SplitWord:0.5416666666666666
TestError:0.29333333333333333
CRFSegDemo:0.21
