MessagePage:0.44
SubmitWizard:0.4266666666666667
DisplayWizardPage:0.3933333333333333
ElucidateWizard:0.15666666666666668
