NettyAsyncHttpProvider:0.57
ResponseBodyPart:0.3933333333333333
HttpResponseBodyPart:0.3844444444444444
AsyncStreamHandlerTest:0.13666666666666666
ApacheResponseBodyPart:0.13333333333333333
