ClientToolBox:0.5677777777777777
CliCommandHelper:0.5
EjbcaEjbCli:0.24333333333333335
