MethodType:0.59
MethodHandle:0.48333333333333334
Default:0.30083333333333334
LambdaFactory:0.27666666666666667
MetaFactoryRedirection:0.19333333333333333
LambdaCreator:0.15
SerializationImplementation:0.08
