BeanUtilTest:0.61
JoddBeanTest:0.32666666666666666
BeanCopyTest:0.24166666666666667
