Logger:0.6233333333333333
LoggerTest:0.26842063492063495
MainActivity:0.11988888888888889
