MapFileReader:0.5633333333333334
MapFileWritter:0.31
GISView:0.2833333333333333
