FedoraAPIMBindingSOAPHTTPImpl:0.44
DOManager:0.41
DefaultManagement:0.38666666666666666
DefaultDOManager:0.25333333333333335
