TypeParsers:0.5205555555555555
TextFieldMapperTests:0.44333333333333336
DateFieldMapperTests:0.34
