JChemPaintAbstractApplet:0.6833333333333333
JChemPaintViewerApplet:0.20333333333333334
JChemPaintEditorApplet:0.20333333333333334
AbstractJChemPaintPanel:0.13666666666666666
