PowerstaffSystemParameterService:0.54
DocumentReaderFactory:0.37333333333333335
ProfileIndexerServiceImpl:0.29
PowerstaffSystemParameterServiceImpl:0.2614444444444445
