Request:0.7933333333333333
RestHighLevelClient:0.27666666666666667
CrudIT:0.20333333333333334
