ShadowArscAssetManager:0.7633333333333333
AttributeSetBuilder:0.45666666666666667
Robolectric:0.3333333333333333
ParallelUniverse:0.2910555555555555
ShadowMethodPlan:0.16
