Expression:0.6705555555555556
ExpressionTest:0.26666666666666666
