Tab:0.6866666666666666
InvoiceListManyTypesTest:0.27
Configuration:0.25666666666666665
OrderByAction:0.17333333333333334
