MJIEnv:0.575
JPF:0.4633333333333333
Class:0.3844444444444445
JPF_java_lang_Class:0.21333333333333335
Statistics:0.20333333333333334
