InformationSchemaTest:0.4266666666666667
TestModule:0.31
SysNodesExpressionsTest:0.29333333333333333
NodeProcessExpression:0.21666666666666667
NodeHeapExpression:0.21
NodeMemoryExpression:0.21
NodeOsExpression:0.21
NodeLoadExpression:0.09666666666666666
NodeNetworkExpression:0.09666666666666666
