FlowBuilder:0.71
XmlFlowBuilder:0.4533333333333333
AbstractFlowBuilder:0.41
FlowAssembler:0.38333333333333336
FlowLocator:0.3272804232804233
AbstractFlowRegistryFactoryBean:0.21666666666666667
XmlFlowRegistrar:0.21
XmlFlowBuilderTests:0.20333333333333334
FlowExecutionImplTests:0.13333333333333333
LocalFlowArtifactFactory:0.13
TestMasterFlowBuilderDependencyInjection:0.12666666666666668
FlowExecutionTests:0.11666666666666667
FlowRegistryPopulationTests:0.11666666666666667
AbstractFlowBuilderTests:0.10666666666666667
TestDetailFlowBuilderLookupById:0.09666666666666666
TestMasterFlowBuilderLookupById:0.09666666666666666
TestDetailFlowBuilderDependencyInjection:0.09
DefaultFlowArtifactFactory:0.03666666666666667
NoSuchFlowDefinitionException:0.01
