AbstractFileCopyService:0.4266666666666667
SyncFileStatusService:0.33666666666666667
TarRetrieverService:0.31
