MyDocumentListener:0.5766666666666667
ChemObjectPropertyDialog:0.4266666666666667
AtomEditor:0.2866666666666667
ChemObjectEditor:0.10666666666666667
