TC_MassIndexUpdaterJob:0.45
RubyCore:0.36666666666666664
MassIndexUpdater:0.3233333333333333
RubyPlugin:0.23333333333333334
MassIndexUpdaterJob:0.2
ShamMassIndexUpdater:0.19333333333333333
SymbolSchedulingRule:0.14
TC_MassIndexUpdater:0.11
BlockingSymbolFinder:0.04
