ZooKeeperRegistrarUtil:0.8266666666666667
AgentZooKeeperRegistrar:0.3311111111111111
DeregisterTest:0.20666666666666667
