Util:0.4666666666666667
BusinessEntityManagerImpl:0.31
WebserviceBean:0.27666666666666667
WebserviceBeanRemote:0.27166666666666667
Kuwaiba:0.21666666666666667
TempBusinessRulesEngine:0.18333333333333332
