JdbcTableSchemaHistory:0.44333333333333336
SchemaHistory:0.28
DbMigrate:0.21666666666666667
DbSchemas:0.14666666666666667
DbBaseline:0.14666666666666667
