MavenLargeTest:0.7933333333333333
MigrateMojo:0.44963888888888887
AbstractMigrationLoadingMojo:0.11666666666666667
