AbstractHorizontalProjection:0.7633333333333333
BearingProjection:0.21888888888888886
LatLongProjection:0.21888888888888886
