ContextCapabilities:0.5733333333333334
TypeInfo:0.4
GLContext:0.3516666666666667
ContextCapabilitiesGenerator:0.25333333333333335
GeneratorProcessor:0.17666666666666667
RegisterStubsGenerator:0.15333333333333332
