TasksTree:0.6833333333333333
ClassicLayout:0.43666666666666665
DaysTree:0.41
SwitchViewCombobox:0.056666666666666664
