ClassInfo:0.64
ClassGen:0.33666666666666667
FieldNode:0.3233333333333333
InsnGen:0.31
RootNode:0.26
TestRFieldRestore:0.10666666666666667
