MapExecuteOnKeyRequest:0.53
ClientMapProxy:0.5
MapCodecTemplate:0.32666666666666666
MapExecuteOnKeyMessageTask:0.22666666666666666
MapSubmitToKeyMessageTask:0.22666666666666666
