SessionFactoryBuilderImpl:0.8166666666666667
SessionFactoryBuilderFactory:0.6241666666666666
MetadataImpl:0.3
