DateTimeUtils:0.5566666666666666
Instant:0.4166666666666667
AbstractDateTime:0.39666666666666667
AbstractPartialInstant:0.24333333333333335
