IoUtilityTest:0.8266666666666667
IoUtility:0.6266666666666667
