MultipartTypedOutput:0.6333333333333333
MimePart:0.5266666666666666
UrlConnectionClient:0.27666666666666667
MimeHelper:0.12333333333333334
