JsonSupport:0.6028333333333333
Namespace:0.4266666666666667
JacksonJsonSupport:0.28
JsonSupportWrapper:0.18666666666666668
