GL30:0.6141666666666666
Mesh:0.61
VertexArray:0.52
PolygonSpriteBatch:0.23916666666666667
SpriteBatch:0.22666666666666666
DecalBatch:0.22333333333333333
LwjglGraphics:0.1877222222222222
