BeanMethod:0.7133333333333334
ConfigurationClass:0.5033333333333333
JavaConfigurationModel:0.19666666666666666
BeanMethodTests:0.16
BeanDefinitionJavaConfigurationModelRenderer:0.11
BeanDefinitionJavaConfigurationModelRendererTests:0.03666666666666667
