URLDefinition:0.30666666666666664
ServiceLoader:0.25
VersionCheck:0.21
AddressUtil:0.2
UuidUtil:0.19666666666666666
StringUtil:0.18333333333333332
Ip6AddressMatcher:0.18166666666666667
Ip4AddressMatcher:0.18166666666666667
