ClusterTest:0.6333333333333333
CMap:0.5883333333333334
MLockMap:0.36
