VariationalAutoencoder:0.9766666666666667
VariationalAutoencoderParamInitializer:0.023333333333333334
TestVAE:0.020555555555555556
