VibeApi:0.6622222222222222
VibeApiImpl:0.39666666666666667
FileResource:0.2866666666666667
VibeClient:0.14333333333333334
ResourceUtil:0.05055555555555556
