IndexShard:0.5666666666666667
TestCluster:0.5483333333333333
Request:0.35133333333333333
Bootstrap:0.3466666666666667
ElasticsearchIntegrationTest:0.33666666666666667
Action:0.2833333333333333
MovAvgTests:0.25
Security:0.24444444444444444
ReplicationPhase:0.22666666666666666
PrimaryPhase:0.20666666666666667
InternalTestCluster:0.2
ShardReplicationOperationTests:0.19333333333333333
Kernel32Library:0.17833333333333334
NativesTests:0.17666666666666667
TransportShardReplicationOperationAction:0.17333333333333334
AsyncReplicaAction:0.14666666666666667
AbstractRefCounted:0.14
AnalysisModuleTests:0.13333333333333333
Elasticsearch:0.13
IndexShardTests:0.08333333333333333
IndexShardReference:0.06
ElasticsearchF:0.056666666666666664
ActionWithExceptions:0.023333333333333334
IndexShardOperationCounter:0.023333333333333334
ActionWithDelay:0.016666666666666666
