MethodTransformer:0.37333333333333335
ConstructorStrategy:0.2966666666666667
DefaultMatchedMethodInterception:0.2633333333333333
Compound:0.21333333333333335
MatchedMethodInterception:0.19666666666666666
ConstructorStrategyDefaultTest:0.19333333333333333
