AbstractMapProvider:0.6416666666666667
ViewMap:0.58
OutsidePlantView:0.30666666666666664
GoogleMapsMapProvider:0.22666666666666666
