CertificateExpireTest:0.52
InternalCertificateStoreSessionRemote:0.31333333333333335
InternalCertificateStoreSessionBean:0.12333333333333334
