Results:0.30333333333333334
Hits:0.27666666666666667
Term:0.27
User:0.23333333333333334
Annotation:0.20333333333333334
AddAllele:0.17666666666666667
GeneSearcher:0.17666666666666667
AddGene:0.16666666666666666
SearchTerms:0.16333333333333333
AddArticle:0.15666666666666668
SearchHits2:0.15666666666666668
SearchGenes:0.15666666666666668
Gene:0.15333333333333332
Genes:0.15
PubSource:0.14
UpdateCommunication:0.13666666666666666
CommentList:0.13
Article:0.12666666666666668
PropagateAnnotation:0.11
Terms:0.11
Articles:0.11
Sequence:0.10666666666666667
SearchAllObjects:0.10333333333333333
Hit:0.1
AddCommunication:0.09666666666666666
Phenotype:0.09333333333333334
UpdateProtocol:0.09
AddPubSource:0.09
DisplayDefault:0.08666666666666667
SearchArticles:0.08
UpdatePubSource:0.08
AddProtocol:0.08
AddBulkGoTerm:0.08
AddUrl:0.07666666666666666
Protocol:0.07666666666666666
SearchPhenotype:0.06666666666666667
SearchGermplasm:0.06666666666666667
Germplasm:0.06333333333333334
Locus:0.06333333333333334
Comment:0.06333333333333334
AddAttribution:0.06333333333333334
Allele:0.06333333333333334
UpdateURL:0.06
DisplayPubSource:0.06
DisplayProtocol:0.06
Locus_AnnotationStatus:0.056666666666666664
SearchPubSource:0.05333333333333334
UpdateComment:0.051666666666666666
AllAnnotationTasks:0.05
DisplayReference:0.04666666666666667
Locus_Hits:0.043333333333333335
Reference:0.043333333333333335
Pubsourcealias:0.03666666666666667
AnnotationsFragmentWithPropagation:0.03333333333333333
AttributionList:0.03
Term_Annotations:0.023333333333333334
TemporaryGenes:0.016666666666666666
DisplayURL:0.01
BackToSearch:0.0
