table:0.5066666666666667
tableHibernate:0.35
MDDPostProcessorWalker:0.23444444444444448
MDDAnalyzeWalker:0.19333333333333333
MDDFactory:0.18666666666666668
