CharScanner:0.4033333333333333
LagartoDOMBuilderTagVisitor:0.2833333333333333
DocumentType:0.27666666666666667
LagartoParserEngine:0.25
LagartoParserTest:0.25
LagartoParser2:0.23333333333333334
TagWriter:0.20666666666666667
TagWriterUtil:0.20666666666666667
LagartoNodeHtmlRenderer:0.18
EmptyTagVisitor:0.16166666666666665
TagVisitor:0.16166666666666665
TagAdapterWrapper:0.13
TagAdapter:0.11333333333333333
