StreamResult:0.44333333333333336
XSLTResult:0.24666666666666667
FreemarkerResult:0.20666666666666667
PortletFreemarkerResult:0.20666666666666667
PlainTextResult:0.19
ServletRedirectResult:0.19
HttpHeaderResult:0.18
ServletActionRedirectResult:0.17333333333333334
