Xml2Latex:0.5666666666666667
Xml2Xml:0.24666666666666667
Xml2Wiki:0.22333333333333333
