OAuthConstants:0.7172777777777777
OAuth20AccessTokenController:0.39666666666666667
OAuth20AccessTokenControllerTests:0.37333333333333335
OAuth20ProfileController:0.29
OAuth20ProfileControllerTests:0.23666666666666666
