BlockBuilder:0.47333333333333333
MapBlockBuilder:0.24333333333333335
ArrayBlockBuilder:0.23
RowType:0.22666666666666666
RowBlockBuilder:0.21333333333333335
TestColumnarMap:0.20333333333333334
DoubleHistogramAggregation:0.18833333333333332
SingleMapBlockWriter:0.18666666666666668
MapType:0.17333333333333334
ArrayType:0.17333333333333334
SingleRowBlockWriter:0.16
SingleArrayBlockWriter:0.14666666666666667
TestColumnarRow:0.14333333333333334
RealHistogramAggregation:0.12666666666666668
