ActivityController:0.38
ActivityControllerTest:0.33666666666666667
ShadowLooper:0.29333333333333333
MyActivity:0.28
ShadowViewRootImpl:0.19166666666666668
ShadowMessageQueue:0.16333333333333333
RoboMonitoringInstrumentation:0.14333333333333334
ActivityTestRuleTest:0.09333333333333334
