RecyclerView:0.6177777777777778
ViewHolder:0.2911111111111111
TabsActivity:0.2911111111111111
WidgetsActivity:0.11666666666666667
