RxTest:0.4866666666666667
ElementProducer:0.36666666666666664
RxSupport:0.36666666666666664
OnSubscribeFromQuery:0.20333333333333334
