CSSStyleDeclaration:0.84
CSSStyleRuleTest:0.3566666666666667
CSSStyleRule:0.2991666666666667
