ShadowView:0.7466666666666667
GridLayout:0.2966666666666667
FrameLayout:0.2966666666666667
RelativeLayout:0.2966666666666667
DrawerLayout:0.2966666666666667
LinearLayout:0.2966666666666667
Button:0.23333333333333334
ImageView:0.23333333333333334
