HiveMetadata:0.4633333333333333
AbstractTestHiveClient:0.31333333333333335
HivePartitionResult:0.27666666666666667
HivePartitionManager:0.2733333333333333
HiveMetadataFactory:0.24
