ParameterAveragingTrainingMaster:0.6266666666666667
ParameterAveragingTrainingMasterStats:0.43333333333333335
ParameterAveragingTrainingMasterStatsHelper:0.29333333333333333
TestTrainingStatsCollection:0.12
