BlueprintModuleListener:0.4666666666666667
RegionCode:0.26666666666666666
SimpleMethodInjectionMetadata:0.21
LocalComponentMetadataTest:0.13333333333333333
AsianRegionCode:0.13265608465608464
FactoryComponent:0.10666666666666667
RegionCodeComponent:0.1
AsianRegionCodeConverter:0.013333333333333334
