Pool:0.54
WebserviceBean:0.39
WebserviceBeanRemote:0.27166666666666667
Constants:0.26944444444444443
ApplicationEntityManagerImpl:0.25333333333333335
IPAMModule:0.24111111111111114
KuwaibaService:0.22
RemotePool:0.16333333333333333
