MultiLayerNetwork:0.69
BaseLayer:0.35333333333333333
LSTM:0.29777777777777775
MultiLayerTest:0.28
BackTrackLineSearch:0.19333333333333333
BackTrackLineSearchTest:0.17
RBMTests:0.16333333333333333
BaseLayerTest:0.14
