AtmosphereFramework:0.6666666666666666
DefaultBroadcaster:0.5109999999999999
