CanvasRenderingContext2D:0.6466666666666666
CodeStyleTest:0.6061111111111112
CanvasRenderingContext2DTest:0.3333333333333333
