MakumbaTag:0.35
SingletonHolder:0.25666666666666665
DBConnectionWrapper:0.22333333333333333
FieldFormatter:0.18
jspViewer:0.15333333333333332
RecordFormatter:0.14
javaViewer:0.12666666666666668
RecordViewer:0.12666666666666668
MakumbaJspAnalyzer:0.10333333333333333
JspxJspAnalyzer:0.09666666666666666
dateFormatter:0.08666666666666667
textViewer:0.08333333333333333
charViewer:0.08333333333333333
FieldViewer:0.04666666666666667
JavaSourceAnalyzer:0.04666666666666667
ClosedDBConnection:0.04666666666666667
intEnumFormatter:0.043333333333333335
timestampFormatter:0.043333333333333335
ptrFormatter:0.043333333333333335
