MultiLayerNetwork:0.6183333333333333
NeuralNetPlotter:0.43333333333333335
NeuralNetPlotterIterationListener:0.18666666666666668
ScorePlotterIterationListener:0.15666666666666668
