StrandedZoomableApolloPanel:0.8133333333333334
ViewMenu:0.32555555555555554
