EnumerationAssert:0.48333333333333334
StringEnumerationAssert:0.48333333333333334
