BlobService:0.44666666666666666
CrateSearchService:0.2866666666666667
MapSideDataCollectOperationTest:0.16333333333333333
MockedClusterServiceModule:0.11333333333333333
TestModule:0.10333333333333333
ShardCollectService:0.1
