WebUtils:0.7666666666666667
AuthenticationResult:0.7
AuthenticationViaFormAction:0.3566666666666667
DefaultAuthenticationResult:0.25
AbstractTerminatingAuthenticationWebflowAction:0.11666666666666667
DefaultAuthenticationContextWebflowEventResolver:0.043333333333333335
AuthenticationContextWebflowEventResolver:0.0011111111111111111
DuoTerminatingAuthenticationWebflowAction:0.0
