Style:0.8116666666666666
JetSpeed2Style:0.37333333333333335
