ItemParser:0.5333333333333333
Transcoder:0.41333333333333333
DcmImageReader:0.37666666666666665
