Mixin:0.69
TestMixin:0.44
MixinGenerator:0.3566666666666667
TestAll:0.17666666666666667
