ClientMultiMapProxy:0.6878888888888889
ValidationUtil:0.36777777777777776
