BinarySearchTree:0.52
Treap:0.5133333333333333
DataStructures:0.31333333333333335
SplayTree:0.22333333333333333
TreapNode:0.10333333333333333
