SeqExport:0.59
BaseEditorPanel:0.35333333333333333
RightClickActionListener:0.23199999999999998
