Model:0.5633333333333334
PropertyTableWidget:0.36333333333333334
TableViewPrinter:0.31
Shortcut:0.29
ShortcutGenerator:0.15249999999999997
NameSG:0.02666666666666667
DateSG:0.023333333333333334
PlaceSG:0.02
