KnowledgeRepository:0.52
ConcordancesEditor:0.4272222222222223
KnowledgeRepositoryManager:0.33666666666666667
