TriggerRouterService:0.8166666666666667
EnvironmentSpecificPropertiesTest:0.3233333333333333
AbstractServiceTest:0.31333333333333335
