ContextLoaderListener:0.5
ContextState:0.2897619047619048
AsynchServiceDependencyApplicationContextExecutor:0.22333333333333333
DependencyServiceManager:0.16333333333333333
ContextLoaderListenerTest:0.15333333333333332
ServiceDependency:0.11333333333333333
RecursiveServiceDependencySorter:0.043333333333333335
ServiceDependencySorter:0.0011111111111111111
