VertxHandler:0.49666666666666665
VertxHttpHandler:0.35
DatagramServerHandler:0.12666666666666668
VertxNetHandler:0.09666666666666666
