RealConnection:0.39666666666666667
SocksProxy:0.36666666666666664
EventListenerTest:0.25333333333333335
EventListener:0.19976190476190478
SocksProxyTest:0.11333333333333333
ConnectEnd:0.10333333333333333
RecordingEventListener:0.08333333333333333
ConnectStart:0.06
