Node:0.5961666666666666
BoundedLocalCache:0.45666666666666667
NodeGenerator:0.37333333333333335
NodeFactoryGenerator:0.24
