KeyValuePair:0.5633333333333334
EjbcaWSTest:0.39
EjbcaWS:0.36616666666666664
IEjbcaWS:0.35
EnterpriseEditionWSBridgeSessionLocal:0.3441111111111111
CreateCA:0.20888888888888887
EnterpriseEditionWSBridgeSessionBean:0.1611111111111111
CreateCryptoToken:0.14
