HttpRemoteTask:0.61
TaskManagerConfig:0.3933333333333333
ContinuousTaskInfoFetcher:0.24
TestTaskManagerConfig:0.17333333333333334
HttpRemoteTaskFactory:0.16333333333333333
