AbstractElement:0.6266666666666667
EventDescriptor:0.4533333333333333
PropertyChangeListener:0.3272804232804233
KuwaibaClient:0.29444444444444445
Property:0.26666666666666666
EventAttribute:0.25333333333333335
ElementQuery:0.17666666666666667
Attribute:0.14666666666666667
Function:0.14666666666666667
Runner:0.14466666666666667
ComponentLabel:0.14333333333333334
ComponentTextField:0.13
ComponentComboBox:0.12666666666666668
ComponentSubform:0.11666666666666667
ElementComboBox:0.11333333333333333
FormRenderer:0.11333333333333333
ComponentDateField:0.10333333333333333
ComponentTextArea:0.10333333333333333
ElementScript:0.10333333333333333
ElementBuilder:0.09
ElementButton:0.07666666666666666
Script123Runner:0.07083333333333333
Query:0.056666666666666664
Validator:0.056666666666666664
PropertyChangeEvent:0.05
AbstractElementField:0.04666666666666667
ScriptRunner2:0.02666666666666667
FunctionI18N:0.0033333333333333335
RunnerAgent:0.0
