CommandThread:0.51
TransFrame:0.34833333333333333
FuzzyMatcher:0.245
GlossaryManager:0.23333333333333334
StaticUtils:0.22
MatchWindow:0.18666666666666668
