PubSourceTable:0.6238888888888888
AddPubSource:0.5366666666666666
