AttrUtils:0.48333333333333334
MPPSManagerBean:0.33
InstanceBean:0.30333333333333334
SeriesBean:0.2966666666666667
StudyBean:0.24333333333333335
PatientBean:0.2113888888888889
AttributesModificationBean:0.07
