HttpServerImpl:0.5150555555555555
NetServerImpl:0.4769285714285714
HttpClientImpl:0.41333333333333333
WebsocketTest:0.41333333333333333
HttpStreamHandler:0.25666666666666665
WebSocketStream:0.25666666666666665
NetSocketStream:0.14
