MetaProperty:0.7233333333333334
DeliveryTypesTest:0.31
AssertComboDeliveriesAction:0.07133333333333333
