FileSystem:0.8466666666666667
FileSystemTest:0.24333333333333335
