EndToEndViewScene:0.7886111111111112
EndToEndViewDashboardWidget:0.4333888888888888
