AsmUtil:0.48
ProxettaAsmUtil:0.47833333333333333
ProxettaWrapperClassBuilder:0.2866666666666667
