Element:0.61
TokenQueue:0.31666666666666665
Parser:0.2733333333333333
