ValueType:0.5166666666666667
StyleInfo:0.43333333333333335
ValueAttribute:0.4033333333333333
Constitution:0.3466666666666667
Proto:0.24333333333333335
ModifiablesTest:0.24333333333333335
NullableAndDefault:0.2
Scheme:0.0
