TestUtils:0.6621071428571426
PathConditionListener:0.5722222222222222
JPF_gov_nasa_jpf_symbc_TestUtils:0.04
