MTGRoot:0.5833333333333334
MTGBranch:0.4894444444444444
