SkillManager:0.5766666666666667
Sleep:0.30666666666666664
DriveGroundVehicle:0.2833333333333333
Chef:0.16
