SerializeWriter:0.6344444444444444
SerializeWriterTest_BrowserSecure:0.25333333333333335
BigStringFieldTest_private:0.17666666666666667
StringFieldTest_special_3:0.17333333333333334
SerializeWriterTest_14:0.16666666666666666
SerializeWriterTest_BrowserSecure_4_script:0.15333333333333332
SerializeWriterTest_BrowserSecure3:0.1
StringFieldTest_special_2:0.04
