PreferencesMessages:0.36
TextEditorPreferencePage2:0.3
TodoTaskLabelProvider:0.23666666666666666
RubyNewClassWizard:0.23
RubyNewClassWizardPage:0.16333333333333333
FoldingPreferencePage:0.13
