MatrixUtil:0.6666666666666666
Convolution:0.4766666666666667
ConvolutionalRBM:0.24
