MetadataUpdateCommand:0.59
UpdateRegistryObjectMetadataCommand:0.38666666666666666
UpdateStatusCommandValidator:0.33
SubmitAssociationCommandValidator:0.30666666666666664
MetadataUpdateCommandValidator:0.23666666666666666
UpdateDocumentEntryMetadataCommand:0.20111111111111113
UpdateDocumentSetRequest:0.17416666666666666
