CSSStyleSheetTest:0.38
Event:0.37333333333333335
WebTestCase:0.3433333333333333
JavaScriptJob:0.33
JavaScriptJobManagerImpl:0.322
History:0.30333333333333334
TreeWalker:0.27666666666666667
JavaScriptConfigurationTest:0.27666666666666667
MouseEvent:0.27
Range:0.2673888888888889
DomNodeTest:0.23333333333333334
XPathUtils:0.23
HtmlImageTest:0.22333333333333333
JavaScriptJobManagerMinimalTest:0.21333333333333335
HTMLTableColElement:0.2
HtmlElementTest:0.19666666666666666
EventListenersContainer:0.19333333333333333
JavaScriptJobManagerGaeMinimalTest:0.14333333333333334
