Transducer:0.7277777777777779
Batch:0.3933333333333333
RightHandSide:0.3333333333333333
RhsAction:0.305
Rule:0.28
MultiPhaseTransducer:0.22666666666666666
SinglePhaseTransducer:0.11666666666666667
