BridgeDomainsME3600Parser:0.52
BridgeDomainSyncProvider:0.4255555555555556
BridgeDomainsASR920Parser:0.3308333333333333
