Redisson:0.5133333333333333
RObjectReactive:0.47711904761904766
RedissonReference:0.37333333333333335
CommandAsyncExecutor:0.3688888888888889
RedissonObjectReactive:0.25333333333333335
CommandAsyncService:0.24666666666666667
RedissonReactive:0.24666666666666667
RedissonBatch:0.20666666666666667
RedissonReactiveClient:0.20083333333333334
RedissonBatchReactive:0.18666666666666668
RedissonReferenceTest:0.12
CommandBatchService:0.11666666666666667
RedissonObjectFactory:0.09333333333333334
