CssTokenizer:0.5266666666666666
SimpleXmlIO:0.41
XmlFontConverter:0.2733333333333333
XmlEnumConverter:0.26666666666666666
CssEffectConverter:0.26
CreationTool:0.24666666666666667
CssEnumConverter:0.24
SimpleFigureFactory:0.21666666666666667
ImageCreationTool:0.14
CssFontConverter:0.11333333333333333
XmlEffectConverter:0.02666666666666667
DefaultFigureFactory:0.0033333333333333335
