DefaultEventBus:0.5333333333333333
DefaultVertx:0.43333333333333335
DefaultPlatformManager:0.36333333333333334
VertxFactory:0.15555555555555556
DefaultVertxFactory:0.13333333333333333
