WebSocket:0.7466666666666667
HTTPExamples:0.49333333333333335
WebsocketTest:0.3433333333333333
ServerWebSocket:0.2732777777777778
WebSocketBase:0.23327777777777778
ServerWebSocketImpl:0.21
WebSocketImpl:0.16333333333333333
