TestUnicodeData:0.5734444444444444
UnicodeDataTemplateController:0.5533333333333333
