TestClient:0.44
SSLHelper:0.34777777777777774
HttpServerRequestImpl:0.32
HttpClientOptions:0.27666666666666667
VertxHttp2Handler:0.24666666666666667
Http2ServerRequestImpl:0.23
HttpServerRequest:0.19416666666666665
Http2Test:0.15
