Template:0.37666666666666665
BusinessPackage:0.36333333333333334
ConvertUtils:0.3466666666666667
CommonUtils:0.3433333333333333
FormatUtils:0.32666666666666666
BaseColumn:0.2833333333333333
ColumnAbstract:0.27666666666666667
Field:0.27
FileComment:0.22166666666666668
QueryParams:0.21333333333333335
BusinessModel:0.20666666666666667
Query:0.19333333333333333
AbstractGenerator:0.15666666666666668
QueryParam:0.10666666666666667
ColumnBaseAbstract:0.023333333333333334
ColumnUMLNotation:0.016666666666666666
