JsfUtils:0.7066666666666667
JsfView:0.3566666666666667
JsfViewFactory:0.25333333333333335
