HealpixIndex:0.5633333333333334
AngularPosition:0.3433333333333333
HealpixTest:0.31333333333333335
SpatialVector:0.24666666666666667
TestSixFourBit:0.15333333333333332
RingInfoSmall:0.10838095238095237
HealpixIndexTest:0.043333333333333335
