Export:0.4633333333333333
TypeUtility:0.4088888888888889
ExportDialog:0.15333333333333332
