NtlmUsernamePasswordAuthenticationToken:0.7433333333333333
NtlmAwareLdapAuthenticator:0.4633333333333333
