XMPPChatTransmitter:0.5366666666666666
BinaryChannel:0.3
IncomingInvitationProcess:0.2816666666666667
OutgoingInvitationProcess:0.26666666666666666
