Rule:0.5797777777777778
Validator:0.41333333333333333
QuickRule:0.38333333333333336
AnnotationRule:0.2683333333333333
