DefaultCacheKey:0.35333333333333333
AbstractFallbackMethodDefinitionSource:0.35
MapBasedMethodDefinitionSource:0.235
SecurityExpressionRoot:0.235
DelegatingMethodDefinitionSource:0.19666666666666666
AbstractMethodDefinitionSource:0.17916666666666667
ExpressionAnnotationMethodDefinitionSource:0.17666666666666667
ExpressionAnnotationMethodDefinitionSourceTests:0.06666666666666667
