IOUtils:0.7366666666666667
SerializeWriter:0.36333333333333334
Base64Test2:0.29
FieldSerializer:0.23
JSONScanner:0.2111111111111111
JSONReaderScanner:0.19666666666666666
TypeUtils:0.19166666666666668
JavaBeanSerializer:0.18
JavaBeanInfo:0.15333333333333332
TestUtils:0.12333333333333334
Base64Test:0.08666666666666667
