Mapping:0.6522777777777777
CompletableEntityStore:0.29333333333333333
SingleEntityStoreFromBlocking:0.29333333333333333
BaseResult:0.26666666666666666
GenericMapping:0.23666666666666666
FunctionalTest:0.20333333333333334
Queryable:0.2
EntityDataStore:0.16
