ConcurrentVersionsSystemTest:0.6366666666666667
SpecificVersionCVS:0.45866666666666667
ConcurrentVersionsSystemValidationTest:0.2866666666666667
