ModuleManager:0.5233333333333333
XSystem:0.5116666666666667
