LockStoreContainer:0.4583333333333333
MultiMapTest:0.3933333333333333
MultiMapPartitionContainer:0.31666666666666665
MapLockTest:0.23666666666666666
