Connection:0.5366666666666666
ConcurrentMapManager:0.45
ConnectionManager:0.31
ClusterManager:0.22333333333333333
OutSelector:0.2077777777777778
MTargetAwareOp:0.1411111111111111
