Options:0.67
AnnotationPreProcessor:0.385
GenerationUnit:0.25416666666666665
J2ObjC:0.22333333333333333
AnnotationProcessorFiler:0.13666666666666666
AnnotationProcessingEnv:0.105
AnnotationCompiler:0.051666666666666666
