FreeServerCockpit:0.57
ARINCCockpitItemList:0.31666666666666665
FreeCockpitConfigurationHandler:0.29
CockpitItemParser:0.2811111111111111
FreeWindowManager:0.2633333333333333
ARINCCockpitItemFactory:0.25777777777777783
LayerSetParser:0.24222222222222223
