MapContainer:0.44666666666666666
XMLConfigBuilderTest:0.44
MapStoreBackup:0.22
ClientMapStoreTest:0.06666666666666667
