GwtTeamingMessages:0.506388888888889
NetFolderHelper:0.31666666666666665
GwtNetFolderHelper:0.24777777777777782
ResourceDriverConfig:0.22333333333333333
ResourceDriverModuleImpl:0.22
NetFolderRoot:0.20333333333333334
ModifyNetFolderRootDlg:0.2
ObjectKeys:0.155
