JFXWidgetComponent:0.5033333333333333
JFXFactory:0.33
JFXServerWindow:0.27666666666666667
JFXRendererBridge:0.24666666666666667
Selector:0.19555555555555557
JFXComponentsHandler:0.18333333333333332
DefaultConnectorRenderer:0.18
AbstractJFXMapItemRenderer:0.17333333333333334
