Synth2LookAndFeel:0.6219444444444444
LineSegmentRenderer:0.4666666666666667
LineStartRenderer:0.3333333333333333
