InternalResources:0.8033333333333333
WebLanguages:0.41333333333333333
TestInternalResources:0.28
