WebUtils:0.6133333333333333
DuoSecurityConfiguration:0.42380555555555555
SamlConfiguration:0.42380555555555555
