InjectorImpl:0.7333333333333333
JitBindingsTest:0.5266666666666666
TypeConversionTest:0.32
