LdapAuthenticationProvider:0.5366666666666666
LdapAuthenticationProviderTests:0.31666666666666665
MockAuthenticator:0.22333333333333333
