AbstractInputHandler:0.39039835
InputHandler:0.16918944
KeyEventTranslator:0.16012342
View:0.045298237
KeyEventWorkaround:0.035602726
ShortcutPrefixActiveEvent:0.028125374
EditAction:0.027301438
StatusBar:0.01790217
