CreateStructureDatabaseDialog:0.6366666666666667
CreateStructuredbAction:0.33666666666666667
