AmazonS3Client:0.5633333333333334
FullJitterBackoffStrategy:0.22199999999999998
PredefinedBackoffStrategiesTest:0.20666666666666667
JsonContent:0.16866666666666666
ExponentialBackoffStrategy:0.1624761904761905
EqualJitterBackoffStrategy:0.1624761904761905
DownloadPartCallable:0.14
PredefinedBackoffStrategies:0.0
