PropertyBean:0.24
FileBean:0.23333333333333334
PlaceBean:0.23333333333333334
ChoiceBean:0.20666666666666667
NameBean:0.20666666666666667
SimpleValueBean:0.16333333333333333
EntityBean:0.1507936507936508
DateBean:0.10333333333333333
EventBean:0.10333333333333333
SexBean:0.10333333333333333
AgeBean:0.08333333333333333
MLEBean:0.08333333333333333
