PlanPrinter:0.5466666666666666
Visitor:0.4533333333333333
RuleAssert:0.2733333333333333
RuleApplication:0.19333333333333333
PlanAssert:0.14
