Network:0.4683333333333333
InterfaceProperties:0.37333333333333335
LineCurveRenderer:0.2866666666666667
Projection:0.24476190476190476
EventTreeDialog:0.23333333333333334
MapItemsUIHandler:0.20666666666666667
AbstractTriangleStartRenderer:0.1
LegendAnchorRenderer:0.06
ItemStyleRenderer:0.04
SwingUnprojectedMapItemRenderer:0.006944444444444445
JFXUnprojectedMapItemRenderer:0.006944444444444445
