DSLContext:0.5033333333333333
Table:0.4683333333333333
Sequence:0.465
Package:0.37822222222222224
DefaultDSLContext:0.27
UDT:0.2683333333333333
Routine:0.2683333333333333
AbstractTable:0.22
UDTImpl:0.21333333333333335
SequenceImpl:0.18
AbstractRoutine:0.15666666666666668
PackageImpl:0.11
EnumType:0.11
