XMLActivity:0.5466666666666666
WhiteboardManager:0.34
BasicShapePaintTool:0.31
XMLActivityDataObject:0.25333333333333335
BasicPaintTool:0.24666666666666667
SarosUI:0.22377777777777774
IActivityReceiver:0.19166666666666668
IActivityConsumer:0.19166666666666668
IActivityDataObjectConsumer:0.19166666666666668
IActivityDataObjectReceiver:0.19166666666666668
AbstractActivityDataObjectReceiver:0.16333333333333333
AbstractActivityReceiver:0.15333333333333332
WhiteboardView:0.14
AbstractActivityDataObjectConsumer:0.13666666666666666
SVGComposite:0.13333333333333333
AbstractActivityConsumer:0.13
MergedJSVGCanvas:0.07333333333333333
PencilShapeTool:0.07
RectangleTool:0.013333333333333334
RectangleShapeTool:0.0
