Builder:0.5566666666666666
CodeWriter:0.33666666666666667
TypeSpec:0.3
TypeSpecTest:0.26
