ReceiverThread:0.5833333333333334
AdminThread:0.28
BufferManagementStrategy:0.24333333333333335
ReceiverThreadTest:0.21
MediaDriver:0.16666666666666666
