ServiceRegistry:0.44578571428571434
ServiceRegistryImpl:0.38666666666666666
ServiceBootstrappingTest:0.30666666666666664
ConnectionProviderImpl:0.27
XaConnectionProvider:0.18166666666666667
ProxoolConnectionProvider:0.18166666666666667
C3P0ConnectionProvider:0.17333333333333334
DualNodeConnectionProviderImpl:0.14333333333333334
UserSuppliedConnectionProviderImpl:0.13666666666666666
DatasourceConnectionProviderImpl:0.13666666666666666
CollectionHelper:0.115
ServicesRegistryBootstrap:0.10333333333333333
DriverManagerConnectionProviderImpl:0.05444444444444444
ServiceBinding:0.006666666666666667
