DependencyInjection:0.4766666666666667
MainActiviy:0.42
SelectedCountToolbarView:0.19
ShoppingCartOverviewPresenter:0.14333333333333334
