ScriptEditor:0.7966666666666666
MyCode:0.2866666666666667
