ApplicationPreferences:0.6733333333333333
ERDesignerBundle:0.560484126984127
ERDesignerMainFrame:0.2866666666666667
UsageDataEditorView:0.23666666666666666
UsageDataEditor:0.23
