CannedMarsMap:0.5133333333333333
NavigatorWindow:0.38333333333333336
MapPanel:0.31333333333333335
UnitIconMapLayer:0.23333333333333334
NavpointEditLayer:0.18333333333333332
ExploredSiteMapLayer:0.18166666666666667
NavpointMapLayer:0.18166666666666667
MineralMapLayer:0.17944444444444446
EllipseLayer:0.16333333333333333
UnitLabelMapLayer:0.16333333333333333
ShadingMapLayer:0.15333333333333332
LandmarkMapLayer:0.15333333333333332
VehicleTrailMapLayer:0.14666666666666667
mapClickListener:0.1075
