Field:0.8733333333333333
Factory:0.7466666666666667
jOOQAbstractTest:0.37333333333333335
AbstractField:0.18
