ElasticsearchIntegrationTest:0.66
ElasticsearchTestCase:0.43333333333333335
ElasticsearchRestTestCase:0.36333333333333334
