FormController:0.8366666666666667
FormLocator:0.5422222222222222
KIASServlet:0.20866666666666667
