ActionConfig:0.5233333333333333
ActionMethodParser:0.38666666666666666
ActionMethodParserTest:0.30333333333333334
MadvocController:0.29333333333333333
ActionAnnotationData:0.13611111111111113
