MatrixUtil:0.88
BaseNeuralNetwork:0.3933333333333333
AdaGrad:0.27666666666666667
LogisticRegression:0.21666666666666667
ConvolutionalRBM:0.17333333333333334
RawDBNMnistExample:0.14
LFWExample:0.14
IrisExample:0.13333333333333333
RBMMnistExample:0.08
LFWRBMExample:0.08
