PosPanel:0.6566666666666666
PosModel:0.43666666666666665
Setup:0.2866666666666667
PayDialog:0.24666666666666667
