MediaCreationRequest:0.5366666666666666
SpoolDirService:0.3933333333333333
StoreScpService:0.3433333333333333
SpoolDirDelegate:0.2866666666666667
MediaCreationMgtScpService:0.26
MediaCreationRequestEmulatorService:0.07333333333333333
