ActionState:0.44666666666666666
AnnotatedAction:0.38666666666666666
StateTests:0.19
ActionTransitionCriteria:0.18333333333333332
XmlFlowBuilderTests:0.17111111111111113
ActionExecutionException:0.16666666666666666
ActionExecutor:0.12333333333333334
CompositeAction:0.12333333333333334
