Worker:0.48333333333333334
LOG:0.4633333333333333
WorkerControl:0.4266666666666667
Sym:0.4
Mango:0.38166666666666665
MangoScriptModel:0.25666666666666665
LogWindow:0.24666666666666667
MangoScriptUtilities:0.23333333333333334
CoreMangoObject:0.22333333333333333
GenSpecWindow:0.21666666666666667
CoreRuleBaseWindow:0.21666666666666667
MangoScriptWindow:0.21333333333333335
ClassParsingAlg:0.21333333333333335
BackupVertex:0.21
DeprecatedMethods:0.21
FindPatternWindow:0.20333333333333334
CpnVertex:0.2
BackupAlg:0.19833333333333333
AssumeEquivRule:0.19666666666666666
RewriteRequestMsg:0.19333333333333333
ScriptSaveAction:0.17666666666666667
ScriptRunAction:0.17666666666666667
RuleBaseAction:0.17333333333333334
StrataGraph:0.14666666666666667
ActionsManager:0.14666666666666667
MangoModelUtilities:0.14333333333333334
RequirementsManager:0.14
InitSessionMsg:0.11666666666666667
RunSelectionListener:0.11416666666666667
MapToScopeTrap:0.10666666666666667
GarbageCollectTrap:0.10333333333333333
ApplyLinearTrap:0.10333333333333333
