Printer:0.6902777777777778
SNAPCommunicator:0.3983333333333333
Reprap:0.37
NullCartesianMachine:0.2833333333333333
