RrPolygon:0.6066666666666667
RrCSGPolygon:0.55
RrPolygonList:0.3233333333333333
STLSlice:0.27666666666666667
LayerProducer:0.24
TestMain:0.16333333333333333
