StudyBean:0.33666666666666667
MinMaxPixelInfo:0.31333333333333335
GspsEncode:0.26
DicomImageFilter:0.15333333333333332
SelectGspsAction:0.014444444444444444
