RDFContainer:0.7833333333333333
RDFContainerFactory:0.43333333333333335
TestFileAccessor:0.37333333333333335
DataObject:0.34755555555555556
FileAccessor:0.32
SimpleCrawlerHandler:0.27666666666666667
FileSystemCrawler:0.14
CrawlerHandler:0.1325
FileDataObjectBase:0.08111111111111112
DataObjectBase:0.07111111111111112
DataAccessor:0.04666666666666667
FolderDataObjectBase:0.02
SimpleRDFContainerFactory:0.0
