UpdatableRecord:0.7211111111111111
TableRecordImpl:0.39666666666666667
CRUDTests:0.25
UpdatableRecordImpl:0.19333333333333333
TableRecord:0.15333333333333332
