ICDKManager:0.9066666666666666
TanimotoWizard:0.41333333333333333
