UnloadVehicleEVA:0.49
SalvageBuildingMeta:0.21
BuildingSalvageMissionMeta:0.21
TradeMeta:0.18333333333333332
TravelToSettlementMeta:0.18333333333333332
BuildingConstructionMissionMeta:0.17333333333333334
MaintenanceEVAMeta:0.17333333333333334
RepairEVAMalfunctionMeta:0.17333333333333334
LoadVehicleEVAMeta:0.17333333333333334
UnloadVehicleEVAMeta:0.12666666666666668
