ReloadingTestSuiteLoader:0.47333333333333333
BaseTestRunnerTest:0.38
Version:0.36
TestCaseClassLoaderTest:0.23333333333333334
