ComponentBrowser:0.5466666666666666
ComponentTree:0.3566666666666667
ComponentBrowserTest:0.31333333333333335
ComponentTreeTest:0.3
AllTests:0.14111111111111113
LocalHierarchy:0.065
