MultipleSelectTag:0.5860714285714286
TypeConversionUtil:0.30333333333333334
