Utils:0.6433333333333333
InChI:0.37333333333333335
UtilsTest:0.17333333333333334
XSculf2ScriptTest:0.14666666666666667
InChITest:0.11333333333333333
XSculf2Script:0.03666666666666667
