YearPicker:0.5966666666666667
DatePickerLayout:0.3433333333333333
DatePickerDialog:0.29333333333333333
OnDateChangedListener:0.29
PositionScroller:0.15333333333333332
Builder:0.0
