RegExprLabel:0.5166666666666667
GraphJVertex:0.4066666666666667
GraphToTikz:0.3333333333333333
Imager:0.2966666666666667
DefaultEdge:0.27
