SpinningIOThreadingModel:0.56
NonBlockingIOThreadingModel:0.44
NonBlockingSocketWriter:0.4066666666666667
DefaultNodeContext:0.16666666666666666
Spinning_IOThreadingModelFactory:0.13333333333333333
