SessionProxy:0.55
SequencerAgent:0.4266666666666667
EgressPublisher:0.26666666666666666
