VMFBuilder:0.5533333333333333
QueryRetrieveScpService:0.4533333333333333
FileSystemMgtService:0.39666666666666667
VMFMultiCFindRsp:0.16333333333333333
