BasicRecordStoreLoader:0.5333333333333333
DefaultRecordStore:0.36666666666666664
DefaultMapServiceContext:0.35
MapLoadAllTask:0.30244444444444446
MapReplicationOperation:0.22333333333333333
