Assert:0.5466666666666666
AssertionTest:0.4166666666666667
ExpectedException:0.3
ExpectedExceptionRuleTest:0.2733333333333333
VerifierRuleTest:0.23666666666666666
