Lwjgl3Application:0.45
Lwjgl3Graphics:0.3433333333333333
Lwjgl3ApplicationConfiguration:0.33666666666666667
Lwjgl3Window:0.31
Lwjgl3WindowListener:0.2678730158730158
Lwjgl3Input:0.25666666666666665
Lwjgl3WindowAdapter:0.15833333333333333
Lwjgl3DebugStarter:0.15666666666666668
MainWindow:0.11666666666666667
