AvailableExtendedKeyUsagesConfiguration:0.5433333333333333
AvailableCustomCertificateExtensionsConfiguration:0.5066666666666667
CertProfileBean:0.47333333333333333
SystemConfigMBean:0.44666666666666666
EjbcaWebBean:0.3233333333333333
CertificateExtensionFactory:0.2833333333333333
StartServicesServlet:0.2116666666666667
CertificateExtensionFactoryTest:0.0825
AvailableCustomCertExtensionsConfigTest:0.043333333333333335
