Gate:0.6255555555555556
TestCreole:0.49333333333333335
