InputSource:0.5933333333333334
Thumbnail:0.47
MediaBean:0.32
FileBean:0.21666666666666667
ThumbnailWidget:0.17666666666666667
DropHandler:0.15766666666666665
Callback:0.13333333333333333
