BulkShardProcessor:0.35333333333333333
BlobHttpIntegrationTest:0.30666666666666664
PagingTasksTest:0.24666666666666667
PingTask:0.21333333333333335
MapSideDataCollectOperation:0.21333333333333335
SymbolBasedBulkShardProcessor:0.21
BlobIntegrationTest:0.18333333333333332
SelectBenchmark:0.18333333333333332
TestSqlParser:0.17666666666666667
WriterProjectorTest:0.17333333333333334
UnavailableShardsException:0.13666666666666666
BlobWriteException:0.09333333333333334
