JFXImage:0.6012222222222221
PictureRenderer:0.5288888888888889
