MethodNode:0.6366666666666667
QueryBuilderTest:0.2866666666666667
ParameterizedFunctionExpression:0.26666666666666666
