ClassUtils:0.52
ClassPathScanner:0.49805555555555553
JdbcMigrationResolverSmallTest:0.32666666666666666
