ClientMapProxy:0.4533333333333333
ClientMapEventHandler:0.33666666666666667
ClientMultiMapEventHandler:0.33666666666666667
AbstractClientCollectionProxy:0.24666666666666667
ItemEventHandler:0.22666666666666666
ClientMultiMapProxy:0.20333333333333334
ClientSetProxy:0.19
ReplicatedMapEventHandler:0.13333333333333333
TopicItemHandler:0.08
