Stream:0.6333333333333333
StreamServiceManager:0.47
StreamSession:0.4
StreamPath:0.39
DataTransferManager:0.24
StreamService:0.21666666666666667
StreamSessionOutputStream:0.21666666666666667
StreamSessionInputStream:0.21333333333333335
PacketSender:0.19
SessionKiller:0.18666666666666668
Initiation:0.14166666666666666
StreamPacket:0.14
PacketReceiver:0.13333333333333333
SharedProjectListener:0.13333333333333333
SendFileAction:0.12666666666666668
ConnectionListener:0.12083333333333333
ConnectionException:0.11666666666666667
SendFileStreamService:0.09333333333333334
DataNotification:0.07666666666666666
SessionListener:0.06666666666666667
StreamPacketListener:0.06333333333333334
ReceiverGoneException:0.06
StreamException:0.06
StreamPacketFilter:0.006666666666666667
ThreadAccessRecorder:0.0033333333333333335
