Iterator:0.7066666666666667
AbstractTraversableTest:0.2866666666666667
