Entry:0.43666666666666665
Handler:0.3233333333333333
RebaseDynamicTypeBuilderTest:0.2833333333333333
RedefinitionDynamicTypeBuilderTest:0.2833333333333333
AbstractDynamicTypeBuilderTest:0.21333333333333335
ForAnnotationValue:0.11666666666666667
MethodRegistryDefaultTest:0.03333333333333333
