Array:0.65
LongArray:0.24222222222222223
CharArray:0.24222222222222223
FloatArray:0.24222222222222223
IntArray:0.24222222222222223
ByteArray:0.24222222222222223
ShortArray:0.24222222222222223
BooleanArray:0.24222222222222223
