JOptSimpleCommandLineOptionsParserTests:0.4266666666666667
ReflectionUtils:0.3933333333333333
ConsoleDetailsTests:0.28
AnnotationUtils:0.25666666666666665
