DesktopAppDownloadDlg:0.43333333333333335
GwtTeamingMessages:0.38055555555555554
DesktopAppDownloadControl:0.33
GwtMainPage:0.24333333333333335
