IndianSettlement:0.47
Game:0.4066666666666667
ImageLibrary:0.29333333333333333
InGameInputHandler:0.24333333333333335
FreeColDialog:0.22333333333333333
MapGenerator:0.21666666666666667
GUI:0.19
Canvas:0.15333333333333332
InGameController:0.14666666666666667
