Entry:0.5466666666666666
CollectionContainer:0.49
ObjectMultiMapProxy:0.31
PutEntryProcessor:0.25
CollectionService:0.24
ClearOperation:0.16333333333333333
CollectionOperation:0.14
GetEntryProcessor:0.13666666666666666
RemoveEntryProcessor:0.11666666666666667
RemoveObjectEntryProcess:0.10666666666666667
MultiMapOperation:0.013333333333333334
