BatchWriteOperation:0.78
BatchWriteOperationResponse:0.4033333333333333
BatchWriteOperationMarshaller:0.21777777777777782
BatchWriteOperationResponseMarshaller:0.21777777777777782
BatchWriteOperationResponseJsonUnmarshaller:0.1577777777777778
BatchWriteOperationJsonUnmarshaller:0.12444444444444443
