Person:0.61
PersonNatureAttr:0.29333333333333333
PersonRecognition:0.2833333333333333
MyStaticValue:0.2644444444444444
SimpleDemo:0.21666666666666667
InitDictionary:0.19333333333333333
Merger:0.19
ToAnalysisTest:0.10333333333333333
NatureRecognitionTest:0.1
DicReader:0.043333333333333335
Test:0.016666666666666666
