ItrackerResourceBundleIT:0.5799444444444444
ItrackerDirtyResourceExceptionTest:0.25333333333333335
