BlockJUnit4ClassRunner:0.39
Suite:0.38
ParentRunner:0.32
ErrorReportingRunner:0.24944444444444447
Parameterized:0.2076111111111111
TheoryAnchor:0.20666666666666667
TestClassRunnerForParameters:0.19055555555555556
Request:0.1877777777777778
Theories:0.056666666666666664
StubbedTheories:0.04
