MapReduceOutput:0.52
DBCollection:0.41333333333333333
MapReduceWithInlineResultsOperation:0.22
MapReduceToCollectionOperation:0.22
MapReduceTest:0.15666666666666668
