ShadowTextView:0.6044444444444443
ShadowEditText:0.30333333333333334
MockTextWatcher:0.30333333333333334
TextViewTest:0.2833333333333333
