HazelcastExpiryPolicy:0.4117063492063492
AbstractHazelcastCacheManager:0.4033333333333333
AbstractCacheRecordStore:0.4033333333333333
AbstractCacheService:0.33
ClientListenerServiceImpl:0.30666666666666664
ICacheService:0.2732777777777778
CacheEntryProcessorEntry:0.24433333333333337
InvocationFuture:0.2127222222222222
CacheReplicationOperation:0.19666666666666666
CacheDataSerializerHook:0.1752222222222222
