X509CAInfo:0.6166666666666667
CA:0.5533333333333333
X509CA:0.3566666666666667
TestCAs:0.265
CAAdminSessionBean:0.23
ProtocolOcspHttpTest:0.21
RSASignSessionBean:0.2
TestCAImportExport:0.17666666666666667
TestRevocationApproval:0.16333333333333333
TestCreateCRLSession:0.14666666666666667
CaInitCommand:0.10333333333333333
HwCaInitCommand:0.08
