Account:0.6533333333333333
GenericDAO:0.605
UserService:0.27051984126984113
UserDAO:0.27051984126984113
User:0.22666666666666666
BankService:0.16333333333333333
BankDao:0.16333333333333333
GenericDAOImpl:0.06333333333333334
ListAccounts:0.020833333333333332
PostAccounts:0.020555555555555556
SeedData:0.020555555555555556
UserDAOImpl:0.006666666666666667
UserServiceImpl:0.006666666666666667
BankDaoStub:0.0033333333333333335
BankServiceImpl:0.0
HeavyDutyAuthenticationProcessingFilter:0.0
HeavyDutyEntryPoint:0.0
