Preferences:0.53
GenericExtruder:0.49666666666666665
LinePrinter:0.47833333333333333
LineTest:0.26666666666666666
