AbstractCrateNodesTests:0.6433333333333333
DoctestTestCase:0.35
DocTest:0.12666666666666668
