AdjacencyMatrix:0.7933333333333333
AdjacencyMatrixTest:0.27666666666666667
