Domain:0.72
QuestionAction:0.15666666666666668
AnswerAction:0.15666666666666668
SurveyAction:0.15666666666666668
GroupAction:0.15666666666666668
SubmissionAction:0.15666666666666668
QuotaAction:0.15666666666666668
QuotaConditionAction:0.15666666666666668
SampleAction:0.15666666666666668
SampleFactory:0.056666666666666664
GroupFactory:0.056666666666666664
QuotaConditionFactory:0.056666666666666664
AnswerFactory:0.056666666666666664
QuotaFactory:0.056666666666666664
QuestionFactory:0.056666666666666664
SurveyFactory:0.056666666666666664
