CacheLoadAllOperation:0.3367777777777778
CacheRemoveAllOperation:0.3367777777777778
