ShadowPackageManager:0.5533333333333333
Robolectric:0.37333333333333335
RobolectricTestRunner:0.3333333333333333
AttributeSetBuilder:0.33
AttributeSetBuilderImpl:0.16666666666666666
