Inner:0.44666666666666666
ExecutorServiceProxy:0.3
ExecutorServiceTest:0.14333333333333334
