TransportSQLActionTest:0.6752777777777778
QueryVisitor:0.33166666666666667
CollectorUpdateRequest:0.21333333333333335
