SeqAlignPanel:0.8033333333333333
BaseEditorPanel:0.4533333333333333
