SplitManager:0.39666666666666667
ImportMetadata:0.32666666666666666
ImportPartition:0.22333333333333333
PartitionChunkSupplier:0.15666666666666668
RetryDriver:0.15333333333333332
