SortingProjectorTest:0.48333333333333334
SortingTopNProjectorTest:0.4716666666666667
ProjectionToProjectorVisitorTest:0.43666666666666665
