BasicWidgetTreeTest:0.49666666666666665
MenuSarosByAliceBobTest:0.30666666666666664
EditorByAliceTest:0.29333333333333333
SarosPreferencesTest:0.26666666666666666
SarosViewTest:0.25333333333333335
MenuTest:0.23333333333333334
EditorByAliceBobTest:0.21
SessionAliceBobTest:0.18666666666666668
HandleContactsTest:0.17333333333333334
MenuRefactorTest:0.17333333333333334
ContextMenuOpenTest:0.17333333333333334
PackageExplorerViewTest:0.16666666666666666
MenuFileTest:0.16
BuddiesByAliceBobTest:0.15
EditDuringInvitationTest:0.15
Share3UsersLeavingSessionTest:0.14333333333333334
FileOperationsTest:0.12333333333333334
ShareMultipleProjectsTest:0.06333333333333334
ContextMenuDeleteTest:0.056666666666666664
MenuSarosByAliceBobCarlTest:0.05333333333333334
Share3UsersSequentiallyTest:0.05
Share3UsersConcurrentlyTest:0.05
ConcurrentEditingTest:0.05
ContextMenuShareWithTest:0.043333333333333335
Share2UsersSequentiallyTest:0.03
FolderOperationsTest:0.03
EditDifferentFilesTest:0.006666666666666667
EditorWithoutSessionTest:0.0025
InviteAndLeaveStressTest:0.0
TestSuite:0.0
InviteBuddiesByAliceBobCarlTest:0.0
AccountPreferenceTest:0.0
