Sys:0.5133333333333333
PlatformAdapter:0.3405555555555555
SwingAdapter:0.29333333333333333
