HpackTest:0.4866666666666667
Huffman:0.48
Writer:0.3566666666666667
HuffmanTest:0.16666666666666666
