FakeView:0.7211111111111111
FakeMapController:0.425
FakeMapView:0.25333333333333335
ViewTest:0.22666666666666666
