NearCache:0.5771111111111111
PartitionRecordStore:0.5627777777777778
