BuildLoopQueryService:0.6266666666666667
BuildSummariesService:0.47333333333333333
GetProjectBuildStatusControllerTest:0.31666666666666665
LatestBuildsListingControllerTest:0.16666666666666666
GetActiveBuildInfoControllerTest:0.15666666666666668
GetProjectBuildStatusXmlControllerTest:0.15333333333333332
GetProjectBuildOutputControllerTest:0.14666666666666667
BuildSummaryUIServiceTest:0.13666666666666666
BuildDetailController:0.10333333333333333
BuildListingControllerTest:0.09666666666666666
BuildLoopQueryServiceTest:0.08333333333333333
GetProjectBuildStatusXmlController:0.08
GetProjectBuildStatusController:0.043333333333333335
ForceBuildController:0.03
GetProjectBuildOutputController:0.023333333333333334
GetCommitMessageController:0.016666666666666666
ForceBuildControllerTest:0.01
BuildInformationRepositoryInMemoImplTest:0.006666666666666667
