MolecularFormulaManipulator:0.8633333333333333
MolecularFormulaManipulatorTest:0.26666666666666666
