ITestManager:0.5626428571428571
TestManager:0.32666666666666666
AbstractManagerMethodDispatcher:0.31
AbstractManagerMethodDispatcherTest:0.20666666666666667
JavaManagerMethodDispatcher:0.13166666666666665
JavaScriptManagerMethodDispatcher:0.13166666666666665
