ClientMessage:0.67
ClientMessageTest:0.31333333333333335
ClientInvocationServiceSupport:0.2
MessageFlyweight:0.2
ClientEventProcessor:0.19666666666666666
ResponseThread:0.17833333333333334
ClientEventRegistration:0.17666666666666667
ClientListenerServiceImpl:0.17
ClientSmartListenerService:0.16666666666666666
MapMessageEncodeDecodeTest:0.09666666666666666
ClientMessageBuilder:0.01
