DoubleTermsAggregator:0.56
LongTermsAggregator:0.45666666666666667
SortedNumericDoubleFieldData:0.22833333333333333
