GameVariables:0.5316666666666666
Game:0.4033333333333333
InGameController:0.3466666666666667
GameOptions:0.30666666666666664
Canvas:0.24666666666666667
InGameInputHandler:0.24
GUI:0.20666666666666667
