Metadata:0.5466666666666666
ClientCallImpl:0.3466666666666667
AbstractServerStream:0.24666666666666667
ServerCallImpl:0.23
MetadataTest:0.22333333333333333
NettyClientStream:0.21
OkHttpClientStream:0.21
Http2ClientStream:0.17333333333333334
