HBondAcceptorCountDescriptor:0.26666666666666666
RuleOfFiveDescriptor:0.23
RotatableBondsCountDescriptor:0.20944444444444446
TPSADescriptor:0.18666666666666668
AromaticBondsCountDescriptor:0.18666666666666668
AromaticAtomsCountDescriptor:0.18666666666666668
