SampleableConcurrentHashMap:0.4666666666666667
LazySamplingEntryIterableIterator:0.42333333333333334
CacheBasicAbstractTest:0.37
