Administrator:0.57
ResultFrame:0.2633333333333333
MDIDesktopPane:0.21222222222222223
BatchIngestGUI:0.17777777777777778
BatchBuildGUI:0.16666666666666666
BatchBuildIngestGUI:0.16666666666666666
ManagementConsole:0.16
AccessConsole:0.16
ViewObjectXML:0.15333333333333332
DatastreamViewer:0.09333333333333334
