ShadowLooper:0.38666666666666666
ActivityControllerTest:0.35
ShadowMessageQueue:0.2866666666666667
ActivityController:0.21666666666666667
TranscriptActivity:0.19666666666666666
ShadowResourcesTest:0.17666666666666667
RoboMonitoringInstrumentation:0.14
MyActivity:0.12904761904761905
ActivityTestRuleTest:0.07333333333333333
ShadowViewRootImpl:0.04666666666666667
