ExecutionService:0.7533333333333333
GraphElementPresentationHelper:0.5
GraphHistoryBuilder:0.34
GraphHistoryElementPresentationVisitor:0.255
ExecutionServiceDelegate:0.25333333333333335
ExecutionLogic:0.21
HistoryGraphImageAction:0.19986291486291485
ExecutionServiceBean:0.19666666666666666
ShowGraphHistoryFormTag:0.18
GraphImageHelper:0.1671031746031746
ProcessGraphElementPresentationVisitor:0.1
