MoveStudy:0.475
HL7FieldsImpl:0.45166666666666666
MSHSegment:0.38333333333333336
MSHSegmentImpl:0.2866666666666667
