Materialisation:0.45
PatternShape:0.4266666666666667
QuasiShape:0.30333333333333334
AbstractPatternGraph:0.27666666666666667
TestMaterialisation:0.20333333333333334
Test:0.16
MultVar:0.14222222222222222
MaterialisingRuleApplication:0.12333333333333334
PatternNodeComparator:0.0
