AccessDeniedHandler:0.7572380952380953
ExceptionTranslationFilter:0.5366666666666666
ExceptionTranslationFilterTests:0.43666666666666665
AccessDeniedHandlerImpl:0.13
