SpriteBatch:0.48333333333333334
AndroidFiles:0.36
LwjglGraphics:0.3233333333333333
LwjglFiles:0.27
JoglFiles:0.27
Game:0.19333333333333333
