NetUtils:0.6166666666666667
AbstractRegistry:0.3933333333333333
ServiceConfig:0.37
