CrateSettings:0.5341666666666668
InformationSchemaTest:0.45666666666666667
TestGlobalSysExpressions:0.2733333333333333
ClusterSettingsExpression:0.18527777777777776
SysClusterSettingsTest:0.17
