ObjectGraph:0.6533333333333333
InjectionOfLazyTest:0.23576984126984124
SetBindingTest:0.21666666666666667
