DoctestRunner:0.5983333333333334
NodeSettingsTest:0.47333333333333333
S3ClientHelperTest:0.38666666666666666
