Response:0.51
CallTest:0.26
OkHttpCall:0.21333333333333335
Service:0.16722222222222222
DefaultCallAdapterFactoryTest:0.16333333333333333
Utils:0.145
ResultTest:0.10666666666666667
ExceptionCatchingRequestBody:0.10166666666666667
