ImportExportUtilities:0.9333333333333333
ImportExportUtilitiesIT:0.03666666666666667
