SarosSession:0.45
DiscoveryManager:0.32666666666666666
AdvancedPreferencePage:0.32
TransferDescription:0.2833333333333333
UPnPManager:0.24833333333333332
DataTransferManager:0.23888888888888885
SarosNet:0.23388888888888887
SharedProjectListener:0.23
WizardUtils:0.21916666666666668
PreferenceConstants:0.21666666666666667
BaseBuddySelectionComposite:0.21
OutgoingSessionNegotiation:0.21
ConfigurationSettingsWizardPage:0.20166666666666666
PreferenceUtils:0.19666666666666666
BuddySelectionWizardPage:0.18333333333333332
InvitationWizard:0.17444444444444446
XMPPReceiver:0.14666666666666667
RosterUtils:0.13666666666666666
FollowModeAction:0.13666666666666666
StunHelper:0.12333333333333334
FollowThisPersonAction:0.10666666666666667
NetworkingUtils:0.1
SarosTestNet:0.09666666666666666
NetworkPreferencePage:0.09333333333333334
StartupSaros:0.08333333333333333
PreferenceInitializer:0.08333333333333333
GettingStartedPage:0.04666666666666667
UPnPUIUtils:0.03666666666666667
