ChartEditorInput:0.4583333333333333
SVGChartsSWTComponentProvider:0.3933333333333333
CAHChartEditor:0.38666666666666666
IImageKeys:0.20111111111111113
ComputeCAH:0.16333333333333333
