ATN:0.41
ATNConfig:0.37333333333333335
LexerATNSimulator:0.30333333333333334
ParserATNSimulator:0.2966666666666667
RecognitionException:0.19666666666666666
DefaultErrorStrategy:0.18666666666666668
LL1Analyzer:0.15333333333333332
TreeParserATNFactory:0.11
MatchTree:0.1
