EnsJAdapter:0.61
DataSourceConfigurationPanel:0.3
EnsJAdapterGUI:0.28
DataSourceChangeListener:0.22083333333333333
CompositeDataSourceConfigurationPanel:0.21916666666666668
ChromosomeDropdownPopupListener:0.09666666666666666
