JNode:0.5766666666666667
MainWindow:0.2966666666666667
JadxSettings:0.2966666666666667
CacheObject:0.19333333333333333
IndexJob:0.19
Utils:0.16777777777777778
CodeUsageInfo:0.14666666666666667
CodeNode:0.13333333333333333
FindUsageAction:0.12333333333333334
JadxSettingsWindow:0.12
ResultsTableCellRenderer:0.08666666666666667
