INewC:0.5533333333333333
ITeamC:0.5533333333333333
TeamC:0.47333333333333333
NewC:0.4266666666666667
SarosContextMenuWrapper:0.36666666666666664
Views:0.33666666666666667
IViews:0.28055555555555556
STFController:0.18666666666666668
ShareWithC:0.185
WorkTogetherOnC:0.185
RefactorC:0.17666666666666667
SessionContextMenuWrapper:0.13210714285714287
IRefactorC:0.006666666666666667
IShareWithC:0.006666666666666667
IWorkTogetherOnC:0.006666666666666667
