PrincipalResolver:0.64
ChainingPrincipalResolver:0.49666666666666665
PersonDirectoryPrincipalResolver:0.38333333333333336
AbstractAuthenticationManager:0.22
CasCoreAuthenticationConfiguration:0.19
PersonDirectoryPrincipalResolverTests:0.13666666666666666
X509SubjectDNPrincipalResolverTests:0.13666666666666666
X509SerialNumberAndIssuerDNPrincipalResolverTests:0.13666666666666666
X509SerialNumberPrincipalResolverTests:0.13666666666666666
PrincipalBearingCredentialsToPrincipalResolverTests:0.1
SpnegoCredentialsToPrincipalResolverTests:0.1
ChainingPrincipalResolverTests:0.08666666666666667
PersonDirectoryPrincipalResolverLdaptiveTests:0.06333333333333334
