Assert:0.5133333333333333
ScriptEditor:0.44666666666666666
ComponentPropertyModel:0.24666666666666667
ComponentBrowser:0.22333333333333333
PopupAdapter:0.19305555555555554
JComponentTester:0.185
JComponentTesterTest:0.16666666666666666
MyCode:0.15333333333333332
AssertTest:0.15333333333333332
CustomTextField:0.07916666666666666
