StringWebResponse:0.4422222222222223
HTMLElement:0.42333333333333334
DocumentTest:0.12200000000000001
