ViewUtil:0.46
DrawProperties:0.39
MultipartRequestHandler:0.2537777777777778
FileUploadServlet:0.21666666666666667
HTTPSessionFilter:0.08666666666666667
