XJBSWDownloadCandidate:0.5622222222222222
XJBSWDownloadCandidateImpl:0.35333333333333333
Unmarshaller:0.23333333333333334
