WebResources:0.7482777777777778
MultipartRequestHandler:0.3663888888888889
