ScopedProxyConfigurationListener:0.7033333333333334
StandardBeanConfigurationListener:0.3627936507936508
