ProcessDefinition:0.5833333333333334
DesignerEditor:0.44333333333333336
ElementTypeDefinition:0.36666666666666664
TransitionConnectionBendpointEditPolicy:0.20666666666666667
DesignerPlugin:0.20111111111111113
GridSupportLayer:0.19238095238095237
TransitionGraphicalEditPart:0.18666666666666668
ShowActionsAction:0.14
ShowGridAction:0.14
GpdXmlContentProvider:0.13666666666666666
DesignerPaletteRoot:0.13333333333333333
StateGraphicalEditPart:0.13333333333333333
AuxContentProvider:0.12
ElementGraphicalEditPart:0.11666666666666667
EditorUtils:0.07
PluginConstants:0.03666666666666667
