AbstractServerCockpit:0.5719444444444445
AbstractWindowManager:0.4558333333333333
