Factory:0.5066666666666667
ProxyObject:0.4666666666666667
Convert:0.33
SAFEARRAYTest:0.22
CallbackProxy:0.21666666666666667
IDispatchTest:0.15333333333333332
HybdridCOMInvocationTest:0.15333333333333332
ConvertTest:0.13
EnumMoniker_Test:0.12666666666666668
RunningObjectTable_Test:0.11333333333333333
ProxyObject2:0.07666666666666666
EnumMoniker:0.07
RunningObjectTable:0.06666666666666667
CallbackProxy2:0.0033333333333333335
