ClassDescriptor:0.7033333333333334
WeakIntrospector:0.30212698412698413
ClassIntrospector:0.2775
