BroadcastEventProcessor:0.5333333333333333
DataManager:0.37333333333333335
Scheduler:0.197
SnmpThresholder:0.19666666666666666
EventWriter:0.182
Vacuumd:0.182
