ClassTestDescriptor:0.4766666666666667
MethodTestDescriptor:0.4033333333333333
JUnit5TestDescriptor:0.24666666666666667
