Window:0.62
Image:0.5566666666666666
RecursiveFunctionObject:0.23333333333333334
