Config:0.9033333333333333
EnsCGIAdapter:0.26
SRSSequence:0.19666666666666666
DataUtil:0.13777777777777775
