ClientMapProxy:0.5666666666666667
ClientMapEventHandler:0.25666666666666665
NearCachedClientMapProxy:0.24666666666666667
LazyMapEntry:0.24333333333333335
CachedQueryEntry:0.24333333333333335
ClientMapPartitionLostEventHandler:0.1974761904761905
ListenerAdapters:0.08
