JCPMultiPageEditor:0.44
JCPEditor:0.20333333333333334
JCPWizard:0.15333333333333332
Bc_jchempaintPlugin:0.14666666666666667
JCPWizardPage:0.11666666666666667
JCPMultiPageEditorContributor:0.02
