RaptorRecordSink:0.26666666666666666
HiveRecordSink:0.26666666666666666
JdbcRecordSink:0.20666666666666667
CassandraRecordSink:0.20666666666666667
RecordSink:0.14583333333333334
