CriticalPair:0.5533333333333333
ParallelPair:0.43666666666666665
TestDeleteUseWithAttributes:0.15666666666666668
ConfluenceAnalyzer:0.06666666666666667
TestConfluence:0.02588888888888889
HostGraphWithMorphism:0.01
