PollablesTest:0.43
PollableElement:0.3466666666666667
PollContext:0.28948412698412695
PollableContainer:0.24333333333333335
PollableService:0.17
PollOutage:0.16
MockDatabase:0.12333333333333334
MockPollContext:0.08666666666666667
