GoodsManager:0.47
Container:0.44083333333333335
Trade:0.36666666666666664
TradeUtil:0.36
LargeBag:0.24666666666666667
SpecimenContainer:0.10888888888888891
Bag:0.08666666666666667
Barrel:0.062222222222222213
GasCanister:0.062222222222222213
ContainerUtil:0.02
