ProfileModule:0.8633333333333333
AbstractZoneModule:0.37333333333333335
ProfileModuleImpl:0.36333333333333334
