Variable:0.6
RuleFactory:0.39
VariableNode:0.37
PointIntAlgebra:0.29
PointRealAlgebra:0.29
PointAlgebra:0.27051984126984113
PointBoolAlgebra:0.25333333333333335
ReteNetwork:0.23
PointStringAlgebra:0.22333333333333333
STS:0.22
Condition:0.21
ValueNodeSearchItem:0.19666666666666666
TypeGraph:0.19333333333333333
Level2:0.17666666666666667
OperatorNodeSearchItem:0.16666666666666666
RuleInspector:0.16
Strings:0.1
