AtomCount:0.5133333333333333
TavernaTestData:0.5066666666666667
AtomCountTest:0.26
CDKTavernaTests:0.23333333333333334
SubstructureFilter:0.17666666666666667
