MemoryManagerConfig:0.6766666666666666
LocalMemoryManager:0.4766666666666667
TestSqlTaskManager:0.25333333333333335
ServerMainModule:0.23333333333333334
TestMemoryManagerConfig:0.22333333333333333
