CreatePartitionDialog:0.43
StructuralUnitProperty:0.30333333333333334
ComposePartition:0.2833333333333333
StructuralUnit:0.23
CreatePartition:0.17333333333333334
IImageKeys:0.0
