Advapi32:0.79
Advapi32Test:0.4866666666666667
SECURITY_DESCRIPTOR_RELATIVE:0.33
Advapi32Util:0.29333333333333333
ACL:0.2866666666666667
PSID:0.256
Advapi32UtilTest:0.17666666666666667
WinNT:0.155
