SqlQueryManager:0.49333333333333335
BufferInfo:0.35333333333333333
IndexHandle:0.26666666666666666
ConstantExpression:0.26666666666666666
