OgnlExpressionParserTests:0.3228333333333333
ELMethodExpressionTests:0.2966666666666667
ELContextDelegationTests:0.13
ELMethodParsingTests:0.09666666666666666
