RequestBuilderBase:0.5933333333333334
RequestBuilder:0.2733333333333333
BoundRequestBuilder:0.25666666666666665
