SequenceBlockIdGenerator:0.44
DefaultHibernateSessionFactory:0.26
TestHelper:0.24222222222222223
SequenceBlockTest:0.23666666666666666
PersistenceSessionFactory:0.21177777777777776
JbpmSessionFactory:0.14666666666666667
InitializerLogic:0.13
HibernateSessionFactory:0.12333333333333334
