CodeList:0.4
CoordinateSystem:0.38262698412698404
GeneralDerivedCRS:0.38262698412698404
EngineeringCRS:0.3432380952380951
DerivedCRS:0.3432380952380951
ByteInValuePacking:0.2918730158730159
ParameterType:0.2918730158730159
SampleDimensionType:0.2918730158730159
ValueInBytePacking:0.2918730158730159
ColorInterpretation:0.2918730158730159
PaletteInterpretation:0.2918730158730159
RelativeInternalPositionalAccuracy:0.0
AbsoluteExternalPositionalAccuracy:0.0
