Internal:0.6433333333333333
Connection:0.4544444444444445
HttpEngine:0.32
ConnectionPool:0.24444444444444446
HttpConnection:0.24
RouteSelector:0.21666666666666667
ConnectionPoolTest:0.20333333333333334
AbstractSource:0.13333333333333333
