ProcessInstanceView:0.8066666666666666
ProcessGraph:0.4666666666666667
