TimestampTest:0.39666666666666667
TdsCore:0.38333333333333336
ConnectionJDBC2:0.32666666666666666
CSUnitTest:0.28444444444444444
PreparedStatementTest:0.27666666666666667
Support:0.26
SAfeTest:0.23333333333333334
