FunctionCall:0.49333333333333335
AstBuilder:0.42333333333333334
RewritingVisitor:0.38333333333333336
HashGenerationOptimizer:0.23666666666666666
