Judge:0.74
ConvergenceAnnealingEngine:0.3044444444444444
PredictionTool:0.29444444444444445
HOSECodeJudge:0.2833333333333333
IJudge:0.25670634920634916
TwoDSpectrumJudge:0.19
SymmetryJudge:0.15333333333333332
ChiefJustice:0.03333333333333333
WCCHOSECodeJudge:0.03333333333333333
WCCNMRShiftDBJudge:0.03333333333333333
