MultiChannelGroupByHash:0.58
GroupByHash:0.5791666666666667
BigintGroupByHash:0.23333333333333334
