PackageChunk:0.5611666666666667
ResTable:0.49333333333333335
ResTableType:0.1863888888888889
PackageGroup:0.1863888888888889
TableChunk:0.1188888888888889
