StatementGenerator:0.5566666666666666
Rewriter:0.3244444444444444
MethodReferenceTest:0.25333333333333335
MethodReferenceRewriter:0.21333333333333335
MethodReference:0.13666666666666666
