Grammar:0.5033333333333333
NFABuilder:0.4066666666666667
Rule:0.35333333333333333
ParserNFAFactory:0.33
NFA:0.22
Tool:0.19
BaseTest:0.16666666666666666
DFA7:0.16333333333333333
LexerNFAFactory:0.14666666666666667
PredicateTransition:0.1288888888888889
DFA10:0.10783333333333334
DFA6:0.10783333333333334
DFA17:0.10783333333333334
Transition:0.05888888888888888
RuleTransition:0.03888888888888889
EpsilonTransition:0.03888888888888889
