MethodAccessorFactory:0.4533333333333333
AbstractAnnotationDescriptionTest:0.3933333333333333
AnnotationDescriptionForLoadedAnnotationTest:0.14666666666666667
ExplicitStatic:0.1267222222222222
InstrumentationContextDefaultTest:0.11
AuxiliaryTypeMethodAccessorFactoryIllegalTest:0.1
MethodDelegationFieldTest:0.06
