XmlFlowRegistrar:0.4866666666666667
FlowRegistryFactoryBean:0.43333333333333335
FlowRegistrarImpl:0.23
ChainedFlowRegistrar:0.19666666666666666
