AbstractEntityManagerImpl:0.5616666666666666
PostgreSQL81Dialect:0.30666666666666664
MySQLDialect:0.2966666666666667
LockTest:0.2966666666666667
