MCalendar:0.74
SummaryData:0.38666666666666666
SummaryCategory:0.3433333333333333
DT:0.23
CalendarComponent:0.18333333333333332
