CashFlows:0.58
Array:0.5066666666666667
Bond:0.25333333333333335
SampledCurve:0.20333333333333334
BPSCalculator:0.19333333333333333
CapFloor:0.11666666666666667
NumberTypedVisitor:0.1
DoubleTypedVisitor:0.1
IntegerTypedVisitor:0.1
IRRFinder:0.07333333333333333
