ConfigurationManager:0.39
DefaultConfiguration:0.38
DefaultActionMapperTest:0.25
Dispatcher:0.21333333333333335
DispatcherTest:0.19666666666666666
RestActionMapperTest:0.18333333333333332
AbstractBeanSelectionProvider:0.16333333333333333
Restful2ActionMapperTest:0.16333333333333333
StrutsConfigRetriever:0.15666666666666668
XWorkTestCaseHelper:0.12
ConfigurationManagerTest:0.12
CompositeActionMapperTest:0.12
DefaultBeanSelectionProvider:0.10133333333333333
InternalConfigurationManager:0.08
XmlConfigurationProviderGlobalResultInheritenceTest:0.07333333333333333
StrutsConstants:0.016666666666666666
