SubsamplingLayer:0.7966666666666666
SubsamplingLayerTest:0.4033333333333333
