Buffer:0.0459184
Log:0.005263499
