AbstractMergeRunnable:0.5033333333333333
ConfigValidator:0.39
CacheProxyUtil:0.36666666666666664
