RunaWFEResources:0.35333333333333333
LDAPResources:0.23
LDAPImporter:0.21666666666666667
RunaWFEImporter:0.19
SQLServerSettingsPage:0.16666666666666666
RunaWFESettingsPage:0.16166666666666665
ConnectionSettingsWizardPage:0.15333333333333332
RunaOrgStructureImporter:0.14833333333333334
LDAPServerSettingsPage:0.07
LoginResources:0.06666666666666667
ConnectionResources:0.056666666666666664
LoginConfiguration:0.0
