Address:0.5866666666666667
PhoneAddress:0.5633333333333334
PhoneAddressTest:0.13333333333333333
