Rule:0.7833333333333333
AspectJEdge:0.28
RuleApplication:0.28
Level3:0.22666666666666666
