ProtobufParser:0.5733333333333334
NioWrapperTest:0.31333333333333335
PaymentChannelClientConnection:0.23800000000000002
PaymentChannelServerListener:0.17333333333333334
