DefaultDate:0.6266666666666667
ObservableValue:0.18416666666666667
BaseDate:0.17833333333333334
DefaultObservable:0.14583333333333334
Pair:0.07
