AbstractOsgiTests:0.5833333333333334
OsgiJUnitTest:0.5
AbstractOptionalDependencyInjectionTests:0.31333333333333335
TestUtils:0.28
JUnitTestActivatorTest:0.18333333333333332
JUnitTestActivator:0.15333333333333332
TestExample:0.13698412698412699
AbstractDependencyManagerTests:0.10666666666666667
StreamCorruption:0.10333333333333333
OsgiJUnitService:0.05361111111111111
Activator:0.03
ConfigurableByteArrayOutputStream:0.02666666666666667
AbstractConfigurableOsgiTests:0.023333333333333334
TestRunnerService:0.02
AbstractSynchronizedOsgiTests:0.0033333333333333335
