ClientConductor:0.51
BufferManager:0.3023888888888889
MappedBufferManager:0.17333333333333334
MockBufferUsage:0.17
