Wallet:0.49
ECKey:0.4633333333333333
DeterministicKey:0.3
DeterministicKeyChain:0.29
WalletTool:0.24
ECKeyTest:0.23666666666666666
MarriedKeyChain:0.22
KeyChainGroup:0.19666666666666666
