MaterialCalendarView:0.62
CalendarPagerView:0.39666666666666667
MonthView:0.17333333333333334
WeekView:0.15
