ExportBotElementWizardPage:0.62
SendMessageNode:0.43444444444444447
SwimlaneAssignerConfigurationDialog:0.25833333333333336
