DefaultNode:0.33
AbstractGraph:0.31333333333333335
AspectualViewGps:0.2866666666666667
MatrixAutomaton:0.25333333333333335
DefaultEdge:0.17166666666666666
AbstractEdge:0.15666666666666668
GraphCache:0.15666666666666668
AutomatonCalculator:0.15
MyMouseListener:0.13
AbstractLabel:0.13
OperationNodeTest:0.11
