SDHModuleActionsFactory:0.5
ChildrenViewBuilder:0.45666666666666667
SDHModuleScene:0.4033333333333333
