RecordTests:0.5266666666666666
AbstractRecord:0.43333333333333335
jOOQAbstractTest:0.37000000000000005
