NewSequenceWizard:0.6633333333333333
NewSequenceWizardPage1:0.33666666666666667
