DBCollection:0.5722222222222222
Mongo:0.5677777777777777
Args:0.4166666666666667
