Multiplicity:0.7366666666666667
Util:0.45666666666666667
GraphNeighEquiv:0.36
PreMatch:0.2833333333333333
TestShape:0.22333333333333333
TestPreMatch:0.04666666666666667
