ItemOrientedStep:0.5433333333333333
JdkConcurrentStepExecutionSynchronizer:0.2966666666666667
BackportConcurrentStepExecutionSynchronizer:0.2966666666666667
StepExecutionSyncronizerFactory:0.29
