MigrationInfoServiceImpl:0.4166666666666667
ExceptionUtils:0.34
FlywayMigrateException:0.29333333333333333
DbMigrate:0.27666666666666667
SpringJdbcMigrationExecutor:0.15
SQLServerSqlStatementBuilder:0.15
JdbcMigrationExecutor:0.15
FlywaySqlException:0.12333333333333334
