Attribute:0.7666666666666667
TestScopeParsing:0.19666666666666666
