MultiLayerNetwork:0.52
BaseOutputLayer:0.3466666666666667
SequenceRecordReaderDataSetIterator:0.3466666666666667
RecordReaderDataSetiteratorTest:0.19666666666666666
SerializationUtilsTest:0.14
