Operation:0.6333333333333333
WaitingOp:0.38333333333333336
EventServiceImpl:0.2891666666666667
EventServiceSegment:0.25083333333333335
ProxyServiceImpl:0.23333333333333334
AbstractCompletableFuture:0.23111111111111116
ExecutionServiceImpl:0.21333333333333335
BasicInvocationFuture:0.20883333333333332
ServiceManager:0.20333333333333334
CompletableFutureEntry:0.17666666666666667
ExpirationTask:0.13
