MultiMapService:0.5133333333333333
ClientQueueProxy:0.37333333333333335
ClientTxnMapProxy:0.28
QueueRequest:0.25333333333333335
ClientTxnQueueProxy:0.25
ClientProxy:0.21333333333333335
ListenerSupport:0.2
ClientTxnMultiMapProxy:0.18
AbstractClientCollectionProxy:0.11333333333333333
ClearOperation:0.06166666666666667
CollectionBackupAwareOperation:0.0
