Property:0.7066666666666667
PropertyVisitor:0.35333333333333333
