AnnotationEditor:0.36333333333333334
AnnotationSetsView:0.30666666666666664
EndOffsetRightAction:0.2866666666666667
StartOffsetLeftAction:0.2866666666666667
EndOffsetLeftAction:0.2866666666666667
StartOffsetRightAction:0.2866666666666667
AnnotationAction:0.28
SetHandler:0.205
TypeHandler:0.15333333333333332
TextCaretListener:0.092
NewAnnotationAction:0.021555555555555557
DismissAction:0.01
ApplyAction:0.01
