TestAPIA:0.4766666666666667
TestAPIALite:0.36
FedoraTestCase:0.3433333333333333
TranslationTest:0.29333333333333333
ConvertObjectSerialization:0.26
DOTranslationUtilityTest:0.2544444444444444
