HtmlPage:0.6333333333333333
Input:0.4066666666666667
HTMLElement:0.23333333333333334
InputTest:0.14666666666666667
HTMLElementTest:0.12666666666666668
