GeometryTools:0.8466666666666667
Controller2DModuleChangeFormalC:0.23325396825396827
