DailyDate:0.61
EpguidesParser:0.44666666666666666
SeasonEpisodeScheduler:0.33666666666666667
SimpleTedSerie:0.14083333333333334
tedEpguidesParserTester:0.12666666666666668
