OsgiResourceUtils:0.4766666666666667
OsgiHeaderUtils:0.3466666666666667
OsgiBundleResourcePatternResolver:0.29
PackageAdminResolver:0.27666666666666667
OsgiResourceUtilsTest:0.07
OsgiHeaderUtilsTest:0.04
