App:0.441984126984127
FlushingHandler:0.4294444444444444
LogOutputStream:0.38666666666666666
