PartialAtomicChargeColorsTest:0.2550555555555556
CDK2DAtomColorsTest:0.2550555555555556
