SoloServletListener:0.41333333333333333
PluginMgmtService:0.25333333333333335
InitService:0.24666666666666667
RepairProcessor:0.24
StatisticMgmtService:0.21666666666666667
PreferenceMgmtService:0.1913888888888889
CacheProcessor:0.18333333333333332
PluginQueryService:0.18333333333333332
AdminCacheService:0.18
Filler:0.17666666666666667
