ClientMapProxy:0.8
ClientContext:0.24666666666666667
ClientQueryCacheContextTest:0.20333333333333334
ClientQueryCacheEventLostListenerTest:0.15666666666666668
ClientQueryCacheRecoveryUponEventLossTest:0.15333333333333332
