PhraseSuggestionBuilder:0.6055555555555555
CategoryQueryContext:0.5333333333333333
LinearInterpolation:0.39666666666666667
