TestConnectionFactory:0.4166666666666667
AllJUnitTests:0.33
FileUtils:0.32666666666666666
BulkTermLoader:0.29
