SimpleDaoTest:0.59
AsBigDecimal:0.11333333333333333
AsByte:0.11333333333333333
AsFloat:0.11333333333333333
AsDouble:0.11333333333333333
AsInteger:0.11333333333333333
AsBoolean:0.11333333333333333
AsLong:0.11333333333333333
AsShort:0.11333333333333333
