MoleculeFactory:0.49
HOSECodeGenerator:0.43333333333333335
HOSECodeTest:0.31
TreeNode:0.14111111111111113
