DownloadFilesChangeListener:0.47333333333333333
DownloadCandidatesChangeListener:0.47333333333333333
