Visitor:0.36
FunctionInfo:0.32
SimpleAggregationFunction:0.30666666666666664
ApproximatePercentileAggregation:0.28
ApproximatePercentileWeightedAggregation:0.28
BootstrappedAggregation:0.28
CountAggregation:0.22666666666666666
AggregationFunction:0.20355555555555555
CustomSum:0.16083333333333333
