SpectrumChartFactory:0.44333333333333336
SpectrumCompareView:0.3333333333333333
SpokChartPanel:0.3233333333333333
ChartPage:0.31333333333333335
SpectrumAxisListener:0.14
