NBNode:0.5466666666666666
GraphModMine:0.43
ModMineAdapter:0.33
QueryCompletionTable:0.2833333333333333
QueryCompTableModel:0.19666666666666666
