JUnit5:0.7
JUnit5RunnerListener:0.3433333333333333
JUnit5TestTree:0.30499999999999994
