BaseJdbcClient:0.35333333333333333
TestingDatabase:0.33666666666666667
TestJdbcMetadata:0.26
TestMySqlDistributedQueries:0.17666666666666667
TestPostgreSqlDistributedQueries:0.17666666666666667
TestJdbcClient:0.15333333333333332
MySqlClient:0.13
