SampleDataboxset:0.445
UltimateGridLayoutAdapter:0.3333333333333333
SimpleAdapter:0.2733333333333333
GridJRAdapter:0.26
GridLayoutRVTest:0.24666666666666667
SimpleAnimationAdapter:0.22666666666666666
