CouchbaseClientFactory:0.6033333333333334
CouchbaseTicketRegistry:0.5033333333333333
CouchbaseTicketRegistryTests:0.3566666666666667
