MethodDescriptor:0.4766666666666667
HopParser:0.3566666666666667
ClassDescriptor:0.2833333333333333
HopSymbolTableWalker:0.27
DFA11:0.15444444444444444
DFA29:0.15444444444444444
