Keys:0.6243333333333333
Test:0.4066666666666667
XUnusedRecord:0.39
XTestCase_64_69:0.31333333333333335
XTestCase_64_69Record:0.28
XTestCase_85Record:0.22
Public:0.19666666666666666
XTestCase_71Record:0.17
Tables:0.0
ForeignKeys0:0.0
