GrpcUtil:0.8083333333333333
Http2ClientStreamTransportStateTest:0.38
GrpcUtilTest:0.12333333333333334
