Py:0.5566666666666666
imp:0.44
PyJavaClass:0.37166666666666665
SysPackageManager:0.22666666666666666
PyJavaPackage:0.21666666666666667
