DefaultGenerator:0.7066666666666667
GenerationWriter:0.5494444444444444
