ImageBean:0.5066666666666667
ReportBean:0.38666666666666666
SeriesBean:0.26
AddFileLocationFilter:0.25666666666666665
KeyObjectBean:0.2168730158730159
DicomObjectInterface:0.19333333333333333
GspsBean:0.18666666666666668
ImageBeanMultiFrame:0.1511111111111111
SeriesBeanTest:0.06333333333333334
PartialImageInfoFixTest:0.043333333333333335
PartialImageInfoFix:0.02
OriginalSeriesUID:0.006666666666666667
ImageBeanTest:0.0
MammoImageFlipper:0.0
