WebClient:0.78
Stylesheet:0.30666666666666664
WebClientTest:0.3
StyleSheetTest:0.22666666666666666
SilentCssErrorHandler:0.04666666666666667
DefaultCssErrorHandler:0.013333333333333334
