KerasLayer:0.7466666666666667
KerasModel:0.2733333333333333
KerasDense:0.2511111111111111
KerasEmbedding:0.21333333333333335
KerasSequentialModel:0.14
