MainFrame:0.6466666666666666
NewResourceDialog:0.39666666666666667
ManagePluginsAction:0.24333333333333335
