FedoraOAIProvider:0.6666666666666666
FedoraOAIProviderServlet:0.3
FedoraOAIProviderModule:0.08666666666666667
