BreakpointSynchronizer:0.48833333333333334
SharingBreakpointListener:0.37
BreakpointConsumer:0.36333333333333334
MyHashMap:0.14
