HopSymbolTableWalker:0.43
HopVirtualMachine:0.3933333333333333
AbstractVirtualMachine:0.2633333333333333
IntermediateStep:0.25333333333333335
IntermediateExecutionBuilder:0.16
AssignmentStep:0.14
CallStep:0.09666666666666666
JumpStep:0.09666666666666666
ConditionalJumpStep:0.09666666666666666
LabelStep:0.08
