ClassNode:0.5266666666666666
MethodNode:0.30333333333333334
ErrorsCounter:0.29527777777777775
InsnDecoder:0.29
BlockUtils:0.2733333333333333
ClassGen:0.2225
RegisterArg:0.19777777777777777
