DefaultInternalKernelServices:0.5033333333333333
ServiceProcessImpl:0.49333333333333335
PluginManager:0.32
ServiceProcessManager:0.18
ModuleArbiter:0.1446111111111111
