DatesWithAnnotations:0.5644444444444445
jOOQAbstractTest:0.4266666666666667
TypeUtils:0.24
