Generator:0.5441666666666667
API:0.47333333333333333
Match:0.3025555555555556
