XPersistence:0.5933333333333334
ModuleManager:0.4166666666666667
XavaSuite:0.17555555555555558
StateJPATest:0.07666666666666666
StateJPASaveAction:0.03
StateJPASearchAction:0.013333333333333334
StateJPADeleteAction:0.0033333333333333335
