Bytes:0.3233333333333333
BasicBSONCallback:0.23666666666666666
JSON:0.21333333333333335
JSONCallback:0.20333333333333334
ByteTest:0.19938888888888887
JSONTest:0.1927222222222222
JSONParser:0.1927222222222222
