CropImageView:0.5066666666666667
UCropActivity:0.48
TransformImageView:0.43666666666666665
SampleActivity:0.18
