SMARTSParser:0.5333333333333333
ReaderFactory:0.4033333333333333
FormatFactory:0.32666666666666666
MDLWriter:0.24333333333333335
GhemicalMMReader:0.21333333333333335
