TestTokenStreamRewriter:0.5666666666666667
TokenStreamRewriter:0.55
InsertAfterOp:0.37211111111111106
DropLoopEntryBranchInLRRule:0.12333333333333334
