Test:0.6466666666666666
TestCase:0.44333333333333336
TestSuite:0.35
SuiteTest:0.21
TestCaseTest:0.17666666666666667
Version:0.12666666666666668
ExtensionTest:0.11333333333333333
TestDecorator:0.11
