SDOGeometry:0.4266666666666667
OracleSpatial10gDialect:0.4066666666666667
GeoDBExpectationsFactory:0.3466666666666667
SDOGeometryValueExtractor:0.24
SDOGeometryValueBinder:0.22333333333333333
TestSpatialFunctions:0.22333333333333333
SDOGeometryExpectationsFactory:0.21333333333333335
OracleJDBCTypeFactory:0.18333333333333332
TestSupportFactories:0.14
DWithinExpression:0.11666666666666667
SDOGeometryTypeDescriptor:0.1
GeoDBDialect:0.08333333333333333
MySQLSpatialFunctions:0.043333333333333335
