State:0.6333333333333333
VertexStyle:0.51
ColorThemingStyle:0.3233333333333333
ColorThemingStylePanel:0.31666666666666665
DeeRenderingStylePanel:0.2866666666666667
ErrorMessage:0.22111111111111115
VertexStyleChooser:0.21
ActionClassification:0.08333333333333333
