StoreServletBase:0.4691666666666667
CRLStoreServletBase:0.2866666666666667
CertStoreServletBase:0.2866666666666667
