MapperService:0.44
SimpleIndexQueryParserTests:0.33666666666666667
IdFieldMapper:0.29
XBooleanFilterLuceneTests:0.28
ParentFieldMapper:0.2775
AbstractFieldMapper:0.26972222222222225
IdsQueryParser:0.15
IdsFilterParser:0.15
TermsFilterTests:0.12666666666666668
TermsFilterParser:0.10666666666666667
