UI:0.8266666666666667
MTextField:0.21222222222222223
CategoryListRenderer:0.19
StaticHandler:0.1688888888888889
Label:0.165
Renderer:0.15222222222222223
WikiTab:0.13666666666666666
Editor:0.11333333333333333
