Branch:0.44666666666666666
EuclideanShortestPathLayout:0.4
VisibilityGraph:0.3333333333333333
TreeLayout:0.33
Graph2D:0.21661111111111112
DelegatingGraph:0.215
DefaultGraph:0.21
DummyAwareGraph2D:0.19666666666666666
