PyObject:0.6133333333333333
PyInstance:0.5233333333333333
PyJavaClass:0.3577777777777778
PyReflectedConstructor:0.3233333333333333
PyType:0.22666666666666666
PyJavaType:0.2
