Tags:0.5077777777777778
MenuItem:0.39
SmartMenuComponent:0.32
SmartMenusView:0.16666666666666666
