OsgiBundleResource:0.5705555555555556
OsgiBundleResourceTest:0.3566666666666667
