Simulator:0.45
AspectJGraph:0.29
Condition:0.285
Level2:0.26666666666666666
GraphPreviewDialog:0.2633333333333333
AspectGraph:0.21333333333333335
Derived:0.14333333333333334
