MirrorTest:0.44333333333333336
MirrorBorning:0.36666666666666664
Borning:0.3580952380952381
EntityParsing:0.21333333333333335
JsonLoader:0.12333333333333334
