PlanFragmenter:0.5663888888888888
SqlQueryExecution:0.4033333333333333
QueryExplainer:0.2733333333333333
