ClassDescriptor:0.6416666666666667
StepFactory:0.4533333333333333
