AttributeType:0.5833333333333334
SchemaPanel:0.49333333333333335
MyTable:0.28777777777777774
MyDataTypeEditor:0.2
PopUpNullifyCell:0.07583333333333334
NullifyMouseAdapter:0.06
NullableCheckBox:0.03
