DashboardHelper:0.8566666666666667
ListFolderController:0.2633333333333333
ViewController:0.25333333333333335
WorkspaceTreeController:0.25
