Types:0.6733333333333333
BindingUtil:0.36
Name:0.2966666666666667
CompilationUnit:0.22666666666666666
SimpleName:0.21333333333333335
TextElement:0.20333333333333334
Expression:0.17333333333333334
