ExecutionService:0.8033333333333333
ExecutionServiceBean:0.3233333333333333
RowBuilder:0.2678888888888889
RootProcessTDBuilder:0.2628333333333333
ProcessRowBuilder:0.24333333333333335
ExecutionServiceDelegate:0.22666666666666666
ExecutionLogic:0.21666666666666667
ProcessVariableTDBuilder:0.21277777777777776
ListProcessesFormTag:0.19333333333333333
ProcessHierarchyUtils:0.19
ReflectionRowBuilder:0.18
BaseDateTDBuilder:0.18
SubstitutionRowBuilder:0.17333333333333334
BotTaskRowBuilder:0.17333333333333334
ProcessSwimlaneRowBuilder:0.16333333333333333
EnvImpl:0.1536111111111111
TableBuilder:0.13
HibernateCompilerHelper:0.09333333333333334
ProcessClassPresentation:0.09
ProcessVariablesRowBuilder:0.04
ProcessSwimlaneAssignmentRowBuilder:0.04
TRRowBuilder:0.04
SubProcessDBSource:0.033650793650793646
ProcessStartDateTDBuilder:0.02238095238095238
ProcessEndDateTDBuilder:0.02238095238095238
DefinitionDeployedDateTDBuilder:0.0
