StochasticStructureElucidationJob:0.7266666666666667
StructureGeneratorSettingsPage:0.4486111111111111
