GenericAnnotationI:0.5133333333333333
Transcript:0.4766666666666667
GenericAnnotation:0.42333333333333334
GAMEAdapter:0.30333333333333334
DrawableAnnotatedSeqFeature:0.2866666666666667
Identifier:0.27
CORBAAdapter:0.2633333333333333
GenericAnnotationSet:0.25333333333333335
FeatureEditorDialog:0.23666666666666666
FlyNameAdapter:0.22
TranscriptEditPanel:0.21333333333333335
ApolloNameAdapterI:0.2105952380952381
DrawableAnnotatedFeatureSet:0.20333333333333334
AnnotationMenu:0.18333333333333332
