Node:0.66
WebClient:0.44
XmlSerializer:0.2733333333333333
XMLDOMElement:0.22666666666666666
