Setup:0.5033333333333333
SQLTransportExecutor:0.44666666666666666
SysShardsTest:0.36666666666666664
