KeyedQueue:0.7066666666666667
KeyedQueueTest:0.17666666666666667
