BasicDigitalObject:0.37666666666666665
ValidationUtilityTest:0.32
ValidationUtility:0.2633333333333333
RelsValidator:0.25666666666666665
RelationshipProcessor:0.22
ResourceIndexModDSIntegrationTest:0.21666666666666667
ObjectBuilder:0.21
RelsValidatorTest:0.18666666666666668
AllUnitTests:0.15
ResourceIndexAddDelDSIntegrationTest:0.12111111111111111
TestRISearch:0.10277777777777779
