HttpProfiler:0.5495555555555557
RestAdapterTest:0.43666666666666665
RestHandler:0.36
RestAdapter:0.2633333333333333
