FieldsVisitor:0.7533333333333333
ShardGetService:0.35
StoredNumericValuesTests:0.17333333333333334
