TestClientMessage:0.569555315055315
ClientMessage:0.36
ClientEndpoint:0.35
ParameterFlyweight:0.30666666666666664
MapPutParameters:0.29
NodeIOService:0.24333333333333335
Flyweight:0.23666666666666666
ClientEndpointImpl:0.21
IOService:0.20127777777777778
ClientEngineImpl:0.19
MapMessageEncodeDecodeTest:0.18
SocketClientDataReaderNew:0.15333333333333332
ClientMessageTest:0.12666666666666668
FutureClientMessage:0.016666666666666666
