User:0.58
VirtualFile:0.27666666666666667
ViewportController:0.23833333333333334
UserEditor:0.22333333333333333
TestUser:0.21333333333333335
LocaleAndBundleRemover:0.19666666666666666
RightsCheckUtils:0.17
LoadRolesRequestBean:0.14833333333333334
UserJSONWrapper:0.13333333333333333
AbstractStatisticsController:0.12
WestPanelController:0.11666666666666667
PermissionJSONWrapper:0.09666666666666666
LoadPermissionsRequestBean:0.09
