JPPFTask:0.37
ApplicationConnection:0.36
JPPFClient:0.32666666666666666
JPPFRequestHeader:0.23
AsynchronousResultProcessor:0.16777777777777778
Submission:0.07
