HopParser:0.5633333333333334
StepFactory:0.49333333333333335
HopSymbolTableWalker:0.43666666666666665
