DefaultDOManager:0.5466666666666666
ValidationUtility:0.49666666666666665
