AnonymousAuthenticationToken:0.4633333333333333
CasAuthenticationToken:0.44333333333333336
AnonymousAuthenticationTokenTests:0.33
CasAuthenticationTokenTests:0.21333333333333335
CasAuthenticationTokenMixinTests:0.20666666666666667
AnonymousAuthenticationTokenMixinTests:0.15
