AbstractRoutine:0.44666666666666666
TableImpl:0.31
FirebirdTableDefinition:0.29133333333333333
FirebirdDatabase:0.2833333333333333
