SVN:0.6508333333333334
SVNTest:0.35
SVNInfoXMLParser:0.17333333333333334
