IndiWriter:0.5333333333333333
Utterance:0.43333333333333335
ReportNarrative:0.25666666666666665
