TlbCoClass:0.5233333333333333
COMBindingBaseObject:0.38333333333333336
COMEarlyBindingObject:0.36666666666666664
TlbBase:0.36333333333333334
TlbImp:0.3333333333333333
TlbCmdlineArgs:0.21333333333333335
TlbConst:0.07333333333333333
