AbstractXmlPublisherExtensionPoint:0.5333333333333333
DataExtractorContext:0.45666666666666667
SimpleRouterContext:0.29
ICacheContext:0.23327777777777778
