TestParserExec:0.44666666666666666
TestSemPredEvalParser:0.36666666666666664
TestListeners:0.34
TestSemPredEvalLexer:0.22
