BatchResult:0.7933333333333333
RestServiceTest:0.2833333333333333
