AsyncBatchItCollector:0.47333333333333333
SyncBatchItCollector:0.31
IndexWriterProjector:0.2833333333333333
BatchIteratorCollectorBridge:0.13333333333333333
DMLProjector:0.07
