FeaturesConfig:0.4633333333333333
BasePlanTest:0.31666666666666665
PlanMatchPattern:0.2866666666666667
LocalQueryRunnerSupplier:0.2636150793650792
SystemSessionProperties:0.25
JoinNode:0.22666666666666666
RuleTester:0.2
PlanOptimizers:0.19666666666666666
PagesIndex:0.19333333333333333
GeometryUtils:0.17333333333333334
TestFeaturesConfig:0.14333333333333334
Visitor:0.12333333333333334
BaseRuleTest:0.07
