WebHelper:0.9366666666666666
DigestBasedHardAuthenticationFilter:0.20666666666666667
DigestBasedSoftAuthenticationFilter:0.20666666666666667
