TableEntry:0.5633333333333334
JDBCReverseEngineeringStrategy:0.4533333333333333
OracleReverseEngineeringStrategy:0.20666666666666667
MSSQLReverseEngineeringStrategy:0.20583333333333334
ReverseEngineeringOptions:0.1938888888888889
TableEntryPropertyAdapter:0.16333333333333333
