Parallelogram:0.7383333333333333
FrustumIrregular:0.6576666666666667
