Configuration:0.5907936507936509
DriverConductor:0.5566666666666666
