Heritrix:0.5033333333333333
CrawlJobHandler:0.32666666666666666
SimpleHttpServer:0.21666666666666667
ARCSocketFactoryTest:0.14944444444444444
AllGardenSelfTests:0.1
CommandLineParser:0.08333333333333333
BackgroundImageExtractionSelfTest:0.03333333333333333
