Utils:0.39666666666666667
BaseSink:0.3595555555555555
NettyClientStream:0.2866666666666667
NettyClientHandler:0.2633333333333333
Sink:0.25333333333333335
CreateStreamCommand:0.21333333333333335
OutboundHeadersBenchmark:0.2
AbstractClientStream2:0.19
BaseAbstractClientStream:0.10333333333333333
NettyClientStreamTest:0.07666666666666666
AbstractClientStream2Test:0.07
GetFramer:0.06
