AntFarm:0.48333333333333334
AntFarmPlugin:0.38666666666666666
AntFarmShell:0.305
TargetRunner:0.27166666666666667
AntPrintStream:0.2227777777777778
