Discovery:0.7008333333333334
ZenDiscovery:0.42333333333333334
Gateway:0.35333333333333333
DummyDisco:0.24666666666666667
LocalDiscovery:0.18333333333333332
MockGateway:0.10333333333333333
