EndEntityProfileSessionBean:0.7482777777777778
EndEntityProfileSessionBeanTest:0.5597222222222222
