AeronTest:0.52
ConductorBuffers:0.42333333333333334
UnicastSenderTest:0.36
UnicastTest:0.22166666666666668
