Info:0.6766666666666666
NodeEnvironment:0.48
NodePath:0.24666666666666667
NodeEnvironmentTests:0.24333333333333335
SigarFsProbe:0.23666666666666666
JmxFsProbe:0.09
