SpectrumChartFactory:0.39
PeakSpectrumView:0.28
SpectrumUtils:0.2633333333333333
SpokChartPanel:0.25333333333333335
PeakPicker:0.20444444444444446
ContinuousSpectrumView:0.19666666666666666
PeakPickingAction:0.15333333333333332
SpectrumAxisListener:0.07666666666666666
