JDBCReverseEngineeringStrategy:0.67
IndexExpressionList:0.26666666666666666
PostgresReverseEngineeringStrategy:0.25
CustomTypeList:0.10333333333333333
