SoloServletListener:0.8221031746031746
Common:0.47350000000000014
Filler:0.43333333333333335
