LongTask:0.6783333333333333
LongTaskRunner:0.34
Test:0.29333333333333333
MatrixRunner:0.2833333333333333
