RegisterCallback:0.6423253968253968
ClientInvocationFuture:0.5166666666666667
ClientMaxAllowedInvocationTest:0.25666666666666665
