ExtractorHTTP:0.7077777777777777
ExtractorHTML:0.24699999999999997
