SpectrumUtils:0.5966666666666667
SpectrumChartFactory:0.36666666666666664
SpectrumCompareView:0.31666666666666665
ChartPage:0.24333333333333335
CMLToJcampSpectrumMapper:0.14666666666666667
