Variable:0.6466666666666666
PropertiesView:0.3466666666666667
CellEditorListener:0.26777777777777784
SwimlanedNode:0.2633333333333333
