Node:0.6
ClusterService:0.3933333333333333
MulticastService:0.2
SelectorBase:0.16333333333333333
AbstractSelectionHandler:0.14666666666666667
ReadHandler:0.13666666666666666
