SizeValue:0.6866666666666666
Info:0.5366666666666666
ThreadPoolSerializationTests:0.30666666666666664
ThreadPoolInfo:0.14
