Layer2D:0.42
ConvolutionalLayer:0.36
FeatureMapsLayer:0.34
Dimensions:0.3233333333333333
OCRExample:0.27666666666666667
Kernel:0.2708333333333333
PoolingLayer:0.12333333333333334
InputMapsLayer:0.10666666666666667
SimpleLearningExample:0.06
ModelMetric:0.05333333333333334
ConvolutionalNetwork:0.05333333333333334
ConvolutionalUtils:0.05
ConvolutionalBackpropagation:0.03666666666666667
