AnalyzedColumnDefinition:0.62
TransportShardUpsertAction:0.30333333333333334
TransportShardUpsertActionTest:0.29
ValueNormalizer:0.25000000000000006
ObjectColumnTest:0.22666666666666666
ValueNormalizerTest:0.21
