RackInsideViewScene:0.8477777777777779
RackInsideViewService:0.4266666666666667
