AbstractEntityPersister:0.6166666666666667
JoinedSubclassEntityPersister:0.4
SingleTableEntityPersister:0.35333333333333333
UnionSubclassEntityPersister:0.2966666666666667
