Utils:0.61
ComputableWorker:0.5022222222222222
ApplicationWorker:0.47
ApplicationWorkerService:0.37333333333333335
ApplicationMasterService:0.19666666666666666
WorkerNode:0.19333333333333333
ApplicationMaster:0.14666666666666667
IRUnitDriver:0.13333333333333333
PeriodicUpdateThread:0.11583333333333333
