MapBinderTest:0.47833333333333333
MultibinderTest:0.44333333333333336
RealMultibinder:0.4166666666666667
