Process:0.8633333333333333
Eye:0.31333333333333335
Eyes:0.25
