EdgeViewI:0.46972222222222226
GraphViewI:0.46972222222222226
Edge:0.39666666666666667
NBrowseApplet:0.39
GraphData:0.37666666666666665
GraphModelToView:0.26
JnetManager:0.18
StepExpansionThread:0.1388888888888889
