AndroidGraphics:0.4166666666666667
AndroidInput:0.3233333333333333
Matrix4:0.24
AndroidAudioDevice:0.23333333333333334
AndroidApplication:0.23
AndroidDaydream:0.22666666666666666
AndroidGraphicsLiveWallpaper:0.22666666666666666
TimeUtils:0.22
AndroidOnscreenKeyboard:0.21972222222222218
AndroidMultiTouchHandler:0.21777777777777782
AndroidLiveWallpaper:0.2111111111111111
AndroidGraphicsDaydream:0.20666666666666667
AndroidNet:0.16666666666666666
