AbstractDatabase:0.3566666666666667
SchemaDefinition:0.3522222222222222
DefaultGenerator:0.2833333333333333
DefaultGeneratorStrategy:0.24666666666666667
AbstractElementContainerDefinition:0.19666666666666666
AbstractTypedElementDefinition:0.19
