VocabularyWriter:0.39666666666666667
RDFContainerFactory:0.3678888888888889
Vocabulary:0.36666666666666664
ModelUtil:0.3233333333333333
XmlSafetyUtils:0.28
UriUtil:0.2633333333333333
DataSourceClassGenerator:0.2633333333333333
XmlSafeModel:0.23666666666666666
IOUtil:0.19222222222222224
OntologyUtil:0.13666666666666666
XmlSafeRDFContainer:0.09333333333333334
VocabularyWriterMojo:0.07333333333333333
InferenceUtil:0.06611111111111112
XmlSafeRDFContainerFactory:0.03333333333333333
XmlSafeWriter:0.02666666666666667
XmlSafeReader:0.02
DataSourceClassGeneratorMojo:0.0
