winOutputTopComponent:0.6366666666666667
CommandLine:0.5702777777777778
CommandLineNode:0.29333333333333333
CommandLineImpl:0.24333333333333335
