JtdsDataSource:0.48555555555555563
AbstractDataSource:0.4472777777777778
JtdsConnectionPoolDataSource:0.17
