ExtendedHiveMetastore:0.5633333333333334
HivePrivilegeInfo:0.36666666666666664
HiveMetadata:0.30666666666666664
BridgingHiveMetastore:0.3
CachingHiveMetastore:0.27
AbstractTestHiveClient:0.21333333333333335
MetastoreUtil:0.20833333333333334
TableAndMore:0.2
TestingHiveMetastore:0.18
SemiTransactionalHiveMetastore:0.16
TestMetastoreUtil:0.14333333333333334
CreateTableOperation:0.13
