Unit:0.8766666666666667
CommanderUnit:0.03666666666666667
SergeantUnit:0.03666666666666667
SoldierUnit:0.03666666666666667
UnitTest:0.013333333333333334
