View:0.7866666666666666
ModuleManager:0.5533333333333333
CarrierFellowsTest:0.20666666666666667
CollectionElementViewBaseAction:0.2
ActionTagBase:0.16
