XmlDocumentHandler:0.53
DocumentFormat:0.38666666666666666
XmlDocumentFormat:0.3333333333333333
SgmlDocumentFormat:0.235
TestSgml:0.19333333333333336
TestXml:0.14
