AnnotationListView:0.36
TextualDocumentView:0.3
AnnotationHandler:0.24333333333333335
TypeHandler:0.1825
AnnotationTableModel:0.16416666666666666
AnnHandlerList:0.1225
