Vss:0.7966666666666666
VssTest:0.43666666666666665
