NetworkElementFactory:0.5866666666666667
AssetModel:0.32166666666666666
