InvokeReplacerMethodAdapter:0.5366666666666666
ProxettaMethodBuilder:0.45666666666666667
AnnTest:0.18333333333333332
