DefaultApplication:0.7866666666666666
DefaultGraphNextState:0.5233333333333333
