TableScanNode:0.3655555555555556
Builder:0.30444444444444446
DependencyExtractor:0.2866666666666667
Visitor:0.23111111111111116
TestEqualityInference:0.22
Rewriter:0.20666666666666667
EffectivePredicateExtractor:0.19666666666666666
EqualityInference:0.16333333333333333
EqualityPartition:0.14666666666666667
