Robolectric:0.5266666666666666
id:0.3522222222222222
TestMenuItem:0.26666666666666666
ShadowBuilder:0.2544444444444444
AbstractCursorTest:0.23333333333333334
TestMenu:0.22333333333333333
ShadowAlertDialog:0.22
ShadowAbstractCursor:0.21916666666666668
SQLiteDatabaseTest:0.2
MenuLoader:0.11333333333333333
ShadowListActivity:0.10333333333333333
MenuNode:0.08666666666666667
AlertDialogTest:0.056666666666666664
menu:0.013333333333333334
