ShadowFragment:0.412
FragmentTest:0.30333333333333334
DummyFragment:0.2733333333333333
DummyHeadlessFragment:0.11833333333333333
