JFXSandbox:0.4666666666666667
JFXSandboxRenderer:0.36333333333333334
