ClassFileVersion:0.51
TypeWriterDefaultTest:0.38666666666666666
VersionLocator:0.31
ClassFileVersionTest:0.23166666666666666
ClassFileVersionKnownVersionsTest:0.21666666666666667
AdviceVisitor:0.14416666666666667
Foo:0.11666666666666667
