NodeHost:0.46
DataService:0.32
TriggerRouterService:0.27
MockNodeService:0.19416666666666665
INodeService:0.19416666666666665
AppUtils:0.18333333333333332
TableConstants:0.17865079365079362
NodeService:0.16
