TypeSpecTest:0.4666666666666667
CodeBlock:0.4633333333333333
CodeBlockTest:0.2866666666666667
Builder:0.22111111111111115
CodeWriter:0.21666666666666667
