TestInfo:0.7907142857142857
DefaultTestInfo:0.43
TestInfoParameterResolverTests:0.3877777777777778
