MapReduceCommand:0.49666666666666665
DBCollection:0.46055555555555555
MapReduceTest:0.25333333333333335
