Gedcom:0.55
Model:0.36333333333333334
ButtonHelper:0.35333333333333333
BlueprintList:0.29
ActionDel:0.1864563492063492
ActionAdd:0.1864563492063492
Blueprint:0.15
ActionInsert:0.13666666666666666
Preview:0.12333333333333334
