Interaction:0.4977777777777777
IsAllowedById:0.19333333333333333
IsAllowedByIdResponse:0.016666666666666666
DeployDefinition:0.0
