DataDefinitionImpl:0.51
FieldDefinitionImpl:0.49333333333333335
MDDParser:0.24277777777777781
MDDFactory:0.22
MDDNode:0.2
ValidationRuleNode:0.2
ComparisonExpressionNode:0.2
TitleFieldNode:0.013333333333333334
