Path:0.7733333333333333
JsonParser:0.7433333333333333
