Permission:0.3365714285714286
ArticleChannel:0.29333333333333333
SkinRenderer:0.29
SymphonyServletListener:0.27666666666666667
CommentNotifier:0.23333333333333334
