Lwjgl3Graphics:0.4
Lwjgl3ApplicationConfiguration:0.32
Lwjgl3Application:0.2866666666666667
Lwjgl3Clipboard:0.2588888888888889
Lwjgl3Window:0.24666666666666667
Lwjgl3Input:0.24
Lwjgl3DebugStarter:0.05
Lwjgl3DisplayMode:0.04
Lwjgl3Monitor:0.04
