OLParser:0.39666666666666667
RequestResponseOperationStatement:0.37
OptimizerVisitor:0.31333333333333335
SolicitResponseOperationStatement:0.16333333333333333
NotificationOperationStatement:0.09666666666666666
OneWayOperationStatement:0.09
