Window:0.5275
JavaScriptEngine:0.48333333333333334
JavaScriptEngineTest:0.25666666666666665
