ApplicationEntityManagerImpl:0.5866666666666667
IPAMModule:0.4072222222222222
