WebserviceBean:0.64
RemoteClassMetadata:0.49666666666666665
WebserviceBeanImpl:0.43333333333333335
ServiceManagerView:0.3361111111111111
FormInstanceView:0.32022222222222224
ProcessInstanceBean:0.26
AbstractDashboardWidget:0.24666666666666667
OSPTopComponent:0.22333333333333333
AbstractTooledComponent:0.22166666666666668
ApplicationEntityManagerImpl:0.21777777777777782
SNMPDataProcessor:0.21166666666666667
LoadDataFromFile:0.20833333333333334
LoginView:0.17666666666666667
Servlet:0.16666666666666666
KuwaibaService:0.16166666666666665
IndexUI:0.15166666666666667
RemoteContact:0.10333333333333333
ProcessInstanceView:0.10333333333333333
ContainmentManagerModule:0.1
OutsidePlantModule:0.1
ListManagerModule:0.1
NavigationTreeModule:0.1
ObjectHierarchyProvider:0.09777777777777777
ComponentButton:0.09
EndToEndViewSimpleScene:0.08666666666666667
OutsidePlantComponent:0.08666666666666667
FormInstanceCreator:0.08
DummyDashboardWidget:0.07666666666666666
NavigationTreeComponent:0.07
ContainmentManagerComponent:0.07
FormRenderer:0.06666666666666667
FormArtifactRenderer:0.06
EndToEndView:0.06
ScriptQueryExecutorImpl:0.05333333333333334
AbstractTopComponent:0.043333333333333335
ServiceManagerDashboard:0.041833333333333333
ResourcesDashboardWidget:0.04
ContactsDashboardWidget:0.04
TrafficDashboardWidget:0.04
ProcessGraph:0.04
FormInstanceLoader:0.03666666666666667
ServiceViewsDashboardWidget:0.03333333333333333
FormView:0.032888888888888884
ArtifactView:0.03
ListManagerComponent:0.02
WelcomeView:0.01955555555555556
PropertySheetComponent:0.016666666666666666
ProcessInstancesView:0.01
FormManagerView:0.006666666666666667
ProcessManagerView:0.006666666666666667
