BenchmarkTestUtil:0.41333333333333333
BenchmarkStatusNodeResponse:0.36
BenchmarkStatusResponse:0.2866666666666667
BenchmarkIntegrationTest:0.24666666666666667
BenchmarkExecutor:0.23666666666666666
InternalNode:0.15666666666666668
BenchmarkModule:0.10333333333333333
BenchmarkStatusAsyncHandler:0.03666666666666667
