SeqFeatureI:0.7267222222222222
FeatureSetI:0.6133333333333333
SeqFeature:0.47
FeatureSet:0.35
Range:0.316
Transcript:0.25266666666666665
TransactionSubpart:0.2472222222222222
TranslationI:0.19666666666666666
AnnotationChangeCoalescer:0.17666666666666667
