ChildrenConstantScoreQueryTests:0.505
ParentConstantScoreQueryTests:0.44
ChildrenQueryTests:0.43166666666666664
ParentQueryTests:0.16333333333333333
