DeclaringType:0.5
ValueMirrors:0.49366666666666664
StyleInfo:0.44333333333333336
Protoclass:0.28
Proto:0.2377777777777778
SourceExtraction:0.22444444444444447
ProtoclassCollecter:0.20666666666666667
Processor:0.11
Scheme:0.0
