NewMaterial:0.44
ColorAttribute:0.3294444444444445
Attribute:0.29
Model:0.25333333333333335
TextureAttribute:0.23
BlendingAttribute:0.2064285714285714
TestShader:0.20333333333333334
FloatAttribute:0.19055555555555556
ModelInstance:0.13
ManagedInstance:0.05
