ClusterHealthResponse:0.5533333333333333
NoopClusterService:0.32
ClusterIndexHealth:0.30333333333333334
ClusterHealthResponsesTests:0.2833333333333333
TransportClusterHealthAction:0.25
InternalClusterService:0.22333333333333333
PrioritizedEsThreadPoolExecutor:0.22
ClusterService:0.21947222222222224
RestHealthAction:0.14333333333333334
Fields:0.05222222222222222
