Step:0.5833333333333334
ScriptsUtils:0.4766666666666667
ScriptStepResult:0.33
ScriptNewStepDialog:0.25
ScriptNewDataFileDialog:0.24
ScriptEditViewPart:0.17666666666666667
ScriptExecutionEngine:0.15333333333333332
