MtuScanner:0.5766666666666667
MtuScannerTest:0.25
Transmitter:0.20666666666666667
Receiver:0.12666666666666668
