PreparedStatementTest:0.6016666666666667
ClobWriter:0.36666666666666664
BlobOutputStream:0.36666666666666664
