PropertyAccess:0.63
SecureProperty:0.36333333333333334
IntegerProperty:0.25083333333333335
Model:0.24666666666666667
PropertyPanel:0.24666666666666667
Designer:0.2025
