AbstractTestQueries:0.4744444444444444
Rewriter:0.29
Visitor:0.16
TestAnalyzer:0.16
DesugaringOptimizer:0.10666666666666667
AggregationAnalyzer:0.0925
