OperationCounter:0.32
MapOperationsCounter:0.27666666666666667
MapOperationStatsImpl:0.2733333333333333
AllTest:0.23833333333333334
MapOperationsCounterTest:0.19666666666666666
