RedissonRuntimeEnvironment:0.7633333333333333
RedisRunner:0.6666666666666666
BaseTest:0.2866666666666667
RedissonTest:0.24
RedisProcess:0.21
BaseReactiveTest:0.2
RedissonTopicTest:0.18333333333333332
RedisClientTest:0.16333333333333333
RedissonTwoLockedThread:0.14333333333333334
RedissonTopicPatternTest:0.14333333333333334
RedissonCountDownLatchConcurrentTest:0.13333333333333333
