FooBarTest:0.5733333333333334
LegacyTestCase:0.3433333333333333
ParentChildTest:0.335
