RedisCommands:0.735
RedissonScoredSortedSet:0.39
RedisStrictCommand:0.29333333333333333
RedissonSetReactive:0.2733333333333333
RedissonScoredSortedSetReactive:0.24583333333333332
RedissonLexSortedSet:0.24583333333333332
RedissonReactive:0.23666666666666666
RedissonReactiveClient:0.2
RScoredSortedSetAsync:0.14416666666666667
