JChemPaintModel:0.5833333333333334
JCPMultiPageEditor:0.4372222222222222
JCPEditor:0.36
AtomContainerTransfer:0.31
JCPControlListener:0.2633333333333333
JCPScrollBar:0.18333333333333332
PasteAction:0.15333333333333332
AddHydrogenAction:0.14666666666666667
CreateReactionAction:0.13333333333333333
CutAction:0.12
CopyAction:0.12
CopyPasteAction:0.09333333333333334
CleanupAction:0.09333333333333334
InsertSmilesListener:0.08333333333333333
AdjustBondOrdersAction:0.07333333333333333
CreateSmilesAction:0.07333333333333333
