ShadowResourcesTest:0.4266666666666667
ShadowApplicationPackageManager:0.35
ResourceTableFactory:0.16666666666666666
drawable:0.13333333333333333
style:0.13333333333333333
id:0.13333333333333333
color:0.04
string:0.04
integer:0.04
layout:0.04
mipmap:0.04
array:0.04
xml:0.04
attr:0.04
styleable:0.0
