CMap:0.4766666666666667
ConnectionManager:0.3333333333333333
Record:0.30333333333333334
BaseManager:0.22333333333333333
ClusterManager:0.22333333333333333
ConcurrentMapManager:0.21666666666666667
Connector:0.15666666666666668
WriteHandler:0.12333333333333334
MBackupAndMigrationAwareOp:0.0
