LocalCertificateStoreSessionBean:0.62
CertificateDataUtil:0.39666666666666667
LocalEjbcaHardTokenBatchJobSessionBean:0.30333333333333334
MyAdapter:0.29355555555555557
LocalCertificateStoreOnlyDataSessionBean:0.16
