IBioResource:0.7466666666666667
BioResource:0.5566666666666666
BioResourceView:0.38666666666666666
OpenEditorAction:0.2544444444444445
EditorUtils:0.24666666666666667
ImageUtils:0.19416666666666668
