TermAppender:0.5633333333333334
Publication:0.31333333333333335
TermAppenderTest:0.26666666666666666
LogBufferPartition:0.23
