TransportService:0.39
InternalClusterService:0.2833333333333333
RestoreService:0.19
ShardStateAction:0.19
NodeIndexStoreDeletedTransportHandler:0.18533333333333335
UpdateRestoreStateRequestHandler:0.18533333333333335
NodeMappingRefreshTransportHandler:0.18533333333333335
NodeIndexDeletedTransportHandler:0.18533333333333335
ShardStartedTransportHandler:0.18533333333333335
ShardFailedTransportHandler:0.18533333333333335
NodeIndexDeletedAction:0.15
DirectResponseChannel:0.14666666666666667
AbstractSimpleTransportTests:0.13
NodeMappingRefreshAction:0.10666666666666667
