MethodTestDescriptor:0.48333333333333334
MethodLevelCallbackTests:0.25666666666666665
FizzMethodLevelCallbacks:0.19666666666666666
