Http2ClientStream:0.52
StreamImpl:0.48555555555555563
HttpClientStream:0.4033333333333333
