Transaction:0.5233333333333333
Wallet:0.48333333333333334
Listener:0.38
