CompactProfileDependencyTest:0.4776666666666667
JFXServerCockpitTabbedPanelTest:0.4766666666666667
