Record:0.622
Field:0.43333333333333335
RecordType:0.39666666666666667
RecordDelegate:0.28
ArrayField:0.27666666666666667
AbstractRecord:0.23333333333333334
ScalarField:0.013333333333333334
