UniqueId:0.54
JUnit4TestEngineDiscoveryTests:0.4533333333333333
JUnit5TestEngine:0.1922222222222222
UniqueIdSelectorResolverTests:0.18333333333333332
JUnit4TestEngine:0.12
UniqueIdBuilder:0.11666666666666667
