AnnotationUtilsTests:0.64
ExpectedExceptionSupport:0.3630952380952381
AbstractTestRuleSupport:0.32466666666666666
TestRuleFieldSupport:0.2866666666666667
TestRuleMethodSupport:0.23615079365079367
AnnotationUtils:0.14416666666666667
ClassWithAnnotatedFieldsFromInterface:0.09333333333333334
InterfaceWithAnnotatedFields:0.09333333333333334
ExternalResourceSupport:0.013333333333333334
VerifierSupport:0.0
