AtmosphereResourceImpl:0.53
AtmosphereConfig:0.41333333333333333
DefaultBroadcaster:0.4066666666666667
AtmosphereFramework:0.39666666666666667
AsynchronousProcessor:0.24666666666666667
DefaultWebSocketProcessor:0.19666666666666666
AtmosphereResourceFactory:0.19666666666666666
AtmosphereResourceFactoryTest:0.18333333333333332
BroadcasterCacheTest:0.15666666666666668
AtmosphereResourceStateRecoveryTest:0.14666666666666667
OnDisconnectInterceptor:0.035833333333333335
