PhysicalPathTopComponent:0.7449444444444445
PopupProvider:0.3466666666666667
