MapFacadeBean:0.5883333333333334
Products2Test:0.31666666666666665
OfficesTest:0.2733333333333333
OnlyReadDetailsInvoiceTest:0.21666666666666667
OnlyEditDetailsInvoiceTest:0.13
