BSONWriter:0.5491666666666667
FieldNameValidatorTest:0.32666666666666666
FieldNameValidator:0.22
