GwtTeamingMessages:0.31666666666666665
DlgBox:0.31
UIData:0.30333333333333334
TaskListing:0.2833333333333333
GwtTaskHelper:0.23
AddEntryController:0.22333333333333333
ModifyEntryController:0.13
TaskDispositionDlg:0.11666666666666667
ObjectKeys:0.06666666666666668
