Listener:0.5566666666666666
IndexService:0.44
IndicesClusterStateService:0.31333333333333335
InternalIndicesLifecycle:0.23
MetaDataCreateIndexService:0.14
IndicesLifecycleListenerTests:0.09
