EditorOverlay:0.5961666666666666
LayerTreeEditor:0.41333333333333333
AbstractEditorOverlay:0.2733333333333333
TreeEditorAlignHelper:0.23333333333333334
