AbstractBinderProcessor:0.7233333333333334
RssModuleImpl:0.29
RssFeedLock:0.23666666666666666
ListController:0.12
