WebDriverTestCase:0.6433333333333333
SimpleWebDriverTest:0.4266666666666667
SimpleWebDriver2Test:0.3933333333333333
BrowserRunner:0.36666666666666664
