POJOWorkflowDefinitionFactoryFactory:0.41
POJOWorkflowImplementationFactory:0.3903333333333333
POJOWorkflowDefinitionFactory:0.39
WorkflowWorker:0.28
SpringTestPOJOWorkflowImplementationGenericWorkflowClient:0.25288888888888894
TestPOJOWorkflowImplementationGenericWorkflowClient:0.23333333333333334
WorkflowTest:0.16333333333333333
WorkflowReplayerPOJOFactoryFactory:0.11333333333333333
