Layer:0.7233333333333334
MultiLayerNetwork:0.44666666666666666
SimpleOptimizableModel:0.3333333333333333
RBM:0.31666666666666665
OutputLayer:0.29333333333333333
LSTM:0.29
ConvolutionLayer:0.27666666666666667
SubsamplingLayer:0.27
GravesLSTM:0.25666666666666665
RNTN:0.23666666666666666
BaseLayer:0.21
MultiLayerTest:0.18666666666666668
