FactoryImpl:0.495
ClusterTest:0.4666666666666667
GroupProperties:0.24
SimpleMapTest:0.16333333333333333
