SeqFeature:0.8011111111111111
GenericFileAdapterGUI:0.26666666666666666
