InjectableObjectFactory:0.61
Utils:0.38666666666666666
ManagedServiceInterceptor:0.30222222222222217
PathParamIntrospector:0.26666666666666666
