RealmBuilder:0.7866666666666666
NettyAsyncHttpProvider:0.4166666666666667
DigestAuthTest:0.09
