RegistryObjectList:0.5066666666666667
PostJibxStepTest:0.3
RegistryObjectListDaoTest:0.21
CSW202ServiceImpl:0.18666666666666668
PostJibxStep:0.18444444444444444
RandomPopulatorTest:0.14666666666666667
CSW202ServiceImplTest:0.12666666666666668
