PluginInfo:0.6266666666666667
PluginsService:0.43
SimpleNodesInfoTests:0.3233333333333333
RestPluginsAction:0.21666666666666667
Fields:0.07
