DriverDataSource:0.6615555555555556
DbSupportFactory:0.3883333333333333
