ParameterConstants:0.5239047619047619
Constants:0.5239047619047619
AbstractDbDialect:0.43
DataService:0.2733333333333333
