Extruder:0.9033333333333333
GenericExtruder:0.4
NullExtruder:0.36333333333333334
RrCSGPolygonList:0.27444444444444444
LayerProducer:0.2733333333333333
