DrawableLink:0.571984126984127
SyntenyLinkPanel:0.52
SyntenyPanel:0.2966666666666667
SyntenyLinkPolygon:0.2833333333333333
