NullParcelable:0.37
Parcels:0.2863888888888889
ParcelTest:0.25333333333333335
MapReadWriteGenerator:0.1988888888888889
ListReadWriteGenerator:0.1988888888888889
SetReadWriteGenerator:0.1988888888888889
ParcelerModule:0.19
ParcelsTestUtil:0.15
InheritanceTest:0.12
ParcelerInvocationBuilderStrategy:0.07666666666666666
