BitmapFont:0.6166666666666667
ScrollPane:0.37333333333333335
FlickScrollPane:0.31333333333333335
BitmapFontCache:0.30666666666666664
AssetManager:0.2688888888888889
