Problem:0.6153333333333333
AbstractBinderProcessor:0.4716666666666667
AbstractEntryProcessor:0.38333333333333336
