ElasticsearchUncaughtExceptionHandler:0.8413333333333334
ESTestCase:0.5266666666666666
