SourceFileExceptionList:0.7533333333333333
ModuleDataExceptionTest:0.2733333333333333
SourceFileExceptionListTest:0.2733333333333333
