MagicService:0.6521111111111112
App:0.35
MagicServiceImpl:0.3283333333333333
SpellDaoImpl:0.20666666666666667
WizardDaoImpl:0.20666666666666667
