SearchSourceBuilder:0.6633333333333333
SearchSourceBuilderTests:0.28
SearchService:0.2521666666666667
RestMultiSearchAction:0.14333333333333334
