ControlJModel:0.5066666666666667
StateJVertex:0.31083333333333335
CAPanel:0.22
AutomatonPanel:0.14777777777777779
TransitionJEdge:0.05333333333333334
ControlJGraph:0.02666666666666667
ParseButtonListener:0.023333333333333334
