Paths:0.6533333333333333
ZooKeeperMasterModel:0.36333333333333334
QueueingHistoryWriter:0.21666666666666667
DeploymentGroupTest:0.19666666666666666
ControlCommand:0.18333333333333332
RollingUpdateCommand:0.15
MasterZooKeeperRegistrar:0.14333333333333334
TaskHistoryWriterTest:0.13666666666666666
DeploymentGroupResourceTest:0.09
WildcardJobCommand:0.06333333333333334
