ShardUpdateRequest:0.6166666666666667
UpdateByIdNode:0.4866666666666667
TransportExecutorTest:0.36
TransportShardUpdateAction:0.29333333333333333
UpdateByIdTask:0.15716666666666665
