TimedActivities:0.4266666666666667
XMPPChatTransmitter:0.37666666666666665
PacketExtensionUtils:0.36666666666666664
SkypeManager:0.27
XStreamExtensionProvider:0.23666666666666666
DataTransferManager:0.22359523809523807
ActivitiesExtensionProviderTest:0.21
AbstractActivity:0.19
MultiUserChatManager:0.18444444444444444
ConsistencyWatchdogHandler:0.17
Handler:0.16966666666666666
IActivity:0.10666666666666667
VersionManager:0.07333333333333333
ActivitiesExtensionProvider:0.02527777777777778
VersionInfo:0.023888888888888887
ActivitiesHandler:0.02
RequestForActivityHandler:0.006666666666666667
MessageTransfer:0.0
