OptionElementFactory:0.43333333333333335
ProcessWrapper:0.36333333333333334
StreamHandler:0.34
ProcessWrapperEventListener:0.24388888888888885
ProcessWrapperEvent:0.16333333333333333
