ConfigFileConstants:0.48333333333333334
OutageWriter:0.48
EventConstants:0.4678888888888888
BroadcastEventProcessor:0.2866666666666667
OutageManagerConfigFactory:0.24
