GraphProperties:0.5133333333333333
NewDeltaGraph:0.39666666666666667
GenericNodeEdgeHashMap:0.2633333333333333
SwingTarget:0.22333333333333333
