Workstation:0.5166666666666667
FileSystem:0.4533333333333333
ClassModel:0.29
MangoScriptResource:0.27
MangoFilePacket:0.21833333333333332
SetSourceDirectoryRequestMsg:0.2
LoadClassFileDataRequestMsg:0.2
RuleResourceManager:0.16666666666666666
PopUpResourceManager:0.15666666666666668
MangoScriptUtilities:0.15666666666666668
LibraryJarsAction:0.14333333333333334
TargetJarsAction:0.14333333333333334
MangoScriptSourceDirectory:0.09666666666666666
Application:0.02666666666666667
