Factory:0.6033333333333334
MMessage:0.37277777777777776
TextEditor:0.32666666666666666
MAuthenticator:0.18000000000000002
ShowHTMLAction:0.15
