AbstractGraphNode:0.5833333333333334
GraphNodeImplementor:0.30333333333333334
LoadPlanImpl:0.29333333333333333
