ALCdevice:0.3546666666666667
ALCcontext:0.3546666666666667
ALC:0.2733333333333333
