TypeDescription:0.6033333333333334
TargetType:0.4995
GenericTypeDescription:0.4376666666666667
Latent:0.39
ForLoadedType:0.32666666666666666
GenericTypeToken:0.31
ArrayProjection:0.30666666666666664
LazyTypeDescription:0.3
Visitor:0.23333333333333334
ForPackageDescription:0.21333333333333335
ForNonGenericType:0.20666666666666667
ForGenericArray:0.18333333333333332
Formal:0.17666666666666667
ForTypeVariableBinding:0.17333333333333334
ForLowerBoundWildcard:0.17
Substitutor:0.17
Nested:0.17
ForParameterizedType:0.17
ForUpperBoundWildcard:0.17
ForRawType:0.16666666666666666
OfLoadedType:0.16
ForTypeVariable:0.15833333333333333
OfLoadedSuperType:0.15666666666666668
ForDetachment:0.15333333333333332
ForAttachment:0.13666666666666666
AbstractBase:0.043333333333333335
