CommunicationsStub:0.7233333333333334
LocalObjectLight:0.43666666666666665
ObjectNode:0.41
LocalObject:0.4066666666666667
AuthenticationPanel:0.38
LocalObjectListItem:0.3466666666666667
QueryManagerService:0.18333333333333332
DeleteListTypeAction:0.16833333333333333
Installer:0.14
ListTypeItemChildren:0.12666666666666668
NewPoolItemAction:0.09666666666666666
PopupProvider:0.09333333333333334
CreateListTypeAction:0.09
ListTypeItemNode:0.08111111111111112
NativeTypeProperty:0.07666666666666666
ListTypeProperty:0.01
