Advice:0.5766666666666667
ForParameter:0.3294444444444445
ForReturnValue:0.32
ForMethodExit:0.30046031746031737
Bound:0.2866666666666667
NoExceptionHandler:0.24333333333333335
Suppressing:0.23
ForOrigin:0.18692857142857144
ForField:0.1530952380952381
ForThisReference:0.12142857142857144
