GwtGL20:0.44666666666666666
ModelTest:0.3433333333333333
DefaultAssetFilter:0.22333333333333333
GwtTestStarter:0.21666666666666667
AssetManager:0.20333333333333334
