CommentQueryService:0.3
ArticleQueryService:0.28
Filler:0.25
NotificationQueryService:0.18333333333333332
TagQueryService:0.17666666666666667
