ParquetColumnReader:0.38
ParquetColumnChunk:0.37
ParquetReader:0.26666666666666666
TupleDomainParquetPredicate:0.24111111111111114
ParquetTypeUtils:0.17333333333333334
ParquetPredicateUtils:0.12
ParquetDictionaryDescriptor:0.08666666666666667
