ClusterDynamicSettingsModule:0.31333333333333335
IndexDynamicSettingsModule:0.31333333333333335
ClusterRerouteTests:0.242
