SqlQueryExecution:0.2833333333333333
LogEntry:0.25666666666666665
ReusableScribeClient:0.22333333333333333
SqlQueryManager:0.20666666666666667
Event:0.20333333333333334
FlushTask:0.18333333333333332
QueryCompletionEvent:0.17666666666666667
BatchBuilder:0.11
AsyncScribeLogger:0.10833333333333334
ServerMainModule:0.1
QueryCreatedEvent:0.05333333333333334
