TextureAttribute:0.5866666666666667
PrototypeRendererGL20:0.37
HybridLightTest:0.29333333333333333
