HTMLElement:0.7433333333333333
HTMLBlockElement:0.2966666666666667
HTMLUnknownElement:0.22666666666666666
HTMLTrackElement:0.14666666666666667
