Selector:0.38666666666666666
EditionPanel:0.33666666666666667
TxmI18N:0.32666666666666666
TSExportForm:0.29
ContextTab:0.24666666666666667
TextSelectionTab:0.24333333333333335
DateSelector:0.23333333333333334
TextTable:0.2227777777777778
DateSlider:0.22
ConcordanceTab:0.21666666666666667
CriteraPanel:0.21333333333333335
IndexTab:0.19
ReferencerTab:0.19
TsQueryForm:0.15333333333333332
GroupedDateSelector:0.15
InformationsTab:0.09333333333333334
