Snapshot:0.6433333333333333
TranslogReader:0.42
Translog:0.3466666666666667
TranslogWriter:0.27666666666666667
Delete:0.25333333333333335
View:0.25333333333333335
TranslogTests:0.24
InternalEngine:0.18333333333333332
RecoverySourceHandler:0.13333333333333333
TranslogVersionTests:0.12833333333333333
SharedFSRecoverySourceHandler:0.11666666666666667
MultiSnapshot:0.07416666666666667
