Swagger:0.57
ModelImpl:0.39666666666666667
PropertyBuilder:0.3466666666666667
EvenLessBeanlike:0.3272804232804233
ComposedModel:0.31333333333333335
License:0.30333333333333334
Tag:0.30333333333333334
NumericFormatTest:0.29
JsonDeserializationTest:0.24
PathGetterTest:0.23
ServletReaderExtension:0.19
ModelResolver:0.18
BeanConfig:0.17666666666666667
PojosTest:0.11333333333333333
ReaderTest:0.08666666666666667
SimpleGenerationTest:0.03
NotBeanlike:0.0025
