FluxSettings:0.37666666666666665
ComputeContext:0.36666666666666664
LightDistribution:0.29333333333333333
FluxLightModel:0.29
FluxChannelMapBuilder:0.2733333333333333
SpectralLight:0.24666666666666667
ChannelSPD:0.22666666666666666
FluxTracer:0.20142857142857143
JOCLContext:0.16666666666666666
FluxRGB:0.16333333333333333
FluxSpectralChannel:0.16333333333333333
FluxImageMap:0.16333333333333333
PhysicalLight:0.12666666666666668
FluxWhittedTracer:0.11333333333333333
FluxLightTracer:0.08
FluxPathTracer:0.07
DeviceMonitor:0.03
FluxChannelMap:0.016666666666666666
