MainFrame:0.62
DataStoreRegister:0.30333333333333334
ExecutionException:0.18666666666666668
RunAction:0.14
NewResourceAction:0.05333333333333334
