MainFrame:0.58
ShellSlacFrame:0.3566666666666667
NewGazetteerEditorAction:0.27666666666666667
