ICache:0.7416666666666667
CacheProxy:0.49333333333333335
CacheIteratorAbstractTest:0.3433333333333333
ClusterWideIterator:0.23666666666666666
AbstractClusterWideIterator:0.19666666666666666
ClientCacheProxy:0.16666666666666666
ClientClusterWideIterator:0.14
