RandomUtils:0.7033333333333334
CasOAuthConfiguration:0.27666666666666667
GoogleAccountsServiceResponseBuilder:0.19333333333333333
AbstractSamlProfileHandlerController:0.17666666666666667
RegisteredServiceTestUtils:0.16
SqrlConfiguration:0.14333333333333334
BaseWSFederationRequestController:0.14333333333333334
DigestAuthenticationUtils:0.13333333333333333
SamlProfileSamlAssertionBuilder:0.12333333333333334
SamlProfileSaml2ResponseBuilder:0.12333333333333334
SamlCompliantUniqueTicketIdGenerator:0.12333333333333334
SamlProfileSamlAuthNStatementBuilder:0.12333333333333334
