Options:0.6214999999999999
Simulator:0.44333333333333336
EquationSystem:0.35411111111111104
SearchResult:0.31
ActionStore:0.30333333333333334
ResourceTab:0.28
AspectGraph:0.27666666666666667
FormatError:0.21666666666666667
ListPanel:0.17
SearchAction:0.13
