Model:0.6266666666666667
Content:0.46166666666666667
TreeViewSettings:0.37666666666666665
ModelListener:0.21888888888888886
Overview:0.21661111111111112
ActionMove:0.07666666666666666
ActionDelete:0.02
