MercurialRepository:0.4922222222222223
Repository:0.4633333333333333
FileHistoryCache:0.41333333333333333
JDBCHistoryCacheTest:0.26
FileHistoryCacheTest:0.09333333333333334
