Context:0.82
DataFrameHandler:0.3
SenderChannel:0.26666666666666666
MediaConductor:0.25333333333333335
PubAndSubUnicastTest:0.19333333333333333
SubUnicastTest:0.18
PubUnicastTest:0.18
UdpTransport:0.155
