SimpleCrawlerHandler:0.47333333333333333
RepositoryAccessData:0.27
ExampleFileCrawler:0.22333333333333333
TestOutlookCrawler:0.22333333333333333
AddressbookCrawler:0.16333333333333333
OntologyUtil:0.013333333333333334
