ApolloDataAdapterI:0.7066666666666667
AbstractApolloAdapter:0.4166666666666667
Controller:0.35333333333333333
SyntenyAdapter:0.33666666666666667
GameSynteny:0.29777777777777775
CurationState:0.22333333333333333
CurationManager:0.17666666666666667
