RetrieveCmd:0.6233333333333333
QueryRetrieveScpService:0.49
AttributesModificationScpService:0.37333333333333335
