MultiLayerNetwork:0.43333333333333335
Builder:0.39666666666666667
ComputationGraph:0.385
MultiLayerConfiguration:0.37666666666666665
ComputationGraphConfiguration:0.22544444444444442
GraphBuilder:0.215
MultiLayerNeuralNetConfigurationTest:0.16333333333333333
ListBuilder:0.15833333333333333
