AdviceWeaver:0.53
ThreadInfoData:0.5
ThreadTopCommand:0.24333333333333335
MonitorCommand:0.14333333333333334
