CtrlSchedule:0.4666666666666667
CtrlState:0.4033333333333333
StateCache:0.318
CtrlBuildTest:0.24333333333333335
PatternGraphMatchSetCollector:0.17666666666666667
