CA:0.6266666666666667
CAInfo:0.58
X509CAInfo:0.5466666666666666
X509CA:0.3233333333333333
CAAdminSessionBean:0.22666666666666666
TestCAs:0.15
CAInfoView:0.15
CRLCreateThread:0.14333333333333334
CreateCRLSessionBean:0.14333333333333334
CaInitCommand:0.13
