TcpIpJoiner:0.49
MockJoiner:0.3466666666666667
MulticastJoiner:0.2733333333333333
AbstractJoiner:0.23333333333333334
