CSSColor:0.5433333333333333
CSSProperty:0.52
LayerPainter:0.12527777777777777
CSSOpacity:0.1
CSSFont:0.043333333333333335
ConnectorRenderer:0.03
SelectionListener:0.0011111111111111111
WidgetLocation:0.0
