JiraTracker:0.5733333333333334
Starter:0.43555555555555564
NewIssueDialog:0.4
