V2s:0.8366666666666667
TagAPI2:0.14111111111111113
UserAPI2:0.07333333333333333
