Advice:0.8333333333333334
TimeTunnelCommand:0.39666666666666667
PathTraceCommand:0.12333333333333334
