AvailableCustomCertificateExtensionsConfiguration:0.5566666666666666
AvailableExtendedKeyUsagesConfiguration:0.44666666666666666
ConfigurationHolder:0.39
EjbcaWebBean:0.3
CAAdminSessionBean:0.22333333333333333
OcspResponseGeneratorSessionBean:0.22
CaSessionBean:0.20666666666666667
UpgradeSessionBean:0.20666666666666667
InternalKeyBindingMgmtSessionBean:0.20666666666666667
ProtocolScepHttpTest:0.20666666666666667
CertificateCreateSessionBean:0.19666666666666666
GlobalConfigurationSessionBean:0.18666666666666668
AvailableExtendedKeyUsagesConfigTest:0.14666666666666667
CaSessionTestBase:0.14333333333333334
AvailableCustomCertExtensionsConfigTest:0.13666666666666666
ClearCacheServlet:0.10333333333333333
