Email:0.64
EmailConfiguration:0.30333333333333334
TestEmailConfiguration:0.2966666666666667
Subject:0.2866666666666667
LocaleXmlAdapter:0.21
JAXBUtil:0.1
