SellerTest:0.779388888888889
ShowSellerDialogAction:0.17666666666666667
