ElementPTFactory:0.6933333333333334
ElementPTHandler:0.34
ElementPTFactoryTest:0.09333333333333334
