Node:0.8572222222222221
NodeTest:0.32666666666666666
