PropertyFile:0.8033333333333333
EditViewFactory:0.3566666666666667
