ProcessorsRegistry:0.45
TasksIT:0.3333333333333333
NodeService:0.33
Builder:0.27666666666666667
PipelineStore:0.18
IngestService:0.12333333333333334
NodeModule:0.04666666666666667
