ReteMatch:0.4533333333333333
AspectGraph:0.4
CompositeMatch:0.3233333333333333
NACTest:0.27666666666666667
ConditionChecker:0.26
LispFormat:0.24333333333333335
AspectJModel:0.23
SearchTree:0.22666666666666666
AbstractCondition:0.22333333333333333
DefaultApplication:0.21777777777777782
DisconnectedSubgraphChecker:0.21333333333333335
SubgraphCheckerNode:0.20666666666666667
StateCache:0.20333333333333334
RootNode:0.19666666666666666
Converter:0.17333333333333334
DataTarget:0.16333333333333333
EdgeContent:0.13666666666666666
