ReactionManipulator:0.8133333333333334
ChemModelManipulator:0.41333333333333333
