ClientConductor:0.4544444444444444
Stats:0.43333333333333335
ClientConductorTest:0.3466666666666667
DriverListenerAdapter:0.17666666666666667
