ApprovalRequest:0.7333333333333333
RaMasterApiSessionBean:0.25333333333333335
RaManageRequestBean:0.22
RaApprovalRequestInfo:0.20333333333333334
ApprovalRequestGUIInfo:0.14166666666666666
ApprovalExecutionSessionBean:0.05333333333333334
