HtmlTextArea:0.5783333333333334
HtmlPasswordInput:0.29333333333333333
HtmlTextInputTest:0.24666666666666667
HtmlTextAreaTest:0.09666666666666666
HtmlPasswordInput2Test:0.03333333333333333
