CollectionContainer:0.5528888888888889
ListContainer:0.38166666666666665
