ControllerCreationTest:0.5483333333333333
MouseTest:0.5316666666666666
WindowCreationTest:0.33666666666666667
