Files:0.6466666666666666
TestAnnotationDiff:0.44666666666666666
TestXml:0.43
TestGate:0.1877777777777778
