ValidateQueryRequest:0.6116666666666667
ShardValidateQueryRequest:0.4766666666666667
TransportValidateQueryAction:0.44
SimpleValidateQueryTests:0.18333333333333332
