TrainingWorker:0.7633333333333333
ParameterAveragingTrainingWorker:0.4816666666666667
SparkDl4jMultiLayer:0.42
TestTrainingStatsCollection:0.22666666666666666
ParameterAveragingElementCombineFunction:0.21333333333333335
ExecuteWorkerFlatMap:0.16666666666666666
