UserApplications:0.75
ServerEngine:0.74
BasicServerEngine:0.44
ConcreteLayer:0.42
ServerApplications:0.33
BasicClientEngine:0.305
UAScriptManager:0.29333333333333333
Connectors:0.28
NetworkHandler:0.25833333333333336
DefaultApplications:0.23
ProtocolInputDecoder:0.225
ServerWindow:0.22333333333333333
APIScriptContext:0.22166666666666668
ServerMessageConstructor:0.2
EditorPanel:0.2
CockpitConfigurationHandler:0.2
AbstractServerEngine:0.2
MessageDecoder:0.19333333333333333
ClientMessageConstructor:0.19
ClientMessageDecoder:0.18333333333333332
DefaultConnectorRenderer:0.17666666666666667
ServerEngineComm_3Test:0.16666666666666666
ServerCockpitParserTest:0.15
ServerEngineParserTest:0.14666666666666667
RendererTest:0.14333333333333334
RendererUITest:0.14333333333333334
Renderer_2Test:0.14333333333333334
ServerEngineParser_2Test:0.14
ServerCockpitConnectorsTest:0.13666666666666666
EditorEngine:0.13333333333333333
DefaultApplicationsTest:0.13
BasicServerEngineTest:0.13
