RouterService:0.5333333333333333
AbstractSymmetricEngine:0.53
IRouterService:0.28833333333333333
