PreferenceUtils:0.5733333333333334
PreferenceConstants:0.5405555555555556
JIDComboUtils:0.2633333333333333
