XmlTag:0.38333333333333336
XmlPlugin:0.36666666666666664
XmlTree:0.33
Handler:0.24
EditPaneHandler:0.18333333333333335
Attribute:0.043333333333333335
