GetUser:0.27
GetOperation:0.19
GetGroup:0.19
SaveMetadataPermission:0.18666666666666668
FilterMetadata:0.18666666666666668
GetUsers:0.13666666666666666
GetGroups:0.13666666666666666
GetOperations:0.13666666666666666
DeleteMetadataPermission:0.125
GetUserByUsername:0.11333333333333333
SaveMetadataPermissions:0.11333333333333333
GetMetadataPermissions:0.11166666666666666
CreateGroup:0.11166666666666666
CreateUser:0.11166666666666666
DeleteUser:0.11166666666666666
DeleteGroup:0.11166666666666666
UpdateOperation:0.11166666666666666
UpdateUser:0.11166666666666666
UpdateGroup:0.11166666666666666
FilterMetadataByGroups:0.11
Logout:0.08333333333333333
