IndentAction:0.17687261
BracketIndentRule:0.046092052
JEditBuffer:0.04292408
IndentRuleFactory:0.013479655
TextUtilities:0.008796995
