RedissonMapCacheTest:0.7163333333333335
ObjectMapDecoder:0.31333333333333335
