TypeFactory:0.44166666666666665
SimpleFeatureFactory:0.3819444444444445
SimpleTypeFactory:0.33922222222222215
