Response:0.6833333333333333
Request:0.4166666666666667
CreatePersistentTaskAction:0.22666666666666666
RequestBuilder:0.13666666666666666
TransportAction:0.10666666666666667
