Planner:0.5033333333333333
SelectAnalyzerTest:0.46166666666666667
PlannerTest:0.2733333333333333
