HtmlOption:0.6766666666666666
DomElement:0.46888888888888886
HTMLOptionElement2Test:0.16
