ObjectiveCImplementationGenerator:0.84
ClassTest:0.3433333333333333
ThrowableTest:0.33666666666666667
