BootstrapService:0.48
SymmetricEngine:0.4
PurgeService:0.2846666666666667
PushService:0.2733333333333333
PullService:0.26
ClusterService:0.15333333333333332
