ClusterMarkFile:0.4633333333333333
Context:0.36666666666666664
Configuration:0.30666666666666664
ClusterTool:0.21333333333333335
ClusteredMediaDriver:0.19111111111111112
