Convert:0.47333333333333333
StringUtil:0.3933333333333333
TypeConverterManager:0.21
HtmlFormUtil:0.18333333333333332
BooleanArrayConverterTest:0.1527777777777778
MaxConstraint:0.13666666666666666
MinConstraint:0.13666666666666666
RangeConstraint:0.13666666666666666
TypeConverterManagerBean:0.11333333333333333
LT:0.10333333333333333
EQ:0.10333333333333333
GT:0.10333333333333333
IfElseTag:0.10333333333333333
ClassArrayConverterTest:0.09666666666666666
IfTag:0.08333333333333333
BooleanArrayConverter:0.06
ClassArrayConverter:0.05
