GestureDetector:0.5716666666666667
Box2DTestCollection:0.27666666666666667
GestureListener:0.23416666666666666
CameraController:0.20333333333333334
ActorGestureListener:0.19916666666666666
GestureAdapter:0.11666666666666667
