KernelQedeqBo:0.6866666666666666
PluginExecutor:0.6866666666666666
PluginBo:0.5833333333333334
ServiceProcess:0.32
ControlVisitor:0.26
Qedeq2LatexPlugin:0.25333333333333335
HeuristicCheckerExecutor:0.24333333333333335
Qedeq2Latex:0.22
StateManager:0.21333333333333335
DynamicHeuristicCheckerExecutor:0.18333333333333332
DefaultKernelQedeqBo:0.18
GenerateLatexTest:0.18
ProcessListPane:0.13666666666666666
PluginManager:0.13
PluginResultManager:0.11444444444444443
HeuristicCheckerPlugin:0.09666666666666666
DynamicHeuristicCheckerPlugin:0.06583333333333333
