RelativeDateRateHelper:0.2866666666666667
RateHelper:0.28
TimeSeries:0.22333333333333333
IborIndex:0.20333333333333334
InterestRateIndex:0.18
