Names:0.9604444444444444
ThreadPoolStatsTests:0.26666666666666666
