ThreadInfo:0.4766666666666667
MethodInfo:0.3433333333333333
State:0.32666666666666666
StateMachine:0.31666666666666665
Reporter:0.29333333333333333
ConsolePublisher:0.17
MachineListener:0.15
Coverage:0.08333333333333333
