Phonebook:0.8933333333333333
DummyPhonebook:0.38333333333333336
SearchFlowExecutionTests:0.38333333333333336
