CollectionBinaryClientTest:0.41
ValuesRequest:0.2761111111111111
KeySetRequest:0.26611111111111113
EntrySetRequest:0.26611111111111113
RemoveAllRequest:0.21333333333333335
GetAllRequest:0.21
CollectionPortableHook:0.18333333333333332
