FeatureSetI:0.7433333333333333
SeqFeatureI:0.5533333333333333
Sequence:0.5266666666666666
DrawableFeatureSet:0.37666666666666665
FastClippingGraphics:0.32666666666666666
FeatureSet:0.3233333333333333
Transcript:0.29
DrawableSeqFeature:0.27666666666666667
GAMEAdapter:0.22666666666666666
DrawableResultSeqFeature:0.22333333333333333
DataLoader:0.17666666666666667
DrawableAnnotatedFeatureSet:0.15333333333333332
DrawableResultFeatureSet:0.12333333333333334
DrawableGeneFeatureSet:0.1
DrawableInsertSeqFeature:0.07333333333333333
DrawableInsertFeatureSet:0.006666666666666667
