DB:0.5341666666666667
DBCollection:0.5188888888888888
Mongo:0.4066666666666667
DBApiLayer:0.35
DBTests:0.35
