TransactionLogRecord:0.5766666666666667
TransactionLog:0.4
MapTransactionLogRecord:0.29333333333333333
AbstractDistributedObject:0.25333333333333335
TransactionImpl:0.24
XATransactionImpl:0.22166666666666668
TransactionalMapProxySupport:0.21666666666666667
TransactionalMultiMapProxySupport:0.17833333333333334
CollectionTransactionLogRecord:0.17666666666666667
FailingTransactionLogRecord:0.16
QueueTransactionLogRecord:0.14
MultiMapTransactionLogRecord:0.13666666666666666
SleepyTransactionLogRecord:0.13333333333333333
TransactionalQueueProxySupport:0.12666666666666668
TxnCommitOperation:0.11333333333333333
TxnPrepareOperation:0.10333333333333333
TransactionImplTest:0.10111111111111111
TxnRollbackOperation:0.09666666666666666
CollectionPrepareOperation:0.08666666666666667
CollectionRollbackOperation:0.07666666666666666
