DateTest:0.6333333333333333
JavaScriptEngine:0.545
NativeFunctionTest:0.05
NativeObjectTest:0.007222222222222222
ArrayTest:0.006666666666666667
GlobalFunctionsTest:0.006666666666666667
StringTest:0.006666666666666667
