MacOSXGLCanvas:0.5366666666666666
MacOSXDisplay:0.39722222222222225
MacOSXContextImplementation:0.339
