JChemPaintEditorWidget:0.44
JChemPaintEditor:0.39
RedoHandler:0.33297883597883593
SWTAddAtomsAndBondsEdit:0.245
SWTUndoRedoFactory:0.12555555555555556
AbstractJChemPaintHandler:0.12
AddBondHandler:0.006666666666666667
UndoHandler:0.0
