Query:0.5433333333333333
ResultQuery:0.5383333333333333
Util:0.41333333333333333
CursorImpl:0.39
Factory:0.38
AbstractDelegatingSelect:0.27
InsertQueryImpl:0.24333333333333335
UpdateImpl:0.23
DeleteImpl:0.23
CursorResultSet:0.22194444444444447
jOOQAbstractTest:0.19333333333333333
InsertImpl:0.18
AbstractQuery:0.15333333333333332
AbstractResultQuery:0.15
