HazelcastClient:0.5466666666666666
ClientClusterServiceImpl:0.4866666666666667
ClientInvocationService:0.3794444444444444
ClientConnectionManager:0.31
ClientInvocationServiceImpl:0.16333333333333333
