DefaultTransportResponseHandler:0.78
TransportFetchNodeAction:0.23666666666666666
TransportJobAction:0.21666666666666667
TransportKillJobsNodeAction:0.21666666666666667
TransportKillAllNodeAction:0.21666666666666667
TransportCloseContextNodeAction:0.21666666666666667
TransportsTest:0.17666666666666667
