Reducer:0.6833333333333333
JobSupervisor:0.4033333333333333
MapCombineTask:0.2861111111111111
AbstractJobTracker:0.25666666666666665
ReducerTask:0.24666666666666667
KeyValueJobOperation:0.17666666666666667
TestReducer:0.04
