Engine:0.57
IndexService:0.43666666666666665
EmptyView:0.4266666666666667
InternalEngine:0.3466666666666667
RecoverySourceHandler:0.23
MockInternalEngine:0.12666666666666668
SharedFSRecoverySourceHandler:0.08666666666666667
IndexWithShadowReplicasTests:0.04
