Fiber:0.6133333333333333
Strand:0.5733333333333334
ThreadStrand:0.25
FiberExecutorScheduler:0.24
FiberScheduler:0.2066666666666667
