JFXDrawer:0.44666666666666666
JFXDrawersStack:0.31
DrawerTransition:0.21
DrawerPartialTransitionHide:0.043111111111111114
DrawerPartialTransitionDraw:0.043111111111111114
JFXDrawerEvent:0.0
