AgentModel:0.8054761904761905
ZooKeeperAgentModel:0.5266666666666666
Update:0.32222222222222224
