Planner:0.7033333333333334
TransportSQLActionClassLifecycleTest:0.51
PlannerTest:0.23666666666666666
