TestUtil:0.3433333333333333
CruiseControlControllerTest:0.27666666666666667
AntBuilderTest:0.24333333333333335
ProjectTest:0.24333333333333335
CruiseControlConfigTest:0.23333333333333334
LogTest:0.2
NantBuilderTest:0.2
ProjectConfigTest:0.14
CruiseControlConfigPreConfTest:0.13
XMLConfigManagerTest:0.11
Maven2SnapshotDependencyTest:0.11
ProjectStateTest:0.10666666666666667
CruiseControlControllerJMXAdaptorTest:0.08
