CompositeItemProcessorTests:0.7133333333333334
CompositeItemProcessor:0.5033333333333333
