JobInstance:0.58
JobExecutionContextTests:0.31
StepInstanceTests:0.24666666666666667
JobInstanceTests:0.24333333333333335
StepExecutionContextTests:0.20333333333333334
JobExecutionRegistry:0.13805555555555554
