SerializableParameter:0.8236111111111112
AbstractSerializableParameter:0.45888888888888885
SerializableParameterTest:0.14
