ModuleLabels:0.4658333333333333
ControlVisitor:0.4658333333333333
ModuleConstantsExistenceChecker:0.4472222222222223
