FilterIterator:0.33666666666666667
CacheReference:0.3333333333333333
TreeHashSet:0.3333333333333333
Bag:0.30666666666666664
KeyPartition:0.3
ObservableSet:0.2833333333333333
AbstractCacheHolder:0.28
DeltaSet:0.24666666666666667
StackedSet:0.22333333333333333
HashBag:0.22333333333333333
SmallCollection:0.21333333333333335
SetView:0.20666666666666667
TransformSet:0.20666666666666667
TransformMap:0.20333333333333334
TreeBag:0.20333333333333334
IntSet:0.16333333333333333
Equator:0.16333333333333333
TransformCollection:0.15083333333333335
MapSet:0.15
UnmodifiableCollectionView:0.13666666666666666
CollectionOfCollections:0.13666666666666666
UnmodifiableSetView:0.13666666666666666
Chain:0.1322222222222222
CollectionView:0.11083333333333334
TransformIterator:0.09666666666666666
HashIntSet:0.07333333333333333
AbstractNestedIterator:0.057777777777777775
TreeIntSet:0.05
KeySet:0.05
NestedIterator:0.016666666666666666
CacheHolder:0.006666666666666667
GenerateProgressMonitor:0.006666666666666667
ListComparator:0.0025
SetOfDisjointSets:0.0
