WebsocketTest:0.5633333333333334
ServerWebSocket:0.37583333333333335
ServerWebSocketImpl:0.33
HandshakeInboundHandler:0.24666666666666667
