Robolectric:0.61
RequestMatcherResponseRule:0.33666666666666667
DefaultRequestDirectorTest:0.2733333333333333
FakeHttpLayer:0.25
ShadowAdapterView:0.23
