ResourceIndex:0.6331666666666668
ResourceIndexImpl:0.62
ResourceIndexModule:0.3233333333333333
TestResourceIndexImpl:0.25
