EventIpcManagerFactory:0.45666666666666667
EventWriter:0.42
EventdConfigFactory:0.33666666666666667
Eventd:0.29444444444444445
EventIpcManagerDefaultImpl:0.23666666666666666
AlarmWriter:0.15333333333333332
EventdConfigManager:0.11666666666666667
EventdTest:0.06
PersistEvents:0.04666666666666667
EventHandler:0.016666666666666666
