XmlConfigBuilder:0.3
ConfigXmlGenerator:0.29333333333333333
XMLConfigBuilderTest:0.28
NetworkConfig:0.27
TestFullApplicationContext:0.25333333333333335
DefaultNodeContext:0.25
SpringXmlConfigBuilder:0.17666666666666667
IOUtil:0.17
ConfigurationException:0.09555555555555556
ConfigXmlGeneratorTest:0.09333333333333334
