Manager:0.63
Job:0.3
BandwidthManager:0.2866666666666667
ThreadPool:0.25
Environment:0.22666666666666666
Ip2CountryManager:0.2055952380952381
Worker:0.19111111111111112
