Search:0.42
SearchElement:0.36666666666666664
SearchResult:0.3333333333333333
ViewSearchResults:0.17333333333333334
SearchDialog:0.17333333333333334
SearchExec:0.16666666666666666
SearchPostRun:0.11666666666666667
LabelProviderTableViewerMembers:0.11333333333333333
ISearchPostRun:0.0011111111111111111
