ConsensusModuleHarness:0.5633333333333334
ClusterNodeRestartTest:0.18416666666666667
AuthenticationTest:0.18416666666666667
ClusterNodeTest:0.14583333333333334
ClusterTest:0.14583333333333334
