StillModelNode:0.505
HybridLightTest:0.4633333333333333
AnimatedModelNode:0.42333333333333334
