TaskStub:0.5833333333333334
ExecutionService:0.5789444444444445
JbpmExecutionLogic:0.36
CreateTimerAction:0.2733333333333333
JbpmExecutionServiceBean:0.24
ExecutionServiceDelegate:0.20583333333333334
ExecutionBean:0.18666666666666668
ExecutionServiceDelegateLocalImpl:0.15333333333333332
ExecutionServiceDelegateRemoteImpl:0.15333333333333332
TaskDeadlineTDBuilder:0.13
TasksCssClassStrategy:0.10666666666666667
JBPMLazyLoaderHelper:0.08333333333333333
