RequestBuilderBase:0.5205555555555557
BasicHttpsTest:0.5133333333333333
ZeroCopyFileTest:0.25333333333333335
