Metadata:0.52
Signature:0.4666666666666667
FunctionInfo:0.4
AbstractTestQueries:0.32666666666666666
FunctionListBuilder:0.27666666666666667
FunctionRegistry:0.27
FunctionMap:0.25
InformationSchemaDataStreamProvider:0.2
FunctionAssertions:0.19666666666666666
MetadataManager:0.17666666666666667
TestFunctionRegistry:0.15
TypeParameter:0.06
GenericAggregationFunctionFactory:0.05333333333333334
