Graphics:0.6784444444444445
Mesh:0.36
Mpg123Decoder:0.2633333333333333
VorbisDecoder:0.24666666666666667
AudioTools:0.22833333333333333
Application:0.15833333333333333
