TiledMap:0.49666666666666665
Rect:0.47333333333333333
JsonReader:0.3933333333333333
TideMapLoader:0.2866666666666667
TmxMapLoader:0.27
