URLConnectionTest:0.4066666666666667
Route:0.37
Address:0.3433333333333333
RouteSelector:0.32
Connection:0.30111111111111116
RouteSelectorTest:0.25666666666666665
CallTest:0.17777777777777776
OkHttpClient:0.16666666666666666
ConnectionPoolTest:0.155
FakeProxySelector:0.11111111111111109
