CDKManager:0.8272222222222222
AbstractCDKManagerPluginTest:0.25333333333333335
