View:0.42
DatabasePanel:0.30333333333333334
DataFetcher:0.2733333333333333
EnsJAdapter:0.25666666666666665
EnsJAdapterGUI:0.21333333333333335
LocationPanel:0.19
TypesPanel:0.18333333333333332
