Diagnostics:0.4633333333333333
NodeEngineImpl:0.38333333333333336
AbstractCacheRecordStore:0.30666666666666664
RingbufferContainer:0.2733333333333333
CacheService:0.2733333333333333
QueueStoreWrapper:0.2633333333333333
RingbufferStoreWrapper:0.24333333333333335
BasicMapStoreContext:0.22222222222222224
RingbufferService:0.22
QueueService:0.21833333333333332
QueueContainer:0.21
MapStoreWrapper:0.18
