Selection:0.4866666666666667
ApolloPanel:0.39
SelectionManager:0.31
AlignmentViewer:0.23666666666666666
SelectViewI:0.2305555555555555
FeatureList:0.23
FeatureView:0.22
StrandedZoomableApolloPanel:0.22
ScaleView:0.2180952380952381
FindPanel:0.19333333333333333
RowSelectionListener:0.15666666666666668
SeqMatchTableListener:0.15333333333333332
ApolloFrame:0.14666666666666667
FocusMenuListener:0.08333333333333333
