RedeployDefinitionFormTag:0.5736666666666667
PluginLogger:0.5736666666666667
