Management:0.6966666666666667
TestJournalRoundTrip:0.4266666666666667
MultiValueMap:0.35333333333333333
JournalEntryContext:0.3333333333333333
JournalConsumer:0.32
TestLockingFollowingJournalReader:0.30666666666666664
DefaultManagement:0.27666666666666667
JournalCreator:0.26666666666666666
JournalReader:0.23666666666666666
TestContextXmlWriterAndReader:0.23333333333333334
MockManagementDelegate:0.22666666666666666
LockAfterSecondIngest:0.20666666666666667
Journaller:0.19333333333333333
ConsumerJournalEntry:0.14333333333333334
MockJournalReader:0.14333333333333334
ManagementMethod:0.1
MockServerForJournalTesting:0.07
AllUnitTests:0.03
MockJournalRecoveryLog:0.023333333333333334
MockJournalWriter:0.016666666666666666
MyMockManagementDelegate:0.01
AddRelationshipMethod:0.0033333333333333335
PurgeRelationshipMethod:0.0
