CompilerParameters:0.75
IBatchPresentationCompiler:0.5466666666666666
PresentationCompiler:0.42333333333333334
ExecutorDAO:0.2633333333333333
PresentationCompilerHelper:0.24
ExecutorLogic:0.23666666666666666
PermissionDAO:0.215
DefinitionLogic:0.19833333333333333
TaskListBuilder:0.19666666666666666
TaskLogic:0.17666666666666667
AuthorizationLogic:0.16666666666666666
AuditLogic:0.15666666666666668
HibernateCompilerHQLBuider:0.15
PresentationConfiguredCompiler:0.13
RelationPairDAO:0.12666666666666668
RestrictionsToPermissions:0.12
HibernateCompilerQueryBuilder:0.09
RestrictionsToOwners:0.013333333333333334
BatchPresentationHibernateCompilerFactory:0.009166666666666667
IBatchPresentationConfiguredCompiler:0.006666666666666667
IBatchPresentationCompilerFactory:0.0
