AbstractDbDialect:0.5616666666666666
MySqlDbDialect:0.3416666666666667
SqlTemplate:0.22333333333333333
