ComponentType:0.6011111111111112
CustomType:0.20099999999999998
