Draft:0.5466666666666666
WebSocket:0.4266666666666667
Draft_10:0.26666666666666666
WebSocketClient:0.26
ChatServer:0.24444444444444446
WebSocketListener:0.23
WebSocketAdapter:0.22
WebSocketServer:0.19
AutobahnServerTest:0.18
AutobahnClientTest:0.17
ChatClient:0.13666666666666666
