DB:0.64
CommandResult:0.4066666666666667
DBPort:0.38666666666666666
