Murmur3HashFunction:0.5833333333333334
IndexMetaData:0.5433333333333333
OperationRouting:0.20666666666666667
MetaDataIndexUpgradeService:0.2
DiscoveryWithServiceDisruptionsIT:0.19666666666666666
ESTestCase:0.19333333333333333
InternalEngine:0.19
MetaDataService:0.11666666666666667
Murmur3HashFunctionTests:0.11666666666666667
RecoveryWithUnsupportedIndicesIT:0.1
