LoggingListenerTests:0.7833333333333333
LogConfigurator:0.48833333333333334
