PerfDelayer:0.5457777777777778
DefaultDelayer:0.4468888888888889
DelayerFactory:0.25333333333333335
