Pointer:0.673888888888889
PointerTest:0.43333333333333335
