StringCriteria:0.6158333333333333
TimestampCriteria:0.19333333333333333
IntegerCriteria:0.11333333333333333
LongCriteria:0.11333333333333333
