Context:0.6433333333333333
ReceiveChannelEndpointThreadLocals:0.5066666666666667
DriverConductorTest:0.35333333333333333
SelectorAndTransportTest:0.25333333333333335
PreferredMulticastFlowControl:0.21
FlowControlStrategiesTest:0.155
