Plugin:0.6433333333333333
ResourceGroupManager:0.5233333333333333
TestQueues:0.36
PluginManager:0.27666666666666667
TestingPrestoServer:0.24333333333333335
PrestoServer:0.19111111111111112
