HighlighterSearchTests:0.38666666666666666
AbstractSharedClusterTest:0.38333333333333336
IgnoreIndicesTests:0.21
QueryRescorerTests:0.17333333333333334
SearchWhileCreatingIndexTests:0.09333333333333334
