TypeHandler:0.41333333333333333
SetHandler:0.37666666666666665
AnnotationSetsView:0.36666666666666664
SetsTableCellEditor:0.16666666666666666
SetsTableModel:0.15333333333333332
SetsTableCellRenderer:0.11666666666666667
TextMouseListener:0.06
EditAnnotationAction:0.04666666666666667
AnnotationHandler:0.03333333333333333
SelectAnnotationAction:0.02666666666666667
HighlightMenuItem:0.02
