View:0.7953333333333333
DeliveryTest:0.3933333333333333
