Weather:0.49333333333333335
ThreadSafeLazyLoadedIvoryTower:0.3819444444444444
FileLoader:0.3433333333333333
App:0.08333333333333333
