DefaultLabelIncrementer:0.14333333333333334
CVSLabelIncrementer:0.14333333333333334
