AbsThreadTask:0.4533333333333333
AbsTarget:0.44666666666666666
ChildDownloadListener:0.36333333333333334
BaseUListener:0.24333333333333335
BaseDListener:0.24333333333333335
StateConstance:0.18333333333333332
