LwjglCanvas:0.5233333333333333
LwjglGraphics:0.47
Dialog:0.36333333333333334
LwjglFrame:0.34
