Factory:0.7033333333333334
jOOQAbstractTest:0.34
FormatTests:0.31
FactoryOperations:0.24666666666666667
FactoryProxy:0.23
