SimpleCaseExpression:0.4
ExpressionTreeRewriter:0.31
AstBuilder:0.2633333333333333
DefaultTraversalVisitor:0.23333333333333334
Formatter:0.23
RewritingVisitor:0.2188888888888889
Visitor:0.19777777777777777
