Analysis:0.51
AndOperator:0.3516666666666667
StatementAnalyzer:0.32666666666666666
