AbstractDatabasePlatform:0.44333333333333336
DatabasePlatformTest:0.34476190476190477
AbstractDdlBuilder:0.3433333333333333
AbstractDdlTypesTest:0.30333333333333334
PostgreSqlDdlReader:0.25333333333333335
IDatabasePlatform:0.19416666666666665
PostgreSqlDdlTypesTest:0.09333333333333334
