Packet:0.6033333333333334
HazelcastClient:0.38666666666666666
ListClientProxy:0.25333333333333335
SetClientProxy:0.24666666666666667
CollectionClientProxy:0.12666666666666668
