FeatureList:0.8266666666666667
BookmarkMenu:0.11666666666666667
