TigerParser:0.6033333333333334
TigerParserTokenManager:0.39
TigerParserConstants:0.014071428571428572
