ParcelableAnalysisTest:0.5566666666666666
FieldReference:0.39666666666666667
BaseGenericClass:0.38
ParcelableAnalysis:0.30333333333333334
ParcelableGeneratorTest:0.24333333333333335
ConcreteBean:0.052
