RuleKey:0.4033333333333333
SymbolHash:0.36
GlobalObjectID:0.34
LogicalKey:0.31
LoopDefinitionManager:0.24333333333333335
WorkerID:0.24333333333333335
Workstation:0.23333333333333334
PersistentObjectID:0.20666666666666667
SymbolHashEngine:0.19666666666666666
InterpretableSym:0.18666666666666668
DefinitionWindowManager:0.18166666666666667
LoopDefinitionRequestMsg:0.16666666666666666
TranslationSym:0.14333333333333334
SymbolHashLogicAndArithmetic:0.13
SymbolHashRewriter:0.12333333333333334
SymbolHashMangoModel:0.11333333333333333
SymbolHashRecent:0.11
SymbolHashInitialize:0.1
ExpressionSym:0.07333333333333333
