Walker:0.48333333333333334
PainlessParser:0.48333333333333334
SFunction:0.38
FunctionRefTests:0.32
ArrayTests:0.30666666666666664
ConstructorFuncrefContext:0.2569444444444445
EChain:0.10265873015873016
