AbstractController2D:0.6482222222222223
ToolBarMaker:0.5316666666666666
