Content:0.4666666666666667
TodoEditor:0.36
TodoEditorCore:0.24333333333333335
NotepadEditor:0.23666666666666666
DocumentWriter:0.18666666666666668
SpreadsheetWriter:0.04666666666666667
TextWriter:0.04666666666666667
NotepadEditorCore:0.043333333333333335
Manifest:0.016666666666666666
