ApplicationEntityManagerRemote:0.5630000000000001
ApplicationEntityManager:0.5630000000000001
BusinessEntityManagerImpl:0.5433333333333333
ApplicationEntityManagerImpl:0.4066666666666667
Main:0.15
NotAuthorizedException:0.02666666666666667
