Activator:0.65
ValidateCMLManagerFactory:0.25333333333333335
CMLValidationHandler:0.20333333333333334
IJavaScriptValidateCMLManager:0.19666666666666666
IJavaValidateCMLManager:0.19666666666666666
