SamplesUtil:0.7102222222222223
BasicPublisher:0.48
RateReporter:0.44666666666666666
SubscriberTool:0.22666666666666666
BasicSubscriber:0.14333333333333334
