ActionAST:0.32666666666666666
GrammarASTWithOptions:0.23
RuleAST:0.18333333333333332
GrammarRootAST:0.14333333333333334
RuleRefAST:0.11333333333333333
BlockAST:0.11333333333333333
PredAST:0.11333333333333333
TerminalAST:0.11333333333333333
AltAST:0.11
NotAST:0.041666666666666664
SetAST:0.041666666666666664
RangeAST:0.041666666666666664
