VertxImpl:0.44666666666666666
VertxOptions:0.4066666666666667
MetricsOptions:0.35
VertxOptionsTest:0.18666666666666668
VertxOptionsConverter:0.13333333333333333
