UURIFactoryTest:0.6061111111111112
FetchDNS:0.25333333333333335
HostnameQueueAssignmentPolicy:0.18333333333333332
