Node:0.3333333333333333
CollectionBinaryClientTest:0.27666666666666667
KeySetRequest:0.24
EntrySetRequest:0.24
ValuesRequest:0.20666666666666667
QueueBinaryClientTest:0.2
CollectionPortableHook:0.17833333333333334
QueuePortableHook:0.16966666666666666
DrainRequest:0.09
RemoveAllRequest:0.09
IteratorRequest:0.07333333333333333
GetAllRequest:0.07333333333333333
FactoryIdHelper:0.0
