NettyResponseFuture:0.5933333333333334
NettyPerRequestTimeoutTest:0.33111111111111113
RequestTimeoutTimerTask:0.19
