OCSPServletBase:0.5066666666666667
OCSPServlet:0.47222222222222227
OCSPServletStandAlone:0.34
SigningEntity:0.14333333333333334
