ERDesignerComponent:0.5316666666666666
ERDesignerGraphUI:0.2853333333333333
XMLModelSerializer:0.21333333333333335
