ViewUtil:0.5566666666666666
UserTypeFormat:0.32
FileFormat:0.32
OrderedJSONObject:0.2675
MultipleSelectFromListTag:0.15666666666666668
DisplayListUserVariablesTag:0.1311111111111111
AbstractListUserVariables:0.10666666666666667
MultipleSelectFromListUserVariablesTag:0.05333333333333334
