Database:0.5566666666666666
InstallOptions:0.46
Distribution:0.43122222222222223
DerbyDDLConverterIntegrationTest:0.27
Installer:0.21916666666666668
AllIntegrationTests:0.18
ConnectionPool:0.16666666666666666
ConnectionPoolManagerImpl:0.12333333333333334
