SelectFromTableSource:0.6666666666666666
AbstractProtocolDataWriter:0.4666666666666667
DataExtractorService:0.32666666666666666
SelectFromSymDataSource:0.26
