Fiber:0.74
RunnableFiberTask:0.30333333333333334
ParkableForkJoinTask:0.3
JMXActorMonitor:0.28
FiberForkJoinTask:0.23333333333333334
SimpleConditionSynchronizer:0.12666666666666668
