EjbcaWS:0.42333333333333334
UserAdminSessionBean:0.4
DateNotValid:0.24666666666666667
RevokeBackDateNotAllowedException:0.21972222222222218
RevokeBackDateNotAllowedForProfileException:0.21972222222222218
RevokeBackDateNotAllowedForTheProfile:0.09333333333333334
DateNotValidException:0.016481481481481482
