ConvolutionLayerSetupTest:0.52
Deconvolution2DLayer:0.3566666666666667
CNNGradientCheckTest:0.30333333333333334
