DataTableFolderViewBase:0.6583333333333333
MainMenuControl:0.6466666666666666
BusyInfo:0.23
