Platform:0.4866666666666667
OkHttpClient:0.42
Android:0.41
JdkWithJettyBootPlatform:0.22333333333333333
JdkPlatform:0.03666666666666667
