DocIndexMetaData:0.5666666666666667
DocTableInfoBuilder:0.3466666666666667
DocIndexMetaDataTest:0.22666666666666666
InternalDocTableInfoFactory:0.20333333333333334
PartitionedTableConcurrentIntegrationTest:0.185
DocTableInfoBuilderTest:0.12666666666666668
TransportSchemaUpdateAction:0.11666666666666667
SchemaUpdateResponse:0.08666666666666667
