ConfigurationUtils:0.45
Processor:0.40199999999999997
Data:0.2733333333333333
MutateProcessor:0.25
Pipeline:0.24333333333333335
IngestPlugin:0.17666666666666667
PipelineStore:0.16333333333333333
GeoIpProcessor:0.1577777777777778
Factory:0.14
DateProcessor:0.13555555555555554
IngestModule:0.12666666666666668
ConfigurationUtilsTests:0.12333333333333334
GrokProcessor:0.11
IngestClientIT:0.016666666666666666
