Model:0.4766666666666667
FloatAttribute:0.30333333333333334
DefaultShader:0.2866666666666667
G3dModelLoader:0.23666666666666666
ModelMaterial:0.043333333333333335
