Def:0.51
PainlessParser:0.35
Struct:0.325
EFunctionRef:0.3205
RuntimeClass:0.31333333333333335
PIC:0.31
ScriptImpl:0.24666666666666667
BasicAPITests:0.23333333333333334
Walker:0.22
ArrayIteratorHelper:0.2063968253968254
SEach:0.19
FuncrefContext:0.18166666666666667
LNewObj:0.145
LDefArray:0.13666666666666666
LDefField:0.13666666666666666
LDefCall:0.13333333333333333
DefBootstrapTests:0.13333333333333333
FunctionRefTests:0.11333333333333333
DefBootstrap:0.08666666666666667
EachContext:0.058333333333333334
WriterConstants:0.0
