GwtServerHelper:0.4633333333333333
WebKeys:0.32255555555555554
AddEntryController:0.24666666666666667
ViewController:0.16333333333333333
