Selection:0.5516666666666666
AnnotationView:0.48333333333333334
