Version:0.5033333333333333
CVS:0.4633333333333333
