MetaTab:0.7233333333333334
WebEditors:0.36666666666666664
AnnotatedClassParser:0.35
CustomerWithCardListTest:0.2
TabParser:0.17333333333333334
CustomerOnlyCardListTest:0.06666666666666667
XmlElementsNames:0.0
