SystemShell:0.4972222222222222
WindowsNT:0.2548888888888889
pushd:0.23777777777777775
ConsoleState:0.20333333333333334
Windows9x:0.19666666666666666
