Client:0.5566666666666666
SortingParams:0.4844444444444444
SortingCommandsTest:0.25666666666666665
