ReferenceInfos:0.36666666666666664
DocSchemaInfo:0.3433333333333333
DocTableInfo:0.30666666666666664
PlannerTest:0.3
CompoundLiteralTest:0.26666666666666666
ReferenceToTrueVisitorTest:0.2633333333333333
ExpressionAnalyzerNormalizeTest:0.24
JobCollectContext:0.205
TestingHelpers:0.2
WhereClauseAnalyzerTest:0.17666666666666667
DocIndexMetaDataTest:0.17333333333333334
EngineSearcher:0.14833333333333334
SysShardsExpressionsTest:0.14333333333333334
ReferenceInfosTest:0.14
ShardProjectorChainTest:0.09
BaseAnalyzerTest:0.08833333333333333
DocTableInfoTest:0.08166666666666667
TestGlobalSysExpressions:0.07333333333333333
DocTableInfoBuilder:0.056666666666666664
TestModule:0.04
TestMetaDataModule:0.0353968253968254
ShardReferenceResolver:0.03
FetchRoutingListener:0.006666666666666667
