BaseNeuralNetwork:0.6416666666666667
StackedDenoisingAutoEncoder:0.5066666666666667
BaseMultiLayerNetwork:0.43833333333333335
MnistSdaTest:0.16
