Planner:0.49
PlannerContextBuilder:0.22
NodeMergeResponse:0.19666666666666666
GroupByAggregateTest:0.17666666666666667
PlannerTest:0.12333333333333334
