CADataHandler:0.5266666666666666
EjbcaWebBean:0.47333333333333333
CAInterfaceBean:0.33
AccessRulesConstants:0.02
