AbstractTestQueries:0.7057777777777778
Rewriter:0.4964484126984127
