TransportMasterNodeActionTests:0.5833333333333334
TransportMasterNodeAction:0.4066666666666667
ClusterStateUpdateTask:0.25333333333333335
AsyncSingleAction:0.24666666666666667
