ActionRequestRecursionTest:0.38
InterceptorsManagerTest:0.37
MadvocParamsInjectorTest:0.18333333333333332
ServletDispatcherResultTest:0.15333333333333332
MadvocTestCase:0.15333333333333332
