GwtUIHelper:0.6333333333333333
WebKeys:0.4976111111111112
RequestInfo:0.49366666666666664
GwtMainPage:0.39666666666666667
ViewPermalinkController:0.28
LoginController:0.15333333333333332
