JSONRequest:0.5033333333333333
SearchManager:0.4533333333333333
Worker:0.2733333333333333
Harvester:0.25333333333333335
SchemaLoader:0.21333333333333335
SelectionManager:0.20133333333333334
JSONXmlSerializer:0.19
EditUtils:0.15781746031746033
GetLatestUpdated:0.1
