FormAction:0.5333333333333333
MultiAction:0.4
DispatchMethodInvoker:0.22333333333333333
DefaultActionMethodResolver:0.08666666666666667
ActionMethodResolver:0.07611111111111112
