Stop:0.37666666666666665
MapGenerator:0.3433333333333333
MetaServer:0.33666666666666667
Server:0.3233333333333333
River:0.31666666666666665
InGameController:0.30666666666666664
IndianDemandMission:0.23666666666666666
Specification:0.23666666666666666
IndianBringGiftMission:0.23666666666666666
TransportMission:0.21
FreeColServer:0.17666666666666667
PreGameInputHandler:0.16666666666666666
CargoHandler:0.12
TradeRouteInputDialog:0.10666666666666667
ErrorPanel:0.08
