OutputBuffer:0.7966666666666666
TaskStatus:0.42333333333333334
MockRemoteTask:0.27666666666666667
SqlTask:0.25666666666666665
PartitionedOutputBuffer:0.24
ArbitraryOutputBuffer:0.21333333333333335
BroadcastOutputBuffer:0.21333333333333335
LazyOutputBuffer:0.17666666666666667
TestingTaskResource:0.14
