GenericDaoTest:0.4866666666666667
UserDao:0.39
IUserDao:0.36577777777777787
TableCreator:0.32666666666666666
UserDaoTest:0.03
