ClientMapProxy:0.6908333333333334
MapProxyImpl:0.36666666666666664
