Platform:0.6666666666666666
Database:0.4666666666666667
PlatformImplBase:0.31
DdlToDatabaseTask:0.20666666666666667
SybasePlatform:0.17333333333333334
DatabaseToDdlTask:0.12666666666666668
TestPlatformImplBase:0.12333333333333334
PostgreSqlPlatform:0.11
