ClientConnectionManagerImpl:0.41
ClientEndpoint:0.37
ClientEngineImpl:0.33
AuthenticationRequest:0.26666666666666666
MockSimpleClient:0.2633333333333333
ClientPacketProcessor:0.22
ConnectionProcessor:0.20666666666666667
OwnerConnectionFuture:0.14
ClientEventProcessor:0.01
