OutMessage:0.49333333333333335
Mongo:0.4633333333333333
Result:0.3016666666666667
MyCollection:0.2866666666666667
DBTCPConnector:0.28
DBPort:0.23833333333333334
DBRefTest:0.16194444444444445
