NonCollectingAggregator:0.43166666666666664
StringTermsTests:0.32
LongTermsTests:0.2966666666666667
DoubleTermsTests:0.2966666666666667
TermsAggregatorFactory:0.19
