ERDesignerComponent:0.5833333333333334
ERDesignerBundle:0.4032222222222222
CompleteCompareEditorView:0.20666666666666667
CompleteCompareEditor:0.17333333333333334
IconFactory:0.11666666666666667
RedefinedAttributeInfo:0.09
MissingEntityInfo:0.09
MissingAttributeInfo:0.09
CompareTreeCellRenderer:0.04666666666666667
