CreateIssueAction:0.17333333333333334
MoveIssueAction:0.15333333333333332
WatchIssueAction:0.13
AssignIssueAction:0.13
RemoveHistoryEntryAction:0.13
RemoveIssueAttachmentAction:0.13
MoveIssueFormAction:0.06
AddIssueRelationAction:0.05333333333333334
CreateIssueFormAction:0.05333333333333334
