LockStoreImpl:0.56
LockResourceImpl:0.42333333333333334
LockServiceImpl:0.30333333333333334
AwaitOperation:0.23555555555555557
AwaitBackupOperation:0.2038888888888889
LockOperation:0.15333333333333332
UnlockBackupOperation:0.15
LocalLockCleanupOperation:0.13333333333333333
