HiveClientConfig:0.6366666666666667
PrestoS3FileSystem:0.38666666666666666
PrestoS3OutputStream:0.35
TestHiveClientConfig:0.14333333333333334
HdfsConfigurationUpdater:0.12
