RuntimeHelperMBean:0.605
SimpleProfiler:0.44333333333333336
Event:0.37666666666666665
AbstractBinderProcessor:0.2833333333333333
RssModuleImpl:0.28
BinderServiceImpl:0.25
AbstractEntryProcessor:0.24333333333333335
FileModuleImpl:0.23333333333333334
AjaxController:0.22333333333333333
DefinitionModuleImpl:0.22333333333333333
ProcessorManager:0.20333333333333334
DefaultProfileCoreProcessor:0.2
FolderServiceImpl:0.19333333333333333
FolderUtils:0.19333333333333333
AccessControlController:0.18333333333333332
TextConverter:0.18166666666666667
ManageSearchIndexController:0.11333333333333333
RuntimeHelper:0.09
ContextListenerPostSpring:0.023333333333333334
