OnmsSnmpInterfaceResource:0.3933333333333333
NodeRestServiceTest:0.38333333333333336
OnmsMonitoredServiceResource:0.33
OnmsIpInterfaceResource:0.26666666666666666
NodeRestService:0.18
