StrandedZoomableApolloPanel:0.47333333333333333
SyntenyLinkPanel:0.4066666666666667
SyntenyChoiceMenu:0.2966666666666667
Controller:0.27
SyntenyPanel:0.25
ViewMenu:0.22666666666666666
