SpecificationResolver:0.5333333333333333
SpecificationResolverTest:0.41
TestExecutionNodeResolver:0.09
TestCaseWithContexts:0.07611111111111112
AnInnerTestContext:0.07611111111111112
