FastDOReader:0.8166666666666667
ConnectionPoolManagerImpl:0.31666666666666665
