JPPFPriorityQueue:0.5833333333333334
ClientContext:0.3433333333333333
CompletionListener:0.24111111111111114
DriverJobManagement:0.19333333333333333
JPPFJobManager:0.19333333333333333
TaskAndJobCountTester:0.09333333333333334
TestJPPFStatistics:0.09333333333333334
BaseTestHelper:0.06666666666666667
