IndexService:0.49666666666666665
IndicesFieldDataCache:0.4166666666666667
Listener:0.41
IndicesService:0.33
InternalTestCluster:0.32666666666666666
NodeServicesProvider:0.29
IndexModuleTests:0.23333333333333334
IndicesModule:0.21444444444444447
AbstractFieldDataTestCase:0.17
IndexFieldDataServiceTests:0.17
IndexSearcherWrapperFactory:0.08444444444444445
FieldDataCacheCleaner:0.02666666666666667
