QName:0.5633333333333334
NCName:0.5633333333333334
