AbstractTransformTask:0.39666666666666667
ExampleTask:0.38333333333333336
AddPropertyTransformer:0.32666666666666666
