TestJMX:0.5733333333333334
JPPFJcaClientConnection:0.5133333333333333
CancelJobRunner:0.315
