CertTools:0.6824603174603174
X509CA:0.45666666666666667
