ButtonHelper:0.5533333333333333
ControlCenter:0.47
ActionDelegate:0.41333333333333333
ActionOpen:0.29911111111111116
Mode:0.25
Sticky:0.2457777777777778
MenuHelper:0.24166666666666667
ActionSave:0.21744444444444444
ActionClose:0.21333333333333335
BlueprintEditor:0.20844444444444443
TreeView:0.20166666666666666
GedcomTableWidget:0.18666666666666668
EditView:0.18
ActionStart:0.175
BlueprintList:0.16944444444444445
ReportView:0.16777777777777778
ActionStop:0.16333333333333333
ActionPrint:0.16333333333333333
ActionUpDown:0.16333333333333333
ActionHelp:0.16333333333333333
ActionAbout:0.16333333333333333
Del:0.15666666666666668
ViewContainer:0.15333333333333332
ActionInsert:0.15333333333333332
ActionNew:0.15333333333333332
Back:0.13666666666666666
Add:0.12
ActionReload:0.12
ActionOpenSettings:0.12
ActionExit:0.115
ActionReset:0.11333333333333333
ActionApply:0.11333333333333333
TableViewSettings:0.11
SettingsWidget:0.06666666666666667
ActionToggleText:0.06333333333333334
