ParserPane:0.5335555555555556
ParserAction:0.2866666666666667
SaxEntityResolver:0.2625396825396825
