SeleniumTestCase:0.4819999999999999
MultiBuildLoopTest:0.3333333333333333
ElapsedTimeTest:0.19333333333333333
