Filter:0.7133333333333334
Processor:0.25666666666666665
SimpleSelector:0.24333333333333335
