PlanFragment:0.4533333333333333
SubPlanBuilder:0.37333333333333335
Visitor:0.2966666666666667
HttpRemoteTask:0.22
LocalQueryRunner:0.21333333333333335
SqlTaskExecution:0.20777777777777778
DistributedLogicalPlanner:0.20333333333333334
PlanPrinter:0.17333333333333334
QueryExplainer:0.17277777777777775
SqlQueryExecution:0.17
GraphvizPrinter:0.15
TestSqlTaskManager:0.13666666666666666
TestSqlStageExecution:0.13
