GwtTeamingMessages:0.31666666666666665
CreateUserActivityReportCmd:0.29333333333333333
UserActivityReportComposite:0.26666666666666666
RunAReportDlg:0.19222222222222224
GwtRpcServiceImpl:0.17777777777777778
AdminCategoryControl:0.17666666666666667
GwtReportsHelper:0.13916666666666666
