ListSplitBrainTest:0.31666666666666665
SemaphoreSplitBrainTest:0.16666666666666666
LockSplitBrainTest:0.14666666666666667
QueueSplitBrainTest:0.14666666666666667
CountDownLatchSplitBrainTest:0.14333333333333334
