StudyModel:0.56
XMLFileHandler:0.51
PatientInfo:0.26666666666666666
SeriesModel:0.26666666666666666
ListenerServlet:0.26
InstanceModel:0.2
SeriesDetailsHandler:0.10666666666666667
StudyInfoServlet:0.1
DirectUrlLaunch:0.08666666666666667
StudyInfoHandler:0.08333333333333333
SeriesServlet:0.08
InstanceServlet:0.08
DicomNodes:0.07666666666666666
