BaseManager:0.44666666666666666
ResponseQueueCall:0.41333333333333333
ConnectionManager:0.39
GroupProperties:0.31722222222222224
SimpleMapTest:0.18
Migrator:0.13666666666666666
NodeBaseVariables:0.0
