QueryExecution:0.5664444444444444
ClusterMemoryManager:0.5411111111111111
FailedQueryExecution:0.37333333333333335
DataDefinitionExecution:0.35333333333333333
SqlQueryExecution:0.2633333333333333
SystemSessionProperties:0.19333333333333333
