MigrationRequestTask:0.54
MigrationTask:0.4033333333333333
PartitionStateGeneratorImpl:0.3333333333333333
