BasicHttpsTest:0.3566666666666667
ChannelManager:0.24
Builder:0.23333333333333334
TestUtils:0.2
DefaultAsyncHttpClientConfig:0.19333333333333333
