AbstractDistributedObject:0.7365555555555555
ExpectedRuntimeException:0.2633333333333333
