ReplicatedMapMBean:0.39
HazelcastInstanceImpl:0.38
ProxyManager:0.37333333333333335
HazelcastClient:0.36
ServiceManager:0.2866666666666667
LocalReplicatedMapStatsImpl:0.26
ClientReplicatedMapProxy:0.16666666666666666
ActionConstants:0.13666666666666666
ReplicatedMapTest:0.05
