Dao:0.9433333333333334
NutDao:0.5216666666666666
DaoSupport:0.3566666666666667
