RegionGen:0.5133333333333333
ModVisitor:0.36
TestSwitchLabels:0.16555555555555557
TestSwitchWithFallThroughCase2:0.16
