Options:0.6
ErrorUtil:0.43
GenerationTest:0.39666666666666667
DeadCodeEliminatorTest:0.30333333333333334
DeadCodeProcessor:0.21
TranslationProcessor:0.17333333333333334
FileProcessor:0.15
J2ObjC:0.14666666666666667
