JOCLDataOutputStream:0.6472222222222221
FluxParallelLight:0.39666666666666667
FluxPhongShader:0.36333333333333334
