CommandLineOptions:0.7833333333333333
JOptSimpleCommandLineOptionsParserTests:0.35333333333333333
DiscoveryRequestCreatorTests:0.33916666666666667
AvailableOptions:0.24333333333333335
