GeomEntity:0.5366666666666666
TestStoreRetrieveUsingGeolatte:0.38
GeoDbWkb:0.2175
GeolatteGeometryJavaTypeDescriptor:0.18333333333333332
