NBodyPanel:0.6066666666666667
NBodyRunner:0.32666666666666666
UpdateRequest:0.2833333333333333
Demo:0.16666666666666666
