XMLConfigBuilderTest:0.7033333333333334
AbstractXmlConfigHelper:0.4266666666666667
XmlClientConfigBuilderTest:0.31666666666666665
IterableNodeList:0.22666666666666666
