WebServiceTemplate:0.4666666666666667
RequestTransportInputStream:0.4607380952380953
ResponseTransportInputStream:0.4607380952380953
HttpServletConnection:0.28
HttpUrlConnection:0.24333333333333335
CommonsHttpConnection:0.24333333333333335
AbstractReceiverConnection:0.12333333333333334
AbstractSenderConnection:0.12333333333333334
