jq_Class:0.37666666666666665
jq_Type:0.35
jq_Reference:0.32666666666666666
jq_Array:0.28
jq_ReturnAddressType:0.22333333333333333
jq_Primitive:0.21
DebugInterface:0.17333333333333334
jq_NullType:0.14
TypeCheck:0.13666666666666666
