Document:0.5548888888888888
HtmlPage:0.48333333333333334
XmlPage:0.35333333333333333
XMLSerializer:0.33
ActiveXObject:0.31
XMLDocument:0.2833333333333333
NodeImpl:0.21833333333333332
XMLHttpRequest:0.21333333333333335
SgmlPage:0.20666666666666667
Sarissa099Test:0.17333333333333334
DOMImplementation:0.17
DomDocumentFragment:0.1
XmlPageTest:0.02666666666666667
