Config:0.6433333333333333
ClusterServiceImpl:0.32222222222222224
MongoMapStore:0.2633333333333333
MembershipEvent:0.23333333333333334
SpringXmlConfigBuilder:0.21333333333333335
ClientConfig:0.19666666666666666
SimpleFunctionalMapTest:0.18333333333333332
InstanceFuture:0.18
MemberAttributeChangedOperation:0.14333333333333334
TheNode:0.14
