MovAvgTests:0.6266666666666667
RestTable:0.31333333333333335
MovAvgPipelineAggregator:0.2866666666666667
DeleteIndexTemplateRequest:0.19666666666666666
RestSearchAction:0.19
DeleteIndexTemplateRequestBuilder:0.023333333333333334
