ProvisionExceptionTest:0.48222222222222216
UniqueAnnotations:0.31527777777777777
G:0.25333333333333335
AllTests:0.18666666666666668
LineNumbersTest:0.15333333333333332
GProvider:0.01111111111111111
