JbpmExecutionLogic:0.6066666666666667
JbpmCommonLogic:0.2966666666666667
WFRunaHibernateInterceptor:0.18666666666666668
TaskAssigner:0.17777777777777778
TaskCacheCtrl:0.17666666666666667
