DBCollection:0.46888888888888886
GetIndexesOperation:0.4388888888888889
CollectionAdministrationImpl:0.26666666666666666
