ReflectUtils:0.4866666666666667
CodeGenerator:0.4033333333333333
DelegatorGenerator:0.24
Indexer:0.23159523809523813
TestAll:0.14866666666666664
MethodConstants:0.14267857142857143
StringSwitchCallback:0.03
