TimelineStep:0.6366666666666667
ProcessInstanceView:0.49333333333333335
TimelineView:0.29
