ShadowApplication:0.6566666666666666
ShadowIntentTest:0.3566666666666667
ShadowActivity:0.3
ShadowApplicationTest:0.27666666666666667
