SslConfigSettings:0.7566666666666667
Blobs:0.43666666666666665
PostgresNetty:0.25083333333333335
HttpBlobHandler:0.23
SslConfigurationTest:0.21
BlobHttpIntegrationTest:0.20333333333333334
AuthenticationWithSSLIntegrationTest:0.20333333333333334
SslConfiguration:0.18666666666666668
PipelineRegistry:0.18
SslReqHandlerTest:0.15333333333333332
SQLPlugin:0.14
SslConfigurationException:0.13
SslReqHandlerIntegrationTest:0.10666666666666667
AbstractKeyStoreSettings:0.1
PipelineRegistryTest:0.08333333333333333
BlobHttpClient:0.08333333333333333
HttpTransportPlugin:0.07666666666666666
SQLHttpIntegrationTest:0.07333333333333333
