MySQLSqlStatementBuilder:0.8666666666666667
MySQLSqlStatementBuilderSmallTest:0.38333333333333336
