StreamDrainer:0.35333333333333333
ForClassLoader:0.28
Explicit:0.26666666666666666
ClassReloadingStrategy:0.2633333333333333
ClassFileLocatorResolutionTest:0.25666666666666665
ForJarFile:0.24444444444444446
ForFolder:0.23444444444444448
Nexus:0.20916666666666667
ClassFileLocatorForClassLoaderTest:0.06333333333333334
Foo:0.03631746031746032
