SVGComposite:0.5833333333333334
ScrollListener:0.34888888888888886
WhiteboardManager:0.3
