StatisticsTracker:0.6833333333333333
CrawlController:0.30666666666666664
