PDQMessageHandler:0.30666666666666664
PIXQueryMessageHandler:0.30666666666666664
HL7V2MessageHandler:0.22666666666666666
ADTMessageHandler:0.17
ADTPatientUpdateMessageHandler:0.17
ADTPatientAddMessageHandler:0.17
ADTPatientMergeMessageHandler:0.17
