Task:0.45666666666666667
WebserviceBean:0.38333333333333336
ApplicationEntityManagerImpl:0.34
Util:0.33
RemoteTask:0.25666666666666665
