VariationalAutoencoder:0.7333333333333333
VariationalAutoencoderParamInitializer:0.33666666666666667
VaeGradientCheckTests:0.13333333333333333
