BSONWriter:0.4033333333333333
ServerDescription:0.37333333333333335
ConnectionPoolSettings:0.31333333333333335
BSONBinaryWriter:0.31
ClusterSettings:0.17
ServerSettings:0.056666666666666664
SocketSettings:0.03
MessageSettings:0.01
