ExportDialog:0.39
NewDownloadDialog:0.19666666666666666
ExportTypeListener:0.1486111111111111
BrowseOutFileBtnListener:0.13444444444444442
OkBtnListener:0.13
RSSParser:0.10666666666666667
