FilteredBlock:0.3333333333333333
HeadersMessage:0.3233333333333333
PartialMerkleTree:0.30666666666666664
GetBlocksMessage:0.29333333333333333
BitcoinSerializer:0.23
GetHeadersMessage:0.18
ListMessage:0.16
