AbstractTypeBinding:0.4066666666666667
GeneratedVariableBinding:0.4
OuterReferenceResolver:0.3466666666666667
GeneratedPackageBinding:0.28277777777777774
GeneratedMethodBinding:0.2822222222222222
ReferenceGraph:0.2633333333333333
Options:0.2622222222222222
CycleFinderTest:0.23666666666666666
OuterReferenceResolverTest:0.12666666666666668
