CropIwaOverlayView:0.6766666666666666
Utils:0.5908333333333333
CornerPoint:0.23555555555555557
