SkipSection:0.6666666666666666
SkipSectionParser:0.32666666666666666
SkipSectionParserTests:0.22333333333333333
