ConfiguredClass:0.4
SimpleAttribute:0.33
Table:0.28
EntityIdentifier:0.26166666666666666
ConfiguredClassHierarchy:0.24666666666666667
EntityBinder:0.24333333333333335
