Activator:0.7133333333333334
HsqldbUtil:0.5966666666666667
