CertTemplate:0.37
POPOSigningKey:0.2806666666666667
EncryptedKey:0.2783333333333333
SinglePubInfo:0.26666666666666666
POPOPrivKey:0.26666666666666666
OptionalValidity:0.25333333333333335
CertRequest:0.25166666666666665
CertReqMsg:0.25
EncryptedValue:0.25
POPOSigningKeyInput:0.245
PKIArchiveOptions:0.23
ProofOfPossession:0.22333333333333333
CertReqMessages:0.19666666666666666
PKIPublicationInfo:0.19666666666666666
