ExpressionInterpreter:0.47333333333333333
InterpretedFilterFunction:0.3466666666666667
InterpretedProjectionFunction:0.3233333333333333
Visitor:0.29333333333333333
SplitManager:0.2
TestInterpretedFilterFunction:0.19
TestInterpretedProjectionFunction:0.18
TestExpressionInterpreter:0.12666666666666668
