TestStatementBuilder:0.33
ExpressionInterpreter:0.3
TestUnixTimeFunctions:0.26166666666666666
IntervalLiteral:0.2
DateLiteral:0.19083333333333333
Visitor:0.17666666666666667
TestSqlParser:0.15
TestExpressionInterpreter:0.07666666666666666
