RobolectricTestRunner:0.43
TestLifecycle:0.4
Setup:0.37
ShadowWrangler:0.36
ShadowMap:0.30666666666666664
RobolectricTestRunnerSelfTest:0.19666666666666666
Runner:0.15444444444444444
ShadowConfig:0.11666666666666667
ShadowWranglerUnitTest:0.10666666666666667
WithoutDefaults:0.07
ParallelUniverseInterface:0.07
DefaultTestLifecycle:0.06333333333333334
MyTestLifecycle:0.03333333333333333
ParallelUniverse:0.03333333333333333
WithCustomClassList:0.016666666666666666
WithDefaults:0.016666666666666666
RealApisWithoutDefaults:0.006666666666666667
