MetaData:0.53
DocumentRequest:0.47711904761904766
IndexRequest:0.3566666666666667
DeleteRequest:0.34
AliasResolveRoutingIT:0.28
Item:0.26666666666666666
GetRequest:0.26
UpdateRequest:0.2377777777777778
TermVectorsRequest:0.23666666666666666
TermVectorsUnitTests:0.20666666666666667
MetaDataTests:0.16
TransportGetAction:0.15333333333333332
TransportTermVectorsAction:0.15333333333333332
TransportBulkAction:0.14333333333333334
TransportUpdateAction:0.12
TransportDeleteAction:0.11666666666666667
TransportMultiTermVectorsAction:0.08333333333333333
TransportMultiGetAction:0.07
