WebTestCase:0.38333333333333336
HtmlSelectTest:0.3233333333333333
HtmlAnchorTest:0.30666666666666664
WebClientTest:0.28
HtmlFormTest:0.26
SelectTest:0.24666666666666667
HtmlPageTest:0.24333333333333335
SanityCheck:0.23666666666666666
HtmlTextAreaTest:0.23
FormTest:0.21333333333333335
HtmlInputTest:0.19666666666666666
XmlPageTest:0.19
HtmlIsIndexTest:0.11333333333333333
