Node:0.5333333333333333
NodeEngineImpl:0.4866666666666667
QuorumServiceImpl:0.21666666666666667
NodeShutdownHookThread:0.14333333333333334
ConnectionManagerPacketHandler:0.056666666666666664
