DatastreamsPane:0.5166666666666667
NewDatastreamPane:0.46
TextContentEditor:0.3994444444444445
