QueryUtils:0.48333333333333334
DbCRUDFixture:0.32
FixtureCode:0.29161111111111115
DbQueryFixture:0.17333333333333334
