webkitSpeechRecognition:0.8294444444444444
Window:0.6
RecursiveFunctionObject:0.36333333333333334
SpeechSynthesis:0.33866666666666667
HostTypeOfTest:0.20666666666666667
HostClassNameTest:0.20666666666666667
HostParentOfTTest:0.19666666666666666
HostParentOfATest:0.19
HostClassNameStandardsTest:0.19
