ClassExtension:0.33166666666666667
JFXSandboxRenderer:0.32666666666666666
JFXSandbox:0.29333333333333333
SandboxRendererTest:0.27
FXMLExtension:0.22666666666666666
ExtensionWidget:0.13333333333333333
CheckSandboxDefinitionTest:0.12333333333333334
MainController:0.09666666666666666
Sample:0.055
SandboxConstants:0.05
ExtensionElement:0.04
