TestCommandLineUtilities:0.42
ExecUtility:0.3333333333333333
Uploader:0.30333333333333334
AutoModify:0.17
