IFunction:0.6866666666666666
StanzaGenerator:0.2966666666666667
Process:0.27666666666666667
Component:0.25333333333333335
IqDefault:0.22
FunctionInformation:0.21666666666666667
IqAdHocCommands:0.21
IqDisco:0.2
ProcessStatus:0.16333333333333333
Logger:0.11
MessageDefault:0.10333333333333333
PresenceDefault:0.10333333333333333
ProcessRunnable:0.06666666666666667
StreamUtils:0.05611111111111112
ProcessFactory:0.04833333333333333
FunctionItem:0.04666666666666667
AsyncTestFunction:0.03666666666666667
AsyncErrorTestFunction:0.03666666666666667
ProcessManager:0.02666666666666667
DelayedAsyncErrorTestFunction:0.009166666666666667
DelayedAsyncTestFunction:0.009166666666666667
