CentralAuthenticationServiceImplWithMockitoTests:0.35
AbstractServiceValidateController:0.26
CasValidationConfiguration:0.24666666666666667
SamlConfiguration:0.22166666666666668
VerifyServiceByIdMatcher:0.22
RankedAuthenticationProviderWebflowEventResolver:0.20666666666666667
DefaultServiceTicketFactory:0.16277777777777777
OpenIdConfiguration:0.15083333333333335
CasCoreWebflowConfiguration:0.13416666666666666
ChainingPrincipalResolverTests:0.11
CasCoreUtilConfiguration:0.06
