CertificateDataUtil:0.5766666666666667
EjbcaWS:0.5433333333333333
LocalCertificateStoreSessionBean:0.43444444444444447
