WYSIWYGHTMLEditor:0.6138888888888889
ValidationHashModel:0.5
FtlFormType:0.25
EditorHashModel:0.15333333333333332
