Tag:0.6566666666666666
LagartoDOMBuilder:0.4033333333333333
Node:0.32666666666666666
Text:0.32
Document:0.30333333333333334
Element:0.24
Comment:0.22666666666666666
LagartoParserEngine:0.21333333333333335
Jerry:0.19666666666666666
DOMBuilderTagVisitor:0.19333333333333333
HtmlImplicitClosingRuleTest:0.18333333333333332
ParsingProblemsTest:0.16333333333333333
ParsedTag:0.16
DomXmlTest:0.14
DomTreeTest:0.13666666666666666
DocumentType:0.13333333333333333
CData:0.11666666666666667
LagartoNodeHtmlRendererTest:0.1
XmlDeclaration:0.08666666666666667
