RubyOutlineVisitor:0.48333333333333334
RubyPlugin:0.4776190476190476
