HtmlPage:0.64
Event:0.5166666666666667
HtmlForm:0.2791666666666667
HtmlElement:0.23644444444444446
ClickableElement:0.18
HtmlRadioButtonInput:0.1711111111111111
HtmlCheckBoxInputTest:0.13
