DecayFunctionBuilder:0.5233333333333333
DecayFunctionParser:0.4
DecayFunctionScoreTests:0.27666666666666667
FunctionScorePluginTests:0.09333333333333334
CustomDistanceScoreBuilder:0.08333333333333333
GaussDecayFunctionBuilder:0.056111111111111105
LinearDecayFunctionBuilder:0.056111111111111105
ExponentialDecayFunctionBuilder:0.056111111111111105
