BusinessEntityManagerImpl:0.6633333333333333
TempBusinessRulesEngine:0.3433333333333333
