Controller:0.49727777777777776
StrandedZoomableApolloPanel:0.4633333333333333
SyntenyLinkPanel:0.36
CurationManager:0.21333333333333335
GuiCurationState:0.20666666666666667
CompositeApolloFrame:0.2
