SourceSymbols:0.6133333333333333
InputColumns:0.5033333333333333
FetchOrEval:0.22333333333333333
ColumnIndexWriterProjection:0.195
InsertFromSubQueryAnalyzedStatement:0.19333333333333333
Order:0.19111111111111112
ProjectionBuilder:0.16333333333333333
InputColumnsTest:0.16
ColumnIndexWriterProjectionTest:0.16
