Context:0.8366666666666667
PolicyEnforcementPoint:0.46
ReadOnlyContext:0.33666666666666667
WritableContext:0.26666666666666666
