XACollectTransactionsMessageTask:0.27666666666666667
MapRemoveInterceptorMessageTask:0.26
MapAddInterceptorMessageTask:0.24333333333333335
AuthenticationBaseMessageTask:0.22
AuthenticationCustomCredentialsMessageTask:0.18666666666666668
MultiTargetCallback:0.18333333333333332
AbstractMultiTargetMessageTask:0.17666666666666667
MapDataSerializerHook:0.15333333333333332
SingleTargetCallback:0.14333333333333334
TransactionDataSerializerHook:0.14
