NettyAsyncHttpProvider:0.49333333333333335
AsyncHttpClient:0.30333333333333334
NettyWebSocket:0.29333333333333333
WebSocketUpgradeHandler:0.29
MultipartBody:0.26916666666666667
AsyncHttpClientFilter:0.24666666666666667
AsyncHttpUrlConnection:0.21833333333333332
EventHandler:0.21666666666666667
AHCWebSocketListenerAdapter:0.21
JDKAsyncHttpProvider:0.19622222222222221
AsyncProvidersBasicTest:0.15666666666666668
ProgressListener:0.15666666666666668
FileBodyHandler:0.14333333333333334
AppendableBodyConsumer:0.14333333333333334
NettyConnectListener:0.14
WebSocketProtocol:0.11333333333333333
HttpProtocol:0.10333333333333333
EmptyBodyTest:0.10333333333333333
ResumableIOExceptionFilter:0.09333333333333334
IdleChannelDetector:0.07666666666666666
