SelectAction:0.4666666666666667
TablePanel:0.38333333333333336
CancelAction:0.29
HomeAction:0.29
ControlPanel:0.22
