Array:0.64
Std:0.41333333333333333
BinaryFunction:0.3027420634920635
E_IBinaryFunction:0.17388888888888887
TimeGrid:0.17
StdTest:0.1
