MapperService:0.6166666666666667
SimpleQueryTests:0.23
MapperQueryParser:0.22555555555555554
ExistsFilterParser:0.17666666666666667
QueryParseContext:0.1675
MissingFilterParser:0.09666666666666666
