EventIpcManager:0.7566666666666667
AnnotationBasedEventListenerAdapter:0.4166666666666667
CollectdTest:0.35
AnnotationBasedEventListenerAdapterTest:0.2833333333333333
