TransportService:0.5266666666666666
TransportSearchAction:0.30666666666666664
AliasFilter:0.3
SearchTransportService:0.22
