ReaderWriterLock:0.44
ReadLock:0.38666666666666666
WriteLock:0.38666666666666666
App:0.14805555555555558
