WaitingOp:0.3383333333333333
NodeEngineImpl:0.295
ProxyServiceImpl:0.2744444444444445
Registration:0.25333333333333335
WaitNotifyServiceImpl:0.24111111111111114
ExecutionServiceImpl:0.22361111111111115
BasicInvocation:0.19166666666666668
BasicInvocationFuture:0.18833333333333332
RemoteCallKey:0.16
ExpirationTask:0.12444444444444443
