RecordParser:0.7186666666666666
MDDParser:0.3233333333333333
mddOld:0.25666666666666665
