FileHandle:0.56
SkinParameter:0.38
SplitPane:0.32666666666666666
IOSFileHandle:0.21388888888888885
FilesTest:0.18666666666666668
UBJsonReader:0.17666666666666667
BitmapFontLoader:0.15333333333333332
DataInputStream:0.11416666666666667
ConvexHull:0.10333333333333333
BitmapFontParameter:0.0
