LogInspector:0.5566666666666666
LogInspectorAsciiFormatBytesTest:0.38666666666666666
