AzureUnicastHostsProvider:0.6133333333333333
AbstractAzureComputeServiceTestCase:0.32666666666666666
AzureSimpleTests:0.23333333333333334
AzureMinimumMasterNodesTests:0.21
AzureTwoStartedNodesTests:0.15666666666666668
AzureDiscoveryPlugin:0.13666666666666666
TestPlugin:0.10833333333333334
