OsgiListenerUtils:0.5666666666666667
OsgiServiceProxyFactoryBean:0.32666666666666666
OsgiServiceUtilsTest:0.25666666666666665
OsgiServiceDynamicInterceptor:0.23444444444444448
ServiceWrapper:0.23333333333333334
OsgiServiceCollection:0.23
OsgiServiceReferenceUtils:0.21333333333333335
Listener:0.19611111111111112
OsgiServiceProxyFactoryBeanTest:0.18333333333333332
OsgiServiceList:0.15666666666666668
OsgiServiceDynamicInterceptorTest:0.13
OsgiReferenceNamespaceHandlerTest:0.10666666666666667
OsgiServiceClassLoaderInvoker:0.07
OsgiServiceUtils:0.06
OsgiFilterUtils:0.023333333333333334
