ShapeNextState:0.6316666666666667
ShapeState:0.63
AGTS:0.2733333333333333
