BooleanExpression:0.5566666666666666
variable:0.49
FunctionTable:0.2966666666666667
CodeGenerator:0.25
