WebUtils:0.78
CasSupportActionsConfiguration:0.2966666666666667
ServiceWarningAction:0.27666666666666667
GenerateServiceTicketAction:0.27
DefaultWebflowConfigurer:0.22666666666666666
