CurrentBuildStatusListenerTest:0.7366666666666667
CurrentBuildStatusFTPListenerTest:0.4533333333333333
