C3DProgressBar:0.5766666666666667
C3DTextField:0.51
C3DProgressBarSkin:0.31
C3DTextFieldSkin:0.285
C3DRadioButtonSkin:0.17
C3DCheckBoxSkin:0.17
C3DListCell:0.1596010101010101
IconsDemo:0.14666666666666667
PopupDemo:0.14666666666666667
C3DToggleButtonSkin:0.11
C3DButtonSkin:0.11
StyleableProperties:0.08166666666666667
ContactSearchPresenter:0.04
