ProblemIAsolver:0.5016666666666667
ProblemChoco:0.42
SymbolicInteger:0.25333333333333335
SymbolicReal:0.25333333333333335
MathRealExpression:0.23733333333333334
SymbolicListener:0.22666666666666666
ProblemGeneral:0.21
SymbolicConstraintsGeneral:0.17333333333333334
