ClusterTest:0.6919444444444444
MultiCall:0.38
MLockMap:0.3433333333333333
