FailingMessages:0.45
ModuleManager:0.4122222222222222
AnnotatedPOJOTest:0.3
Player:0.16738095238095238
EntityValidatorValidator:0.10666666666666667
PropertyValidatorValidator:0.10666666666666667
RequiredValidator:0.10666666666666667
PlayerValidator:0.07666666666666666
PlayerTest:0.05
