Timeout:0.5833333333333334
AsyncTimeout:0.48333333333333334
AsyncTimeoutTest:0.38
