ParseTreeMatch:0.43666666666666665
ParseTreePatternMatcher:0.35333333333333333
RuleTagToken:0.2866666666666667
ParseTreePattern:0.16611111111111113
ListTokenSource:0.14666666666666667
TokenTagToken:0.13333333333333333
TagChunk:0.12666666666666668
TextChunk:0.09333333333333334
