JmhRunner:0.7466666666666667
RatioPerformanceReport:0.4866666666666667
PriorityQueueBenchmark:0.2202222222222222
