RuleTransition:0.5
ParserATNFactory:0.44
ATNSerializer:0.25333333333333335
ATNSimulator:0.23444444444444448
