ObjectKeys:0.8566666666666667
FolderUtils:0.45666666666666667
AbstractEntryProcessor:0.36
DefaultProfileCoreProcessor:0.2866666666666667
AbstractFolderModule:0.2733333333333333
AbstractFolderCoreProcessor:0.23833333333333334
EntryProcessor:0.22337301587301586
AbstractBinderProcessor:0.22
FileUtils:0.21333333333333335
GwtViewHelper:0.20666666666666667
KablinkFileSystemLibrary:0.20666666666666667
AddEntryController:0.2
AbstractFileResource:0.17
ContainerResource:0.14333333333333334
