FileBody:0.4033333333333333
NettyRequestSender:0.38
InputStreamBody:0.32
InputStreamBodyGenerator:0.21666666666666667
FileBodyGenerator:0.17333333333333334
