ComponentFinder:0.6733333333333333
Robot:0.6266666666666667
DefaultComponentFinder:0.2966666666666667
WindowWatcher:0.2288888888888889
ComponentTestFixture:0.22
ComponentTester:0.21666666666666667
WindowRecorder:0.19666666666666666
RobotTest:0.19666666666666666
Properties:0.1743333333333333
UnitTestSuite:0.14333333333333334
ContextTracker:0.11
WindowTracker:0.09333333333333334
WindowTrackerTest:0.06333333333333334
MouseWatcher:0.01
