MathUtils:0.7383333333333333
Group:0.6576666666666667
