TransferListener:0.7666666666666667
TransferCompletionHandler:0.5455555555555556
TransferListenerTest:0.37
