SamlRegisteredServiceMetadataResolverCacheLoader:0.32
AbstractResourceBasedServiceRegistryDao:0.31333333333333335
SamlIdPMetadataConfiguration:0.29333333333333333
SamlRegisteredServiceDefaultCachingMetadataResolver:0.24625396825396828
SamlObjectSignatureValidator:0.15
EmbeddedServiceRegistryDao:0.13666666666666666
