BaseManipulator:0.5166666666666667
DeleteArtifactsManipulator:0.18
DeleteArtifactsManipulatorTest:0.043333333333333335
