Util:0.5447222222222223
SessionLabelProvider:0.37666666666666665
