ShardRouting:0.6666666666666666
AllocationId:0.41
ExceptionSerializationTests:0.30333333333333334
AllocationService:0.26666666666666666
UnassignedInfo:0.20666666666666667
ShardStateAction:0.195
FailedShardsRoutingTests:0.18
RoutingNodeIterator:0.15
AllocationIdTests:0.12666666666666668
TestShardRouting:0.12055555555555554
StartedShardsRoutingTests:0.06666666666666667
