Except:0.4633333333333333
Union:0.4533333333333333
SubPlanBuilder:0.23333333333333334
UnionNode:0.22666666666666666
SetOperation:0.205
TupleAnalyzer:0.19
Visitor:0.18333333333333332
Intersect:0.16
Rewriter:0.15
RelationPlanner:0.12333333333333334
