GwtViewHelper:0.5033333333333333
GwtPerShareInfo:0.43666666666666665
AssignmentInfo:0.29
GwtSharedMeItem:0.25333333333333335
GwtTeamingDataTableImageBundle:0.19416666666666665
AssignmentCell:0.12333333333333334
