TransactionManager:0.4266666666666667
XMLElement:0.39666666666666667
GAMEAdapter:0.2633333333333333
TransactionXMLAdapter:0.23
ChadoXmlAdapter:0.2225
BdgpNodeList:0.0
