Response:0.7866666666666666
NettyResponseStatus:0.4533333333333333
ResponseBase:0.30333333333333334
WebDavResponse:0.25666666666666665
UpgradeCallback:0.22666666666666666
HttpProtocol:0.21666666666666667
HttpResponseStatus:0.21509523809523812
NettyAsyncResponseTest:0.20666666666666667
HttpStatusWrapper:0.15
