FOXMLMaker:0.6266666666666667
ConversionRules:0.57
METSReader:0.41333333333333333
