EjbcaWS:0.56
CADataHandler:0.29
KRSSResponseGenerator:0.17666666666666667
CaInitCommand:0.16333333333333333
ImportDataCommand:0.16333333333333333
