ChoiceProperty:0.58
ChoicePropertyDao:0.29333333333333333
PropertyChoiceDao:0.22666666666666666
PropertyChoiceTest:0.08
ChoicePropertyTest:0.05
