MDLV3000Reader:0.38976190476190475
MDLReader:0.3830952380952381
MACiEReader:0.3697619047619048
GamessReader:0.35309523809523813
ChemObjectReader:0.3458730158730159
PDBReader:0.31976190476190475
PMPReader:0.31976190476190475
Gaussian98Reader:0.22666666666666666
Gaussian03Reader:0.22666666666666666
CIFReader:0.22666666666666666
VASPReader:0.22
ZMatrixReader:0.20333333333333334
Mol2Reader:0.20333333333333334
INChIReader:0.20333333333333334
MOPAC97Reader:0.20333333333333334
HINReader:0.20333333333333334
CrystClustReader:0.20333333333333334
ShelXReader:0.20333333333333334
CMLReader:0.20333333333333334
GhemicalMMReader:0.20333333333333334
IChIReader:0.20333333333333334
INChIPlainTextReader:0.20333333333333334
MDLRXNV3000Reader:0.17666666666666667
DefaultChemObjectReader:0.17
SMILESReader:0.17
XYZReader:0.17
JMEReader:0.17
MDLRXNReader:0.14
