AbstractFormInstanceCreator:0.27666666666666667
FormDefinitionLoader:0.25
ComponentButton:0.22944444444444448
ElementCheckBox:0.22666666666666666
ComponentFactory:0.1877777777777778
Tag:0.18777777777777777
ProcessInstanceView:0.18666666666666668
AbstractFormInstanceLoader:0.1825
ComponentCheckBox:0.16333333333333333
ComponentConnectionSource:0.11666666666666667
