ReplicatedMapService:0.45666666666666667
ReplicatedMapProxy:0.31
AbstractReplicatedRecordStore:0.27
RemoveOperation:0.195
PutAllOperation:0.15166666666666667
AbstractReplicatedMapOperation:0.13666666666666666
CheckReplicaVersion:0.13666666666666666
ReplicateUpdateOperation:0.13333333333333333
ReplicateUpdateToCallerOperation:0.11666666666666667
SyncReplicatedMapDataOperation:0.10333333333333333
MergeOperation:0.07
ClearLocalAndRemoteOperation:0.07
