TribeNodeClusterStateTaskExecutor:0.35333333333333333
ClusterChangedEvent:0.3433333333333333
TribeIT:0.23
TribeService:0.1761111111111111
MergableCustomMetaData:0.14333333333333334
MergableCustomMetaData1:0.11333333333333333
TribeServiceTests:0.10833333333333334
TestCustomMetaData:0.10333333333333333
CustomMetaData1:0.08666666666666667
ClusterChangedEventTests:0.08
CustomMetaData2:0.06666666666666667
MergableCustomMetaData2:0.05583333333333333
