CollectionSet:0.8133333333333334
BasePersister:0.25333333333333335
CollectableService:0.23333333333333334
CollectdTest:0.21
HttpCollectionSet:0.21
SnmpCollectionSet:0.17666666666666667
MockServiceCollector:0.17444444444444446
NSClientCollectionSet:0.09333333333333334
JMXCollectionSet:0.09333333333333334
