MethodSignature:0.45666666666666667
TextToMethodKeyTests:0.3566666666666667
ClassMethodKey:0.29333333333333333
DefaultConversionService:0.29333333333333333
OgnlExpressionParser:0.20287301587301584
TextToMethodSignature:0.11333333333333333
MethodInvocationException:0.056666666666666664
InvalidMethodSignatureException:0.05333333333333334
MethodInvoker:0.04
