UpTimer:0.58
MasterClock:0.4866666666666667
Simulation:0.46
MainWindow:0.44333333333333336
ItemResource:0.325
EarthClock:0.24333333333333335
Person:0.21333333333333335
MonitorWindow:0.20333333333333334
PieChartTab:0.17833333333333334
MissionWindow:0.15
BarChartTab:0.15
MaintenanceEntity:0.14833333333333334
Part:0.14
UnitMapLayer:0.13666666666666666
TimeWindow:0.11333333333333333
MarsProject:0.09333333333333334
SplashWindow:0.09
