SpringSecurityCoreVersionTests:0.5566666666666666
EhCacheBasedAclCacheTests:0.4931111111111111
