ElementDictionary:0.6333333333333333
PrivateTag:0.4464166666666665
SAXAdapter:0.3888888888888889
ElementDictionaryTest:0.35333333333333333
