AsyncHttpClientConfig:0.5133333333333333
Builder:0.42
ConnectionManager:0.38333333333333336
AsyncHttpClientEventFilter:0.28
GrizzlyResponseFuture:0.18
GrizzlyAsyncProviderBasicTest:0.12
