AbstractFieldMapper:0.5733333333333334
IdFieldMapper:0.37666666666666665
SimpleStringMappingTests:0.36666666666666664
