EvictionHelper:0.5483333333333333
DefaultRecordStore:0.43333333333333335
AbstractRecordStore:0.31333333333333335
AbstractEvictableRecordStore:0.31
