TestIcalCrawler:0.5233333333333333
SimpleCrawlerHandler:0.42916666666666664
IcalTestSimpleCrawlerHandler:0.26
TestFileSystemCrawler:0.23
