Config:0.8033333333333333
ClientConfig:0.33
NearCacheConfigReadOnly:0.2866666666666667
NearCachedClientMapProxy:0.22333333333333333
EvictionConfig:0.20555555555555557
ClientReplicatedMapProxy:0.20333333333333334
NearCacheProvider:0.13666666666666666
