AbstractCacheRecord:0.5933333333333334
CacheReplicationOperation:0.4533333333333333
CacheDataRecord:0.2
