ForParameter:0.39666666666666667
AdviceTest:0.38666666666666666
AdviceVisitor:0.36666666666666664
StackAwareMethodVisitor:0.31333333333333335
ForOrigin:0.27666666666666667
ForField:0.255
ForReturnValue:0.24
ForThisReference:0.22166666666666668
WithoutExitAdvice:0.20111111111111113
WithExitAdvice:0.18666666666666668
AdviceSkipIfTrueTypeTest:0.13666666666666666
