ValueAttribute:0.7566666666666667
ValueMirrors:0.6727777777777778
StyleInfo:0.4166666666666667
Proto:0.24666666666666667
