BaseAsyncAction:0.43333333333333335
Balancer:0.43333333333333335
AwarenessAllocationTests:0.31666666666666665
