IdleTimeDetector:0.5664444444444444
IdleStateListener:0.5664444444444444
IdleDetector:0.47333333333333333
IdleDetectionTask:0.41
ProcessLauncher:0.32
IdleTimeDetectorFactory:0.16527777777777777
StreamHandler:0.15333333333333332
NodeLauncher:0.09333333333333334
IdleStateEvent:0.08333333333333333
IdleListener:0.0011111111111111111
