ReplicatedMapService:0.5033333333333333
ClientReplicatedMapTest:0.23333333333333334
ReplicatedMapPortableEntryEvent:0.22333333333333333
ClearLocalOperation:0.19166666666666668
AbstractReplicatedMapAddEntryListenerMessageTask:0.18333333333333332
ReplicatedMapEventPublishingService:0.16666666666666666
ReplicatedMapEventHandler:0.15333333333333332
ReplicatedMapNearCacheEventHandler:0.15
ClientReplicatedMapEntryListener:0.1
