AdminThread:0.5766666666666667
LibraryFacade:0.25333333333333335
MediaDriverFacade:0.25333333333333335
ControlProtocolEvents:0.02
