OAuthConfig:0.5483333333333333
OAuth10aServiceImpl:0.39666666666666667
DefaultApi10a:0.3466666666666667
OAuthConfigTest:0.25333333333333335
