Persist:0.7
EventdTest:0.25
AlarmWriter:0.23666666666666666
EventdConstants:0.04666666666666667
