JavaPluginTest:0.4266666666666667
AndroidAppPluginTest:0.41333333333333333
AndroidLibPluginTest:0.36666666666666664
