Registration:0.5066666666666667
EventServiceImpl:0.4666666666666667
DeregistrationOperation:0.29333333333333333
RegistrationOperation:0.29
InvocationUtil:0.24333333333333335
EventServiceTest:0.16333333333333333
SpiDataSerializerHook:0.13944444444444445
CallerRunsExecutor:0.09305555555555556
