HashID:0.87
CrlStoreServletTest:0.25
CAInHierarchy:0.1988888888888889
CertFetchAndVerify:0.18333333333333332
CRLCache:0.18333333333333332
HashIDTest:0.14
