PartialPiChargeDescriptor:0.37666666666666665
ProtonAffinityHOSEDescriptor:0.24666666666666667
RDFProtonDescriptor_GHR:0.18666666666666668
PartialSigmaChargeDescriptor:0.18166666666666667
PartialTChargeMMFF94Descriptor:0.17944444444444446
StabilizationPlusChargeDescriptor:0.17
SigmaElectronegativityDescriptor:0.17
RDFProtonDescriptor_G3R:0.15333333333333332
RDFProtonDescriptor_GSR:0.15333333333333332
RDFProtonDescriptor_GHR_topol:0.15333333333333332
RDFProtonDescriptor_GDR:0.15333333333333332
VdWRadiusDescriptor:0.15
PeriodicTablePositionDescriptor:0.11333333333333333
ProtonTotalPartialChargeDescriptor:0.09333333333333334
PiElectronegativityDescriptor:0.07666666666666666
PartialTChargePEOEDescriptor:0.06
