SpringXmlConfigBuilder:0.54
SpringXmlBuilderHelper:0.23666666666666666
SpringXmlBuilder:0.23
TestBeansApplicationContext:0.18333333333333332
