CrawlerHandlerBase:0.7597222222222222
OSUtils:0.7333333333333333
