HelpWidget:0.7327777777777779
AboutWidget:0.5357380952380953
