CssPaintConverter:0.5033333333333333
CssEffectConverter:0.44611111111111107
