Style:0.6466666666666666
Message:0.49333333333333335
ModuleTestBase:0.42
Messages:0.37
BaseAction:0.30333333333333334
PortalStyle:0.23333333333333334
Liferay41Style:0.21333333333333335
JetSpeed2Style:0.21333333333333335
Liferay43Style:0.21333333333333335
WebSpherePortalStyle:0.19666666666666666
FailingMessages:0.12666666666666668
BlogTest:0.0033333333333333335
