Trust:0.5011111111111112
Cert:0.48111111111111104
SSLHelper:0.38333333333333336
KeyStoreHelper:0.37333333333333335
HttpServerOptions:0.33666666666666667
NetServerOptionsConverter:0.3
KeyCertOptions:0.29333333333333333
NetClientImpl:0.25
NetServerImpl:0.25
NetServerOptions:0.22333333333333333
Http2ClientTest:0.21666666666666667
KeyStoreTest:0.19666666666666666
SSLHelperTest:0.16
TestClient:0.11666666666666667
NetClient:0.04
