SdkConfig:0.63
SdkEnvironment:0.42
TestUtil:0.37666666666666665
InstrumentingClassLoaderFactory:0.17333333333333334
