PetResource:0.6966666666666667
StoreData:0.5133333333333333
