RedissonSemaphore:0.5866666666666667
RedissonReactiveClient:0.43333333333333335
RedissonReactive:0.41111111111111115
