Engine:0.6233333333333333
ServerEngine:0.47061111111111115
LayerSet:0.3933333333333333
AbstractServerCockpitConfigurationHandler:0.2866666666666667
CockpitConfigurationHandler:0.2833333333333333
ClientConfigurationParser:0.27
EditBoxTextRenderer:0.25666666666666665
AbstractCockpitWindowManager:0.21333333333333335
ClientCockpitConfigurationHandler:0.18333333333333332
AbstractClientEngine:0.16666666666666666
LibrariesDependencyTest:0.10333333333333333
PluginsDependencyTest:0.09666666666666666
AbstractCockpitConfigurationHandler:0.07333333333333333
ServerCockpitMultiAppli11_Test:0.043333333333333335
ConfigCockpitAction:0.0225
