Wrapper:0.7066666666666667
SaveDatasetAsArffAction:0.4888888888888889
