QueryCmd:0.5766666666666667
BaseDSQueryCmd:0.26
GPPPSQueryCmd:0.19666666666666666
HPQueryCmd:0.1725
GPWLQueryCmd:0.15666666666666668
MWLQueryCmd:0.15083333333333335
