JSONSerializer:0.3333333333333333
ASMDeserializerFactory:0.31
Context:0.24666666666666667
ParserConfig:0.19472222222222224
ClassWriter:0.18333333333333332
Item:0.09666666666666666
Opcodes:0.014285714285714285
