SimpleMonitorService:0.5866666666666667
DubboMonitor:0.3516666666666667
MonitorService:0.2875
MockMonitorService:0.21333333333333335
