ExecutionPlanner:0.5533333333333333
TestQueries:0.35
AbstractSqlBenchmark:0.19333333333333333
