BaseSetup:0.5733333333333334
JMXConnectionWrapper:0.41333333333333333
GenericProcessLauncher:0.30666666666666664
JPPFTestRunner:0.25833333333333336
JMXMPServer:0.15
AbstractSetupOfflineNode:0.12333333333333334
AbstractNonStandardSetup:0.12333333333333334
TestJMXConnectionWrapper:0.1
