LwjglGraphics:0.45
World:0.32
ComparableTimSort:0.27
Lwjgl3Application:0.21833333333333332
btBroadphasePairArray:0.2127777777777778
LwjglCursor:0.1277222222222222
