DataLoaderService:0.5133333333333333
DataLoaderServiceTest:0.36333333333333334
PullService:0.22666666666666666
PushService:0.22333333333333333
PurgeService:0.15666666666666668
