TupleInfo:0.5333333333333333
BlockAssertions:0.41333333333333333
UncompressedLongBlockCursor:0.29333333333333333
Builder:0.29333333333333333
UncompressedDoubleBlockCursor:0.29333333333333333
Tuples:0.2633333333333333
Dictionary:0.26
TestTupleInfo:0.23666666666666666
UncompressedSliceBlockCursor:0.22
BlockCursorAssertions:0.17666666666666667
DictionaryEncodedBlockCursor:0.17
UncompressedBlock:0.155
BlockIterableBuilder:0.14333333333333334
TestCsv:0.13666666666666666
