SymmetricWebServer:0.6666666666666666
AbstractJdbcDdlReader:0.36
TestSetupUtil:0.31
TransformWriter:0.24666666666666667
AbstractIntegrationTest:0.06
SimpleIntegrationTest:0.020833333333333332
