ToolBar:0.6566666666666666
TabPanel:0.5505555555555556
Main:0.24666666666666667
