User:0.7566666666666667
OutgoingSessionNegotiation:0.30333333333333334
OutgoingProjectNegotiation:0.2833333333333333
SarosSessionManager:0.24333333333333335
IncomingProjectNegotiation:0.22
OutgoingInvitationJob:0.16666666666666666
OutgoingProjectJob:0.09666666666666666
