ApplicationEntityManagerImpl:0.48
BusinessEntityManagerImpl:0.35
WebserviceBean:0.3333333333333333
KuwaibaService:0.24666666666666667
WebserviceBeanImpl:0.18
SelectContainerEndpointsStep:0.14666666666666667
SelectLinkEndpointsStep:0.14666666666666667
