CachedExecutorServiceDelegate:0.5625
AbstractHandler:0.3433333333333333
CloseTask:0.22555555555555556
PacketDispatcher:0.22555555555555556
