IMap:0.5561111111111111
MProxyImpl:0.43666666666666665
ReplicatedMap:0.26666666666666666
MapClientProxy:0.22
