SarosState:0.8221031746031746
STFTest:0.5833333333333334
SarosStateImp:0.3616666666666667
