Project:0.52
ThreadQueue:0.4166666666666667
WorkerThread:0.335
Main:0.24
BuildQueue:0.21333333333333335
BuildQueueTest:0.17666666666666667
ProjectWrapper:0.07611111111111112
IdleThreadQueueClient:0.06166666666666667
TdTimer:0.041666666666666664
ThreadQueueProperties:0.02666666666666667
ThreadQueueTest:0.016666666666666666
ServerXMLHelper:0.0
