CacheEventContext:0.5533333333333333
AbstractCacheRecordStore:0.4066666666666667
CacheRemoveAllOperation:0.3333333333333333
BasicCacheTest:0.12333333333333334
CacheEventContextUtil:0.08333333333333333
