QedeqNumbers:0.7333333333333333
QedeqNotNullTraverser:0.42333333333333334
KernelNodeBo:0.2833333333333333
ControlVisitor:0.23333333333333334
ModuleLabels:0.2261111111111111
Qedeq2Utf8:0.21
Qedeq2Latex:0.21
ModuleLabelsCreator:0.19
LatexList2Text:0.05
