SuspendableClassifier:0.7133333333333334
ClassEntry:0.4633333333333333
CheckInstrumentationVisitor:0.32666666666666666
InstrumentClass:0.31666666666666665
JavaAgent:0.26666666666666666
Transformer:0.22444444444444447
SuspendableClassifierService:0.19666666666666666
Retransform:0.19026984126984126
