RepeatOperationsInterceptor:0.38
SimpleRepeatTemplateTests:0.36666666666666664
CompositeRetryPolicy:0.24633333333333335
RepeatOperationsInterceptorTests:0.20666666666666667
AsynchronousRepeatTests:0.19
CompositeRetryPolicyTests:0.16333333333333333
RecoveryRetryCallback:0.14666666666666667
