Evaluation:0.5533333333333333
SparkDl4jMultiLayer:0.39
ConfusionMatrix:0.2833333333333333
TestSparkMultiLayer:0.06666666666666667
EvalTest:0.04666666666666667
