MethodDatabase:0.6333333333333333
InstrumentClass:0.30333333333333334
BlockingTest:0.2125
InstrumentationTask:0.21
JavaAgent:0.18222222222222223
CheckInstrumentationVisitor:0.17
Transformer:0.1
WorkListEntry:0.05
