PyInteger:0.48
PyLong:0.45666666666666667
PyComplex:0.37666666666666665
PyFloat:0.30666666666666664
