UnmappedTerms:0.3358333333333333
Bucket:0.30833333333333335
InternalMappedTerms:0.23333333333333334
LongTerms:0.19555555555555554
DoubleTerms:0.19555555555555554
StringTerms:0.1922222222222222
InternalTerms:0.16333333333333333
OrdBucket:0.08333333333333333
