ViewUtil:0.44333333333333336
VariableDefinition:0.37333333333333335
FormatCommons:0.2966666666666667
AbstractIteratorOperation:0.2833333333333333
WfVariable:0.28
FormulaActionHandler:0.205
FreemarkerConfiguration:0.18166666666666667
AjaxFreemarkerTag:0.17
MultiProcessState:0.16666666666666666
DocxUtils:0.16666666666666666
ColumnExpansionOperation:0.16
ActorsMultiSelectTag:0.15333333333333332
ListSubstitutionCriteriasFormTag:0.15333333333333332
FormSubmissionUtils:0.14
AjaxGroupMembersTag:0.13666666666666666
DocxFileChangerPre406:0.11666666666666667
TextReportGenerator:0.11166666666666666
LegacyActorsMultiSelectTag:0.11
MSWordReportBuilder:0.10666666666666667
ProcessVariablesRowBuilder:0.10333333333333333
DisplayVariableTag:0.09
ExcelSaveHandler:0.08666666666666667
ExcelReadHandler:0.08666666666666667
InputVariableTag:0.07333333333333333
EditLinkedListsTag:0.06333333333333334
WebUtils:0.06
DisplayLinkedListsTag:0.05333333333333334
DisplayLinkedMapsTag:0.024166666666666666
