GeoLocation:0.7466666666666667
GeoModel:0.3466666666666667
GeoService:0.33666666666666667
