NetworkTableModel:0.5866666666666667
NetworkHostsListener:0.44666666666666666
