PrincipalBrief:0.36
TeamingServiceEndpoint:0.35
BaseService:0.29
TeamBrief:0.24666666666666667
BinderService:0.23666666666666666
SearchServiceImpl:0.16666666666666666
Timestamp:0.16333333333333333
BinderServiceImpl:0.12
TeamingServiceClientWithCall:0.11
