ApacheResponse:0.43666666666666665
JDKResponse:0.43666666666666665
EmptyBodyTest:0.38333333333333336
