JobTrackerConfig:0.45
AbstractJob:0.3466666666666667
JobTrackerConfigReadOnly:0.29333333333333333
NodeJobTracker:0.24
