FXNode:0.54
FXGraphZoomHandler:0.30666666666666664
FXGraphMouseHandler:0.2857301587301588
