EmailUtils:0.6433333333333333
ScriptingVariableProvider:0.5766666666666667
EmailTaskHandler:0.26
EmailTaskNotifier:0.19
SendEmailActionHandler:0.17333333333333334
