PartsSize:0.5205555555555557
ComputeRepartition:0.3344444444444445
ComputeSpecifities:0.29087301587301584
