Timeslots:0.65
LayoutManager:0.3233333333333333
Listener:0.27944444444444444
LuceneSearch:0.26
CloneTimeslotAction:0.21666666666666667
RestartTimingAction:0.16
DeleteTimeslotAction:0.13
