ElasticsearchIntegrationTest:0.6466666666666666
RiverTests:0.33166666666666667
TTLPercolatorTests:0.26666666666666666
