Generator:0.7666666666666667
Parser:0.41333333333333333
