MultiController:0.9027777777777777
WindowMenu:0.6866666666666666
