ExecutionService:0.5691666666666667
FieldDescriptor:0.3566666666666667
ClassPresentation:0.26666666666666666
WebHelper:0.22166666666666668
ExecutionServiceDelegate:0.21666666666666667
ExecutionServiceBean:0.21
ExecutionLogic:0.19666666666666666
MultiProcessState:0.19333333333333333
DefinitionClassPresentation:0.18666666666666668
ProcessInfoFormTag:0.15
AjaxFreemarkerTag:0.13333333333333333
ProcessDefinitionInfoFormTag:0.12
ProcessClassPresentation:0.12
TaskClassPresentation:0.12
ProcessRowBuilder:0.11
ProcessDefinitionDescriptionFormTag:0.10333333333333333
HtmlFilterTag:0.09
ConvertMapKeysToListActionHandler:0.08333333333333333
SystemLogClassPresentation:0.08333333333333333
GroupClassPresentation:0.08333333333333333
RelationClassPresentation:0.08333333333333333
VariableDownloaderAction:0.08333333333333333
ActorClassPresentation:0.08333333333333333
AjaxFreemarkerTagServlet:0.08333333333333333
ConvertMapValuesToListActionHandler:0.08333333333333333
ExecutorClassPresentation:0.08333333333333333
RelationPairClassPresentation:0.08333333333333333
StrutsWebHelper:0.08
FormHashModel:0.06333333333333334
