LogBufferDescriptor:0.5766666666666667
LogAppenderTest:0.3933333333333333
PublicationTest:0.32666666666666666
LogReaderTest:0.31333333333333335
LogRebuilderTest:0.31333333333333335
