ValidatorContainer:0.54
CRSValidator:0.44666666666666666
DatumValidator:0.31666666666666665
ParameterValidator:0.30666666666666664
CSValidator:0.30333333333333334
Validator:0.2733333333333333
ReferencingValidator:0.21333333333333335
Validators:0.12666666666666668
OperationValidator:0.07333333333333333
ExtentValidator:0.05
ValidatorContainerTest:0.045
MetadataValidator:0.0033333333333333335
CitationValidator:0.0025
