Iterator:0.44666666666666666
TreeSet:0.38666666666666666
Stream:0.38
List:0.3327777777777778
Array:0.22
Vector:0.22
Sieve:0.13333333333333333
