ParentQuery:0.5683333333333334
ChildrenQuery:0.5683333333333334
SimpleChildQuerySearchTests:0.14333333333333334
