Simulator:0.5333333333333333
Options:0.36666666666666664
Exploration:0.30333333333333334
ExplorationDialogAction:0.26222222222222225
ExplorationDialog:0.20333333333333334
DocumentedSelection:0.18333333333333332
LTSJGraph:0.17333333333333334
ResultSelection:0.13
DefaultExplorationValidator:0.11
DefaultExplorationAction:0.043333333333333335
