HTMLElement:0.7566666666666667
HTMLElementTest:0.4866666666666667
HTMLDocumentTest:0.44333333333333336
