Builder:0.5733333333333334
WalletOrBuilder:0.5296666666666667
Transaction:0.44
TransactionConfidence:0.41333333333333333
WalletTest:0.37333333333333335
Wallet:0.26666666666666666
WalletProtobufSerializer:0.25222222222222224
NopTransactionSigner:0.15055555555555555
TransactionSigner:0.04722222222222223
