JTreeTable:0.43333333333333335
ApplicationEditor:0.43333333333333335
LogArea:0.21777777777777782
AddPRAction:0.21444444444444447
