Transcript:0.49666666666666665
AnnotationEditor:0.4666666666666667
SelectionSet:0.3433333333333333
DrawableAnnotatedSeqFeature:0.25333333333333335
TranslationViewer:0.25333333333333335
