Table:0.30333333333333334
SynthModelVisitor:0.26666666666666666
LineArcRenderer:0.25666666666666665
UIComponentsFactory:0.24666666666666667
SynthLookGenerator:0.23
SymbolCircleRenderer:0.23
WidgetsGenerator:0.23
SymbolRunwayRenderer:0.22666666666666666
SymbolOvalRenderer:0.21333333333333335
SymbolRectangleRenderer:0.20333333333333334
Enumerate:0.19777777777777777
DependenciesHandler:0.18666666666666668
DrawLineToCursorRenderer:0.11333333333333333
SynthConverterAction:0.10666666666666667
