SVNLabelIncrementer:0.9133333333333333
SVNLabelIncrementerTest:0.06333333333333334
