HazelcastClientInstanceImpl:0.45666666666666667
ClientConnectionManagerImpl:0.29333333333333333
ResponseThread:0.26888888888888884
ClientMembershipListener:0.24333333333333335
ClientInvocationServiceSupport:0.23
ClusterListenerSupport:0.22
HeartBeat:0.21666666666666667
CleanResourcesTask:0.20966666666666667
InitConnectionTask:0.1811111111111111
