SearchDialog:0.21333333333333335
ConfirmDeletionSpooledFiles:0.17
FilterDialog:0.15666666666666668
BindingDirectoryEntryDetailDialog:0.14
SignOnDialog:0.14
MessageDescriptionDetailDialog:0.14
FieldFormatDetailDialog:0.10666666666666667
