GoodsManager:0.6666666666666666
LifeSupport:0.3333333333333333
Research:0.2866666666666667
CollectIce:0.26905555555555555
CollectRegolith:0.26905555555555555
ResourceProcessing:0.2623888888888889
Manufacture:0.235
GroundVehicleMaintenance:0.17444444444444446
MedicalCare:0.17305555555555557
