EMPIAdapterFactory:0.4997222222222222
PIXRequestHandler:0.42333333333333334
PDSRequestHandler:0.2711111111111111
