EncryptedPassword:0.5833333333333334
EncryptedPasswordTest:0.24333333333333335
