MethodDescription:0.4894444444444444
MethodMatchers:0.4766666666666667
Appender:0.25333333333333335
VisibilityMethodMatcher:0.23
AnnotationMethodMatcher:0.23
Latent:0.20583333333333334
DeclaringTypeMethodMatcher:0.18
DefaultMethodCallTest:0.10333333333333333
DeclaringSubTypeMethodMatcher:0.06166666666666667
AbstractInstrumentationTest:0.03666666666666667
