ShardDao:0.7533333333333333
ShardManager:0.6663888888888889
DatabaseShardManager:0.4033333333333333
StorageModule:0.2733333333333333
TestingNodeManager:0.22
TestDatabaseShardManager:0.19333333333333333
