FactoryIdHelper:0.3466666666666667
WanReplicationEvent:0.24
MapReplicationRemove:0.23666666666666666
MapReplicationUpdate:0.23666666666666666
