ExampleMetadata:0.5
ExampleHandleResolver:0.2833333333333333
ExampleSplitManager:0.21666666666666667
