RefreshListenersTests:0.7983333333333333
RefreshListeners:0.5266666666666666
