PersonRecognition:0.38
DATDictionary:0.2966666666666667
ToAnalysis:0.2806666666666667
TermNatures:0.27466666666666667
TermUtil:0.264
NatureRecognition:0.20333333333333334
NlpAnalysis:0.19666666666666666
MyStaticValue:0.18333333333333332
IndexAnalysis:0.18166666666666667
DicAnalysis:0.17722222222222223
NumRecognition:0.17400000000000002
PersonRecognitionTest:0.08333333333333333
NumRecognitionTest:0.04666666666666667
