Utils:0.35333333333333333
JarCreator:0.30333333333333334
JarUtils:0.2966666666666667
JettyWarDeployer:0.29333333333333333
JasperUtils:0.27666666666666667
TomcatWarDeployer:0.21666666666666667
