DynamicSqlSourceTest:0.6066666666666667
Bean:0.48
ContextMap:0.20333333333333334
BindingTokenParser:0.15
