EditorWidgetTableConstructor:0.49
WidgetListener:0.4866666666666667
PropertyPanelFactory:0.45166666666666666
