GraphToTikz:0.8266666666666667
Style:0.46
TikzStylesExtractor:0.33666666666666667
