SpanFirstQueryBuilder:0.4083333333333333
SpanNotQueryBuilder:0.39
SpanContainingQueryBuilder:0.37666666666666665
SpanWithinQueryBuilder:0.37666666666666665
SpanMultiTermQueryBuilder:0.3566666666666667
SpanNearQueryBuilder:0.35333333333333333
SpanOrQueryBuilder:0.3233333333333333
SpanNotQueryBuilderTest:0.13666666666666666
SpanFirstQueryParser:0.11333333333333333
SpanWithinQueryBuilderTest:0.11
SpanContainingQueryBuilderTest:0.11
SpanFirstQueryBuilderTest:0.11
SpanNearQueryBuilderTest:0.10333333333333333
SpanOrQueryBuilderTest:0.10333333333333333
SpanMultiTermQueryBuilderTest:0.09666666666666666
