PlannerTest:0.3
Planner:0.25333333333333335
Context:0.23
FetchOperationIntegrationTest:0.21666666666666667
TransportExecutorTest:0.21666666666666667
PartitionedTableIntegrationTest:0.21
TransportBaseSQLAction:0.2
DDLStatementDispatcher:0.17333333333333334
DDLTask:0.1688888888888889
