WebSocket:0.6700555555555555
WebSocketImpl:0.37
WebSocketServer:0.2733333333333333
ChatServer:0.25666666666666665
Draft_6455:0.24666666666666667
WebSocketClient:0.24666666666666667
DefaultExtension:0.19
