TopologyManager:0.6166666666666667
TopologyEvent:0.4866666666666667
NodeRefreshHandler:0.1761111111111111
JVMHealthRefreshHandler:0.14344444444444446
