RestTestSuiteParseContext:0.5466666666666666
RestTestExecutionContext:0.3358333333333333
RestTestParserTests:0.23
DoSectionParserTests:0.19666666666666666
AssertionParsersTests:0.17333333333333334
RestClient:0.16666666666666666
ElasticsearchRestTests:0.16333333333333333
SkipSectionParserTests:0.16
RestTestSuiteParser:0.15666666666666668
TestSectionParserTests:0.15666666666666668
SetSectionParserTests:0.14
SetupSectionParserTests:0.13
ReproduceInfoPrinter:0.12
MavenMessageBuilder:0.11666666666666667
SetupSectionParser:0.016666666666666666
