DynamicsJNI:0.6877777777777778
VehicleTest:0.39888888888888885
