NativeFunctionToStringFunction:0.53
HtmlPageTest:0.48
JavaScriptEngine:0.38
NativeArrayTest:0.22666666666666666
NativeFunctionTest:0.15333333333333332
FunctionWrapper:0.13
