Tables:0.6666666666666666
Sys:0.43333333333333335
OracleDatabase:0.39
SysFactory:0.27666666666666667
