UrlSet:0.5366666666666666
PackageBasedActionConfigBuilder:0.39
FileProtocolNormalizer:0.3367103174603174
JSPLoader:0.19694444444444445
