InsnNode:0.6166666666666667
BlockUtils:0.49666666666666665
RegionMaker:0.31333333333333335
BlockMakerVisitor:0.25733333333333336
IfMakerHelper:0.25
