CodeBean:0.47333333333333333
InstanceBean:0.41333333333333333
StudyBean:0.27166666666666667
SeriesBean:0.21666666666666667
MPPSBean:0.16666666666666666
MPPSManagerBean:0.09333333333333334
