ServerDescription:0.5166666666666667
ClusterDescription:0.46
PrimaryServerSelector:0.2866666666666667
Builder:0.20333333333333334
DefaultMultiServerCluster:0.17666666666666667
DefaultSingleServerCluster:0.14666666666666667
IsMasterServerStateNotifier:0.14333333333333334
ReadPreferenceTest:0.13666666666666666
ServerDescriptionTest:0.13333333333333333
MonotonicSession:0.10666666666666667
ReadPreferenceServerSelector:0.10666666666666667
ClusterSession:0.10333333333333333
AsyncClusterSession:0.10333333333333333
DefaultSingleServerClusterTest:0.10333333333333333
ServerAddressSelectorTest:0.08333333333333333
ClusterDescriptionTest:0.050833333333333335
PrimaryServerSelectorTest:0.04
ReadPreferenceServerSelectorTest:0.03
