PosPanel:0.47
MachineCreator:0.24333333333333335
DocTypePrintFormatStep:0.23666666666666666
PrintFormatStep:0.23444444444444448
ColumnsStep:0.23444444444444448
SalesPolicyRequest:0.23138888888888887
PosModel:0.19111111111111112
POSWizardLauncher:0.1888888888888889
OptionsStep:0.11333333333333333
AcceptSales:0.03333333333333333
