DefinitionService:0.6733333333333333
ProcessDefinition:0.5
WFCommonLogic:0.255
SubprocessDefinition:0.24666666666666667
DefinitionServiceDelegate:0.18
DefinitionServiceBean:0.15
DelegateDefinitionVariableProvider:0.13333333333333333
GEFImageHelper:0.13
IFileDataProvider:0.11533333333333334
UpdateProcessVariableAction:0.10333333333333333
GetComponentInputServlet:0.10333333333333333
ProcessDefinitionGraphImageAction:0.10333333333333333
DefinitionLogic:0.04
DefinitionServiceRemoteWS:0.0
