ActionExecutor:0.5246666666666667
ActionState:0.44416666666666665
XmlFlowBuilder:0.38333333333333336
GuardedAction:0.22666666666666666
