TypeDescription:0.83
AbstractBase:0.45666666666666667
ForAnnotationValue:0.36666666666666664
DefaultExceptionDeclarableMethodInterception:0.25333333333333335
AbstractTypeDescription:0.24333333333333335
