MultiLayerNetwork:0.5238888888888888
WordVectorSerializer:0.38666666666666666
BasicModelUtils:0.365
