MaterialViewPagerAnimator:0.51
RecyclerViewFragment:0.31
MaterialViewPagerHelper:0.30333333333333334
Utils:0.21
ScrollFragment:0.1877777777777778
MainActivity:0.14666666666666667
