HttpBase:0.5766666666666667
JoddHttp:0.38139682539682546
HttpRequestTest:0.25333333333333335
