AbstractTestQueries:0.6194444444444445
TestLogicalPlanner:0.36333333333333334
