EquipmentUIProxy:0.5133333333333333
MainDesktopPane:0.41333333333333333
EquipmentTableModel:0.35333333333333333
InventoryTabPanel:0.17666666666666667
UIProxyManager:0.14
EquipmentWindow:0.09877777777777777
