Segment:0.36666666666666664
RobinEngineTests:0.33666666666666667
TrackingConcurrentMergeScheduler:0.27666666666666667
TrackingSerialMergeScheduler:0.22
IndicesSegmentResponse:0.13666666666666666
MergeSchedulerProvider:0.10888888888888888
Listener:0.07216666666666667
CustomConcurrentMergeScheduler:0.06111111111111111
ConcurrentMergeSchedulerProvider:0.04777777777777777
SerialMergeSchedulerProvider:0.04777777777777777
CustomSerialMergeScheduler:0.03333333333333333
Fields:0.0
