MessageStream:0.51
PubAndSubTest:0.37333333333333335
MultiDriverTest:0.25333333333333335
PongTest:0.15
