ESLogger:0.77
Loggers:0.33666666666666667
ESLoggerFactory:0.33666666666666667
