Context:0.45
DriverConductor:0.3566666666666667
EventConfiguration:0.35333333333333333
MediaDriver:0.23444444444444448
DriverConductorTest:0.2275
