ActivityStreamUIEntry:0.5133333333333333
ActivityStreamTopEntry:0.41333333333333333
ActivityStreamComment:0.38166666666666665
