DNABindingPlugin:0.5033333333333333
ToxTreeApp:0.4533333333333333
DNABindingTreeResult:0.27
RuleDNAbindingAlerts:0.15666666666666668
VerifyAlertsDNAbinding:0.15333333333333332
