Redisson:0.58
RedissonSortedSetTest:0.38
RedissonAtomicLong:0.25666666666666665
BaseTest:0.12666666666666668
