TransportSQLActionTest:0.5666666666666667
TransportExecutorTest:0.5233333333333333
TransportExecutor:0.36333333333333334
Visitor:0.2866666666666667
ESUpdateByIdTask:0.16599999999999998
