MockRequestContext:0.4766666666666667
RequestContext:0.25666666666666665
XmlFlowRegistry:0.22
LocalBeanInvokingAction:0.21966666666666668
