Connection:0.7733333333333333
DefaultConnection:0.3
IsMasterServerStateNotifier:0.2733333333333333
AuthenticatingConnection:0.23666666666666666
PooledConnection:0.22333333333333333
ConnectingServerConnection:0.1668888888888889
DefaultConnectionProvider:0.13
DefaultServerConnection:0.12333333333333334
DelayedCloseConnection:0.12
TestConnectionFactory:0.09666666666666666
