MatrixUtil:0.85
ConvolutionalDBN:0.3911111111111111
MatrixUtilTests:0.10333333333333333
