AtmosphereServlet:0.4266666666666667
DefaultBroadcaster:0.42333333333333334
Filter:0.3933333333333333
BroadcasterConfig:0.26666666666666666
DefaultBroadcasterFactory:0.25666666666666665
AtmosphereFilter:0.10333333333333333
GuiceManagedAtmosphereServlet:0.006666666666666667
