TestJPPFDriverAdminMBean:0.3
TestJPPFJobSLA2:0.24666666666666667
TestFileDataLocation:0.21800000000000003
AbstractTestJPPFNodeForwardingMBean:0.20666666666666667
TestJPPFTask:0.19666666666666666
TestJPPFNodeTaskMonitorMBean:0.19
TestJPPFNodeAdminMBean:0.18333333333333332
TestDriverJobManagementMBean:0.17
TestJPPFJobSLA:0.16666666666666666
