CommonUtil:0.66
AriaManager:0.37
SqlHelper:0.2833333333333333
BaseConfig:0.2733333333333333
ConnectionHelp:0.12
SSLContextUtil:0.06916666666666665
