GenbankAdapter:0.49222222222222217
GenbankValidator:0.36666666666666664
XrefUtil:0.26
