TranslationI:0.7705555555555555
FeatureSetI:0.40444444444444444
BaseMouseListener:0.39
