IntegerFieldMapper:0.2633333333333333
TokenCountFieldMapper:0.2633333333333333
ShortFieldMapper:0.25666666666666665
ByteFieldMapper:0.25666666666666665
FloatFieldMapper:0.25666666666666665
DoubleFieldMapper:0.25666666666666665
LongFieldMapper:0.24666666666666667
TimestampFieldMapper:0.24
AbstractFieldMapper:0.23694444444444443
DateFieldMapper:0.225
TTLFieldMapper:0.22466666666666663
StringFieldMapper:0.19666666666666666
SizeFieldMapper:0.1928333333333333
BooleanFieldMapper:0.19
IpFieldMapper:0.19
