ShapeBuilder:0.5766666666666667
StreamOutput:0.33
StreamInput:0.30333333333333334
ShapeBuilderTests:0.27
GeoShapeIntegrationIT:0.22333333333333333
GeoShapeQueryBuilderTests:0.19333333333333333
QueryDSLDocumentationTests:0.19333333333333333
GeoFilterIT:0.18333333333333332
ExternalMapper:0.18116666666666667
ClusterStatsIT:0.10333333333333333
ExternalValuesMapperIntegrationIT:0.09666666666666666
