HTMLListElement:0.6116666666666667
HTMLOListElement:0.08666666666666667
HTMLUListElement:0.08666666666666667
