PrioritizedExecutorsTests:0.5877777777777777
PriorityTests:0.4669444444444444
