ExecutorDAO:0.8433333333333334
ExecutorDAOProxy:0.30333333333333334
LDAPImporter:0.28444444444444444
ExecutorLogic:0.23666666666666666
CommonLogic:0.22666666666666666
ExecutorDAOHibernateImpl:0.19333333333333333
ChooseGroupTag:0.013333333333333334
