ConcurrentDocumentManager:0.6833333333333333
ActivitySequencer:0.37666666666666665
