ProfileModule:0.6133888888888889
Group:0.5966666666666667
User:0.5333333333333333
MapInputData:0.3144444444444444
AjaxController:0.28
AbstractBinderProcessor:0.19666666666666666
DefaultProfileCoreProcessor:0.18333333333333332
ProfileModuleImpl:0.18
EditController:0.16
