Builder:0.5766666666666667
DefaultZooKeeperClient:0.3433333333333333
ZooKeeperMasterModel:0.28
ServiceParser:0.21666666666666667
TemporaryPorts:0.18666666666666668
ZooKeeperTestingServerManager:0.18666666666666668
Hash:0.1622222222222222
Polling:0.13666666666666666
HostInfoReporter:0.13666666666666666
ZooKeeperAclInitializer:0.11333333333333333
