PositionableStream:0.79
ARCReader:0.37666666666666665
RandomAccessInputStream:0.23333333333333334
MappedByteBufferInputStream:0.18333333333333332
GzipHeader:0.18
CompressedARCReader:0.13333333333333333
UncompressedARCReader:0.12666666666666668
GzippedInputStream:0.04666666666666667
