AbstractDbDialect:0.5733333333333334
MsSqlDbDialect:0.46
MySqlDbDialect:0.27666666666666667
SqlTemplate:0.25333333333333335
