ProxettaAsmUtil:0.36
ProxettaMethodBuilder:0.3333333333333333
ProxyTarget:0.3333333333333333
IntArgHistoryMethodAdapter:0.26
ProxyTargetReplacement:0.22
