Groove:0.57
Simulator:0.4633333333333333
Options:0.42
StatePanel:0.30333333333333334
TypePanel:0.27
DefaultFileSystemStore:0.21666666666666667
SaveAction:0.1877777777777778
StateJGraph:0.18
EditGraphAction:0.16666666666666666
TypeNameField:0.16333333333333333
RelabelAction:0.16
RenameRuleAction:0.16
NewGraphAction:0.15333333333333332
NewRuleAction:0.15333333333333332
DeleteRuleAction:0.15333333333333332
DisableAction:0.13333333333333333
NewAction:0.13333333333333333
DeleteGraphAction:0.13333333333333333
CopyRuleAction:0.12333333333333334
EditRuleAction:0.12333333333333334
ControlNameField:0.11333333333333333
RenameTypeEdit:0.10666666666666667
DeleteAction:0.10666666666666667
DeleteControlEdit:0.09333333333333334
CopyGraphAction:0.08666666666666667
RenameGraphAction:0.08666666666666667
DeleteTypeEdit:0.08333333333333333
EditAction:0.07666666666666666
RenameAction:0.043333333333333335
CopyAction:0.043333333333333335
