Upsampling2D:0.5683333333333334
BackPropMLPTest:0.36666666666666664
RBM:0.31
