View:0.5833333333333334
MetaAction:0.4766666666666667
MetaController:0.4533333333333333
Tab:0.44
Module:0.43666666666666665
MetaControllers:0.4266666666666667
Result:0.4
ModuleManager:0.3433333333333333
SellerTest:0.28
SaveElementInCollectionAction:0.25
InvoiceNestedSectionsTest:0.24333333333333335
SellerWithCustomersAsAggregateTest:0.23666666666666666
ModuleTestBase:0.23666666666666666
Invoice2Test:0.22
DeliveryTest:0.21833333333333332
CustomerWithSectionTest:0.21666666666666667
CollectionElementViewBaseAction:0.21
CustomerTest:0.20333333333333334
AJAXTest:0.20333333333333334
ProgrammerTest:0.19666666666666666
ViewBaseAction:0.19333333333333333
OnlyReadDetailsInvoiceTest:0.18333333333333332
ControllersParser:0.18
AddElementsToCollectionAction:0.17666666666666667
InvoiceTest:0.17
OnlyEditDetailsInvoiceTest:0.16666666666666666
NavigationFromReferenceBaseAction:0.16666666666666666
ToDoListTest:0.16666666666666666
FormulaTest:0.165
LoadImageAction:0.16
GoAddElementsToCollectionAction:0.16
ChooseReferenceAction:0.15333333333333332
FamilyProductsReportAction:0.15333333333333332
InvoiceCustomerAsAggregateTest:0.15
ServiceTest:0.15
CancelAction:0.15
QuarterTest:0.14666666666666667
LoadImageIntoGalleryAction:0.14666666666666667
InvoiceNoListTest:0.14666666666666667
SellerCannotCreateCustomerTest:0.14666666666666667
ChangeImageAction:0.14666666666666667
BaseAction:0.14333333333333334
BlogTest:0.14
UpdateReferenceBaseAction:0.14
GoFamilyProductsReportAction:0.11
ReferenceSearchAction:0.09
GoAddFullAddressAction:0.08666666666666667
AddFullAddressAction:0.08333333333333333
RemoveElementFromCollectionAction:0.08333333333333333
OrderTest:0.07333333333333333
AddImageToGalleryAction:0.07
Classes:0.05
CancelFromCustomListAction:0.049166666666666664
OnChangeVoidAction:0.0353968253968254
HideDetailElementInCollectionWithMessageAction:0.03
HideDetailElementInCollectionAction:0.03
EditElementInCollectionAction:0.013333333333333334
CreateNewElementInCollectionAction:0.01
CancelDialogAction:0.0033333333333333335
ViewElementInCollectionAction:0.0
XmlElementsNames:0.0
