SubgraphImpl:0.47
AbstractEntityGraphVisitationStrategy:0.46
QueryHintEntityGraphTest:0.30333333333333334
EntityGraphQueryHint:0.16333333333333333
