MultiLayerNetwork:0.5833333333333334
BaseOutputLayer:0.4033333333333333
MultiLayerTest:0.14333333333333334
