FlowVariable:0.6833333333333333
FlowVariableCreatingAction:0.48333333333333334
