MetaProperty:0.45666666666666667
MetaValidatorFor:0.3233333333333333
CustomersWithSectionTest:0.29
MetaValidators:0.25
ValidatorsParser:0.24
PersonNameValidator:0.0
