CoreGL:0.6730555555555554
GL:0.5597222222222221
