TransportService:0.86
MockTransportService:0.76
AbstractSimpleTransportTestCase:0.17833333333333334
SimpleNioTransportTests:0.11333333333333333
SimpleNetty4TransportTests:0.11333333333333333
MockTcpTransportTests:0.07166666666666667
