LeakCanary:0.33
DisplayLeakService:0.3144444444444444
LeakDirectoryProvider:0.254
LeakCanaryInternals:0.21333333333333335
AndroidHeapDumper:0.2125
DefaultLeakDirectoryProvider:0.12666666666666668
