ParentRunner:0.5733333333333334
BlockJUnit4ClassRunner:0.37333333333333335
MaxStarterTest:0.32
ExampleTestWithClassRule:0.29333333333333333
ExternalResource:0.16666666666666666
ClassRulesTest:0.13666666666666666
Counter:0.023333333333333334
