LightBox:0.65
PageContainer:0.5833333333333334
Tedweb:0.24333333333333335
