EventBus:0.6566666666666666
BackgroundPoster:0.2277777777777778
Builder:0.20333333333333334
AsyncExecutor:0.2
ExceptionToResourceMapping:0.19666666666666666
EventBusBuilder:0.18
HandlerPoster:0.15333333333333332
