ServiceData:0.6333333333333333
RegisteredServiceProxyPolicyBean:0.5036666666666667
RegisteredServiceViewBean:0.2633333333333333
RegisteredServiceEditBean:0.23666666666666666
