BlobIntegrationTest:0.6166666666666667
BlobHttpIntegrationTest:0.38666666666666666
BlobSslEnabledITest:0.29333333333333333
