ConvertedConstantBinding:0.4574444444444444
StaticInjection:0.37666666666666665
ConvertedConstantBindingImpl:0.2866666666666667
SpiBindingsTest:0.24333333333333335
InjectionRequestProcessor:0.21333333333333335
StaticInjectionRequest:0.13
InjectionRequest:0.12666666666666668
