TreeBuilder:0.4866666666666667
TreeTag:0.39666666666666667
ViewController:0.21666666666666667
WsTreeBuilder:0.12
WorkspaceTreeController:0.11666666666666667
EditController:0.10333333333333333
TreeHelper:0.08333333333333333
FolderTreeHelper:0.08333333333333333
WSTreeHelper:0.08333333333333333
