JobExecution:0.8133333333333334
AbstractJobDaoTests:0.2866666666666667
JdbcJobExecutionDao:0.25
AbstractJobExecutionDaoTests:0.22
JobExecutionRowMapper:0.14011111111111105
MapJobExecutionDao:0.13666666666666666
