TestLexerExec:0.44
LexerATNConfig:0.36333333333333334
ATN:0.35
TestToolSyntaxErrors:0.27666666666666667
BasicSemanticChecks:0.25333333333333335
LexerATNFactory:0.24
TestATNSerialization:0.22666666666666666
DFAState:0.22055555555555553
LexerATNSimulator:0.21333333333333335
ATNDeserializer:0.21
ATNSerializer:0.18
