Tutorial:0.5533333333333333
SearchDialog:0.43666666666666665
SelectionWindow:0.4266666666666667
MainWindow:0.38333333333333336
TutorialsRemote:0.21
SelectionWindowSingleton:0.013333333333333334
MainWindowSingleton:0.013333333333333334
TutorialStep:0.0
