CoreJUnit5TestEngineTests:0.3233333333333333
ExceptionHandlingTests:0.2866666666666667
StandardTestClassTests:0.26
AbstractJUnit5TestEngineTests:0.21
DisabledTests:0.19666666666666666
ParameterResolverTests:0.14333333333333334
InstancePostProcessorTests:0.13333333333333333
ClassLevelCallbackTests:0.13333333333333333
MethodLevelCallbackTests:0.13333333333333333
NestedTestClassesTests:0.13333333333333333
