Model:0.4066666666666667
TreeNode:0.38333333333333336
TreeView:0.36
Content:0.2875
DescendantsWithFams:0.23611111111111113
Parser:0.20444444444444446
ContentRenderer:0.18666666666666668
TreeMetrics:0.15333333333333332
TreeViewSettings:0.15
AncestorsWithFams:0.09333333333333334
