HiveClientConfig:0.518888888888889
AuthenticationModules:0.30333333333333334
CachingKerberosHadoopAuthentication:0.3
HiveWriteUtils:0.25666666666666665
TestHiveClientConfig:0.19
