LocalCertificateStoreSessionBean:0.5558333333333333
CAAdminSessionBean:0.49666666666666665
HardTokenPropertyEntityBean:0.31333333333333335
CreateCRLSessionBean:0.25333333333333335
