ClientEndpoint:0.7266666666666667
ClusterListenerSupport:0.3
ClientSmartInvocationServiceImpl:0.29333333333333333
AbstractMessageTask:0.25
ClientMembershipListener:0.2327777777777778
AuthenticationRequest:0.21888888888888886
ClientInvocationServiceSupport:0.19
AuthenticationBaseMessageTask:0.17666666666666667
PartitionClientRequest:0.14666666666666667
