ESIntegTestCase:0.6033333333333334
EsExecutors:0.27666666666666667
NamingConventionTests:0.2733333333333333
HttpRequestBuilder:0.23111111111111116
VerifyResponse:0.22333333333333333
ApiCallSection:0.19666666666666666
FieldConfig:0.17333333333333334
