Peer:0.5733333333333334
PeerGroup:0.30333333333333334
PeerTest:0.25333333333333335
NetworkParameters:0.23666666666666666
PeerGroupTest:0.18666666666666668
MemoryPoolTest:0.14333333333333334
EnoughAvailablePeers:0.11333333333333333
