CA:0.6066666666666667
X509CA:0.37333333333333335
RSASignSessionBean:0.2966666666666667
CAAdminSessionBean:0.23166666666666666
CADataBean:0.17
