EnhancerTestUtils:0.5533333333333333
EnhancerTest:0.5233333333333333
DirtyTrackingTestTask:0.28
DecompileUtils:0.2111111111111111
DirtyTrackerTest:0.19
LazyLoadingIntegrationTestTask:0.13138888888888892
