TestPR:0.7616666666666667
TestGate:0.22666666666666666
