PacketHandler:0.53
ExceptionListener:0.3791111111111111
PacketHandlerTest:0.3233333333333333
SocketIOChannelInitializer:0.28955555555555557
ExceptionListenerAdapter:0.17
DefaultExceptionListener:0.13333333333333333
