ComputationGraph:0.6933333333333334
WordVectorSerializer:0.4266666666666667
ParallelWrapper:0.23666666666666666
