Fragment:0.85
DeterministicGenerator:0.43666666666666665
DeterministcGeneratorTest:0.3933333333333333
