EXT_gpu_program_parameters:0.7725
ContextCapabilities:0.5733333333333334
EXTGpuProgramParameters:0.11333333333333333
