SwarmingManager:0.42
GUIActionPerformer:0.39666666666666667
SaveDownloadListJob:0.22
OptionsDialog:0.17666666666666667
SaveDownloadListTimer:0.13194444444444442
OkBtnListener:0.12666666666666668
RescanSharedFilesAction:0.12333333333333334
