SoapMessageDispatcher:0.6666666666666666
SoapMessageDispatcherTest:0.6666666666666666
