ClientWiredStatelessChronicleMap:0.6088888888888888
ClientWiredStatelessChronicleEntrySet:0.22333333333333333
