AndroidApplicationBase:0.5716666666666667
AndroidGraphics:0.44
AndroidApplication:0.3233333333333333
AndroidGraphicsDaydream:0.2277777777777778
AndroidFragmentApplication:0.22666666666666666
AndroidDaydream:0.22666666666666666
AndroidLiveWallpaper:0.21555555555555558
