EditBlogEntriesPlugin:0.7933333333333333
BlojsomConstants:0.25594227994228
