Transforming:0.4633333333333333
Ignoring:0.3433333333333333
LegacyVmDispatcher:0.22166666666666668
Java9CapableVmDispatcher:0.215
ByteBuddyTest:0.20666666666666667
PoolStrategy:0.18833333333333332
