MapQueryEngineImpl:0.5666666666666667
QueryResultUtils:0.28555555555555556
ClientPartitionPredicateTest:0.11
