InfinispanRegionFactory:0.86
InfinispanRegionFactoryTestCase:0.2633333333333333
TransactionalExtraAPITestCase:0.18666666666666668
EntityRegionImpl:0.178
ReadOnlyExtraAPITestCase:0.13666666666666666
CollectionRegionImplTestCase:0.13
EntityRegionImplTestCase:0.13
