ListUtils:0.4633333333333333
Hits:0.3
MapUtils:0.27666666666666667
