Activator:0.5233333333333333
BioObject:0.390984126984127
BiojavaDNASequence:0.38
JsEnvironment:0.26
BiojavaSequenceList:0.24666666666666667
BiojavaSequence:0.18833333333333332
WrapInProxyAdvice:0.016666666666666666
BiojavaRNASequence:0.013333333333333334
BiojavaAASequence:0.013333333333333334
IWrapInProxyAdvice:0.0
