KuwaibaService:0.4280555555555555
ConnectMirrorPort:0.4166666666666667
ObjectFactory:0.39
CommunicationsStub:0.32
Utils:0.31
Constants:0.07333333333333333
