ServerAddress:0.5766666666666667
ReplicaSetStatus:0.34800000000000003
Updater:0.27666666666666667
Node:0.27
DBTCPConnector:0.27
