DayView:0.47333333333333333
DayViewFacade:0.38333333333333336
EnableOneToTenDecorator:0.18333333333333332
PrimeDayDisableDecorator:0.18333333333333332
RangeActivity:0.09
