NoViableAltException:0.4766666666666667
TreeParser:0.28
BaseRecognizer:0.28
Recognizer:0.25
IntTokenStream:0.25
ParserATNSimulator:0.24333333333333335
TestATNInterpreter:0.20666666666666667
RecognitionException:0.20333333333333334
CommonErrorNode:0.19
Lexer:0.16666666666666666
FailedPredicateException:0.15416666666666667
DefaultANTLRErrorStrategy:0.15333333333333332
