DefaultTicketerServiceLayerIntegrationTest:0.36666666666666664
TicketerPluginFactory:0.35
TestTicketerPlugin:0.17666666666666667
