JsonPath:0.39
PathRef:0.35333333333333333
WriteTest:0.22333333333333333
ArrayIndexPathRef:0.21
WriteContext:0.19916666666666666
RootPathRef:0.09111111111111111
ObjectMultiPropertyPathRef:0.09111111111111111
ObjectPropertyPathRef:0.0811111111111111
ToStringMapFunction:0.013055555555555556
