FeatureSetI:0.7333333333333333
SeqFeatureI:0.69
Sequence:0.5233333333333333
DrawableFeatureSet:0.47
FeatureProperty:0.3566666666666667
FeatureSet:0.3466666666666667
GAMEAdapter:0.25
SeqFeature:0.23333333333333334
DrawableSeqFeature:0.21666666666666667
CORBAAdapter:0.21666666666666667
DetailInfo:0.19333333333333333
FeatureEditorDialog:0.18666666666666668
FindPanel:0.18333333333333332
GenericAnnotation:0.18
FeatureSelectionEvent:0.16333333333333333
BaseMouseListener:0.14333333333333334
DrawableLimitedFeatureSet:0.13333333333333333
DrawableResultFeatureSet:0.11
Exon:0.1
