TestParams:0.5333333333333333
Post:0.25
TestSetupActivity:0.23666666666666666
TestRunnerActivity:0.21
TestEventBus:0.2
Register:0.15666666666666668
