InstallPluginCommand:0.44333333333333336
InstallPluginCommandTests:0.38666666666666666
