ClientEngineImpl:0.7733333333333333
ClientDisconnectionOperation:0.3333333333333333
ClientReAuthOperation:0.19666666666666666
