FreemarkerTemplateEngine:0.75
StrutsConstants:0.5405555555555556
BeanSelectionProvider:0.3933333333333333
