AbstractStandardBasicType:0.5633333333333334
SerializableToBlobType:0.49
SybaseDialect:0.20333333333333334
SerializableToBlobTypeTest:0.20333333333333334
SerializableTypeDescriptor:0.10666666666666667
ImplicitSerializableType:0.07333333333333333
ExplicitSerializableType:0.07333333333333333
