EjbcaException:0.45666666666666667
ObjectFactory:0.41333333333333333
TestEjbcaWS:0.32
EjbcaWSHelper:0.31666666666666665
CommonEjbcaWSTest:0.30666666666666664
CADoesntExistsException:0.27
CAAdminSessionBean:0.20666666666666667
CADoesntExistsExceptionBean:0.05
CADoesntExistsException_Exception:0.01
