ReflectUtils:0.75
StringUtils:0.5433333333333333
PojoUtils:0.3233333333333333
ConsistentHashSelector:0.22333333333333333
CacheFilter:0.13166666666666665
ConsistentHashLoadBalance:0.05
