TextUtils:0.08947564
Editor:0.058028072
