QueryTest:0.4033333333333333
OrResultSet:0.35
OrPredicate:0.25333333333333335
LikePredicate:0.22944444444444448
RegexPredicate:0.22666666666666666
Predicates:0.21666666666666667
