Simulation:0.7066666666666667
MasterClock:0.6166666666666667
MarsProject:0.2833333333333333
