Operation:0.6133333333333333
EventProcessor:0.32666666666666666
NodeEngineImpl:0.24333333333333335
TransactionContextImpl:0.23
ProxyRegistry:0.21666666666666667
ClientPacketProcessor:0.21333333333333335
TimedMemberStateFactory:0.20666666666666667
ProxyServiceImpl:0.20166666666666666
XATransactionContextImpl:0.18
LocalEventDispatcher:0.16666666666666666
IsStillRunningService:0.14333333333333334
