UdpChannel:0.49
DriverConductor:0.35333333333333333
ControlProtocolException:0.24
InvalidChannelException:0.23333333333333334
