HttpProtocol:0.46361111111111103
SoapProtocol:0.4066666666666667
XmlRpcProtocol:0.26
JsonRpcProtocol:0.22333333333333333
