MediaConductor:0.5577777777777778
Receiver:0.48
DataFrameHandler:0.3466666666666667
