CachingPrincipalAttributesRepository:0.9033333333333333
AbstractRegisteredServiceTests:0.31
RefuseRegisteredServiceProxyPolicy:0.2833333333333333
