LiveValidationProvider:0.7322222222222222
MDDLiveValidationProvider:0.33142857142857146
