EdgeLis:0.569555315055315
EdgeFilterState:0.3566666666666667
TristateCheckBox:0.29333333333333333
TreePathSelectable:0.27051984126984113
Edge_Info:0.2633333333333333
EdgeFilterTypeGui:0.24666666666666667
JMultiLineToolTip:0.23
CheckTreeSelectionModel:0.22666666666666666
CheckBoxTreeCellRenderer:0.17
CheckTreeCellRenderer:0.15111111111111108
MultiLineToolTipUI:0.14
CheckTreeManager:0.10833333333333334
FilterListener:0.045
Edge_Control:0.019444444444444445
EdgeFilterView:0.016666666666666666
