ScriptStepResult:0.4766666666666667
ScriptsNewStepDialog:0.45666666666666667
ScriptsAddOrEditDialog:0.30333333333333334
ScriptExecutionEngine:0.034166666666666665
