DiskUsage:0.5366666666666666
DiskThresholdDecider:0.2966666666666667
DiskThresholdDeciderTests:0.22333333333333333
MockDiskUsagesTests:0.16666666666666666
MockInternalClusterInfoService:0.15166666666666667
DiskUsageTests:0.13333333333333333
ClusterInfoUpdateJob:0.11
DiskListener:0.08
