InstallOptions:0.4033333333333333
Tomcat:0.35333333333333333
OptionDefinition:0.2441111111111111
FedoraHome:0.22
Installer:0.15
TomcatServerXML:0.13666666666666666
BundledTomcat:0.13
ExistingTomcat:0.09333333333333334
