DocumentDownload:0.4166666666666667
IcalModuleImpl:0.3566666666666667
ICBrokerModuleImpl:0.33
AjaxController:0.27
ICBrokerModule:0.26666666666666666
WebKeys:0.14622222222222223
