Binder:0.79
MastHead:0.28
GwtMainPage:0.24666666666666667
GwtRpcServiceImpl:0.24333333333333335
