NumberFieldMapper:0.38333333333333336
FloatFieldMapper:0.29333333333333333
ByteFieldMapper:0.2733333333333333
ShortFieldMapper:0.2733333333333333
DuelFieldDataTests:0.2733333333333333
IntegerFieldMapper:0.2733333333333333
DoubleFieldMapper:0.26233333333333336
IpFieldMapper:0.25083333333333335
LongFieldMapper:0.224
SimpleNumericTests:0.16
IndexFieldDataServiceTests:0.11333333333333333
