Project:0.37
CVS:0.2966666666666667
CVSTest:0.28
MockSourceControl:0.25666666666666665
ModificationSet:0.15
MockSchedule:0.14666666666666667
ProjectTest:0.12333333333333334
ModificationSetTest:0.03666666666666667
MockModificationSet:0.03
