SoundPlayerThread:0.4533333333333333
SoundPlayer:0.44
FreeColClient:0.36
MapEditorController:0.331111111111111
