Message:0.4766666666666667
MNotification:0.4166666666666667
OS:0.38666666666666666
ImageEditorCore:0.29333333333333333
MSettingsDialog:0.27
FieldsPanel:0.25
GhostFrame:0.20666666666666667
CategoryManagerDialog:0.18
SummaryTree:0.15
