JPPFTaskBundle:0.49333333333333335
AbstractProportionalBundler:0.35
NioServer:0.28
JMXConnectionWrapper:0.20333333333333334
AbstractRLBundler:0.19
