ManageTeamsDlg:0.34
GwtTeamingMessages:0.3233333333333333
EntryMenuPanel:0.31
GwtTeamingFilrImageBundle:0.2833333333333333
BinderInfo:0.28
AccessoriesPanel:0.27
GwtMenuHelper:0.24333333333333335
GwtViewHelper:0.24333333333333335
ContentControl:0.24
BreadCrumbPanel:0.24
InvokeBinderShareRightsDlgEvent:0.14
DataTableFolderViewBase:0.13666666666666666
GlobalWorkspacesView:0.13
EmptyGlobalsComposite:0.06666666666666667
