AllJCPTests:0.6586666666666667
JCPEditorAppletMenuTest:0.4033333333333333
JCPEditorAppletBugsTest:0.35
JCPEditorAppletDrawingTest:0.23
PrintAction:0.14666666666666667
