CharArrayList:0.26666666666666666
ShortArrayList:0.26666666666666666
BooleanArrayList:0.26666666666666666
ByteArrayList:0.26666666666666666
LongArrayList:0.26666666666666666
FloatArrayList:0.26666666666666666
DoubleArrayList:0.26666666666666666
IntArrayList:0.26666666666666666
