InternalPartitionServiceImpl:0.6166666666666667
Node:0.6066666666666667
BackupTest:0.38
