AuthenticationTransactionManager:0.5655555555555555
ClientActionTests:0.45666666666666667
ClientAction:0.36666666666666664
DefaultAuthenticationObjectsRepository:0.23
DefaultAuthenticationTransactionFactory:0.06
DefaultAuthenticationTransactionManager:0.06
DefaultPrincipalElectionStrategy:0.05333333333333334
