Listener:0.63
InternalIndicesLifecycle:0.35333333333333333
IndexService:0.33
IndicesService:0.24
CorruptedFileTest:0.22
SearchService:0.19
RecoveryTarget:0.17833333333333334
IndicesLifecycleListenerSingleNodeTests:0.07666666666666666
RecoverySource:0.07666666666666666
IndexShardStateChangeListener:0.023333333333333334
IndicesLifecycleListenerTests:0.013333333333333334
OldShardsStats:0.0
