UserFactoryTest:0.33666666666666667
ScopeFactoryTest:0.31666666666666665
PrivilegeFactoryTest:0.2966666666666667
GroupFactoryTest:0.19666666666666666
