TaskInfo:0.7033333333333334
HttpRemoteTask:0.34
TaskOutput:0.30333333333333334
FutureUtils:0.19666666666666666
