Simulation:0.58
MainDesktopPane:0.3333333333333333
MainMenu:0.3205555555555556
TimeWindow:0.24333333333333335
TransportWizard:0.23333333333333334
