AntPathRequestMatcher:0.5133333333333333
SpringAntMatcher:0.2966666666666667
AntPathRequestMatcherTests:0.26
ExpressionBasedFilterInvocationSecurityMetadataSource:0.25333333333333335
AbstractVariableEvaluationContextPostProcessor:0.16333333333333333
VariableEvaluationContextPostProcessor:0.15611111111111112
RequestVariablesExtractorEvaluationContextPostProcessor:0.13333333333333333
AntPathMatcherEvaluationContextPostProcessor:0.11333333333333333
AbstractVariableEvaluationContextPostProcessorTests:0.09333333333333334
SubpathMatcher:0.07666666666666666
