WebUtils:0.5016666666666667
SpnegoCredential:0.42
AbstractCasWebflowConfigurer:0.2866666666666667
AbstractCasWebflowEventResolver:0.2833333333333333
SpengoWebflowConfigurer:0.07666666666666666
