ExpireAfterVarTest:0.36333333333333334
Expiration:0.23666666666666666
ExpireAfterWriteTest:0.17333333333333334
ExpireAfterAccessTest:0.17333333333333334
VarExpiration:0.056666666666666664
