StepContribution:0.48333333333333334
StepExecution:0.42
ItemSkipPolicyItemHandlerTests:0.29
ItemOrientedStep:0.26666666666666666
ItemSkipPolicyItemHandler:0.20666666666666667
