QSARFormEditor:0.5516666666666666
DescriptorsPage:0.5
DescriptorLabelProvider:0.4633333333333333
QsarModelUIAdapter:0.13666666666666666
