QueryShardContext:0.6966666666666667
HasChildQueryBuilder:0.36
LateParsingQuery:0.22333333333333333
HasParentQueryBuilder:0.21333333333333335
ChildQuerySearchTests:0.17333333333333334
PercolatorQueriesRegistry:0.17
HasChildQueryBuilderTests:0.16666666666666666
HasParentQueryBuilderTests:0.055
