MetricsRegistryImpl:0.7366666666666667
HazelcastClientInstanceImpl:0.3433333333333333
NodeEngineImpl:0.33
OperatingSystemMetricSetTest:0.23666666666666666
GarbageCollectionMetricSetTest:0.23666666666666666
ThreadMetricSetTest:0.23666666666666666
RuntimeMetricSetTest:0.23666666666666666
ClassLoadingMetricSetTest:0.22666666666666666
