HttpCommand:0.5755555555555556
HttpDeleteCommand:0.30916666666666665
HttpGetCommand:0.30916666666666665
