EntityPersister:0.6633333333333332
EventType:0.36209523809523814
SessionImpl:0.3466666666666667
NaturalIdLoadAccessImpl:0.33666666666666667
GoofyProvider:0.32
CustomPersister:0.32
AbstractEntityPersister:0.27666666666666667
NoopEntityPersister:0.26666666666666666
EventListenerRegistryImpl:0.26
ImmutableNaturalIdTest:0.05
