ThumbnailGenerator:0.47333333333333333
JPPFTask:0.32
ReflectionUtils:0.30666666666666664
HelloWorld:0.1880833333333333
HelloWorldPojo:0.1880833333333333
HelloWorldAnnotated:0.1880833333333333
HelloWorldAnnotatedStatic:0.1880833333333333
HelloWorldCallable:0.1880833333333333
HelloWorldPojoStatic:0.1880833333333333
HelloWorldRunner:0.03333333333333333
HelloWorldPojoConstructor:0.016666666666666666
HelloWorldRunnable:0.016666666666666666
HelloWorldAnnotatedConstructor:0.016666666666666666
