MetaModel:0.6188888888888889
WebsphereMapxmiPG:0.32
CmpField:0.3005555555555555
WebsphereSchxmiPG:0.24333333333333335
WebsphereCodeGenerator:0.14
