FreeLayerSets:0.31666666666666665
Pair:0.31666666666666665
ARINCCockpitItemList:0.30333333333333334
FreeCockpitConfigurationHandler:0.2833333333333333
ServerCockpitItemList:0.26481746031746034
PropertiesHandlerClientWnd:0.25666666666666665
LayerSetParser:0.23444444444444448
ARINCCockpitItemFactory:0.19555555555555557
ClientCockpitXMLDFHandler:0.12666666666666668
