MapClientProxy:0.5733333333333334
ConnectionManager:0.44333333333333336
ManagementCenterService:0.41333333333333333
ThreadContext:0.2866666666666667
ThreadDumpGeneratorImpl_16:0.28
TaskPoller:0.26733333333333337
