Memcached:0.8083333333333333
MemcachedTicketRegistry:0.4166666666666667
MemcachedTicketRegistryProperties:0.36333333333333334
MonitorProperties:0.24333333333333335
MemcachedMonitor:0.19666666666666666
MemcachedTicketRegistryConfiguration:0.08333333333333333
MemcachedMonitorConfiguration:0.006666666666666667
