MultipartBody:0.41
FeedableBodyGenerator:0.37460317460317455
PushBody:0.335
ByteBody:0.27
FeedableBodyGeneratorTest:0.24666666666666667
InputStreamBody:0.20666666666666667
BodyChunkedInput:0.18
ByteArrayBodyGeneratorTest:0.14666666666666667
MultipartBodyTest:0.14333333333333334
