AddressbookCrawler:0.6866666666666666
TestCrawlers:0.36
AbstractAddressbookCrawlerTest:0.2866666666666667
