BackendPolicies:0.7283333333333334
DatastreamResolverServlet:0.4116666666666667
