WebApp:0.6433333333333333
MadvocServletFilter:0.3253333333333333
