CreateNeuralNetworkFileService:0.7344444444444445
SaveCookieAction:0.5333333333333333
