Csw:0.57
SearchManager:0.4266666666666667
Xml:0.4266666666666667
GetRecords:0.4166666666666667
CatalogConfiguration:0.4066666666666667
LuceneSearcher:0.38666666666666666
Spatial:0.31666666666666665
Pair:0.31666666666666665
DescribeRecord:0.30333333333333334
GetCapabilities:0.2866666666666667
CatalogService:0.2848968253968253
GetRecordById:0.27666666666666667
AccessManager:0.26666666666666666
Transaction:0.25333333333333335
CatalogException:0.23666666666666666
GetDomain:0.22333333333333333
Harvest:0.21666666666666667
GetRecordsRequest:0.21333333333333335
AbstractOperation:0.21333333333333335
SpatialIndexWriter:0.20666666666666667
TempFiles:0.19
FieldMapper:0.19
CatalogRequest:0.19
AbstractHarvester:0.18666666666666668
HarvestManager:0.18666666666666668
GetCapabilitiesRequest:0.1830952380952381
DescribeRecordRequest:0.1830952380952381
CswParams:0.1830952380952381
Run:0.17666666666666667
CatalogSearcher:0.16333333333333333
Export:0.15666666666666668
HttpGetFileCache:0.15333333333333332
MainFrame:0.14666666666666667
ConfigFile:0.1437301587301587
XmlSerializer:0.14333333333333334
OaiPmhException:0.13833333333333334
Aligner:0.13666666666666666
GetRecordByIdRequest:0.13333333333333333
SearchController:0.11666666666666667
GetRecordsPanel:0.11166666666666666
CatalogDispatcher:0.11
Geonetwork:0.11
HeapSorter:0.11
UpdateChild:0.10333333333333333
OgcGenericFilters:0.08583333333333333
SearchUnused:0.08333333333333333
BboxEstimate:0.08333333333333333
CswServer:0.06
FullScanFilter:0.03944444444444445
SummaryComparator:0.03333333333333333
SpatialFilter:0.03333333333333333
GetLinkedSrv:0.02666666666666667
CswOperation:0.02
GetCapabilitiesPanel:0.013333333333333334
DescribeRecordPanel:0.013333333333333334
GetRecordByIdPanel:0.013333333333333334
EqualsFilter:0.006666666666666667
OutputSchemaPreference:0.0025
TouchesFilter:0.0
WithinFilter:0.0
CrossesFilter:0.0
IntersectionFilter:0.0
ContainsFilter:0.0
OverlapsFilter:0.0
