Dialect:0.7508333333333334
Template:0.38
TypeNames:0.35333333333333333
