MessageDialogAbstract:0.5866666666666667
ScriptsNewStepDialog:0.3566666666666667
VariablesManageDialog:0.34833333333333333
