SparkTrainingStats:0.6353333333333333
StatsUtils:0.42333333333333334
ParameterAveragingTrainingMasterStats:0.19
ParameterAveragingTrainingWorkerStats:0.19
CommonSparkTrainingStats:0.17333333333333334
