Utils:0.5133333333333333
Http2Session:0.3326507936507937
Http2Codec:0.30666666666666664
NettyServerHandler:0.2916666666666667
NettyServerStreamTest:0.26
NettyClientStream:0.25666666666666665
NettyClientHandlerTest:0.24
Http2Request:0.18833333333333332
NettyServerHandlerTest:0.18666666666666668
NettyClientStreamTest:0.18
Http2Response:0.17966666666666667
NettyClientTransport:0.16333333333333333
