Simulation:0.5433333333333333
Walk:0.5266666666666666
TemperatureDial:0.4166666666666667
SettlementUnitWindow:0.31333333333333335
UnitWindowFactory:0.15666666666666668
