ISymmetricEngine:0.6466666666666666
AbstractSymmetricEngine:0.37333333333333335
StatisticManager:0.23666666666666666
MockStatisticManager:0.22666666666666666
IStatisticManager:0.21333333333333335
