View:0.8333333333333334
MyReportsAction:0.26666666666666666
OnChangeMyReportNameAction:0.25333333333333335
