SecurityNamespaceHandler:0.6433333333333333
AuthenticationManagerBeanDefinitionParserTests:0.38666666666666666
SecurityNamespaceHandlerTests:0.12
