JbpmExecutionLogic:0.7591111111111112
ExecutionServiceDelegateCancelProcessInstanceTest:0.6377777777777778
