StageSwitchAuditStub:0.6766666666666666
OnChangeAuditStub:0.6666666666666666
CacheTransactionalExecutor:0.6533333333333333
StaticCacheFactory:0.6533333333333333
CacheFactory:0.6252222222222222
CacheStateMachine:0.62
CompleteTransactionAuditStub:0.5866666666666667
GetCacheAuditStub:0.5866666666666667
CommitCacheAuditStub:0.5866666666666667
CacheStateMachineAudit:0.4792063492063492
InitializationErrorAuditStub:0.43333333333333335
TestCacheStateMachineAudit:0.2966666666666667
CacheInitializationContextStub:0.19
CacheStateMachineContext:0.18333333333333332
CacheInitializationContext:0.16333333333333333
CacheStateMachineAuditStub:0.14944444444444444
DefaultCacheTransactionalExecutor:0.14325132275132277
CacheInitializationCallback:0.006666666666666667
LazyInitializedCacheFactory:0.006666666666666667
