RendererFactory:0.6066666666666667
RenderersHandler:0.35
ItemRenderers:0.27111111111111114
StyleRangeHandler:0.22
DirectionalTabbingExtensionRenderer:0.16
