Builder:0.66
Job:0.35333333333333333
TaskConfig:0.2622222222222222
JobValidatorTest:0.26
JobValidator:0.25333333333333335
