InternalOperationService:0.5553452380952381
ClusterServiceImpl:0.35
WaitNotifyServiceImpl:0.26
HazelcastTestSupport:0.23666666666666666
NodeEngineImpl:0.21333333333333335
BasicOperationService:0.21333333333333335
