Response:0.4033333333333333
ConstrainableInputStream:0.36666666666666664
UrlConnectTest:0.36333333333333334
DataUtil:0.27444444444444444
