ScriptsUtils:0.5433333333333333
ScriptNewStepDialog:0.37
ScriptExecutionEngine:0.37
ScriptEditViewPart:0.15333333333333332
