Namespace:0.75
TestMethodInvocationWrapper:0.36333333333333334
CompositNamespaceTests:0.02666666666666667
