ResponseITest:0.5083333333333333
ResponseBody:0.42380555555555555
StatusCodeBasedLoggingFilter:0.38
