AndroidManifest:0.8233333333333334
DefaultTestLifecycle:0.46
DefaultTestLifecycleTest:0.22333333333333333
