Client:0.7
AbstractClient:0.38666666666666666
TransportClient:0.2733333333333333
Node:0.2733333333333333
HeadersAndContextCopyClientTests:0.20666666666666667
ActionModule:0.19777777777777777
AbstractClientHeadersTests:0.18333333333333332
RestActionModule:0.16666666666666666
