Robolectric:0.6466666666666666
ResourceLoaderTest:0.2866666666666667
ShadowParcel:0.2733333333333333
RobolectricConfig:0.2633333333333333
ParcelTest:0.21333333333333335
ViewGroupTest:0.19666666666666666
ShadowBitmapFactory:0.19666666666666666
ShadowBluetoothAdapter:0.18166666666666667
DrawableResourceLoaderTest:0.14333333333333334
MenuResourceLoaderTest:0.13666666666666666
RobolectricTestRunner:0.13
ShadowIntentFilter:0.12666666666666668
RobolectricPackageManager:0.12666666666666668
TestUtil:0.12333333333333334
BitmapFactoryTest:0.09
RobolectricPackageManagerTest:0.09
Reflection:0.04666666666666667
