CompilerBase:0.38666666666666666
Compiler:0.38
BlockScope:0.34
CompilationUnitScope:0.34
XMethod:0.33666666666666667
CClass:0.31666666666666665
MethodScope:0.29
Main:0.15333333333333332
