EditorOverlay:0.5633333333333334
EditorPanel:0.53
Logging:0.51
EditorLayer:0.4633333333333333
Channel:0.33666666666666667
NoClipLabeledSkinBase:0.32666666666666666
ServerXMLObjectAttribute:0.29744444444444446
ServerMap3DWidget:0.2733333333333333
TabbedPanelGroupRenderer:0.23666666666666666
StatefullAPIImpl:0.22666666666666666
ServerMessageProcessor:0.21666666666666667
DefaultProcessingListener:0.21333333333333335
ArcCircleRenderer:0.21333333333333335
ApplyScriptAction:0.21
WidgetsRefHandler:0.20666666666666667
JFXRendererBridge:0.20666666666666667
JFXConverterAction:0.20666666666666667
LoggerArea:0.205
ScriptContent:0.19
LayerSizeConverter:0.19
ScenarioReaderImpl:0.18333333333333332
SwingScenarioPanel:0.18333333333333332
WidgetListener:0.17
JFXEditorPanel:0.16333333333333333
AbstractEditorPanel:0.16333333333333333
GroovyScript:0.1580952380952381
SwingEditorPanel:0.15333333333333332
NumericFormatter:0.13666666666666666
LayerListener:0.135
ProcessingListener:0.125
JFXStyleSetExtractor:0.12333333333333334
AbstractEditorOverlay:0.12333333333333334
OverlayFiltering:0.08912301587301588
DFListener:0.08
TestNewWidget:0.0
