OisControllers:0.6966666666666667
DesktopControllersBuild:0.37666666666666665
