Key:0.8766666666666667
MutableTestAnnotation:0.2833333333333333
RehashableKeysTest:0.21666666666666667
