Hdf5Archive:0.5733333333333334
KerasModelEndToEndTest:0.4122222222222222
KerasModelBuilder:0.32666666666666666
