TestParserExec:0.3466666666666667
ATNConfig:0.2866666666666667
v2ParserATNSimulator:0.26
DFAState:0.25833333333333336
TestSemPredEvalParser:0.25
ATNSimulator:0.23644444444444446
BaseRecognizer:0.22666666666666666
ATNConfigSet:0.11
