IndexShard:0.59
DocsStats:0.51
IndexShardTests:0.29333333333333333
TransportRolloverActionTests:0.20333333333333334
