AsyncHttpClientFilter:0.5733333333333334
GrizzlyProxyTunnellingTest:0.38961111111111113
ProxyFilter:0.34
