ProjectFileDragImporter:0.47333333333333333
EditorController:0.4166666666666667
GlossaryTextArea:0.2866666666666667
FileDropHandler:0.2733333333333333
ProjectFilesListController:0.20666666666666667
MatchesTextArea:0.19972222222222225
