TopicConfig:0.6466666666666666
TopicProxySupport:0.3933333333333333
TopicAddMessageListenerMessageTask:0.31666666666666665
