JobInstance:0.6366666666666667
ItemOrientedStepTests:0.3233333333333333
SimpleJobRepository:0.26666666666666666
SimpleJob:0.20777777777777778
AbstractJobDaoTests:0.18
SimpleJobRepositoryTests:0.16666666666666666
JobInstanceTests:0.16333333333333333
StepExecutionProxyResourceTests:0.15333333333333332
JdbcJobDaoQueryTests:0.1
