ConfigUtils:0.6033333333333334
GlobalMethodSecurityBeanDefinitionParser:0.36
SecurityNamespaceHandler:0.16333333333333333
BeanIds:0.12111111111111111
Elements:0.12111111111111111
