SignSessionBean:0.6161111111111112
PublisherTest:0.3079444444444444
