InternalTestCluster:0.6533333333333333
ElasticsearchIntegrationTest:0.5133333333333333
ClusterStateDiffTests:0.29
ElasticsearchBackwardsCompatIntegrationTest:0.20333333333333334
