JournalWriter:0.75
JournalOutputFile:0.3466666666666667
MultiFileJournalWriter:0.24
CreatorJournalEntry:0.15666666666666668
