AsynchronousProcessor:0.61
DefaultWebSocketProcessor:0.4866666666666667
JavaScriptProtocol:0.18
NginxInterceptor:0.07333333333333333
