HomeAdapter:0.43
SearchPresenter:0.37290476190476185
ViewIntentBinder:0.36892857142857144
ViewStateConsumer:0.36892857142857144
MviBasePresenter:0.26
IntentRelayBinderPair:0.19874603174603173
HomePresenter:0.13055555555555554
