TradeFieldSetMapperTests:0.31333333333333335
OrderItemReaderTests:0.17666666666666667
FieldSetResultSetExtractor:0.13666666666666666
ShippingFieldSetMapperTests:0.09333333333333334
OrderItemFieldSetMapperTests:0.09333333333333334
AddressFieldSetMapperTests:0.09333333333333334
HeaderFieldSetMapperTests:0.09333333333333334
BillingFieldSetMapperTests:0.09333333333333334
CustomerFieldSetMapperTests:0.09333333333333334
