RrPolygon:0.7583333333333333
PolPoint:0.3566666666666667
RrPolygonList:0.35333333333333333
