GrammarAST:0.47333333333333333
ParserFactory:0.41
RuleFunction:0.29333333333333333
Decl:0.26666666666666666
ContextGetterDecl:0.22666666666666666
LeftRecursiveRuleTransformer:0.14333333333333334
StructDecl:0.13333333333333333
