RemoteInfo:0.6
ReindexFromRemoteWhitelistTests:0.33666666666666667
RoundTripTests:0.25333333333333335
RetryTests:0.17
ReindexSourceTargetValidationTests:0.16333333333333333
ReindexRequestTests:0.16
ReindexFromRemoteWithAuthTests:0.12
RestReindexActionTests:0.1
RestReindexAction:0.075
RemoteInfoTests:0.043333333333333335
