OsgiFilterUtils:0.5033333333333333
AbstractOsgiServiceProxyFactoryBean:0.3022222222222222
OsgiFilterUtilsTest:0.29
ServiceProxyTest:0.16333333333333333
DependencyListener:0.16333333333333333
EquinoxPlatform:0.013333333333333334
