VertxImpl:0.4766666666666667
ContextImpl:0.4666666666666667
DeploymentManager:0.2866666666666667
VertxInternal:0.2525
EventLoopContext:0.15666666666666668
TestVerticle:0.15666666666666668
WorkerContext:0.09
MultiThreadedWorkerContext:0.08333333333333333
