HtmlElement:0.7066666666666667
HtmlAttributeChangeListener:0.6833333333333333
HtmlPage:0.5266666666666666
HtmlPageTest:0.19666666666666666
HtmlAttributeChangeListenerTestImpl:0.09
HtmlElementTest:0.06333333333333334
HtmlAttributeEvent:0.023333333333333334
