DummyHttpServerMetrics:0.33476190476190476
DummyHttpClientMetrics:0.33476190476190476
HttpServerImpl:0.32666666666666666
DummyTCPMetrics:0.31976190476190475
NetServerImpl:0.31666666666666665
VertxMetrics:0.2546666666666667
DummyVertxMetrics:0.20666666666666667
FakeVertxMetrics:0.17333333333333334
NetworkMetrics:0.015
DatagramSocketMetrics:0.0
