Flight:0.72
JpaTicketDaoTest:0.26
AirlineServiceImplTest:0.23
AirlineServiceImpl:0.18333333333333332
JpaFlightDao:0.15
JpaTicketDao:0.1
DatabaseInitializer:0.03333333333333333
LocalDateValueHandler:0.01
DateTimeValueHandler:0.0033333333333333335
