VoxelSpaceIF:0.47861111111111115
VoxelSpaceNode:0.43
VoxelBox:0.4033333333333333
VoxelSpace:0.38333333333333336
DumpCFTreeFunctor:0.2833333333333333
