InternalConfigurationPostProcessor:0.7133333333333334
ConfigurationPostProcessor:0.41333333333333333
ChildContextRefreshingListener:0.26666666666666666
ConfigurationEnhancingBeanFactoryPostProcessorTests:0.21
