TypeDescription:0.5733333333333334
Raw:0.39
AbstractTypeDescription:0.26666666666666666
Latent:0.21916666666666668
ForPackageDescription:0.21666666666666667
ForParameterizedType:0.20666666666666667
AbstractGenericTypeDescriptionTest:0.17
PotentiallyRaw:0.12333333333333334
ForTypeVariableBinding:0.10333333333333333
TypeResolution:0.07
Substitutor:0.06
