DSL:0.64
AlterTableImpl:0.3433333333333333
ConstraintImpl:0.29
AlterTableStep:0.2866666666666667
