KernelQedeqBo:0.7366666666666667
SourceFileException:0.45
DefaultKernelQedeqBo:0.4033333333333333
StateManager:0.31666666666666665
DefaultInternalKernelServices:0.25
PluginCallImpls:0.23666666666666666
ControlVisitor:0.22166666666666668
DynamicHeuristicCheckerExecutor:0.21666666666666667
Qedeq2UnicodeVisitor:0.21333333333333335
SourceFileExceptionTest:0.21
WellFormedCheckerExecutor:0.20666666666666667
ModuleErrorAndWarningListModel:0.19666666666666666
FormalProofCheckerExecutor:0.19
Qedeq2LatexExecutor:0.18666666666666668
SimpleProofFinderExecutor:0.18333333333333332
HeuristicCheckerExecutor:0.16333333333333333
LoadRequiredModulesExecutor:0.15666666666666668
ModuleLabelsCreator:0.15666666666666668
DefaultKernelQedeqBoTest:0.15
ServiceProcessManager:0.14666666666666667
ModuleErrorAndWarningListPane:0.13666666666666666
QedeqBoDuplicateLanguageChecker:0.08333333333333333
