MasterBuild:0.5155555555555555
StarTeamElement:0.4866666666666667
BuildInfo:0.18
