DefaultNode:0.45666666666666667
EditorDialog:0.31
AspectEdge:0.2966666666666667
DefaultEdge:0.29
Simulator:0.23666666666666666
Editor:0.23333333333333334
AspectualGraphView:0.23
NodeSet:0.22333333333333333
AbstractEdge:0.22333333333333333
GraphTest:0.22333333333333333
AbstractGraph:0.21333333333333335
TypeDiscoverer:0.21333333333333335
SPOEvent:0.20333333333333334
MatrixAutomaton:0.2
AspectualRuleView:0.19
RelationEdge:0.18166666666666667
SystemRecord:0.16333333333333333
BinaryEdgeTest:0.16
JGraphPanel:0.15666666666666668
EditRuleAction:0.15666666666666668
NACTest:0.14333333333333334
GraphCreationTest:0.14333333333333334
MorphismTest:0.11333333333333333
