RequestContext:0.6533333333333333
AuthenticationContextHolder:0.5433333333333333
AuthenticationManagerUtil:0.21
AuthenticationModuleImpl:0.17333333333333334
PWCallback:0.14666666666666667
AccessTokenValidationInterceptor:0.12
LoginInfoInterceptor:0.10333333333333333
SecurityPropagatingAxisServlet:0.10333333333333333
BridgeClient:0.07333333333333333
BridgeServer:0.04666666666666667
TeamingAuthenticationManager:0.0033333333333333335
AuthenticationAdapter:0.0033333333333333335
AuthenticationModuleBridge:0.0
