MFlipPanel:0.47333333333333333
ScriptIDE:0.3433333333333333
SnippetAction:0.33
ComponentTransition:0.25666666666666665
ImageTransition:0.15
