MWebBrowser:0.49
LinkListener:0.45199999999999996
Browser:0.35333333333333333
