Database:0.9
DefaultRelations:0.32666666666666666
AbstractDatabase:0.31333333333333335
GenerationTool:0.23444444444444448
