RemoveLocalBufferAction:0.3333333333333333
MakeLatexAction:0.3333333333333333
ParserAction:0.19666666666666666
RemoveAllAction:0.17666666666666667
