SharedLibraryLoader:0.5166666666666667
SpriteBatch:0.5055555555555555
Mask:0.2664444444444445
