CollectionMetadataGenerator:0.4666666666666667
AuditMetadataGenerator:0.42
BasicMetadataGenerator:0.2966666666666667
IdMetadataGenerator:0.23666666666666666
MultiPropertyMapper:0.1511111111111111
ToOneRelationMetadataGenerator:0.13
EntitiesConfigurator:0.12
ComponentMetadataGenerator:0.05
