Skin:0.4533333333333333
LwjglCanvas:0.3333333333333333
ToggleButton:0.29388888888888887
ComboBox:0.24733333333333335
ComboList:0.20777777777777778
LwjglFrame:0.16
