TaskContext:0.5333333333333333
SqlTask:0.4066666666666667
MockRemoteTask:0.18333333333333332
SqlTaskManager:0.15253968253968256
TestMemoryManagerConfig:0.15
AbstractOperatorBenchmark:0.13666666666666666
TestSqlTaskManager:0.13666666666666666
TestSqlTask:0.12666666666666668
TestingTaskContext:0.10333333333333333
MemoryManagerConfig:0.05
SqlTaskExecutionFactory:0.05
