Hazelcast:0.4166666666666667
Node:0.33666666666666667
ClusterService:0.22333333333333333
SimpleBoundedQueue:0.21333333333333335
ClusterTest:0.20333333333333334
