Feature:0.39666666666666667
Mapping:0.35444444444444445
FeatSyn:0.35333333333333333
Dbxref:0.35
GameWriter:0.3433333333333333
FeatDbxref:0.32
Span:0.31666666666666665
DateConv:0.28111111111111114
FeatSub:0.234
ChadoSaxReader:0.19
CTG:0.09
