ImageSegmentation:0.6266666666666667
Main:0.6
MainPreferences:0.20333333333333334
