FreeTypeFontGenerator:0.44666666666666666
BitmapFont:0.43333333333333335
PixmapPacker:0.3466666666666667
BitmapFontData:0.3233333333333333
Page:0.24333333333333335
ObjectSet:0.22194444444444447
Node:0.15
FreeTypePackTest:0.13666666666666666
PixmapPackerTest:0.11666666666666667
FreeTypeBitmapFontData:0.08666666666666667
FreeTypeAtlasTest:0.013333333333333334
