AbstractConfigurationParser:0.49666666666666665
ClientConfigurationParser:0.46
PropertyParser:0.25333333333333335
