jEdit:0.6166666666666667
SearchAndReplace:0.2866666666666667
DirectoryListSet:0.2711111111111111
HyperSearchRequest:0.23333333333333334
AllBufferSet:0.2122222222222222
SearchDialog:0.2111111111111111
RotatedTextIcon:0.2
