BObjMETSSerializer:0.6433333333333333
WSDLGenerator:0.44
BMechMETSSerializer:0.30333333333333334
BDefMETSSerializer:0.22666666666666666
