MainFrame:0.5716666666666667
DefaultResourceHandle:0.37
ApplicationEditor:0.25666666666666665
NewResourceDialog:0.24111111111111114
AnnotationVisualResource:0.2391111111111111
AbstractVisualResource:0.22666666666666666
VisualResource:0.12833333333333333
