DSLContext:0.5747222222222222
ContainerFactory:0.5138888888888888
jOOQAbstractTest:0.44333333333333336
JSONReader:0.31666666666666665
DefaultDSLContext:0.2733333333333333
InsertUpdateTests:0.24777777777777782
JSONParser:0.2377777777777778
LoaderImpl:0.22
FormatTests:0.16
CSVReader:0.14666666666666667
