MainScene:0.36666666666666664
MasterClock:0.35333333333333333
Simulation:0.35333333333333333
MarsClock:0.2833333333333333
UnitManager:0.28
MainMenu:0.24166666666666667
TaskSchedule:0.23666666666666666
MainDesktopPane:0.23
ScenarioConfigEditorFX:0.22666666666666666
MarsProjectFX:0.22333333333333333
TabPanelWeather:0.21
TaskManager:0.19666666666666666
MonitorWindow:0.18833333333333332
MainSceneMenu:0.18
StormTrackingWindow:0.16333333333333333
ScheduleTableModel:0.13666666666666666
PlannerWindow:0.09333333333333334
CalendarProgram:0.06666666666666667
TabPanelSchedule:0.065
SimulationTask:0.056666666666666664
OneTask:0.011666666666666667
