MetaCADEvaluatorEngine:0.7766666666666666
CSGEvaluatorEngine:0.6683333333333333
