Search:0.6844444444444445
MsgQuery:0.6233333333333333
