FlowRegistryFactoryBean:0.6866666666666666
FlowRegistryPopulationTests:0.32666666666666666
