AEData:0.5066666666666667
FolderSubmitCtrl:0.30666666666666664
ContentManagerBean:0.21333333333333335
AEEditCtrl:0.19666666666666666
AEListCtrl:0.11333333333333333
Errable:0.04666666666666667
AESubmitCtrl:0.04
FolderCtrl:0.013333333333333334
