WebClientTest:0.48
ScriptExceptionTest:0.2814285714285714
ThreadManagerTest:0.2425
TextUtilTest:0.21916666666666668
WebAssertTest:0.21666666666666667
DefaultCredentialsProviderTest:0.13333333333333333
WaitingRefreshHandlerTest:0.07722222222222222
TopLevelWindowTest:0.07722222222222222
