DashboardModule:0.8166666666666667
AjaxController:0.3433333333333333
ModifyDashboardController:0.33666666666666667
DashboardModuleImpl:0.2866666666666667
