SystemTestBase:0.4266666666666667
Builder:0.2833333333333333
ExecHealthCheck:0.25333333333333335
JobValidator:0.19666666666666666
JobCreateCommand:0.13666666666666666
ExecHealthChecker:0.11666666666666667
HealthCheckTest:0.05
