ContentRegistryNode:0.8572222222222221
RewriteContentRegistryController:0.13333333333333333
