DrawableSeqFeature:0.69
DrawableFeatureSet:0.5866666666666667
DrawableGeneFeatureSet:0.21666666666666667
