BaseCoreFunctionalTestCase:0.695
MultiTenantConnectionProviderJdbcConnectionAccess:0.25833333333333336
ConnectionProviderJdbcConnectionAccess:0.25833333333333336
