NetworkTab:0.7
ResetCatcherHandler:0.48333333333333334
CellRenderer:0.36277777777777775
