ErrorCode:0.8333333333333334
DateNotValidException:0.12666666666666668
RevokeBackDateNotAllowedForProfileException:0.12666666666666668
