Address:0.6033333333333334
Packet:0.3933333333333333
Member:0.28727777777777774
MemberImpl:0.26666666666666666
