Util:0.43
CacheManager:0.37
WebserviceBean:0.2833333333333333
BusinessEntityManager:0.28065079365079365
BusinessEntityManagerImpl:0.24666666666666667
ApplicationEntityManagerImpl:0.23333333333333334
MetadataEntityManagerImpl:0.23333333333333334
