Repstrap:0.55
SNAPPacket:0.4
Address:0.31416666666666665
PrinterUI:0.30666666666666664
SNAPCommunicator:0.25666666666666665
CommTest:0.2519444444444444
VirtualPolarPrinter:0.22333333333333333
IncomingMessage:0.14333333333333334
VersionResponseMessage:0.13666666666666666
SNAPAddress:0.13666666666666666
Printer:0.10583333333333333
SNAPChecksum:0.07043650793650794
GenericThermalSensor:0.006666666666666667
PolarPrinter:0.0033333333333333335
