TransportSQLActionTest:0.6333333333333333
QueryVisitor:0.39
QueryVisitorTest:0.2866666666666667
