ANTLRParser:0.48
ASTVerifier:0.42333333333333334
BasicSemanticTriggers:0.3466666666666667
ANTLRLexer:0.3333333333333333
GrammarRootAST:0.31677777777777777
BasicSemanticChecks:0.22666666666666666
DFA63:0.17666666666666667
DFA44:0.16666666666666666
DFA66:0.16666666666666666
DFA33:0.16666666666666666
DFA55:0.16666666666666666
DFA42:0.16666666666666666
DFA71:0.16666666666666666
DFA26:0.16666666666666666
DFA35:0.16666666666666666
grammarSpec_return:0.05
