BdbFrontier:0.8233333333333334
AntiCalendarCostAssignmentPolicy:0.38666666666666666
