Report:0.61
SelectEntityWidget:0.5466666666666666
CreateRelationship:0.24333333333333335
AbstractChange:0.18666666666666668
Propagate:0.18333333333333332
