MiscUtilities:0.5033333333333333
FileRootsVFS:0.41333333333333333
VFSManager:0.32
VFSBrowser:0.29
OptionsDialog:0.2633333333333333
