NodeCertificate:0.5633333333333334
PartitionRefiner:0.44
DefaultIsoChecker:0.2966666666666667
Bisimulator:0.25666666666666665
