SimpleTemplater:0.6766666666666666
SimpleHTMLReportAction:0.5133333333333333
SimpleTemplaterAction:0.13666666666666666
