PipelineBase:0.5733333333333334
Transaction:0.36
ShardedJedisPipeline:0.3433333333333333
Pipeline:0.16666666666666666
