JCublasNDArray:0.61
SimpleJCublas:0.42
JCublasComplexNDArray:0.33666666666666667
JCublasNDArrayFactory:0.23666666666666666
JCublasNDArrayTests:0.08333333333333333
