GroupMapper:0.5432936507936508
CategoryMapper:0.5432936507936508
