Product:0.2991111111111111
Address:0.21666666666666667
Customer:0.18333333333333332
