StatusMessageFlyweight:0.47
EventCodec:0.43333333333333335
SendChannelEndpoint:0.41333333333333333
ReceiveChannelEndpoint:0.3566666666666667
