MatrixUtil:0.6666666666666666
Word2Vec:0.54
MasterActor:0.3233333333333333
Word2VecSimilarity:0.15333333333333332
