ParentRunner:0.4866666666666667
BlockJUnit4ClassRunner:0.41333333333333333
FrameworkField:0.3172222222222222
