Jedis:0.6
Client:0.5133333333333333
BinaryValuesCommandsTest:0.3433333333333333
JedisCommands:0.2733333333333333
BinaryJedisCommands:0.2733333333333333
Commands:0.2733333333333333
AllKindOfValuesCommandsTest:0.23666666666666666
ShardedJedis:0.22
BinaryClient:0.21333333333333335
JedisCluster:0.1975
PipelineBase:0.19
BinaryShardedJedis:0.16
BinaryJedis:0.14666666666666667
