ElementDecl:0.34
XmlActions:0.32666666666666666
CompletionInfo:0.3
EditTagDialog:0.20533333333333337
CompletionInfoHandler:0.17555555555555558
XmlComplete:0.14333333333333334
