ConfigurationData:0.6797222222222223
CollectionDialog:0.44388888888888883
