StyleSet:0.49333333333333335
LookHandler:0.39666666666666667
StateDefinition:0.3037777777777778
LookDefinitionWriter:0.30333333333333334
PropertyList:0.09166666666666666
LookHandlerDefinition3Test:0.023333333333333334
LookDefinitionWriterTest:0.023333333333333334
