Materialisation:0.5255555555555556
TestPatternShapeGenerator:0.3566666666666667
PatternShapeGenerator:0.34611111111111115
