WFSClientHelper:0.46888888888888886
WFSPanel:0.46888888888888886
JUMPFeatureFactory:0.3233333333333333
