CMSynergy:0.6
CMSynergyPublisher:0.5166666666666667
Util:0.3933333333333333
EnvCommandline:0.2633333333333333
CMSynergyBootstrapper:0.13333333333333333
CMSynergySessionMonitor:0.02
CMSynergyBaselinePublisher:0.016666666666666666
CMSynergyTaskPublisher:0.0033333333333333335
UtilTest:0.0033333333333333335
