InternalAwsS3Service:0.40111111111111114
AwsEc2Service:0.37
TestAwsS3Service:0.13666666666666666
