CMSFormProcessor:0.36666666666666664
CMSFormMailerConfig:0.32666666666666666
CMSFormMailer:0.27
CMSFormProcessorMailTask:0.22855555555555554
CMSContentDisplayer:0.17
