AnonymousClassConverter:0.5433333333333333
J2ObjC:0.5166666666666667
AnonymousClassConverterTest:0.17333333333333334
