TypeConverterManagerBean:0.35
MixTest:0.26666666666666666
MutableDoubleConverter:0.12666666666666668
MutableFloatConverter:0.12666666666666668
MutableByteConverter:0.12666666666666668
MutableLongConverter:0.12666666666666668
MutableShortConverter:0.12666666666666668
MutableIntegerConverter:0.12666666666666668
