AbstractOperation:0.7233333333333334
GetCapabilities:0.6652222222222222
