NettyAsyncHttpProvider:0.6233333333333333
Builder:0.2866666666666667
QueryParametersTest:0.23333333333333334
ReaperFuture:0.20833333333333337
ComplexClientTest:0.17027777777777778
