UncompressedCursor:0.43333333333333335
FinalHashAggregationOperator:0.31333333333333335
QueryState:0.26
PartialSumQuery:0.18
ExampleSumAggregation:0.17666666666666667
SumQuery:0.15333333333333332
