ConcordancesEditorInput:0.6166666666666667
OpenBrowser:0.29888888888888887
