ResupplyDetailPanel:0.5833333333333334
ResupplyWindow:0.31551587301587297
