Texture:0.6933333333333334
AssetManager:0.4
LoadedCallback:0.3316666666666667
TextureLoader:0.26000000000000006
AssetLoadingTask:0.203984126984127
BitmapFontLoader:0.17222222222222225
TextureAtlasLoader:0.15888888888888889
AssetManagerTest:0.10333333333333333
LwjglDebugStarter:0.09333333333333334
