EnsJAdapter:0.7966666666666666
EnsJAdapterGUI:0.5333333333333333
