ParserConfig:0.5822222222222223
SerializeConfig:0.35333333333333333
DenyTest11:0.3
