EntityTree:0.45666666666666667
MessageWindow:0.32666666666666666
MessageWindowPanel:0.21777777777777782
DicomEditLocal:0.205
DicomEditBean:0.19666666666666666
