TestUtil:0.5666666666666667
XMLLogHelperTest:0.56
EmailPublisherTest:0.3233333333333333
