SamlIdPConfiguration:0.41333333333333333
SamlIdPProperties:0.17333333333333334
ECPProfileHandlerController:0.14666666666666667
AbstractSamlProfileHandlerController:0.13333333333333333
SSOPostProfileCallbackHandlerController:0.13
SSOPostProfileHandlerController:0.13
SLOPostProfileHandlerController:0.09
IdPInitiatedProfileHandlerController:0.08333333333333333
