EsExecutors:0.4866666666666667
ESTestCase:0.38666666666666666
InternalTestCluster:0.38666666666666666
ClusterModule:0.2633333333333333
ESSingleNodeTestCase:0.17333333333333334
ClusterModuleTests:0.17333333333333334
ClusterSettingsIT:0.16333333333333333
SimpleTTLIT:0.16333333333333333
ShardsAllocatorModuleIT:0.14
ClusterStatsIT:0.12666666666666668
SimpleNodesInfoIT:0.09
