FixedLengthTokenizerTests:0.8719444444444444
FixedLengthTokenizer:0.3933333333333333
