ViewBuilder:0.63
ObjectViewService:0.4266666666666667
Installer:0.19799999999999998
