UsersByUsernameQuery:0.6666666666666666
JdbcDaoImpl:0.4066666666666667
