Viewport:0.7533333333333333
ScalingViewport:0.4666666666666667
ViewportTest1:0.41333333333333333
ExtendViewport:0.31333333333333335
