SqlTaskExecution:0.39666666666666667
ServerMainModule:0.33
SqlTaskManager:0.24
SqlQueryExecutionFactory:0.14333333333333334
TestQueryManagerConfig:0.13666666666666666
SqlQueryManager:0.13
DatabaseLocalStorageManager:0.12666666666666668
DropAliasExecutionFactory:0.023333333333333334
CreateAliasExecutionFactory:0.023333333333333334
DropTableExecutionFactory:0.023333333333333334
HttpRemoteTaskFactory:0.019166666666666665
