EditorAPI:0.66
EditorPool:0.29
FileUtil:0.23666666666666666
SharedResourcesManager:0.18972222222222224
DirtyStateListener:0.14666666666666667
RevertBufferListener:0.09333333333333334
