StackAwareMethodVisitor:0.4633333333333333
ForParameter:0.3720952380952381
MethodSizeHandler:0.3570833333333333
Default:0.2846666666666667
ForReturnValue:0.2035952380952381
ForOrigin:0.19803968253968254
ForThisReference:0.1683730158730159
ForField:0.1678174603174603
WithExitAdvice:0.13333333333333333
AdviceSkipIfTrueTypeTest:0.12333333333333334
