AbbotHelper:0.6366666666666667
Robot:0.58
FrameTesterTest:0.38166666666666665
