HttpWebConnection:0.4533333333333333
SocksConnectionSocketFactory:0.23
HtmlUnitSSLConnectionSocketFactory:0.21666666666666667
SocksSocketFactory:0.18277777777777776
HttpWebConnectionTest:0.16
HtmlUnitHttpClientBuilder:0.13333333333333333
