Color:0.69
Mesh:0.5933333333333334
SpriteBatch:0.36333333333333334
JoglGL10:0.27666666666666667
Font:0.265
ObjTest:0.20333333333333334
OctTest:0.20333333333333334
CollisionTest:0.17333333333333334
TextTest:0.16
Pong:0.15666666666666668
ManagedTest:0.14666666666666667
MeshTest:0.14666666666666667
CollisionMesh:0.13666666666666666
ObjLoader:0.12
PerformanceTest:0.10833333333333334
ModelLoader:0.08666666666666667
MeshShaderTest:0.08333333333333333
OctLoader:0.04
