Factory:0.5466666666666666
MPanel:0.5466666666666666
NoteWidget:0.3
ItemRenderer:0.19777777777777777
