ProfileModule:0.8266666666666667
SharingModuleImpl:0.35
EditZoneShareListsTab:0.31666666666666665
SharingModule:0.28065079365079365
EditZoneShareSettingsDlg:0.2677777777777778
ProfileModuleImpl:0.22333333333333333
GwtShareHelper:0.21
