Transformed:0.8433333333333334
TransformClassVisitor:0.4
TransformCodeVisitor:0.3383333333333333
TransformDemo:0.2733333333333333
TestTransformVisistor:0.25333333333333335
