MatrixUtil:0.7333333333333333
Tensor:0.6
ConvolutionalRBM:0.30333333333333334
LFWRBMExample:0.19333333333333333
VectorizedBackTrackLineSearch:0.15333333333333332
MultiThreadedTweetOpinionMining:0.13333333333333333
MnistConvNet:0.10666666666666667
MatrixUtilTests:0.05
TweetOpinionMining:0.04666666666666667
