Factory:0.5794444444444444
RedefinitionClassVisitor:0.3933333333333333
Default:0.38
TypeInitializerHandler:0.3272804232804233
MethodPool:0.3233333333333333
Drain:0.27051984126984113
AccessBridgeWrapper:0.23333333333333334
Disabled:0.17
ExtractableView:0.16833333333333333
ForCreation:0.07
