Tree:0.5066666666666667
MatrixUtil:0.48333333333333334
RNTN:0.37
TreeParser:0.2388888888888889
TreeTransformerTests:0.19333333333333333
Parallelization:0.18333333333333335
RNTNEval:0.18222222222222223
CollapseUnaries:0.15
RNTNTweetClassification:0.11666666666666667
