ApplicationEntityManager:0.56
BusinessEntityManager:0.4766666666666667
SyncDataSourceConfiguration:0.4066666666666667
WebserviceBean:0.36333333333333334
ApplicationEntityManagerImpl:0.2866666666666667
Util:0.27666666666666667
BusinessEntityManagerImpl:0.27666666666666667
WebserviceBeanRemote:0.25833333333333336
SnmpSyncProvider:0.20111111111111113
KuwaibaService:0.18333333333333332
Constants:0.1
DefaultSyncReader:0.08333333333333333
RemoteSynchronizationGroup:0.05333333333333334
