JpaBookingService:0.6755555555555556
BookingService:0.5141666666666667
