AbstractMultipleEntryOperation:0.6866666666666666
MultipleEntryOperation:0.33666666666666667
PartitionWideEntryOperation:0.33666666666666667
