CloudDirectoryAuthenticationConfiguration:0.45
ClickatellSmsConfiguration:0.14666666666666667
TwilioSmsConfiguration:0.14666666666666667
TextMagicSmsConfiguration:0.14666666666666667
CloudDirectoryProperties:0.12666666666666668
AbstractDynamoDbProperties:0.0
CasConfigurationProperties:0.0
