Session:0.5613888888888888
ArchiverConductor:0.31333333333333335
ReplaySession:0.30333333333333334
ImageArchivingSession:0.2833333333333333
ListDescriptorsSession:0.24
ImageArchivingSessionTest:0.21666666666666667
ReplaySessionTest:0.013333333333333334
