DynamicCollection:0.41
DynamicList:0.37333333333333335
DynamicListIterator:0.335
DynamicSortedList:0.3333333333333333
DynamicIterator:0.27472222222222226
ApplicationContextConfiguration:0.22333333333333333
BaseIntegrationTest:0.18838888888888888
DynamicSortedSet:0.18333333333333332
ExtenderConfigurationTest:0.17333333333333334
ConfigUtils:0.10666666666666667
DefaultOsgiApplicationContextCreator:0.006666666666666667
