GceComputeEngineTest:0.44333333333333336
CloudGcePlugin:0.10333333333333333
GceComputeServiceAbstractMock:0.08666666666666667
GceComputeServiceTwoNodesTwoZonesMock:0.06333333333333334
GceComputeServiceTwoNodesSameTagsMock:0.06333333333333334
GceComputeServiceTwoNodesDifferentTagsMock:0.06333333333333334
GceComputeServiceTwoNodesOneZoneMock:0.06333333333333334
GceComputeServiceImpl:0.02666666666666667
GceUnicastHostsProvider:0.02666666666666667
GceComputeServiceZeroNodeMock:0.016666666666666666
