ServerRequest:0.5633333333333334
Server:0.38333333333333336
ServerActor:0.3622222222222222
