ClusterMergeTask:0.5133333333333333
MergeLifecycleListener:0.22666666666666666
SplitMergeTest:0.16333333333333333
