ContainerBuilder:0.5566666666666666
Context:0.3433333333333333
GuiceFilter:0.30333333333333334
ServletModule:0.05333333333333334
