YearMonth:0.54
MonthDay:0.54
TestYearMonth_Constructors:0.31333333333333335
TestMonthDay_Constructors:0.31333333333333335
