Invocation:0.7433333333333333
InspectionThread:0.38333333333333336
InvocationRegistry:0.19333333333333333
NonResponsiveOperation:0.056666666666666664
InvocationRetryTest:0.056666666666666664
