NettyServerHandler:0.5166666666666667
NettyClientHandler:0.5166666666666667
NettyServerHandlerTest:0.23666666666666666
NettyClientHandlerTest:0.22666666666666666
NettyServerTransport:0.17333333333333334
NettyClientTransport:0.16
