STFBot:0.74
STF:0.6866666666666666
STFWorkbenchBot:0.5166666666666667
WindowMImp:0.44
STFBotImp:0.42
STFWorkbenchBotImp:0.41
STFBotMenuImp:0.4066666666666667
Tester:0.37333333333333335
RosterViewImp:0.35833333333333334
RefactorMImp:0.3233333333333333
SarosMImp:0.3011111111111111
ChatViewImp:0.28833333333333333
SarosCImp:0.26
STFBotEditorImp:0.25666666666666665
STFBotToolbarButtonImp:0.2553333333333333
SessionViewImp:0.25333333333333335
STFBotShellImp:0.2522222222222222
TestBasicWidgetTree:0.24833333333333332
STFBotTableImp:0.24
TestPattern:0.23666666666666666
SarosPreferencesImp:0.23666666666666666
STFBotViewImp:0.2322222222222222
TestSessionView:0.23
TestSVNStateUpdates:0.23
TestSarosPreferences:0.22666666666666666
EditMImp:0.22
TeamCImp:0.21666666666666667
TestEditorByAlice:0.21666666666666667
FileMImp:0.21666666666666667
STFBotTableItemImp:0.21588888888888888
STFBotButtonImp:0.20922222222222223
TestBasicSarosElements:0.2
STFBotTreeItemImp:0.1958888888888889
STFTest:0.19333333333333333
EclipseComponentImp:0.18476190476190477
OpenCImp:0.175
SarosComponentImp:0.17333333333333334
STFBotTreeImp:0.15655555555555556
TestConcurrentEditing:0.15333333333333332
TestMenuRefactor:0.15333333333333332
STFController:0.12333333333333334
TestParallelInvitationWithTerminationByInvitees:0.1
TestShare2UsersSequentially:0.1
TestParallelInvitationWithTerminationByHost:0.1
TestChatViewFunctions:0.1
TestWriteAccessChangeAndImmediateWrite:0.08666666666666667
AbstractRmoteWidget:0.0
