Pinger:0.6833333333333333
LatencyStoringServiceMonitorAdaptor:0.4666666666666667
MultiIcmpMonitor:0.26
PingTest:0.16666666666666666
