DomFlowBuilder:0.6133333333333333
XmlFlowBuilder:0.42333333333333334
