CDKManager:0.4766666666666667
ICDKMolecule:0.45616666666666666
ICDKManager:0.2833333333333333
IteratingBioclipseMDLConformerReader:0.17666666666666667
CDKConformer:0.17333333333333334
