AdminHelper:0.7033333333333334
SearchUtils:0.4066666666666667
GwtMenuHelper:0.29333333333333333
TrackInfo:0.25666666666666665
AuthenticationManagerImpl:0.20800000000000002
AbstractResource:0.19
