OsgiServiceProxyFactoryBean:0.6044444444444443
ServiceDependentOsgiBundleXmlApplicationContext:0.3466666666666667
ApplicationContextCreator:0.25666666666666665
OsgiReferenceNamespaceHandlerTest:0.17666666666666667
Anchor:0.0
