NLoggerNames:0.4494444444444445
SWDownloadFile:0.43333333333333335
SWDownloadSegment:0.34
ExitPhexAction:0.2966666666666667
ConnectionEngine:0.22
IncomingConnectionDispatcher:0.14666666666666667
