ESIntegTestCase:0.42
ElasticsearchAssertions:0.38
RestTestExecutionContext:0.3
ContextAndHeaderTransportIT:0.2833333333333333
CorsRegexIT:0.28
NettyHttpCompressionIT:0.24
Stash:0.22666666666666666
ExceptionSerializationTests:0.19133333333333333
RestMainActionIT:0.19
CorsNotSetIT:0.19
NamingConventionsCheck:0.17
ResponseHeaderPluginIT:0.16666666666666666
DetailedErrorsEnabledIT:0.14
ESRestTestCase:0.14
DoSection:0.13666666666666666
DetailedErrorsDisabledIT:0.11333333333333333
