PairingScoreComparator:0.5866666666666667
AnnotationDiffer:0.4066666666666667
