AbstractBindContext:0.47333333333333333
AbstractContext:0.47333333333333333
AbstractFieldProviderQueryPart:0.32
AbstractBindContext:0.47333333333333333
AbstractContext:0.47333333333333333
AbstractFieldProviderQueryPart:0.32
