AuthInfo:0.7666666666666667
AuthUtil:0.19
AuthSupport:0.181212962962963
