WfTask:0.61
BatchPresentation:0.36
WfProcess:0.3566666666666667
ExecutionLogic:0.30666666666666664
Env:0.215
EnvImpl:0.21333333333333335
ProcessVariableTDBuilder:0.17333333333333334
TaskVariableTDBuilder:0.17333333333333334
TaskLogic:0.16666666666666666
GraphHistoryBuilder:0.16333333333333333
GraphImageBuilder:0.12333333333333334
WfTaskFactory:0.12333333333333334
TasklistBuilder:0.1
EnvBaseImpl:0.09
TaskDeadlineUtils:0.02666666666666667
