RobolectricTestRunner:0.42333333333333334
SdkVersion:0.31166666666666665
SupportFragmentControllerTest:0.31
SdkConfig:0.31
