ClassInfoLight:0.3433333333333333
HierarchyUtils:0.3233333333333333
BackendBean:0.31666666666666665
KuwaibaWebservice:0.30722222222222223
RootObject:0.2633333333333333
AttributeMetadata:0.25333333333333335
MetadataUtils:0.25
RemoteObjectUpdate:0.19111111111111112
Rack:0.08
