NotifyStatus:0.5133333333333333
CoreDaoImpl:0.48333333333333334
AbstractFolderCoreProcessor:0.24883333333333335
MailModuleImpl:0.22383333333333336
