Fetcher:0.655
BreadthCrawler:0.4655555555555555
CollectionFetcher:0.09333333333333334
