SpritePerformanceTest:0.5333333333333333
GdxTests:0.5166666666666667
AndroidTestStarter:0.16666666666666666
MultitouchTest:0.16333333333333333
TestList:0.15333333333333332
