OverViewGFXController:0.4827777777777778
TimeAnalysisViewGFXController:0.47111111111111115
UserStatisticsGFXController:0.38333333333333336
