ContentEditService:0.44666666666666666
ContentEditBean:0.29333333333333333
PatientUpdateBean:0.29
PatientMergeCtrl:0.26666666666666666
