Serialized:0.4533333333333333
StrategyEnumerator:0.37666666666666665
SerializedParser:0.33789682539682536
Exploration:0.32
Template:0.31
StringConsumer:0.27666666666666667
ExplorationDialog:0.20666666666666667
ShapeGenerator:0.20644444444444446
AcceptorEnumerator:0.2
ExplorationTest:0.18333333333333332
TestShapeGenerator:0.17
RecipeTest:0.16666666666666666
TestPatternGraphGenerator:0.13666666666666666
ControlVariablesTest:0.08666666666666667
TemplateList:0.07333333333333333
PLiteral:0.06333333333333334
POptional:0.06333333333333334
PNumber:0.04666666666666667
PIdentifier:0.04666666666666667
PAll:0.04
PChoice:0.013333333333333334
PSequence:0.013333333333333334
PSeparated:0.0033333333333333335
