CropIwaShape:0.6852777777777778
CropIwaOverlayConfig:0.4533333333333333
CropIwaView:0.32666666666666666
CropIwaBitmapManager:0.22666666666666666
CropArea:0.21533333333333332
CropImageTask:0.21333333333333335
RectShapeMask:0.16194444444444445
CropIwaOvalShape:0.12
OvalShapeMask:0.09333333333333334
CropIwaRectShape:0.07666666666666666
