Wizard:0.4533333333333333
Command:0.4241111111111111
Target:0.41
App:0.19
ShrinkSpell:0.12666666666666668
InvisibilitySpell:0.06333333333333334
