Signature:0.7166666666666667
TypeUtils:0.3466666666666667
SpecializedFunctionKey:0.3244444444444444
SqlScalarFunction:0.25
Reflection:0.15666666666666668
