OrderedDocCollector:0.45666666666666667
Visitor:0.38666666666666666
ShardCollectService:0.28
InnerPreparer:0.22083333333333333
CollectPhaseOrderedProjectionBuilderContext:0.12
