GroupProperties:0.6466666666666666
EvictionTest:0.36666666666666664
