El2Test:0.7993333333333333
PlusOpt:0.36333333333333334
