IngestActionFilter:0.4
IngestClientIT:0.2833333333333333
PipelineExecutionService:0.26666666666666666
IngestActionFilterTests:0.09666666666666666
