CasCoreAuthenticationConfiguration:0.4666666666666667
CasBanner:0.44666666666666666
CasCoreAuthenticationSupportConfiguration:0.37
