DBMolecule:0.6166666666666667
DBAtom:0.32666666666666666
DBBond:0.27666666666666667
GeneralUtils:0.2522222222222222
InputAction:0.21666666666666667
AtomicQsarAction:0.15333333333333332
Render3DAction:0.15333333333333332
QsarAction:0.15
GeneratorAction:0.10666666666666667
