MenuItem:0.6266666666666667
HellowWord:0.33297883597883593
SmartMenuWrapper:0.2966666666666667
Application:0.2725925925925926
MenuView:0.013333333333333334
ApplicationUI:0.0011111111111111111
ApplicationTests:0.0011111111111111111
