Error:0.5233333333333333
Search:0.38666666666666666
Property:0.35255555555555557
StateSpaceDot:0.19666666666666666
JPFAdapter:0.19666666666666666
NoUncaughtExceptionsProperty:0.18666666666666668
ConsolePublisher:0.18333333333333332
XMLPublisher:0.18
TestJPF:0.15666666666666668
NotDeadlockedProperty:0.12666666666666668
ExceptionInfo:0.08666666666666667
GenericProperty:0.07333333333333333
