DateTimeUtils:0.37333333333333335
TestTimestamp:0.3
LiteralVisitor:0.25
Visitor:0.25
TestTimestampWithTimeZone:0.24
TimestampWithTimeZoneOperators:0.22666666666666666
KafkaLoadingSession:0.19333333333333333
TestingPrestoClient:0.15
