TestCommandLineUtilities:0.46
DemoObjectConverter:0.35
FedoraAccessSoapServlet:0.27166666666666667
DatastreamConduit:0.27166666666666667
ListDatastreamsServlet:0.19
ListMethodsServlet:0.18066666666666667
AutoModify:0.17733333333333334
Downloader:0.17733333333333334
AutoBatchBuildIngest:0.162
