ReportForYEd:0.4633333333333333
Images:0.44333333333333336
SemanticGedcomUtil:0.19
