ExpressionAnalyzer:0.5816666666666667
GroupingOperationRewriter:0.38
QueryPlanner:0.36
Visitor:0.17
TestGrouping:0.12666666666666668
