AccessControlManager:0.4666666666666667
LocalQueryRunner:0.31333333333333335
TestAccessControlManager:0.31
TestingAccessControlManager:0.24
CatalogAccessControlEntry:0.16
