HTTPMidFetchUnhangedFilter:0.47333333333333333
ARAttributeConstants:0.25594227994228
