Link:0.62
JUnit4ClassRunner:0.45666666666666667
TheoryAnchor:0.23333333333333334
TestElement:0.1
ExpectingException:0.07666666666666666
EachTestNotifier:0.07111111111111112
IgnoreTest:0.06333333333333334
Theories:0.06333333333333334
WithTimeout:0.05333333333333334
WithBeforeAndAfter:0.043333333333333335
Notifying:0.04
StubbedTheoryAnchor:0.03
Invoke:0.02
