CDKMolecule:0.37416666666666665
CDKChemFile:0.32
ICDKMolecule:0.19527777777777777
