EventconfFactory:0.42333333333333334
DatabaseConnectionFactory:0.4066666666666667
ViewFactory:0.4
SnmpPeerFactory:0.26
PollerConfigServlet:0.20333333333333334
