SVGCreator:0.5366666666666666
XMLUtil:0.38333333333333336
FOPCreator:0.33666666666666667
WaveformInfo:0.2575
ECGSupport:0.19333333333333333
