ValueMirrors:0.6205555555555556
StyleInfo:0.4975
ValueAttribute:0.38
Proto:0.3044444444444444
