Buffer:0.5966666666666667
ByteString:0.3933333333333333
ByteStringTest:0.25666666666666665
HashingSink:0.20333333333333334
HashingSource:0.20333333333333334
HashingSourceTest:0.115
HashingSinkTest:0.11166666666666666
