InternalTestCluster:0.6133333333333333
LongGCDisruption:0.38333333333333336
ZenDiscovery:0.33666666666666667
DiscoveryWithServiceDisruptions:0.23666666666666666
