AuditEntitiesConfiguration:0.4766666666666667
MetadataTools:0.45666666666666667
RevisionInfoConfigurationResult:0.3566666666666667
AuditMetadataGenerator:0.23
ValidityAuditStrategy:0.20666666666666667
AuditConfiguration:0.18666666666666668
RevisionInfoConfiguration:0.184
