NewWord:0.5933333333333334
MyStaticValue:0.32666666666666666
LearnTool:0.30666666666666664
WordAlert:0.17333333333333334
TestSigHan:0.09333333333333334
