TransportSQLActionTest:0.4241666666666667
AbstractIndexWriterProjection:0.3433333333333333
Planner:0.30333333333333334
ColumnIndexWriterProjection:0.29333333333333333
PlannerTest:0.2866666666666667
SourceIndexWriterProjection:0.21666666666666667
Context:0.21
SimpleTopNProjector:0.16777777777777778
ProjectionToProjectorVisitor:0.16
ObjectColumnReference:0.08
InsertFromSubQueryAnalyzer:0.06333333333333334
