AbstractServerFactory:0.38
JacksonMessageBodyProvider:0.25633333333333336
DropwizardResourceConfig:0.25133333333333335
AbstractAppenderFactory:0.21666666666666667
DefaultServerFactory:0.21333333333333335
FileAppenderFactoryTest:0.15666666666666668
TestResource:0.14613492063492062
DropwizardClientRuleTest:0.13333333333333333
FakeApplication:0.1
ConsoleAppenderFactoryTest:0.056666666666666664
