WordVectors:0.85
SkipGram:0.36666666666666664
WordVectorsImpl:0.2866666666666667
Word2VecTests:0.28
ParagraphVectorsTest:0.26666666666666666
