CsvLoader:0.5
CsvUtils:0.4633333333333333
ColumnMatchDataRouter:0.21333333333333335
AbstractDataRouter:0.19666666666666666
