CoreDaoImpl:0.5822222222222222
PersistentObject:0.29333333333333333
PersistentLongIdObject:0.29333333333333333
