ThresholdingVisitor:0.44666666666666666
Collectd:0.38666666666666666
CollectableService:0.24333333333333335
ThreshdConfigFactory:0.2
ThresholdingVisitorTest:0.07333333333333333
