TransportSQLActionTest:0.38666666666666666
Collect:0.3566666666666667
PartitionedTableIntegrationTest:0.31333333333333335
DocTableRelation:0.28
SelectPlannerTest:0.27666666666666667
AbstractTableRelation:0.19837301587301587
