CommandLine:0.55
DefaultCommandLine:0.33666666666666667
IntensiveDefaultParserTest:0.31
DefaultParserTest:0.2833333333333333
DefaultCLITest:0.19333333333333333
