ComponentDescriptionContent:0.6933333333333334
ComponentDescriptor:0.42055555555555557
ComponentDescriptionParser:0.38333333333333336
