Collections:0.4266666666666667
CharSeqTest:0.37333333333333335
List:0.35333333333333333
Array:0.2866666666666667
CharSeq:0.215
Queue:0.20333333333333334
Vector:0.20333333333333334
