UnpooledDataSource:0.6566666666666666
PooledConnection:0.475
PooledDataSource:0.37333333333333335
UnpooledDataSourceFactory:0.23666666666666666
PoolState:0.225
