UsingReflection:0.68
AgentBuilderDefaultApplicationTest:0.24333333333333335
Resolution:0.24333333333333335
