MemberStateImpl:0.35333333333333333
NonBlockingIOThreadingModel:0.2966666666666667
MapKeyValueSource:0.27666666666666667
NonBlockingReadHandler:0.2744444444444445
DefaultNodeContext:0.15
