Shape:0.5966666666666667
ShapeFactory:0.38666666666666666
EdgeSignatureSet:0.27666666666666667
PredicateTests:0.25
ShapeMorphism:0.21
ShapeGraph:0.19333333333333333
CertificateStrategy:0.19
ShapeCache:0.19
ShapeNeighEquiv:0.10333333333333333
ShapeStore2:0.10333333333333333
ShapeStore1:0.1
