CAAdminSessionBean:0.533888888888889
UpgradeSessionBean:0.2733333333333333
CaImportCACommand:0.21666666666666667
