NameTable:0.5566666666666666
StatementGenerator:0.4066666666666667
VariableRenamer:0.21
TypeDeclarationGenerator:0.2088888888888889
MetadataGenerator:0.2
OperatorRewriter:0.19
TypeGenerator:0.18666666666666668
EnumRewriter:0.13666666666666666
