AddressQueue:0.5533333333333333
HeapAllocator:0.43
SimpleAllocator:0.41
jq_NativeThread:0.41
DefaultHeapAllocator:0.35333333333333333
SemiConservative:0.29333333333333333
ScanObject:0.19444444444444445
ScanStatics:0.14666666666666667
ScanStack:0.13666666666666666
JoeqVM:0.10333333333333333
CircularAddressQueue:0.05
