Corpus:0.4766666666666667
Partition:0.4266666666666667
Base:0.3433333333333333
