HtmlNoScriptTest:0.4033333333333333
HtmlNoScript2Test:0.3566666666666667
HtmlNoScript:0.3466666666666667
