AnalysisRegistry:0.5333333333333333
TransportAnalyzeActionTests:0.3
CommonAnalysisPlugin:0.2678888888888889
IndexModuleTests:0.24333333333333335
AnalysisModule:0.23805555555555552
PrebuiltAnalysis:0.22666666666666666
AnalysisRegistryTests:0.22666666666666666
KeywordFieldMapperTests:0.22333333333333333
CustomNormalizerTests:0.18333333333333332
AnalysisPlugin:0.14666666666666667
AnalysisPhoneticFactoryTests:0.11
AnalysisSmartChineseFactoryTests:0.11
MultiTermAwareTokenFilterFactory:0.09333333333333334
CommonAnalysisFactoryTests:0.08666666666666667
MockAnalysisPlugin:0.045
AnalysisPolishFactoryTests:0.04
AnalysisICUFactoryTests:0.04
AnalysisKuromojiFactoryTests:0.04
