Catalog:0.51
ListRecordingsSession:0.32666666666666666
ArchiveConductor:0.31333333333333335
CatalogTest:0.20333333333333334
