ElementMatch:0.6977777777777778
GPDSearchPage:0.2733333333333333
ProcessDefinitionSearchVisitor:0.23166666666666666
UpdateSwimlaneNameDialog:0.23
RenameVariableSelectionListener:0.22030555555555556
XMLEditorDialog:0.19666666666666666
RenameRefactoringWizard:0.1868214285714286
UpdateVariableNameDialog:0.17
TextEditorDialog:0.16666666666666666
DesignerVariableEditorPage:0.16333333333333333
GlobalValidatorsWizardPage:0.13666666666666666
GPDSearchQuery:0.13333333333333333
GPDTreeLabelProvider:0.12843434343434343
CopyAction:0.11333333333333333
PasteAction:0.11333333333333333
PortabilityRefactoring:0.07666666666666666
Presentation:0.02666666666666667
