TextToSpeech:0.8466666666666667
TextToSpeechImpl:0.38666666666666666
GlobalListener:0.315
