ThesaurusManager:0.94
KeywordsStrategy:0.41333333333333333
Upload:0.38
Finder:0.08333333333333333
