LikeOperatorTest:0.44666666666666666
RegexpMatchOperatortest:0.2633333333333333
OrOperatorTest:0.18333333333333332
AndOperatorTest:0.18333333333333332
