Triangle3D:0.5533333333333333
Point2d:0.3933333333333333
LineSegment2DIndices:0.3566666666666667
Tetrahedron:0.28
DeWall3D:0.2733333333333333
LineSegment2D:0.26
TrianglePlusVertexArray:0.25666666666666665
Plane:0.23333333333333334
BoundingPolygon2D:0.22
Voxel:0.21
Main:0.20666666666666667
Uniform2DGrid:0.16777777777777778
OrderedListTriangule3D:0.16333333333333333
OrderedListLineSegment2dIndices:0.16
DeWall2D:0.11
Uniform3DGrid:0.09666666666666666
Uniform2DGridCell:0.08777777777777779
STLFile:0.08
Triangle2D:0.03333333333333333
