Logger:0.4866666666666667
NetworkHostsContainer:0.3466666666666667
GUIUtils:0.18333333333333332
NewDownloadDialog:0.16333333333333333
LoopbackUriDispatcher:0.08666666666666667
IPChangedListener:0.013333333333333334
