JCell:0.6266666666666667
GraphJEdge:0.41
TypeLabel:0.37333333333333335
GraphToTikz:0.3433333333333333
GraphJVertex:0.34
JGraph:0.2866666666666667
AspectJEdge:0.21
AspectJVertex:0.21
StateJVertex:0.2
EditableJEdge:0.2
EditableJVertex:0.15
