SharedMapFlowExecutionRepositoryFactory:0.6947222222222222
AbstractFlowExecutionRepositoryFactory:0.5266666666666666
