ServiceDynamicInterceptor:0.5933333333333334
RetryTemplate:0.44333333333333336
OsgiServiceProxyFactoryBean:0.27
OsgiServiceDynamicInterceptorTest:0.24
OsgiServiceProxyEqualityTest:0.17
ServiceProxyTst:0.13666666666666666
OsgiServiceDynamicInterceptorListenerTest:0.13333333333333333
OsgiServiceDynamicInterceptorSyntheticEventsTest:0.12333333333333334
EventSenderRetryTemplate:0.03
RetryTemplateTest:0.006666666666666667
ReferenceInterruptTest:0.006666666666666667
