SpanNearQueryBuilder:0.4866666666666667
SimpleIndexQueryParserTests:0.4533333333333333
QueryBuilders:0.3333333333333333
SearchQueryTests:0.27
SpanNearQueryParser:0.11666666666666667
