CAAdminSession:0.6902777777777778
CAAdminSessionBean:0.49666666666666665
CADataHandler:0.38333333333333336
CAsTest:0.35
