DB:0.7033333333333334
DBCursor:0.39
BasicDBObjectBuilder:0.2833333333333333
