X_AD_PosPrintFormatElement:0.6655555555555556
PayCashTicketFormatter:0.5366666666666666
CalloutTicket:0.11333333333333333
