Layer:0.5433333333333333
Builder:0.41333333333333333
MultiLayerNetwork:0.37666666666666665
RNTN:0.2966666666666667
ConvolutionUtils:0.28944444444444445
MultiLayerTest:0.2633333333333333
ListBuilder:0.24666666666666667
SubsamplingLayer:0.22
DefaultLayerFactory:0.20777777777777778
BaseLayer:0.19666666666666666
ConvolutionPostProcessor:0.19666666666666666
ConvolutionLayer:0.17
ConvolutionDownSampleLayer:0.1361111111111111
RecursiveAutoEncoder:0.125
LayerFactories:0.043333333333333335
