ValueType:0.6533333333333333
ValueAttribute:0.51
Constitution:0.27666666666666667
SwitcherModel:0.13
