BundleClassPathTest:0.4266666666666667
OsgiBundleResourcePatternResolver:0.42
ClassSpaceWildcardTest:0.4166666666666667
OsgiResourceUtils:0.16666666666666666
BundleClassPathWildcardTest:0.15666666666666668
