AdminErrorResult:0.36
AbstractBasicEntity:0.35333333333333333
AbstractBasicEntityJSONWrapper:0.28
BundleAwareRequestBean:0.18666666666666668
AbstractObjectJSONWrapper:0.14
RequestAwareRequestBean:0.11
IHasXMLStringRepresentation:0.0011111111111111111
