Result:0.49666666666666665
DFA:0.4666666666666667
TypeGraph:0.45
RegAut:0.43011904761904757
TypeGuard:0.39
SimpleNFA:0.38333333333333336
Wildcard:0.35333333333333333
RuleLabel:0.3
MatrixAutomaton:0.2833333333333333
CtrlBuilder:0.2733333333333333
RegExprEdgeSearchItem:0.2733333333333333
DFAState:0.2633333333333333
RegExprEdgeMultipleRecord:0.22833333333333333
ImplicitTypeGraph:0.22
MatchingAlgorithm:0.21666666666666667
DFATest:0.19777777777777777
AbstractAutomatonTest:0.19
RegAutCalculator:0.16666666666666666
function_return:0.14833333333333334
stat_return:0.14833333333333334
recipe_return:0.14833333333333334
block_return:0.14833333333333334
type_return:0.14833333333333334
rule_return:0.14833333333333334
package_decl_return:0.14833333333333334
functions_return:0.14833333333333334
arg_return:0.14833333333333334
program_return:0.14833333333333334
literal_return:0.14833333333333334
recipes_return:0.14833333333333334
var_decl_return:0.14833333333333334
import_decl_return:0.14833333333333334
CompositeTypeModel:0.14333333333333334
Recogniser:0.056111111111111105
SimpleAutomatonTest:0.0
MatrixAutomatonTest:0.0
