HttpConnection:0.6533333333333334
HttpRequest:0.5133333333333333
SocketHttpConnection:0.29
