HTMLScanner:0.33666666666666667
ContentScanner:0.32666666666666666
ElementRemover:0.29
HTMLTagBalancer:0.29
DefaultFilter:0.23666666666666666
Writer:0.21
Tester:0.19
HTMLElements:0.10688888888888888
