IStructuredbInstanceManager:0.7968253968253968
StructuredbInstanceManager:0.783047619047619
StructuredbInstanceManagerTest:0.2966666666666667
