NonBlockingIOThread:0.3466666666666667
NonBlockingTcpIpConnectionThreadingModel:0.22333333333333333
TcpIpConnection_AbstractTest:0.15
TcpIpConnectionManager_ConnectTest:0.14
NonBlockingOutputThread:0.13666666666666666
TcpIpConnection_BasicTest:0.09666666666666666
TcpIpConnectionManager_TransmitTest:0.06
TcpIpConnection_TransferStressTest:0.06
NonBlockingInputThread:0.04666666666666667
