FullPrunedBlockChain:0.47333333333333333
Verifyer:0.4666666666666667
