CollectionProxy:0.69
CollectionRefIngEntity:0.5975000000000001
CollectionRefEdEntity:0.5975000000000001
