MessageFramer:0.39
NettyClientStream:0.28
AbstractClientStream:0.28
NettyServerStreamTest:0.27666666666666667
MessageFramerTest:0.2733333333333333
OkHttpClientStream:0.23444444444444443
AbstractStream:0.18666666666666668
AbstractServerStream:0.18333333333333332
NettyServerHandlerTest:0.18
BytesWritableBufferAllocator:0.10682539682539684
