InitService:0.44666666666666666
AdminConsole:0.3233333333333333
Starter:0.23
ArticleGenerator:0.14
