ObjectFactory:0.39
SpringObjectFactoryTest:0.26666666666666666
DummyContainer:0.26
AnnotationValidationConfigurationBuilderTest:0.26
ReflectionProvider:0.22694444444444442
DefaultValidatorFactory:0.19799999999999998
DefaultValidatorFileParser:0.19666666666666666
OgnlReflectionProvider:0.18333333333333332
