AdminClientProperties:0.5533333333333333
AdminClientPropertiesTest:0.29333333333333333
SpringBootAdminClientAutoConfigurationTest:0.21666666666666667
TesConfig:0.13166666666666665
