LuceneQueryBuilderTest:0.39666666666666667
OperatorModule:0.2561349206349206
LongQueryBuilder:0.21333333333333335
IntegerQueryBuilder:0.21333333333333335
FloatQueryBuilder:0.21333333333333335
DoubleQueryBuilder:0.21333333333333335
BooleanQueryBuilder:0.17666666666666667
QueryBuilderHelper:0.17666666666666667
StringQueryBuilder:0.14333333333333334
