ContentControl:0.6466666666666666
HistoryHelper:0.4633333333333333
AdminControl:0.2966666666666667
