InitService:0.525
ArticleSender:0.25166666666666665
AdminConsole:0.24
ArticleUpdater:0.17166666666666666
CaptchaProcessor:0.14666666666666667
CommentSender:0.14666666666666667
BlogProcessor:0.14333333333333334
ChanceProcessor:0.14333333333333334
