Overlay:0.7066666666666667
WLFilter:0.33
DicomImageFilter:0.2866666666666667
ImageCache:0.26
