ListTasksResponse:0.5908333333333333
BaseTasksRequest:0.44333333333333336
TransportTasksActionTests:0.21333333333333335
