InflaterInputStreamWrapper:0.44
jq_InstanceMethod:0.37333333333333335
ZipFile:0.36666666666666664
jq_InstanceField:0.34
