DatabaseDocumentImpl:0.5822222222222222
DatabaseCorpusImpl:0.4033333333333333
