ResourcesManager:0.6533333333333333
InfoPathFormView:0.37333333333333335
GUI:0.32666666666666666
ViewChangeListener:0.21888888888888886
UrlHelper:0.20583333333333334
SystemTray:0.19666666666666666
