Session:0.47333333333333333
Builder:0.44
ClientSession:0.42
ClientSessionProperty:0.27666666666666667
SessionContext:0.24666666666666667
SessionRepresentation:0.22
PrestoConnection:0.18
SessionBuilder:0.17
TestingSessionContext:0.16333333333333333
StatementClientV1:0.15666666666666668
HttpRequestSessionContext:0.1511111111111111
TestClientOptions:0.14
TestQueryRunner:0.11666666666666667
QuerySessionSupplier:0.10666666666666667
BenchmarkDriverOptions:0.10333333333333333
ClientOptions:0.09666666666666666
ClientResourceEstimate:0.08
ResourceEstimateBuilder:0.008333333333333333
PrestoHeaders:0.0
