BoundedLocalCache:0.5466666666666666
IsValidBoundedLocalCache:0.2866666666666667
BoundedLocalLoadingCache:0.2777777777777778
AddTask:0.2633333333333333
RemovalTask:0.2633333333333333
UpdateTask:0.25666666666666665
BoundedLocalAsyncLoadingCache:0.25666666666666665
IsCacheReserializable:0.25083333333333335
BoundedLocalCacheTest:0.24666666666666667
Stresser:0.19
EntryIterator:0.13333333333333333
