BalanceFutureRequest:0.6201507936507936
Wallet:0.53
WalletTest:0.3333333333333333
WalletProtobufSerializerTest:0.2
ChainSplitTest:0.19333333333333333
Threading:0.19333333333333333
PeerTest:0.18666666666666668
PeerGroupTest:0.16
