FilterPathTokenPredicate:0.6183333333333333
ScanPathToken:0.5
PathComponentAnalyzer:0.46888888888888886
