GlyphLayout:0.7033333333333334
BitmapFontData:0.5788888888888889
BitmapFontTest:0.2
