PersistenceManager:0.7633333333333333
RequestContext:0.6366666666666667
ServerRequestContext:0.49
SQLPersistenceManagerImpl:0.37
AssociationDAO:0.2063888888888889
LifeCycleManagerImpl:0.19444444444444445
IdentifiableDAO:0.19333333333333333
QueryManagerImpl:0.19
SQLQueryProcessor:0.15
