VarianceAggregation:0.23666666666666666
ApproximateDoubleSumAggregation:0.20333333333333334
ApproximateLongSumAggregation:0.20333333333333334
AggregationUtils:0.12666666666666668
ApproximateDoubleSumState:0.075
ApproximateLongSumState:0.075
