ProfileModule:0.8233333333333334
ProfileModuleImpl:0.6022222222222222
WorkspaceTreeController:0.2846666666666667
