PathTreeAggregationsNode:0.8276666666666667
RefererTreeAggregationsNode:0.49166666666666664
