CertUtils:0.5266666666666666
CRLDistributionPointRevocationChecker:0.25
X509SubjectPrincipalResolver:0.23666666666666666
X509SubjectAlternativeNameUPNPrincipalResolver:0.22333333333333333
X509CredentialsAuthenticationHandlerTests:0.18333333333333332
