WikiUserAuth:0.7333333333333333
JAMWikiAnonymousProcessingFilter:0.3
AnsiDataHandler:0.2966666666666667
ServletUtil:0.2866666666666667
AdminServlet:0.18
UpgradeServlet:0.15333333333333332
SetupServlet:0.15333333333333332
