Service:0.44666666666666666
Spark:0.44666666666666666
SslStores:0.42
SocketConnectorFactory:0.19666666666666666
