ResponseCacheTest:0.56
CacheHttpURLConnection:0.49
JavaApiConverter:0.32666666666666666
CacheAdapterTest:0.24800000000000003
AndroidInternal:0.16861111111111113
