GrpclbLoadBalancerTest:0.66
GrpclbState:0.5566666666666666
GrpclbLoadBalancer:0.36666666666666664
GrpclbLoadBalancerFactory:0.11666666666666667
