PipelineStore:0.31
GeoIpProcessor:0.3
GeoProcessorFactoryTests:0.27666666666666667
Factory:0.134
PutPipelineTransportAction:0.06666666666666667
GrokProcessor:0.023333333333333334
