ToOneIdMapper:0.4666666666666667
ToOneRelationMetadataGenerator:0.42
OneToOneNotOwningMapper:0.38
OneToOnePrimaryKeyJoinColumnMapper:0.09666666666666666
