NodeLayout:0.54
TreeLayout:0.49666666666666665
Orientation:0.45666666666666667
DnDResizeNode:0.25333333333333335
truefalse:0.10666666666666667
falsefalse:0.10666666666666667
truetrue:0.10666666666666667
falsetrue:0.10666666666666667
