JChemPaintPanel:0.48333333333333334
JChemPaint:0.43
JChemPaintEditorPanel:0.32666666666666666
AppCloser:0.15666666666666668
