QueryAnalysisProvider:0.7516111111111111
SetValueComputer:0.38333333333333336
