HttpPostCommandProcessor:0.47333333333333333
WanPublisherConfig:0.39
ManagementDataSerializerHook:0.32666666666666666
WanReplicationConfig:0.27666666666666667
WanReplicationService:0.2517063492063492
WanReplicationServiceImpl:0.18333333333333332
RestTest:0.15
HTTPCommunicator:0.14111111111111113
WanConsumerConfig:0.09666666666666666
HttpCommandProcessor:0.0
