UserProfile:0.8094444444444445
MethodsGroup:0.29333333333333333
