SqlBuilder:0.5633333333333334
QueryCmd:0.41
WadoQueryCmd:0.2633333333333333
GPWLQueryCmd:0.14
MWLQueryCmd:0.13
MPPSQueryCmd:0.11
GPPPSQueryCmd:0.11
QueryStudiesCmd:0.10666666666666667
