PreMatch:0.5533333333333333
Transform:0.5533333333333333
ShapeNeighEquiv:0.4533333333333333
Parameters:0.41777777777777775
