X_C_DocType:0.688888888888889
MCost:0.37833333333333335
MCash:0.35333333333333333
