TermAppender:0.5
Publication:0.49333333333333335
TermAppenderTest:0.4866666666666667
SenderTest:0.32
PublicationTest:0.23666666666666666
RetransmitHandlerTest:0.18333333333333332
