DatastreamManagedContent:0.4997619047619048
JMSManager:0.4766666666666667
ObjectInfo:0.47333333333333333
ValidationResultNotation:0.3933333333333333
ObjectSource:0.372
ValidatorProcessParameters:0.35
BasicObjectInfo:0.31666666666666665
ValidatorProcess:0.2966666666666667
ValidationResult:0.29
RelationshipInfo:0.27666666666666667
DatastreamInfo:0.27666666666666667
DefaultManagement:0.265
DefaultDOManager:0.25333333333333335
FOXMLDODeserializer:0.22
AtomDODeserializer:0.21666666666666667
METSFedoraExtDODeserializer:0.21666666666666667
TestValidatorProcessParameters:0.215
JMSManagerTest:0.21
TestManagementNotifications:0.20666666666666667
TypeUtility:0.20666666666666667
TestManagedDatastreams:0.2
MySQLDDLConverter:0.18333333333333332
McKoiDDLConverter:0.18333333333333332
ContentModelInfo:0.182
StringUtility:0.18166666666666667
Log4jValidationResults:0.17333333333333334
TestMessagingClient:0.17
TableCreatingConnection:0.16666666666666666
RemoteObjectSource:0.16333333333333333
FedoraAPIABindingSOAPHTTPImpl:0.16333333333333333
TestObjectValidator:0.16
ThreadMonitorModule:0.15666666666666668
MockObjectSource:0.15111111111111108
TestDsCompositeModelDoc:0.14833333333333334
NormalizedURI:0.14333333333333334
InvalidContentModelException:0.14333333333333334
ObjectValidator:0.14333333333333334
Foxml11Document:0.14333333333333334
MessagingImpl:0.10666666666666667
OracleDDLConverter:0.10666666666666667
PostgresDDLConverter:0.10666666666666667
TestPidfileIterator:0.09722222222222221
TableSpec:0.09333333333333334
JmsMessagingClient:0.09166666666666666
TestLargeDatastreams:0.08833333333333333
ValidationUtilityTest:0.08666666666666667
ValidationUtility:0.08333333333333333
ValidatorProcessUsageException:0.06
DsCompositeModelDoc:0.043333333333333335
BasicContentModelInfo:0.04
AllCommonSystemTests:0.03
Log4jValidationResult:0.023333333333333334
Log4jNote:0.015
PidfileIterator:0.011666666666666667
