CacheRecord:0.604388888888889
AbstractCacheRecordStore:0.5766666666666667
CacheReplicationOperation:0.21333333333333335
AbstractCacheRecord:0.16
