HttpClientImpl:0.596111111111111
ConnectionManager:0.35430952380952385
