HeliosSoloDeployment:0.7066666666666667
Builder:0.41333333333333333
HeliosSoloIT:0.23666666666666666
HeliosSoloDeploymentTest:0.15
