AbstractServerEngine:0.5913333333333334
EditorEngine:0.49666666666666665
