ParserRule:0.16008846
TokenMarker:0.14483343
XModeHandler:0.079439856
KeywordMap:0.06801993
JEditBuffer:0.038707197
Token:0.034593437
StandaloneTextArea:0.021637896
DefaultTokenHandler:0.020048574
Chunk:0.019012278
Buffer:0.014705084
DisplayTokenHandler:0.005177642
