NBrowseApplet:0.49
EdgeFilterTypeGui:0.3433333333333333
AbstractView:0.2675
RainbowGUI:0.22333333333333333
EdgeFilterView:0.19666666666666666
