FilterModifWord:0.6733333333333333
KeyWordComputer:0.30333333333333334
DicAnalysis:0.24333333333333335
