FakeAsyncProtocol:0.63
AtmosphereResponse:0.51
WebSocketProcessor:0.49
Builder:0.26
WebSocketPubSub:0.22
EchoProtocol:0.22
AsyncProtocol:0.14133333333333334
SimpleHttpProtocol:0.11333333333333333
