WebWindow:0.6766666666666666
WebClient:0.6716666666666666
JavaScriptJobManagerImpl:0.30666666666666664
PopupPseudoWebWindow:0.25333333333333335
WebClientWaitForBackgroundJobsTest:0.25
WebTestCase:0.21333333333333335
WebWindowImpl:0.16
WebClientTest:0.14666666666666667
AttributesTest:0.14333333333333334
TopLevelWindow:0.11666666666666667
LibraryDependencyTest:0.08666666666666667
JavaScriptJobManagerMinimalTest:0.07444444444444444
WaitingRefreshHandlerTest:0.056666666666666664
TestThread:0.03666666666666667
