LoginFilter:0.45666666666666667
WebKeys:0.426626984126984
PermaLinkUtil:0.38666666666666666
