DetailsFragment:0.35333333333333333
Person:0.33
MailsFragment:0.225
MainActivity:0.2
MenuFragment:0.14333333333333334
DefaultAccountManager:0.13666666666666666
RandomMailGenerator:0.13666666666666666
