AbstractNode:0.3333333333333333
DefaultReports:0.27666666666666667
ChildrenProvider:0.27051984126984113
ShowServiceInstanceExplorerAction:0.19
AbstractDashboard:0.19
ShowMPLSTunnelExplorerAction:0.19
ShowVLANExplorerAction:0.19
AbstractProperty:0.15
AbstractAction:0.14
LabelNode:0.11666666666666667
ReportsDashboardWidget:0.11666666666666667
DateProperty:0.1
ServiceManagerDashboard:0.1
InventoryObjectNode:0.08333333333333333
AbstractComposedAction:0.043333333333333335
DeleteInventoryObjectAction:0.043333333333333335
RemoveContainmentNodeAction:0.043333333333333335
StringProperty:0.04
RelationshipsTree:0.03216666666666666
SimpleTree:0.023333333333333334
SimpleContainmentTree:0.013333333333333334
SimpleContentOnlyDashboardWidget:0.01
IPAddressManagerDashboard:0.008888888888888889
ConnectLinksAction:0.006666666666666667
GetViewAction:0.006666666666666667
PropertyFactory:0.0033333333333333335
PropertySheet:0.0
