ProfileCoreProcessor:0.6233333333333333
LdapModule:0.6133333333333333
DefaultProfileCoreProcessor:0.31
GroupCoordinator:0.31
ProfileModuleImpl:0.27666666666666667
UserCoordinator:0.24333333333333335
DefaultLdapSynchronization:0.23826767676767677
NullLdapModuleImpl:0.205
LdapModuleImpl:0.19666666666666666
LdapSyncResults:0.11444444444444445
LdapServiceImpl:0.08
ConfigureLdapController:0.06527777777777777
