DeleteResponse:0.3466666666666667
IndexResponse:0.3466666666666667
Builder:0.18333333333333332
IndexResponseTests:0.15666666666666668
DeleteResponseTests:0.15
