ParserRule:0.53
TokenMarker:0.31
LineContext:0.21333333333333335
XModeHandler:0.19083333333333333
TextUtilities:0.15333333333333332
TagDecl:0.13333333333333333
