RelevanceDashboardHelper:0.635
ObjectKeys:0.426626984126984
RelevanceAjaxController:0.37666666666666665
