Multibinder:0.4533333333333333
MapBinder:0.33666666666666667
RealMultibinder:0.31666666666666665
PermitDuplicatesModule:0.19333333333333333
MultibinderTest:0.17666666666666667
MapBinderTest:0.17333333333333334
RealMapBinder:0.16333333333333333
