Filters:0.4266666666666667
Projections:0.254
BsonField:0.192
PushOptions:0.17333333333333334
Aggregates:0.16
WithEachUpdate:0.15333333333333332
Sorts:0.15
TextSearchOptions:0.14666666666666667
AndFilter:0.14666666666666667
GroupStage:0.12333333333333334
GeometryOperatorFilter:0.1
FieldsProjection:0.09
IterableOperatorFilter:0.08333333333333333
OperatorFilter:0.08
SimpleExpression:0.08
SimplePipelineStage:0.08
SimpleFilter:0.08
SimpleEncodingFilter:0.08
OrNorFilter:0.07948941798941801
TextFilter:0.06666666666666667
CompoundSort:0.06666666666666667
CompositeUpdate:0.043333333333333335
PullAllUpdate:0.043333333333333335
PushUpdate:0.043333333333333335
SimpleUpdate:0.043333333333333335
ElemMatchFilterProjection:0.04
NotFilter:0.04
