Peer:0.5533333333333333
PeerGroup:0.40555555555555556
VersionMessage:0.39
