GraphElement:0.76
CalendarConfig:0.45666666666666667
ConstructorView:0.31666666666666665
XmlBasedConstructorProvider:0.16666666666666666
GroovyDecisionProvider:0.13666666666666666
CalendarHandlerProvider:0.11666666666666667
EscalationActionHandlerProvider:0.11333333333333333
SendEmailActionHandlerProvider:0.11
BaseCommonStorageHandlerCellEditorProvider:0.08
DocxHandlerCellEditorProvider:0.08
BaseExcelHandlerCellEditorProvider:0.08
