VersionRewriteFilter:0.5383333333333333
AbstractBasicContentConfig:0.45777777777777773
