IndicesService:0.54
SearchService:0.32666666666666666
FailOnRewriteQueryBuilder:0.2966666666666667
PercolatorQuerySearchIT:0.27666666666666667
