DBCollection:0.56
DB:0.5433333333333333
Mongo:0.4266666666666667
