UIData:0.43333333333333335
TaskListing:0.43166666666666664
TaskFolderView:0.37666666666666665
BlogFolderView:0.241984126984127
ViewBase:0.17833333333333334
