ModuleAddress:0.6666666666666666
ModuleProperties:0.6533333333333333
KernelServices:0.5616666666666666
ModuleDependencies:0.5533333333333333
DefaultModuleProperties:0.5333333333333333
ModuleReferenceList:0.44666666666666666
ModuleContext:0.33666666666666667
SourceFileException:0.30333333333333334
Modules:0.29333333333333333
KernelContext:0.29
ModuleDataException:0.29
QedeqConfig:0.26666666666666666
Qedeq2Latex:0.26666666666666666
KernelState:0.2633333333333333
Qedeq2Xml:0.25333333333333335
Qedeq2Wiki:0.23333333333333334
QedeqBoFactory:0.23
DefaultModuleAddress:0.21666666666666667
QedeqBoFormalLogicChecker:0.21333333333333335
QedeqBoDuplicateLanguageChecker:0.19777777777777777
ModuleConstantsExistenceChecker:0.16
Kernel:0.15
LoadRequiredModules:0.14666666666666667
QedeqBo:0.14466666666666667
DefaultModuleReferenceList:0.11666666666666667
Xml2Xml:0.08666666666666667
Funcon:0.08333333333333333
Predcon:0.08333333333333333
LoadingState:0.08333333333333333
Xml2Latex:0.08
DefaultQedeqBo:0.056111111111111105
IllegalModuleDataException:0.043333333333333335
LogicalState:0.021666666666666667
XmlModuleLoader:0.016666666666666666
ModuleLabels:0.016666666666666666
DependencyState:0.011666666666666667
ModuleFileNotFoundException:0.0025
LogicalStateDescriptions:0.0
ModuleLoadingException:0.0
LoadingStateDescriptions:0.0
DependencyStateDescriptions:0.0
