StatefulRetryStepFactoryBeanTests:0.44666666666666666
FaultTolerantChunkOrientedTasklet:0.25
SimpleRetryExceptionHandler:0.24666666666666667
SkipLimitStepFactoryBeanTests:0.12666666666666668
