RobolectricPackageManager:0.8088095238095238
DefaultPackageManager:0.6366666666666667
ParallelUniverse:0.5633333333333334
