MFAnalyser:0.7
JChemPaintModel:0.5327777777777777
AddHydrogenAction:0.15955555555555556
