Administrator:0.6566666666666666
LoginDialog:0.33666666666666667
SwingWorker:0.22
Login:0.20333333333333334
DatastreamPane:0.16
APIAStubFactory:0.1
APIMStubFactory:0.1
