Mirror:0.58
JsonEntityField:0.37333333333333335
Json:0.32
JsonEntity:0.29
JsonTest:0.29
JsonRenderImpl:0.20666666666666667
ObjCompileImpl:0.17666666666666667
JsonEntityTest:0.15333333333333332
ObjConvertImpl:0.12666666666666668
JsonException:0.09666666666666666
