HopSymbolTableWalker:0.5966666666666667
IntermediateExecutionBuilder:0.27
StepFactory:0.23
DFA19:0.11466666666666667
loop_type_return:0.06333333333333334
