Pac4jAuthenticationEventExecutionPlanConfiguration:0.5733333333333334
DelegatedClientAuthenticationAction:0.3175
Pac4jCasProperties:0.18666666666666668
Pac4jGenericClientProperties:0.18666666666666668
