VocabWord:0.36666666666666664
Builder:0.36
Index:0.24333333333333335
Word2VecChange:0.23611111111111113
Word2Vec:0.23333333333333334
Counter:0.22666666666666666
InMemoryLookupCache:0.22333333333333333
Word2VecTest:0.20666666666666667
SentenceBatch:0.085
