PartitionService:0.7166666666666667
Node:0.5933333333333334
PartitionProxy:0.2733333333333333
MapReduceService:0.21333333333333335
Backup:0.20333333333333334
ServiceManager:0.18666666666666668
BasicOperationService:0.18
PartitionServiceProxy:0.17666666666666667
GetPartitionsRequest:0.17
RuntimeStateRequest:0.12333333333333334
ClusterPropsRequest:0.11666666666666667
