JpgHeaderExtractor:0.6833333333333333
JpgExtractorTest:0.27666666666666667
