ObjectKeys:0.5496507936507937
AbstractBinderProcessor:0.4266666666666667
NetFolderHelper:0.41333333333333333
GwtNetFolderHelper:0.33666666666666667
