RepositoryException:0.6633333333333333
WebdavRepositorySession:0.38333333333333336
FileRepositorySession:0.33666666666666667
RepositoryServiceUtil:0.25
FileRepositorySessionFactory:0.17333333333333334
