ServerCockpit:0.66
ServerLayer:0.58
AbstractLayer:0.35
ServerCockpitChangeLayoutTest:0.31
Selector:0.28
LayerRenderer:0.24333333333333335
NativeWindowManager:0.23111111111111116
ServerMessageProcessor:0.19
WindowsWindowManager:0.18333333333333332
