InMemoryLookupCache:0.5266666666666666
InMemoryLookupTable:0.35
Word2Vec:0.22972222222222224
SentenceBatch:0.17333333333333334
VocabCacheFunction:0.15666666666666668
BaseSparkTest:0.14
VocabActor:0.13666666666666666
TextPipelineTest:0.09
TextPipeline:0.06666666666666667
TokentoVocabWord:0.03666666666666667
ReduceVocabFunction:0.03
