Builder:0.41333333333333333
UnionNode:0.38
ActualProperties:0.36666666666666664
Global:0.35333333333333333
Partitioning:0.3333333333333333
PartitionFunctionBinding:0.30666666666666664
ChildReplacer:0.24666666666666667
Visitor:0.23166666666666666
TestAddExchanges:0.20666666666666667
TestEffectivePredicateExtractor:0.20666666666666667
Rewriter:0.1975
AddExchanges:0.14666666666666667
