Heritrix:0.5666666666666667
CrawlJobHandler:0.3466666666666667
AbstractFrontier:0.32
CrawlOrder:0.2683333333333333
