Protocol:0.6133333333333333
BinaryJedis:0.45
BinaryClient:0.43666666666666665
BasicCommands:0.2866666666666667
