Controller2DHub:0.4866666666666667
IChemModelRelay:0.27166666666666667
MoveModule:0.14
HighlightModule:0.06666666666666667
AddRingModule:0.05333333333333334
AddAtomModule:0.05333333333333334
AddBondModule:0.04
RemoveModule:0.03
ChangeFormalChargeModule:0.03
