SpdyStream:0.6233333333333333
SpdyConnection:0.45
SpdyDataInputStream:0.42
SpdyDataOutputStream:0.2733333333333333
