ParameterizedTestDemo:0.5533333333333333
EnumSourceTests:0.3852380952380952
