EmptyArray:0.801
StrictLineReader:0.6133333333333333
Streams:0.5122222222222222
