StringUtils:0.8266666666666667
LdapUserPlugin:0.35
StringUtilsTest:0.29333333333333333
