IMolecule:0.6066666666666667
CDKManager:0.5233333333333333
CDKMolecule:0.42333333333333334
DBMolecule:0.24333333333333335
MoleculesIndexEditorInput:0.17
TestCDKMolecule:0.16333333333333333
OpenInEditorAction:0.14666666666666667
PredictWizard:0.13666666666666666
NewFromSMILESWizard:0.13666666666666666
SMILESMolecule:0.12333333333333334
MockMolecule:0.12333333333333334
NewSpecMolWizard:0.11666666666666667
