ReflectUtils:0.7633333333333333
MethodProxy:0.2833333333333333
EnhancerGenerator:0.25666666666666665
TestEnhancer:0.23083333333333333
GetIndexCallback:0.2288888888888889
CodeGenerator:0.20333333333333334
TestFastClass:0.16777777777777778
FastMethod:0.14666666666666667
MemberSwitchBean:0.11777777777777776
FastClassGenerator:0.09333333333333334
