TransformTestCase:0.5316666666666666
TestCase:0.43333333333333335
AuthorityFactoryTest:0.4166666666666667
AffineTransformTest:0.3933333333333333
