DatabaseShardManager:0.5833333333333334
MetadataConfig:0.4633333333333333
TestDatabaseShardManager:0.36
StorageModule:0.34
TestMetadataConfig:0.15
