MextraTests:0.4866666666666667
McoreTests:0.4166666666666667
OpenSourceJVMTestSuiteTests:0.29
