Util:0.49833333333333335
Launcher:0.3466666666666667
Activator:0.33555555555555555
