NetServerImpl:0.593
VertxImpl:0.38
HttpServerImpl:0.2866666666666667
TimeoutStreamImpl:0.26
HttpStreamHandler:0.22
DatagramSocketImpl:0.20444444444444446
TimerTest:0.185
HttpServerRequestStreamImpl:0.17656746031746032
ServerWebSocketStreamImpl:0.17656746031746032
NetSocketStreamImpl:0.07
