ComponentTester:0.6133333333333333
DefaultComponentFinder:0.5366666666666666
ComponentTesterTest:0.35333333333333333
DefaultComponentFinderTest:0.28
