QueryCacheStats:0.42333333333333334
IndexStatsTests:0.3566666666666667
ShardQueryCache:0.22666666666666666
Fields:0.2148333333333333
RestNodesAction:0.20666666666666667
RestIndicesAction:0.18
