DateTimeFormatter:0.53
TestDateTimeFormat:0.3566666666666667
DateTimeParserBucket:0.17666666666666667
TwoDigitYear:0.17666666666666667
