Builder:0.3466666666666667
Android:0.315
OkHttpClient:0.27666666666666667
CertificatePinner:0.21777777777777782
Platform:0.21
