ExceptionHandlerIterator:0.5033333333333333
BasicBlock:0.45
ExceptionHandlerList:0.37333333333333335
ControlFlowGraph:0.36666666666666664
