OneshotCertReqRequest:0.47333333333333333
ServiceSessionBean:0.4266666666666667
MessageProcessor:0.20388888888888887
SubMessageFactory:0.18333333333333332
OneshotCertReqResponse:0.11
OneshotCertReqRequestProcessor:0.023333333333333334
