Reader:0.2962222222222222
Variant:0.2866666666666667
SpdyConnection:0.2866666666666667
SpdyConnectionTest:0.2833333333333333
MockSpdyPeer:0.27222222222222225
Http20Draft09:0.26
Spdy3:0.2
Builder:0.19055555555555556
Http20Draft09Test:0.18333333333333332
