UserAccess:0.6966666666666667
WicketApplication:0.4666666666666667
RoleValidator:0.3566666666666667
UserAccessBean:0.33
UserAccessService:0.29333333333333333
HasPrincipalModel:0.215
RoleListPanel:0.18
UserListPanel:0.18
CreateOrEditRoleForm:0.14
UserManagementPanel:0.09
UserManagementMainPage:0.04666666666666667
