Report:0.38666666666666666
Format:0.38
FormatOptionsWidget:0.22
CSVFormat:0.16666666666666666
