TextureHandler:0.375
SunshineRaytracer:0.36
Sunshine:0.2966666666666667
CountVisitor:0.21833333333333332
Resources:0.18333333333333332
