MapConfig:0.46
CMap:0.44666666666666666
XmlConfigBuilder:0.21
MaxSizePartitionsWidePolicy:0.03
MaxSizePerJVMPolicy:0.02666666666666667
MaxSizeHeapPolicy:0.02
MaxSizeClusterWidePolicy:0.02
MaxSizeHeapPercentagePolicy:0.013333333333333334
