JPAMetaModelEntityProcessor:0.34
XmlMetaEntity:0.31
AnnotationMetaEntity:0.2866666666666667
ClassWriter:0.24833333333333332
Context:0.23333333333333334
TypeUtils:0.17333333333333334
