FolderModule:0.8066666666666666
ShareResource:0.4
WorkspaceResource:0.33
AbstractBinderResource:0.21666666666666667
FolderResource:0.21333333333333335
AbstractResource:0.2
BinderResource:0.19666666666666666
SelfResource:0.17666666666666667
NetFoldersResource:0.17333333333333334
AbstractFolderModule:0.12333333333333334
