Router:0.5666666666666667
TriggerRouterService:0.33666666666666667
AbstractSymmetricEngine:0.26666666666666666
DbExportImportTest:0.25333333333333335
AbstractDataExtractorServiceTest:0.2
TriggerRouterServiceSqlMap:0.12
RouterMapper:0.06
