Whitelist:0.6033333333333334
OuterReferenceResolver:0.45666666666666667
CycleFinderTest:0.16
