CodecCmd:0.4166666666666667
CompressionService:0.36
DecompressCmd:0.3566666666666667
CompressCmd:0.31666666666666665
