AnnotationDiffGUI:0.6733333333333333
DiffAction:0.5366666666666666
