ArgType:0.6366666666666667
Utils:0.31333333333333335
TestGenerics:0.31
MethodNode:0.27666666666666667
MethodGen:0.22916666666666666
TestConstructor:0.14666666666666667
