HandlerData:0.6533333333333333
AlfHandler:0.32
CommonParamBasedHandler:0.29
MapAggregateFunctionActionHandler:0.22666666666666666
ListAggregateFunctionActionHandler:0.2
