SubParcel:0.49177777777777776
NonParcelTest:0.2733333333333333
