FieldMapsForInsert:0.4266666666666667
VisitContextTest:0.3933333333333333
FieldMapForInsert:0.37
InsertQueryImpl:0.3
