TransportSQLActionTest:0.633388888888889
ParsedStatement:0.6158333333333333
TransportSQLAction:0.3466666666666667
