MethodDescriptor:0.33
BlockDescriptor:0.33
HopParser:0.2866666666666667
SymbolTable:0.2633333333333333
Scopable:0.2132777777777778
ClassDescriptor:0.20666666666666667
DFA29:0.15444444444444444
