GlobalConfiguration:0.75
UpgradeSessionBean:0.39
StartupSingletonBean:0.3333333333333333
UpgradeSessionLocal:0.31333333333333335
ComplexAccessControlSessionBean:0.18
