SubjectDAO:0.44
PersistenceManager:0.4266666666666667
SubjectCrossReferenceDAO:0.39666666666666667
SubjectIdentifierDAO:0.20333333333333334
SubjectTelecomAddressDAO:0.19333333333333333
AddSubjectHandler:0.18
AbstractDAO:0.17
SubjectMatchDAO:0.14333333333333334
MergeSubjectsHandler:0.10666666666666667
SubjectAddressDAO:0.10666666666666667
SubjectNameDAO:0.10333333333333333
UpdateSubjectHandler:0.07666666666666666
