ParameterUtils:0.5366666666666666
EscapeProcessor:0.5133333333333333
CallableStatement_base:0.5033333333333333
PreparedStatement_base:0.37
