PluginManager:0.38666666666666666
PluginFinder:0.26666666666666666
Bootstrap:0.24666666666666667
DefaultConfigDirectory:0.23
XendrianPlugin:0.19666666666666666
DeviceQueueCreator:0.19
PrintDocumentManager:0.18333333333333332
PluginManagerDialog:0.18
AMenu:0.1775
Main:0.17633333333333334
IPluginManager:0.15083333333333335
ExtensionXMLParser:0.14333333333333334
PrintServerStep:0.14333333333333334
ProgressCircle:0.02
ProgressCircleUI:0.016666666666666666
