ShelXWriter:0.2866666666666667
XYZReader:0.15
ShelXReader:0.15
SMILESWriter:0.14
ZMatrixReader:0.12666666666666668
SVGWriter:0.12666666666666668
