Option:0.9266666666666666
StatisticMgmtService:0.34
ArticleMgmtService:0.24666666666666667
InitService:0.23333333333333334
Filler:0.22
BlogProcessor:0.2
RepairProcessor:0.18666666666666668
StatisticQueryService:0.17333333333333334
UpgradeService:0.043333333333333335
