Simulator:0.5133333333333333
Options:0.4295555555555556
Shape:0.3933333333333333
AGTS:0.25333333333333335
RuleJTree:0.24
ShapeStatePanel:0.13333333333333333
ToggleExplorationStateAction:0.09333333333333334
ShapeJTree:0.023333333333333334
