JPPFPriorityQueue:0.66
BroadcastJobManager:0.5066666666666667
ScheduleManager:0.14333333333333334
