Application:0.6766666666666666
DefaultProfileCoreProcessor:0.37
RemoteApplicationManagerImpl:0.2833333333333333
ManageApplicationsController:0.16
ObjectKeys:0.043333333333333335
