TestExpressionInterpreter:0.5966666666666667
TestInterpretedFilterFunction:0.38333333333333336
TestInterpretedProjectionFunction:0.25833333333333336
