SearchIndex:0.48555555555555563
StringRef:0.39666666666666667
CodeIndex:0.36333333333333334
TextSearchIndex:0.32
SearchDialog:0.29
ResultsTableCellRenderer:0.2536111111111111
CommonSearchDialog:0.2472063492063492
Utils:0.19277777777777777
SimpleIndex:0.09333333333333334
