TLIBATTR:0.3678888888888889
TYPEATTR:0.3678888888888889
ITypeInfoTest:0.3333333333333333
COMUtils:0.27
ITypeInfo:0.24333333333333335
ITypeLibTest:0.22
ITypeLib:0.2
FUNCDESC:0.19333333333333333
BSTRByReference:0.18666666666666668
BSTR:0.17333333333333334
VARDESC:0.11
_VARIANT_BOOLbyReference:0.1
LPOLESTR:0.03333333333333333
SYSKIND:0.02666666666666667
LIBFLAGS:0.02666666666666667
