ClassModel:0.7133333333333334
Workstation:0.28
MethodResolution:0.22
ClassParsingAlg:0.17666666666666667
