EditBoxTextRendererTest:0.45
MutuExclRendererTest:0.31333333333333335
EditBoxTextRenderer2Test:0.29
ArcCircleRendererTest:0.26
ServerCockpitMultiAppli11_Test:0.03333333333333333
