ShadowApplication:0.5133333333333333
ShadowParcel:0.30333333333333334
ShadowActivity:0.28
ParcelTest:0.22666666666666666
ShadowSpannableStringBuilder:0.13666666666666666
SpannableStringBuilderTest:0.10666666666666667
