InteractEntry:0.6433333333333333
Main:0.36666666666666664
ScanId:0.36
GUIMain:0.31
InteractData:0.3
InteractParseOptions:0.20666666666666667
LDAFunction:0.18333333333333332
ScanInfo:0.14666666666666667
SingleInteractHtml:0.13
HtmlAndTgzs:0.12666666666666668
HtmlAndMzXML:0.11333333333333333
InteractDataTest:0.08333333333333333
PeptideProphetMap:0.058333333333333334
InputProvider:0.05333333333333334
ScanEnumHandler:0.03666666666666667
SequestEntry:0.023333333333333334
CometEntry:0.02
LogHelper:0.0
