QSARConstants:0.416984126984127
QSARPreferenceInitializer:0.38666666666666666
QsarManager:0.38666666666666666
ProvidersPreferencePage:0.21333333333333335
