RxFileUtils:0.76
RxIntentUtils:0.3466666666666667
RxAppUtils:0.3433333333333333
