InnerHitBuilder:0.46
HasChildQueryBuilder:0.44333333333333336
InnerHitsIT:0.39
QueryShardContext:0.33666666666666667
HasParentQueryBuilder:0.27
NestedQueryBuilder:0.25333333333333335
HasChildQueryBuilderTests:0.205
InnerHitBuilderTests:0.18666666666666668
ChildQuerySearchIT:0.18333333333333332
HasParentQueryBuilderTests:0.1
NestedQueryBuilderTests:0.06666666666666667
