MainActivity:0.73
OneFragment:0.6866666666666666
CloudReaderApplication:0.25666666666666665
