StrandedZoomableApolloPanel:0.58
ApolloPanel:0.54
CompositeApolloFrame:0.3333333333333333
SyntenyPanel:0.30333333333333334
EvidencePanelOrientationManager:0.26
ApolloPanelHolderI:0.23327777777777778
