Index:0.7433333333333333
MapQueryEngine:0.545
SqlPredicate:0.31666666666666665
MapQueryEngineImpl:0.2833333333333333
IndexImpl:0.26
MapServiceContextImpl:0.23666666666666666
QueryOperation:0.21333333333333335
NotEqualPredicate:0.18166666666666667
GreaterLessPredicate:0.17333333333333334
NullObject:0.12166666666666667
EqualPredicate:0.10666666666666667
QueryOperationTestSupport:0.09333333333333334
AndPredicate:0.08
OrPredicate:0.08
NotPredicate:0.07333333333333333
