TreeItemTest:0.6866666666666666
ComboTesterTest:0.5033333333333333
SelectedListener:0.25
TreeSample:0.19666666666666666
