QueueContainer:0.36666666666666664
InvocationFutureTest:0.33666666666666667
GetLostPartitionOperation:0.3021624579124578
HibernateStatisticsTestSupport:0.28
OuterOperation:0.25833333333333336
InnerOperation:0.25833333333333336
ClassicOperationExecutor:0.25666666666666665
ListContainer:0.24666666666666667
InvocationNestedLocalTest:0.22333333333333333
TransactionQueueTest:0.22
InvocationNestedRemoteTest:0.19333333333333333
TransactionListTest:0.08
InvocationNestedTest:0.011111111111111112
