Multiplication:0.57
Mathematics:0.4166666666666667
MathematicsTiming:0.15333333333333332
