View:0.8066666666666666
CustomerNewOnInitTest:0.2633333333333333
