Builder:0.8266666666666667
RecordReaderDataSetIterator:0.37
ConvolutionDownSampleLayer:0.25333333333333335
ConvolutionDownSampleLayerTest:0.17333333333333334
