EditorOverlay:0.8066666666666666
EditorPanel:0.5133333333333333
