ExpandCollapseLink:0.42888888888888893
StudyListPage:0.3233333333333333
StudyListLocal:0.27166666666666667
StudyListBean:0.24666666666666667
InstanceListView:0.16777777777777778
PPSListView:0.16444444444444445
PatientListView:0.1511111111111111
SeriesListView:0.14444444444444446
StudyListView:0.12444444444444443
