EnhancedMenuItem:0.66443855
GUIUtilities:0.13980706
EditAction:0.07068173
jEdit:0.043323804
StatusBar:0.041847467
ActionContext:0.03688449
View:0.036453918
KeyEventTranslator:0.033477828
Keymap:0.030161152
OperatingSystem:0.02204113
KeymapManager:0.009545193
Log:0.009315523
