StatementAnalyzer:0.5466666666666666
SetLiteral:0.47333333333333333
InOperator:0.33
AnalyzerTest:0.26
TestModule:0.2086111111111111
SymbolVisitor:0.2
InOperatorTest:0.1
