EdgeFilterState:0.42
SessionConvertor:0.36666666666666664
EdgeDataSetMetaData:0.30333333333333334
DatasetFilter:0.30333333333333334
EdgeTypeMetaData:0.21666666666666667
