LSYParser:0.5166666666666667
Instantiation:0.4266666666666667
RGGProducer:0.3333333333333333
