MemberStateImpl:0.7066666666666667
TimedMemberStateFactory:0.41333333333333333
MemberStateImplTest:0.27666666666666667
