ClientEngineImpl:0.6033333333333334
PhoneHome:0.44666666666666666
ConnectedClientOperationTest:0.12
PhoneHomeTest:0.12
