WaitNotifyServiceImpl:0.37
SerializableCollection:0.3308333333333333
ILikePredicate:0.16333333333333333
LikePredicate:0.16
VersionCheck:0.16
