Display:0.8333333333333334
DisplayParentTest:0.12666666666666668
