InternalContext:0.7886111111111112
ConstructorInjector:0.4622777777777777
