Integrator:0.7366666666666667
EntitySource:0.5133333333333333
SessionFactoryImpl:0.4533333333333333
EntityBinding:0.3566666666666667
EntitySourceImpl:0.2733333333333333
Binder:0.22333333333333333
EntityClass:0.22333333333333333
EntityCallbackHandler:0.18333333333333332
AbstractEntitySourceImpl:0.17111111111111113
BeanValidationIntegrator:0.14642857142857144
AbstractJPATest:0.12666666666666668
EagerKeyManyToOneTest:0.12666666666666668
CallbackTest:0.10333333333333333
TestCollectionInitializingDuringFlush:0.09666666666666666
TestingListener:0.08333333333333333
CallbackResolver:0.06833333333333333
EnversIntegrator:0.04
JpaIntegrator:0.02666666666666667
JpaCallbackClassImpl:0.006666666666666667
