DefaultFlowServiceLocator:0.7433333333333333
FlowExecutionImplStateRestorerTests:0.33666666666666667
