StoreServletBase:0.6883333333333334
ValidationAuthorityTst:0.3566666666666667
