X3DParser:0.5966666666666667
IndexedFaceSetImport:0.2633333333333333
BackgroundImport:0.15666666666666668
BaseExport:0.15333333333333332
LineExport:0.04
PointExport:0.03666666666666667
BackgroundExport:0.013333333333333334
