DataHandler:0.7133333333333334
QueryHandler:0.6833333333333333
ImageData:0.49916666666666665
AnsiQueryHandler:0.34
ImageProcessor:0.24666666666666667
AnsiDataHandler:0.18333333333333332
ImageServlet:0.16
