ContentParserConfig:0.5633333333333334
XDSBridgeConfigXmlParser:0.37666666666666665
ContentParser:0.34
CDAToXDSMapper:0.32
ContentConverterUtils:0.1
