TestExecutionContext:0.8377777777777778
DescriptorBasedTestExecutionContext:0.5066666666666667
ClassExecutionNode:0.36333333333333334
TestExecutionNode:0.29333333333333333
MethodInvoker:0.25
MethodExecutionNode:0.22666666666666666
