Reducer:0.64
ArchiveReader:0.6
MetaObjectFactory:0.2733333333333333
TranslatorFactory:0.07333333333333333
