SimpleXmlIO:0.5966666666666667
GrapherApplicationView:0.4266666666666667
