Building:0.44666666666666666
BuildingManager:0.32
MainDesktopPane:0.26666666666666666
SettlementComboBoxModel:0.22666666666666666
MockBuilding:0.21333333333333335
SettlementWindow:0.2127777777777778
Resupply:0.20333333333333334
SettlementConfig:0.20222222222222225
EatDessert:0.12333333333333334
