Buffer:0.6066666666666667
BufferedSourceTest:0.3233333333333333
RealBufferedSource:0.2833333333333333
ReadUtf8LineTest:0.23666666666666666
RealBufferedSourceTest:0.17666666666666667
