GwtServerHelper:0.7733333333333333
SaveFolderFiltersCmd:0.34
GwtRpcServiceImpl:0.32666666666666666
CopyFiltersDlg:0.21444444444444447
