Sync:0.5553888888888888
LinkedDeque:0.49
LinkedDequeTest:0.36666666666666664
BoundedLocalCache:0.21666666666666667
IsValidLinkedDeque:0.19
IsValidBoundedLocalCache:0.18444444444444444
Node:0.15666666666666668
LinkedValue:0.11
