ActionConfig:0.6266666666666667
ActionRequest:0.48
MadvocController:0.29
InterceptorsManager:0.14666666666666667
