ITrackerResources:0.42
ConfigurationServiceImpl:0.3466666666666667
ITrackerResourceBundle:0.3
ConfigurationServiceIT:0.24333333333333335
AbstractDependencyInjectionTest:0.22
ITrackerResourcesProvider:0.15722222222222224
ItrackerResourceBundleIT:0.12333333333333334
ItrackerResourcesIT:0.11333333333333333
ItrackerResourcesTest:0.08333333333333333
