DefaultRuleView:0.4
DefaultFileSystemStore:0.37333333333333335
LevelMap:0.30333333333333334
ModelHandler:0.2966666666666667
Generator:0.27
CTLStarFormula:0.26
LTLBenchmarker:0.2275
LayedOutXml:0.2227777777777778
CancellableThread:0.2227777777777778
IsEnumValue:0.22
EditorJGraph:0.19666666666666666
DefaultGxl:0.19666666666666666
Infix:0.19333333333333333
Parameters:0.18833333333333332
