ObjectHandler:0.49666666666666665
SynthGraphicsUtils:0.45
Synth2CSSParser:0.32666666666666666
Synth2Parser:0.31333333333333335
