PeerGroup:0.6925
InboundMessageQueuer:0.25166666666666665
TestWithPeerGroup:0.21
PeerGroupTest:0.12333333333333334
