LocalCertificateStoreSessionBean:0.42
ProtocolOcspHttpTest:0.36666666666666664
Certificate:0.24800000000000003
EjbcaWSService:0.15911111111111112
KeyStore:0.15
