SettingsApplier:0.9533333333333334
CrateSettingsPreparer:0.4633333333333333
