RightHandSide:0.5305555555555556
TestJape:0.49
TestGate:0.12666666666666668
