ImagePanel:0.4166666666666667
Canvas:0.38266666666666665
AnnotationPanel:0.37
TextOverlay:0.26
TextOverlayParam:0.24444444444444444
SeriesPanel:0.2066666666666667
