Util:0.7255555555555555
CommitWorkingCopyOperation:0.35333333333333333
BecomeWorkingCopyOperation:0.28
DiscardWorkingCopyOperation:0.16666666666666666
