AuditRecordList:0.6333333333333333
AuditRecordListAction:0.5466666666666666
Code:0.43833333333333335
