ServletReaderExtension:0.5183333333333333
ReaderTest:0.33555555555555555
PathGetterTest:0.29333333333333333
