Builder:0.4533333333333333
HeliosClient:0.39
Task:0.38666666666666666
Deployment:0.3466666666666667
Paths:0.34
ZooKeeperMasterModel:0.3
MasterZooKeeperRegistrar:0.2966666666666667
MasterModel:0.2865634920634921
SystemTestBase:0.18833333333333332
AgentTest:0.18333333333333332
CliParser:0.17277777777777775
ZooKeeperMasterModelIntegrationTest:0.15166666666666667
BasicFunctionalityITCase:0.13
HostListCommand:0.12
TerminationTest:0.11666666666666667
MasterService:0.1
Utils:0.0825
RollingUpdateTaskResult:0.03
