QuerySpec:0.8466666666666667
RatedDocumentTests:0.36
QuerySpecTests:0.02666666666666667
