PathCondition:0.495
TestPathCondition:0.28
IntegerConstant:0.18
RealConstant:0.16333333333333333
BinaryLinearIntegerExpression:0.16
JPF_gov_nasa_jpf_symbc_TestUtils:0.13666666666666666
SymbolicInteger:0.07666666666666666
SymbolicReal:0.07666666666666666
Constraint:0.056666666666666664
BinaryNonLinearIntegerExpression:0.04
Expression:0.02666666666666667
BinaryRealExpression:0.023333333333333334
