Project:0.6266666666666667
ProjectXMLHelper:0.3466666666666667
ProjectTest:0.24666666666666667
ProjectXMLHelperTest:0.22666666666666666
