UserInputHandler:0.6341666666666667
SoundPlayer:0.5616666666666666
SoundLibrary:0.41333333333333333
