DNFieldExtractor:0.7616666666666667
X509CertificateAuthenticationToken:0.38333333333333336
