BeanIds:0.7266666666666667
HttpSecurityBeanDefinitionParserTests:0.3566666666666667
HttpSecurityBeanDefinitionParser:0.33666666666666667
UserDetailsServiceInjectionBeanPostProcessor:0.24
FormLoginBeanDefinitionParser:0.1938888888888889
GlobalMethodSecurityBeanDefinitionParser:0.12333333333333334
X509BeanDefinitionParser:0.10333333333333333
ConcurrentSessionsBeanDefinitionParser:0.09
