AdviceTest:0.4666666666666667
ForParameter:0.44333333333333336
Target:0.4266666666666667
ForConstantValue:0.38666666666666666
ForBoxedParameter:0.33
ForBoxedArguments:0.30666666666666664
ForOrigin:0.26666666666666666
ForReturnValue:0.23333333333333334
ForField:0.21
ForThisReference:0.20166666666666666
AdviceAnnotationTest:0.14666666666666667
BooleanInlineAdvice:0.13
ForBoxedDefaultValue:0.09333333333333334
IntegerInlineAdvice:0.056666666666666664
LongInlineAdvice:0.05333333333333334
DoubleInlineAdvice:0.05333333333333334
ByteInlineAdvice:0.05333333333333334
ReferenceInlineAdvice:0.05333333333333334
CharacterInlineAdvice:0.05333333333333334
ShortInlineAdvice:0.05333333333333334
FloatInlineAdvice:0.05333333333333334
VoidDelegatingAdvice:0.04
DoubleDelegationAdvice:0.016666666666666666
LongDelegationAdvice:0.016666666666666666
ShortDelegationAdvice:0.016666666666666666
FloatDelegationAdvice:0.016666666666666666
ByteDelegationAdvice:0.016666666666666666
BooleanDelegationAdvice:0.016666666666666666
CharacterDelegationAdvice:0.016666666666666666
VoidInlineAdvice:0.016666666666666666
ReferenceDelegationAdvice:0.016666666666666666
IntegerDelegationAdvice:0.016666666666666666
IllegalBoxedReturnType:0.0025
