Factory:0.81
TestEnhancer:0.5
EnhancerEmitter:0.43666666666666665
TestDispatcher:0.16111111111111112
