Cfg:0.5008333333333334
NetworkPane:0.39666666666666667
CheckboxActionListener:0.23088888888888884
