NameValidator:0.8166666666666667
Validators:0.4066666666666667
