LuceneSearcher:0.5066666666666667
Geonet:0.5011111111111112
Info:0.34
SpatialFilter:0.2
CatalogSearcher:0.18
RepositoryInfo:0.14
ReprojectingFilterVisitor:0.14
Result:0.13
LuceneIndexWriterFactory:0.12666666666666668
GeomExtractor:0.12111111111111111
WithinFilter:0.11333333333333333
OgcGenericFilters:0.06666666666666667
SelectionSearch:0.04833333333333333
Reproject:0.04
Session:0.03
SearchResult:0.013333333333333334
