OkHttpClientTransport:0.5033333333333333
OkHttpClientTransportTest:0.45666666666666667
MessageDeframer:0.30916666666666665
TransportState:0.29
Sink:0.25
OkHttpClientStream:0.25
GetFramer:0.24944444444444447
OkHttpClientStreamTest:0.21
AbstractClientStream:0.19333333333333333
OkHttpChannelBuilder:0.18333333333333332
OkHttpTransportTest:0.13666666666666666
OkHttpTransportFactory:0.08
AccessProtectedHack:0.05333333333333334
