Tab:0.8333333333333334
Invoice2Test:0.30666666666666664
