ApolloPanel:0.4888888888888889
FeatureSet:0.44333333333333336
GAMEAdapter:0.41333333333333333
