TestHTTPStatusCodesConfigB:0.43
InstallOptions:0.4033333333333333
TestHTTPStatusCodesConfigQ:0.3433333333333333
AllSystemTestsConfigQ:0.2966666666666667
TestHTTPStatusCodesConfigA:0.2633333333333333
