Word2VecDataSetIterator:0.42333333333333334
UimaTokenizer:0.42
LabelAwareListSentenceIterator:0.28
MovingWindowExample:0.24666666666666667
UimaTokenizerFactory:0.16444444444444445
BatchActor:0.16
Windows:0.15333333333333332
