MoveOrder:0.41
StudyMgtOrder:0.4066666666666667
StgCmtScuScpService:0.28
MoveScuService:0.26
StudyMgtScuService:0.24
IANScuService:0.2
ForwardService:0.2
StudyMgtScpService:0.18833333333333332
FileCopyService:0.18
IANOrder:0.12
FileCopyOrder:0.10666666666666667
StgCmtOrder:0.06333333333333334
