QsarPackage:0.7533333333333333
ResponseType:0.58
QsarType:0.49333333333333335
QsarPackageImpl:0.3433333333333333
QsarFactory:0.3337857142857143
QsarTypeImpl:0.2866666666666667
ResponseTypeImpl:0.27
QsarAdapterFactory:0.26
ResponsesListType:0.26
QsarFactoryImpl:0.18333333333333332
QsarSwitch:0.17
ResponsesListTypeImpl:0.06
Literals:0.02666666666666667
