CacheStrategy:0.6766666666666666
WebserviceBeanLocal:0.5816666666666667
MetadataEntityManager:0.57
AttributeMetadata:0.55
BusinessEntityManager:0.5333333333333333
ApplicationEntityManager:0.5333333333333333
ClassMetadata:0.5166666666666667
Node:0.48333333333333334
Session:0.45666666666666667
RemoteObject:0.43
Task:0.4033333333333333
ClassMetadataLight:0.38
PersistenceService:0.38
Query:0.35
Pool:0.35
GenericCommercialModule:0.34365079365079365
Util:0.32666666666666666
ConnectionManager:0.3190079365079365
ExtendedQuery:0.31333333333333335
ClassInfo:0.30666666666666664
Privilege:0.30333333333333334
RemotePool:0.29333333333333333
CacheManager:0.28
ClassInfoLight:0.2733333333333333
RemoteBusinessObjectLight:0.25666666666666665
UserProfile:0.25666666666666665
SDHModule:0.25333333333333335
LocalClassWrapper:0.25333333333333335
MPLSModule:0.25333333333333335
MethodsGroup:0.24666666666666667
GroupProfile:0.24666666666666667
Constants:0.24333333333333335
ConnectionManagerImpl:0.24
IPAMModule:0.24
KuwaibaService:0.23333333333333334
LocalAttributeWrapper:0.23
CypherParser:0.22444444444444442
RemoteSession:0.22333333333333333
BusinessEntityManagerImpl:0.22
StringPair:0.22
UserInfo:0.21666666666666667
MetadataEntityManagerImpl:0.21333333333333335
RemoteBusinessObject:0.21333333333333335
GenericObjectList:0.21333333333333335
Reports:0.21333333333333335
InterfaceMetadata:0.2063968253968254
WebserviceBean:0.20333333333333334
RemoteObjectLight:0.19333333333333333
CypherQueryBuilder:0.19
ApplicationEntityManagerImpl:0.18666666666666668
LoadDataFromFile:0.17666666666666667
TransientQuery:0.17
AttributeInfo:0.165
ToolsBeanLocal:0.16333333333333333
ObjectList:0.16
ApplicationObjectNotFoundException:0.15584956709956713
SDHTributaryLinkDefinition:0.14333333333333334
ApplicationLogEntry:0.14333333333333334
ServerStatus:0.13666666666666666
TaskResult:0.13333333333333333
RemoteQueryLight:0.12
ActivityLogEntry:0.11833333333333333
RemoteTask:0.11833333333333333
RemoteObjectSpecialRelationships:0.11333333333333333
OperationNotPermittedException:0.11202777777777781
ServerSideException:0.1105
MetadataObjectNotFoundException:0.1105
ObjectNotFoundException:0.10533333333333333
InvalidArgumentException:0.10533333333333333
ChangeDescriptor:0.09333333333333334
CompactQuery:0.09166666666666666
PrivilegeInfo:0.09166666666666666
Validator:0.09
ArraySizeMismatchException:0.08
HistorycEntry:0.07333333333333333
CategoryInfo:0.07333333333333333
AnnotatedRemoteBusinessObjectLight:0.07
ResultMessage:0.07
GroupInfo:0.06666666666666667
DataModelLoader:0.06333333333333334
SDHPosition:0.058333333333333334
TaskScheduleDescriptor:0.058333333333333334
TaskNotificationDescriptor:0.058333333333333334
ReportDescriptor:0.058333333333333334
TempBusinessRulesEngine:0.056666666666666664
ViewInfo:0.055
ViewInfoLight:0.051666666666666666
GroupInfoLight:0.04833333333333333
LoginView:0.04444444444444444
RemoteTaskResult:0.043333333333333335
RemoteQuery:0.043333333333333335
XMLBackupReader:0.043333333333333335
SyncManager:0.03833333333333333
DataIntegrityService:0.036111111111111115
ViewObject:0.035
SDHContainerLinkDefinition:0.03166666666666667
InventoryException:0.03
ApplicationView:0.03
PrivilegesReader:0.025833333333333333
ViewObjectLight:0.025
UserInfoLight:0.025
RemoteResultMessage:0.025
RemoteBusinessObjectList:0.021666666666666667
ToolsBean:0.017777777777777778
PersistenceLayerFactory:0.016666666666666666
ResultRecord:0.01
RemoteBusinessObjectLightList:0.01
DatabaseException:0.0025
UnsupportedPropertyException:0.0025
WrongMappingException:0.0
CustomTree:0.0
StartupBean:0.0
TempStoredProceduresParser:0.0
ShutdownBean:0.0
ConnectionException:0.0
IndexUI:0.0
NotAuthorizedException:0.0
