VertxOptions:0.6166666666666667
VertxImpl:0.37666666666666665
BlockedThreadChecker:0.29333333333333333
