JoinPair:0.64
RelationSplitterTest:0.3233333333333333
ManyTableConsumerTest:0.26
JoinPairs:0.24833333333333332
ManyTableConsumer:0.2088888888888889
