WSDbfetch:0.52
OpenResourceWizardPage:0.46
EBIWSDbfetchWizardPage:0.31333333333333335
WebServiceWizardData:0.31333333333333335
WebservicesManager:0.12666666666666668
