SaajMessageHelper:0.6933333333333334
SaajSoapMessageTest:0.21666666666666667
