GraphState:0.6466666666666666
Formula:0.6133333333333333
DefaultMarker:0.47333333333333333
CTLModelChecker:0.4066666666666667
AbstractGraphState:0.24333333333333335
FormulaTest:0.19666666666666666
CheckCTLAction:0.12333333333333334
ModelCheckingTest:0.11
