BinderShareRightsDlg:0.47333333333333333
GwtServerHelper:0.4533333333333333
ManageMenuPopup:0.25333333333333335
GwtMenuHelper:0.24
DataTableFolderViewBase:0.23666666666666666
GwtMainPage:0.23333333333333334
EventHelper:0.22333333333333333
GwtRpcServiceImpl:0.21416666666666667
ContextItemCommand:0.12333333333333334
SetBinderSharingRightsInfoCmd:0.10333333333333333
InvokeWorkspaceShareRightsEvent:0.06
