ThumbnailWidget:0.6266666666666667
One:0.39
Callback:0.26666666666666666
MediaBean:0.18333333333333332
