id:0.8566666666666667
TestMenu:0.37666666666666665
ShadowArrayAdapter:0.32
TestMenuItem:0.3
TestAttributeSet:0.22861111111111115
ShadowBuilder:0.22666666666666666
ResourceExtractor:0.18166666666666667
TestAttributeSetTest:0.16666666666666666
MenuInflaterTest:0.07666666666666666
array:0.07
AlertDialogTest:0.057222222222222216
