Request:0.8066666666666666
RequestTests:0.29333333333333333
IndicesClientDocumentationIT:0.20333333333333334
IndicesClient:0.19416666666666665
IndicesClientIT:0.19
ForceMergeResponse:0.0571031746031746
