TextRectangle:0.5466666666666666
DomDocumentFragment:0.2886111111111111
