Editor:0.43333333333333335
FormatError:0.4166666666666667
Level:0.3233333333333333
VarSupport:0.2747222222222222
