Reprap:0.6566666666666666
IncomingMessage:0.3017222222222222
