Doc:0.6733333333333333
MBOE:0.5266666666666666
VBoeGen:0.3433333333333333
Trace:0.28222222222222226
Doc_Allocation:0.18333333333333332
DocLine_Allocation:0.16833333333333333
Doc_BOEStatement:0.1522222222222222
MBOEGroup:0.11333333333333333
MBOEConversionRate:0.09166666666666666
