BoxObject:0.395
HTMLElement:0.38666666666666666
Document:0.37333333333333335
SimpleScriptableTest:0.3233333333333333
DocumentTest:0.24
