Ssh:0.5844444444444444
SafeHtmlUtil:0.29472222222222216
SshTest:0.2866666666666667
IfXTableEntry:0.16444444444444445
SshMonitor:0.15666666666666668
