SessionFactory:0.61
EntityBinding:0.6066666666666667
Metadata:0.57
SessionFactoryImpl:0.3
MetadataImpl:0.25
SessionFactoryStub:0.24333333333333335
AbstractBasicBindingTests:0.19333333333333333
SessionFactoryOptions:0.18366666666666667
CacheDataDescriptionImpl:0.1211111111111111
InheritanceTypeTest:0.11277777777777778
MetadataImplTest:0.052222222222222225
BaseAnnotationBindingTestCase:0.006666666666666667
