Request:0.5733333333333334
MaxCore:0.46
Filter:0.43
MaxStarterTest:0.34
JUnit38SortingTest:0.14666666666666667
