Collectd:0.426
Syslogd:0.42
EventTranslator:0.26666666666666666
PassiveStatusKeeper:0.26666666666666666
ServiceDaemon:0.26
Trapd:0.25833333333333336
SpringLoader:0.21033333333333334
