CompletionEngine:0.5
RubyElementRequestor:0.47333333333333333
OpenEditorAtLineAction:0.23333333333333334
SelectionEngine:0.2
