Callback:0.88
BasicInvocation:0.5066666666666667
BasicOperationService:0.34
PartitionServiceImpl:0.32
InvocationFuture:0.23666666666666666
ExecutorCallbackAdapter:0.23333333333333334
InvocationMemoryLeakTest:0.20666666666666667
ListenerSupport:0.14333333333333334
LocalInvocationResponseHandler:0.13666666666666666
PartitionClientRequest:0.12333333333333334
TargetClientRequest:0.10666666666666667
ResponseProcessor:0.06333333333333334
ExecutionCallbackAdapter:0.02
MapExecutionCallbackAdapter:0.02
SingleTargetCallback:0.006666666666666667
