ConnectionManager:0.5433333333333333
LoginDialog:0.5
FtpVFS:0.36666666666666664
