TLSTest:0.36666666666666664
SSLHelperTest:0.32666666666666666
WebsocketTest:0.32
KeyStoreTest:0.29333333333333333
HttpTLSTest:0.2833333333333333
Http2TestBase:0.23
Http2ClientTest:0.2
TestClient:0.19
Http1xTLSTest:0.13666666666666666
ClusteredEventBusWithSSLTest:0.13
Http2TLSTest:0.016666666666666666
