TCKeywordTreeInput:0.46
AbstractTCPopup:0.44333333333333336
KeywordListPopup:0.3566666666666667
TCKeywordListInput:0.29
TCKeywordACRInput:0.19333333333333333
