DbPager:0.6966666666666667
MySqlPager:0.28833333333333333
HsqlDbPager:0.2575
