SobolRsg:0.43333333333333335
Schedule:0.41
FiniteDifferenceModel:0.3933333333333333
