TicketMetadata:0.8566666666666667
HazelcastTicketRegistry:0.34
JpaTicketRegistry:0.33
JpaTicketRegistryTicketMetadataConfiguration:0.17666666666666667
HazelcastTicketRegistryMapsConfiguration:0.17333333333333334
