WalletTest:0.48
ChannelConnectionTest:0.2966666666666667
PaymentChannelStateTest:0.25
TestWithWallet:0.23333333333333334
TransactionOutputTest:0.19666666666666666
DefaultCoinSelectorTest:0.17
