MalfunctionManager:0.5433333333333333
MalfunctionableBuildingPanel:0.38666666666666666
BuildingPanel:0.3011111111111111
BuildingsTabPanel:0.22333333333333333
MalfunctionPanel:0.17666666666666667
