ExitCodeMapper:0.475
SimpleJvmExitCodeMapperTests:0.30333333333333334
BatchCommandLineLauncher:0.27222222222222225
InterruptibleFacade:0.2633333333333333
InterruptibleContainer:0.2633333333333333
SimpleJobExecutorFacade:0.26
SimpleJvmExitCodeMapper:0.1613888888888889
TaskExecutorJobLauncher:0.14333333333333334
SimpleJobExecutorFacadeTests:0.06666666666666667
JobExecutionListener:0.03
