StudyBean:0.44333333333333336
FileSystemMgtBean:0.38
StudyOnFileSystemBean:0.28
FileSystemBean:0.26666666666666666
FileSystemStatus:0.013333333333333334
FileSystemMgtSupportBean:0.006666666666666667
