GAMEAdapter:0.6866666666666666
BlixemRunner:0.38666666666666666
