EdgeView:0.4666666666666667
EdgeViewI:0.4533333333333333
NodeViewI:0.44484523809523807
GraphViewI:0.44484523809523807
NodeView:0.2866666666666667
GraphData:0.2866666666666667
EdgeFilterState:0.25666666666666665
JnetStepObserver:0.21
