Py:0.6466666666666666
PyClass:0.47
_newmodule:0.12895238095238096
