Base64Encoding:0.33666666666666667
FileUtils:0.3333333333333333
AbstractJPPFClientConnection:0.32
Base64:0.2866666666666667
Helper:0.24
Base64Decoding:0.21
Base64OutputStream:0.16
NodeThreadsLoadBalancer:0.09333333333333334
NodeThreadsLoadBalancerProvider:0.05333333333333334
Base64InputStream:0.043333333333333335
