URLConnectionTest:0.51
Builder:0.33
RecordedResponse:0.2795
Response:0.26666666666666666
HttpEngine:0.2377777777777778
HttpURLConnectionImpl:0.21333333333333335
CallTest:0.16
