Util:0.7666666666666667
HTMLEmailPublisher:0.29
CurrentBuildStatusFTPListener:0.24333333333333335
CurrentBuildStatusFTPBootstrapper:0.18666666666666668
CurrentBuildStatusFTPPublisher:0.18666666666666668
CurrentBuildStatusFTPListenerTest:0.14333333333333334
CurrentBuildStatusListenerTest:0.14333333333333334
CurrentBuildStatusPublisherTest:0.13333333333333333
CurrentBuildStatusBootstrapperTest:0.13333333333333333
