Transaction:0.6333333333333333
TransactionInput:0.54
DefaultRiskAnalysis:0.30333333333333334
DefaultRiskAnalysisTest:0.12666666666666668
