HighlightBuilder:0.43333333333333335
AbstractHighlighterBuilder:0.4266666666666667
HighlightBuilderTests:0.29
Field:0.27666666666666667
SearchContextHighlight:0.235
HighlighterParseElement:0.13583333333333333
