OpenEncapsulationTemplateRequestMsg:0.7633333333333333
OpenDFLEditorRequestMsg:0.13666666666666666
OpenDFLasAxiomRequestMsg:0.12
OpenInterpretationRequestMsg:0.11666666666666667
