InstanceUtil:0.4666666666666667
ModuleInvocationSym:0.43333333333333335
DefinitionManager:0.39
ModuleReadOnlySym:0.31
ParamSym:0.30666666666666664
InstanceManager:0.2966666666666667
ModuleHypothesisSym:0.24666666666666667
InvariantHypoAgent:0.2
InvariantModel:0.19361111111111112
LoopInstanceAgent:0.15333333333333332
MethodInstanceAgent:0.15333333333333332
SymbolHashRecent:0.12666666666666668
UnmodelModuleInvocationSym:0.08666666666666667
