FormType:0.7322222222222222
DefaultComponentValidator:0.4533333333333333
