AbstractFlushTest:0.3644444444444444
VersionsReaderFactory:0.34444444444444444
AuditReaderFactory:0.34444444444444444
HsqlTest:0.25333333333333335
