NeuralNetConfiguration:0.4266666666666667
Builder:0.4033333333333333
BaseLayer:0.37
ConvolutionLayer:0.3466666666666667
ListBuilder:0.11
