SnmpCiscoSyncProvider:0.33
SnmpCpwVcMplsTeMappingTableResourceDefinition:0.19874603174603173
SnmpCiscoCpwVcMplsInboundTableResourceDefinition:0.19874603174603173
SnmpCpwVcTableMibResourceDefinition:0.13266666666666668
CiscoSynchronizer:0.05
SnmpCpwVcMplsTableMibResourceDefinition:0.006666666666666667
