FormatImageActionTag:0.6033333333333334
FormatLinkTag:0.5077777777777777
