RubyDebugTarget:0.37666666666666665
RubyDebuggerProxy:0.35
RubyThread:0.30666666666666664
RubyInterpreter:0.2866666666666667
RubyStackFrame:0.24433333333333332
DebuggerRunner:0.13666666666666666
InterpreterRunner:0.1
