ValueSerializer:0.501984126984127
MapDiff:0.45
DiffableUtils:0.3566666666666667
NoopAllocationService:0.29333333333333333
ImmutableOpenMapDiff:0.23666666666666666
KeySerializer:0.21333333333333335
JdkMapDiff:0.15
DiffableTests:0.14333333333333334
RoutingTableDiff:0.13333333333333333
MapDriver:0.08333333333333333
StringSetValueSerializer:0.07333333333333333
TestDiffable:0.07
ImmutableOpenMapDriver:0.02666666666666667
DiffablePrototypeValueReader:0.02666666666666667
JdkMapDriver:0.02666666666666667
ImmutableOpenIntMapDriver:0.02666666666666667
DiffableValueSerializer:0.023333333333333334
ImmutableOpenIntMapDiff:0.02
NonDiffableValueSerializer:0.013333333333333334
StringKeySerializer:0.01
VIntKeySerializer:0.0033333333333333335
IntKeySerializer:0.0
