ShadowApplication:0.6366666666666667
ShadowResources:0.29
ShadowResourcesTest:0.25333333333333335
ShadowViewTest:0.25333333333333335
ShadowContext:0.24077777777777773
ShadowEditTextTest:0.20666666666666667
ShadowApplicationTest:0.2
ShadowPreferenceGroupTest:0.2
ShadowContextTest:0.19
RoboAttributeSetTest:0.18666666666666668
ShadowProgressBarTest:0.14666666666666667
ViewStubTest:0.10666666666666667
