ValueEditingSupport:0.44333333333333336
BiomartManager:0.3933333333333333
FiltersPage:0.3466666666666667
ConnectionTest:0.13333333333333333
BiomartConstants:0.06333333333333334
