Rasapi32Util:0.5274444444444445
Rasapi32Test:0.45666666666666667
Rasapi32UtilTest:0.38
