HttpClientImpl:0.5166666666666667
HttpClientRequestImpl:0.49333333333333335
Endpoint:0.43333333333333335
Waiter:0.24077777777777779
