EvictionTest:0.5
AbstractEvictableRecordStore:0.36
GroupProperties:0.28833333333333333
ExpirationTimeSetter:0.26666666666666666
