DecimalCasts:0.4033333333333333
LongArrayBlock:0.36666666666666664
LongArrayBlockBuilder:0.35333333333333333
JsonOperators:0.17666666666666667
RealType:0.17333333333333334
