RackInsideViewTopComponent:0.6
RackInsideViewService:0.34
NestedDeviceWidget:0.06666666666666667
SimpleConnectionWidget:0.06333333333333334
