Matrix4d:0.4683333333333333
Matrix4f:0.4683333333333333
Matrix3f:0.46
