Util:0.6433333333333333
StfTestCase:0.37
SessionAliceBobTest:0.20333333333333334
Configuration:0.16166666666666665
SVNStateInitializationTest:0.14666666666666667
BuddiesByAliceBobTest:0.14
ContextMenuShareWithTest:0.13666666666666666
CreatingNewFileTest:0.11
StrictSequentialInvitationWithoutTerminationTest:0.10666666666666667
ChangingNameInRosterViewTest:0.10666666666666667
Share2UsersSequentiallyTest:0.09
Share3UsersSequentiallyTest:0.09
Share3UsersConcurrentlyTest:0.09
ConcurrentEditingTest:0.04111111111111111
TestInvitation:0.04
ShutdownRemoteEclipse:0.016666666666666666
