Unnester:0.6338888888888888
UnnestOperator:0.43333333333333335
MapUnnester:0.275
ArrayUnnester:0.275
