ServerXMLDFHandler:0.32666666666666666
AbstractXMLDFHandler:0.3
ClientBinaryDFHandler:0.27666666666666667
ServerBinaryDFHandler:0.26666666666666666
AbstractBinaryDFHandler:0.235
