SunshineRaytracer:0.5666666666666667
Kernel:0.49333333333333335
SunshineBidirPathtracer:0.31
InterruptableIsVisiblelKernel:0.22111111111111115
SunshinePathtracerOld:0.2122222222222222
