Script:0.66
Commandline:0.5866666666666667
MockCommandline:0.27666666666666667
NantBuilderTest:0.27666666666666667
ScriptRunner:0.2733333333333333
NantScript:0.24666666666666667
NantBuilder:0.24666666666666667
AntScriptTest:0.21333333333333335
AntScript:0.21
InputBasedMockCommandLineBuilder:0.17166666666666666
MavenBuilder:0.15666666666666668
NantScriptTest:0.14666666666666667
MavenScript:0.13333333333333333
MavenScriptTest:0.08333333333333333
TimeoutProcess:0.013333333333333334
