UCropFragment:0.5233333333333333
ResultActivity:0.41333333333333333
UCrop:0.35333333333333333
SampleActivity:0.31
