HopParser:0.44
HopLexer:0.3233333333333333
DFA5:0.11199999999999997
combo_expression_return:0.043111111111111114
qualified_name_return:0.043111111111111114
expression_statement_return:0.043111111111111114
DFA4:0.04
DFA14:0.04
