HazelcastClientInstanceImpl:0.46
StripedExecutor:0.31666666666666665
EventServiceImpl:0.27666666666666667
Worker:0.19333333333333333
ClientListenerServiceImpl:0.16666666666666666
EventServiceSegment:0.15333333333333332
