ChangeWanStateRequest:0.7133333333333334
ManagementCenterServiceTest:0.5133333333333333
ChangeWanStateRequestTest:0.10333333333333333
