ConfigurationClass:0.54
ConfigurationModel:0.38666666666666666
ConfigurationParserTests:0.29
ConfigurationModel_EquivalenceTests:0.19666666666666666
ReflectingConfigurationParser:0.15
BeanDefinitionRegisteringConfigurationModelRendererTests:0.10333333333333333
ConfigurationModel_ValidationTests:0.10333333333333333
AsmJavaConfigBeanDefinitionReader:0.10333333333333333
