Viewer:0.51
Sticks:0.34
EdgeView:0.29722222222222217
ModelSet:0.25666666666666665
NodeInfoView:0.24333333333333335
EdgeInfoMaker:0.234
HoverWatcher:0.22861111111111115
NBEdge:0.22333333333333333
EdgeInfoObs:0.021666666666666667
