Robolectric:0.5922222222222222
ContentProviderOperationBuilderTest:0.37
ContentRequest:0.12166666666666667
