ProcessTask:0.5866666666666667
BasicOperationScheduler:0.5466666666666666
PartitionThread:0.3983333333333333
AbstractExecutorThreadFactory:0.15
PartitionThreadFactory:0.08666666666666667
ManagedThread:0.058333333333333334
