AttrResourceLoader:0.5266666666666666
TestAttributeSet:0.5166666666666667
AttrResourceLoaderTest:0.11333333333333333
