SequenceContentProvider:0.7633333333333333
SequenceLabelProvider:0.4211111111111111
