EntityReferencePG:0.5183333333333333
WebsphereCodeGenerator:0.37833333333333335
HibernatePG:0.2914285714285714
