Step:0.5216666666666666
Assert:0.43333333333333335
ScriptEditor:0.31666666666666665
Script:0.27666666666666667
StepEditor:0.26
ComponentRecorder:0.2
Entry:0.17666666666666667
LaunchEditor:0.13
AssertEditor:0.11333333333333333
ActionEditor:0.056666666666666664
