HttpWebConnection:0.7033333333333334
MultiHttpRequestInterceptor:0.701111111111111
StaticHttpRequestInterceptor:0.47222222222222227
HttpWebConnection3Test:0.32
