Constants:0.5166666666666667
ObjectNode:0.4666666666666667
SDHModuleScene:0.24666666666666667
PoolNode:0.23
NativeTypeProperty:0.17222222222222222
AbstractNodeWidget:0.17
CreateBusinessObjectAction:0.15
ObjectChildren:0.13888888888888887
CustomAcceptActionProvider:0.12666666666666668
AbstractChildren:0.10666666666666667
ServiceChildren:0.09666666666666666
IPAMRootNode:0.08666666666666667
PoolChildren:0.08
