CMSContent:0.6416666666666667
MassSignUpController:0.36222222222222217
FilterUtilityEditor:0.335
