DownloadFile:0.6733333333333333
DownloadManager:0.42333333333333334
DownloadTab:0.2633333333333333
DownloadWorker:0.20444444444444446
DownloadCandidatesListener:0.19333333333333333
CellRenderer:0.15555555555555556
DownloadCandidateTableModel:0.14666666666666667
DownloadTableModel:0.1211111111111111
DownloadFilesListener:0.11666666666666667
DownloadSelectionHandler:0.10666666666666667
