TaskInfo:0.5133333333333333
UIData:0.48388888888888887
GwtTaskHelper:0.33
