Common:0.5580555555555556
ArticleProcessor:0.45
ArticleRepositoryImpl:0.4322222222222223
