LocalActor:0.6566666666666666
ActorSpec:0.5133333333333333
Supervisor:0.4633333333333333
SupervisorTest:0.2733333333333333
