Cooccurrence:0.5583333333333333
Metadatas:0.35
Messages:0.22191269841269842
OpenWelcomePage:0.20666666666666667
BiHashMap:0.17
OpenLocalizedWebPage:0.14
