Context:0.5333333333333333
ContextTest:0.30333333333333334
CancellableContext:0.29333333333333333
ServerCallImplTest:0.21666666666666667
ClientCallImpl:0.19055555555555556
ParentListener:0.10666666666666667
