MeshBuilder:0.38333333333333336
Box2DDebugRenderer:0.3433333333333333
GdxSetupUI:0.31
GdxSetup:0.2833333333333333
ScrollPane:0.2733333333333333
MeshPartBuilder:0.27166666666666667
IOSRobovmTests:0.19488888888888886
AdvancedSettingsPanel:0.15333333333333332
LwjglDebugStarter:0.1
Form:0.08666666666666667
