AbstractTestDescriptor:0.53
JUnit5TestEngineTests:0.49333333333333335
SpecificationResolver:0.41333333333333333
ContextTestExecutionNode:0.19
