OperationExecutorImpl:0.45166666666666666
OperationServiceImpl:0.43666666666666665
ConsoleApp:0.37333333333333335
ClientEngineImpl:0.36
ExecutionServiceImpl:0.28
ClientExecutionServiceImpl:0.24333333333333335
InvocationRegistry:0.21666666666666667
NodeJobTracker:0.1557777777777778
