Fiber:0.6133333333333333
FiberTask:0.36253968253968255
FiberForkJoinTask:0.30666666666666664
FiberScheduler:0.27666666666666667
