HttpRequest:0.8133333333333334
HttpClientResponse:0.61
GwtNet:0.32666666666666666
AndroidNet:0.31333333333333335
LwjglNet:0.24333333333333335
