Factory:0.59
NetworkElementFactory:0.46
Manager:0.4533333333333333
CategoryModel:0.39666666666666667
SaveMapServlet:0.11666666666666667
LoadCurrentNodesServlet:0.11333333333333333
