TestOrcReader:0.5033333333333333
OrcRecordReader:0.41333333333333333
StripeReader:0.3433333333333333
OrcReader:0.2833333333333333
OrcPageSource:0.26166666666666666
OrcPageSourceFactory:0.2
