ArticleBean:0.5886666666666667
ArticleTable:0.37
PubMedReader:0.36
RegenerateFullTextIndices:0.3233333333333333
LuceneFullTextSearch:0.19
