Publication:0.4533333333333333
NewBufferMessageFlyweight:0.37666666666666665
Subscription:0.31
Aeron:0.2633333333333333
AeronTest:0.24
ClientConductor:0.21333333333333335
MediaConductorTest:0.20333333333333334
MediaConductor:0.19
PublicationMessageFlyweight:0.18666666666666668
PubUnicastTest:0.07916666666666666
PubMulticastTest:0.06916666666666667
PubAndSubTest:0.065
ClientProxy:0.04
