StatisticsTracker:0.5633333333333334
ProcessedCrawlURIRecord:0.33666666666666667
CrawlController:0.32666666666666666
TimedQueue:0.27666666666666667
CrawlerConfigurationContants:0.011111111111111112
