Special:0.6666666666666666
x86ReferenceCompiler:0.42333333333333334
SimpleCompiler:0.3433333333333333
BytecodeToQuad:0.3
