FreeTypeFontGenerator:0.4033333333333333
SpriteDrawable:0.35
Skin:0.35
GlyphLayout:0.33666666666666667
Tree:0.29
BitmapFontData:0.24
TextureRegionDrawable:0.20666666666666667
TiledDrawable:0.13333333333333333
BitmapFontTest:0.11333333333333333
LwjglDebugStarter:0.09333333333333334
LwjglTestStarter:0.06
FreeTypeBitmapFontData:0.05333333333333334
