DefaultInitialDirContextFactory:0.6408333333333335
LdapAuthenticationProvider:0.5633333333333334
InitialDirContextFactory:0.1462222222222222
