InstallerDb:0.5966666666666667
Installer:0.49333333333333335
InstallerDbTest:0.2866666666666667
PopulatedTemporaryDatabaseTestCase:0.17333333333333334
PopulatedTemporaryDatabaseTestCaseTest:0.16666666666666666
