TableProcessor:0.7666666666666667
JTableReader:0.5133333333333333
