JsonPathImpl:0.45666666666666667
PathFragment:0.3933333333333333
Path:0.3566666666666667
JsonAssert:0.25333333333333335
