FragmentMvpViewStateDelegateImpl:0.5533333333333333
LceViewState:0.2701111111111111
MvpLceViewStateActivity:0.24333333333333335
MvpLceViewStateFragment:0.22666666666666666
SimpleCountriesPresenter:0.22611111111111115
SampleApplication:0.20333333333333334
AbsLceViewState:0.19
NotRetainingCountriesFragment:0.13666666666666666
