SharedTrainingMaster:0.5133333333333333
WordVectorSerializer:0.45
Builder:0.32
EncodingHandler:0.24666666666666667
WiredEncodingHandler:0.17
SharedTrainingConfiguration:0.14492063492063492
