TextualDocumentFormat:0.9544444444444445
EmailDocumentFormat:0.4166666666666667
