Controller:0.5566666666666666
ApolloPanel:0.33
DataLoader:0.2833333333333333
ApolloFrame:0.28
FileMenu:0.20111111111111113
BasicWindowListener:0.17
