CookieRetrievingCookieGenerator:0.5333333333333333
CasCookieConfiguration:0.3433333333333333
CookieProperties:0.30333333333333334
InitialFlowSetupActionCookieTests:0.13333333333333333
TGCCookieRetrievingCookieGenerator:0.05333333333333334
WarningCookieRetrievingCookieGenerator:0.05333333333333334
