WebSocketProcessor:0.51
JettyWebSocketHandler:0.42
DefaultBroadcaster:0.4122222222222222
GrizzlyApplication:0.12666666666666668
EchoProtocol:0.09333333333333334
SimpleHttpProtocol:0.09
