ScriptEditor:0.59
Recorder:0.4033333333333333
DuplicateScriptAction:0.06666666666666667
ClearScriptAction:0.03166666666666667
DeleteScriptAction:0.03166666666666667
SaveAsScriptAction:0.03
