U2FAuthentication:0.5266666666666666
U2FAuthenticationHandler:0.32
U2FStartAuthenticationAction:0.2966666666666667
U2FConfiguration:0.25
U2FStartRegistrationAction:0.22444444444444447
U2FAuthenticationEventExecutionPlanConfiguration:0.14333333333333334
BaseU2FDeviceRepository:0.14333333333333334
U2FDeviceRepository:0.09916666666666667
U2FInMemoryDeviceRepository:0.049166666666666664
