MavenBuilder:0.8588888888888888
MavenBuilderTest:0.38666666666666666
