ParseException:0.49333333333333335
GMLInputTemplate:0.37
GMLReader:0.3333333333333333
GMLWriter:0.22333333333333333
GMLOutputTemplate:0.22111111111111115
GMLGeometryWriter:0.19333333333333333
BaseFeatureInputStream:0.19
FMEGMLWriter:0.15333333333333332
FMEGMLReader:0.13333333333333333
