Block:0.61
RangePositionBlock:0.26666666666666666
UncompressedPositionBlock:0.2633333333333333
MaskedValueBlock:0.26
UncompressedValueBlock:0.2
TestMaskedValueBlock:0.19666666666666666
BlockBuilder:0.18666666666666668
RunLengthEncodedBlock:0.17333333333333334
AverageAggregation:0.12333333333333334
SumAggregation:0.12333333333333334
DataScan3:0.11
DataScan1:0.08666666666666667
DataScan2:0.08666666666666667
