SimpleXPath:0.49666666666666665
Qedeq2Latex:0.3566666666666667
Context2SimpleXPath:0.35
ModuleContext:0.33666666666666667
XPathLocationParser:0.30333333333333334
XmlQedeqFileDao:0.13666666666666666
