HopParser:0.4166666666666667
HopSymbolTableWalker:0.39666666666666667
ClassDescriptor:0.25
MethodDescriptor:0.21133333333333332
TypeChecker:0.19
DFA34:0.17444444444444446
class_stmnts_return:0.013055555555555556
fcall_return:0.01
