CipherHelper:0.49
ConnectionManager:0.44333333333333336
Connection:0.4
WriteHandler:0.27666666666666667
Node:0.24666666666666667
AbstractSelectionHandler:0.24
ReadHandler:0.19966666666666666
AsymmetricCipherPacketWriter:0.19666666666666666
Connector:0.19111111111111112
Acceptor:0.14833333333333334
SymmetricCipherPacketReader:0.14
SymmetricCipherPacketWriter:0.14
SocketPacketReader:0.12666666666666668
AsymmetricCipherBuilder:0.11666666666666667
AsymmetricCipherPacketReader:0.11
SocketTextReader:0.10333333333333333
SymmetricCipherBuilder:0.09666666666666666
SelectorBase:0.08
InOutSelector:0.05
SocketPacketWriter:0.04888888888888889
