AuthenticationInterceptor:0.5833333333333334
AppAction:0.32666666666666666
AuthorizationInterceptor:0.2841666666666667
