SwingServerWrapper:0.5133333333333333
JFXFont:0.4766666666666667
ServerExtensionLoader:0.3566666666666667
SwingFont:0.32666666666666666
ServerConfigurationParser:0.2833333333333333
EditorExtensionLoader:0.24699999999999997
MapItemsUIHandlerTest:0.24
ARINCFont:0.22333333333333333
JFXServerGraphicsConfigHandler:0.16666666666666666
StandAloneServerGUITest:0.13666666666666666
StringUtils:0.13666666666666666
TestUtilities:0.12666666666666668
StandAloneServerGUI2Test:0.12
LabelRenderer:0.11666666666666667
ExtensionMapsTest:0.08
MapLibraryManagerTest:0.043333333333333335
MapLibraryManager2Test:0.043333333333333335
