AnimUtils:0.5366666666666666
TransitionLayout:0.5233333333333333
ShadowGenerator:0.2733333333333333
PowerMenuActivity:0.14666666666666667
