Vector:0.4266666666666667
Util:0.3566666666666667
AbstractMapTest:0.3466666666666667
CharSeqTest:0.31333333333333335
CharSeq:0.31
AbstractSetTest:0.2
AbstractSeqTest:0.175
LinkedHashMapTest:0.15833333333333333
