DatabaseWriter:0.45666666666666667
CsvData:0.43666666666666665
CsvUtils:0.29133333333333333
ProtocolDataReader:0.26666666666666666
DataGapDetector:0.18
DataProcessor:0.15333333333333332
