CropIwaImageView:0.5333333333333333
CropIwaImageViewConfig:0.36
CropIwaView:0.2966666666666667
BitmapLoadListener:0.28
CropImageTask:0.2277777777777778
CropIwaBitmapManager:0.2041666666666667
ScaleGestureListener:0.13666666666666666
CropResultRouter:0.0475
