RemoteCollector:0.45666666666666667
MultiActionListener:0.27
TransportKillNodeAction:0.2
KillTask:0.18
KillJobTask:0.17333333333333334
