Specificites:0.6333333333333333
TLE:0.6066666666666667
