GwtTeamingMessages:0.32666666666666666
RequestInfo:0.31337301587301586
EventHelper:0.2966666666666667
BinderInfo:0.25666666666666665
GwtRpcServiceImpl:0.24333333333333335
GwtTeamingDataTableImageBundle:0.22166666666666668
GwtServerHelper:0.21166666666666667
GwtMainPage:0.21
AddFilesDlg:0.18
FilesDroppedEvent:0.06666666666666667
GetHelpUrlCmd:0.03666666666666667
