Elvin:0.6066666666666667
ElvinLogListener:0.47333333333333333
ElvinLogEvent:0.3
