Canvas:0.38
GwtTeamingMessages:0.32666666666666666
LandingPageProperties:0.27666666666666667
EventHelper:0.26
GwtRpcServiceImpl:0.2272222222222222
DefinitionHelper:0.22666666666666666
GwtServerHelper:0.21333333333333335
MenuHideEvent:0.17333333333333334
MenuShowEvent:0.17333333333333334
GwtMainPage:0.17
UIStateManager:0.1638888888888889
LandingPageEditor:0.15
EditLandingPagePropertiesEvent:0.10666666666666667
UIState:0.056666666666666664
CanModifyBinderCmd:0.02
WebKeys:0.016666666666666666
