Document:0.5266666666666666
DocumentTest:0.42611111111111116
WindowTest:0.20333333333333334
MainTestSuite:0.17
