MainScene:0.5733333333333334
Relax:0.4633333333333333
ChatBox:0.14666666666666667
MarsNode:0.14666666666666667
ChatUtil:0.01
