DelegatingELContext:0.5533333333333333
ELExpression:0.38333333333333336
ELExpressionParser:0.2866666666666667
ELContextFactory:0.24046031746031743
ELContextDelegationTests:0.15666666666666668
DefaultELContextFactory:0.016666666666666666
DelegatingELExpressionParser:0.0033333333333333335
