StreamOutput:0.8066666666666666
ElasticsearchExceptionTests:0.31333333333333335
