jEdit:0.27105877
JEditBuffer:0.22237514
VFS:0.22206707
FileVFS:0.13849743
EditPane:0.13690501
View:0.13399154
BufferSaveRequest:0.12888731
VFSManager:0.1246792
VFSBrowser:0.12184598
VFSFile:0.12054363
MiscUtilities:0.11834229
Macros:0.11492765
GUIUtilities:0.11444073
BufferLoadRequest:0.096603625
SearchAndReplace:0.09545898
BufferIORequest:0.09282665
PluginJAR:0.0908364
BeanShell:0.088437416
Mode:0.08821843
TextArea:0.08592478
PerspectiveManager:0.085207015
VFSFileChooserDialog:0.084610365
BufferUpdate:0.08268218
MarkersSaveRequest:0.08165766
BufferInsertRequest:0.07484713
Abbrevs:0.07341543
EditServer:0.073109046
BufferSetManager:0.07135785
BufferAutosaveRequest:0.070819095
Log:0.06977658
BrowserView:0.06678558
EditBus:0.065556005
GeneralOptionPane:0.06266837
BufferSet:0.06208452
ModeProvider:0.058998328
Marker:0.058689825
HyperSearchResult:0.05802458
JEditTextArea:0.057339802
HyperSearchResults:0.055344235
MacOSXPlugin:0.054998826
VFSDirectoryEntryTable:0.051866032
AllBufferSet:0.051585943
StatusBar:0.050411463
BufferChangeListener:0.050107155
BufferListener:0.04998361
TextAreaTransferHandler:0.048611484
FoldHandler:0.046514
HyperSearchFileNode:0.046406984
CloseDialog:0.04634719
SearchDialog:0.04466821
BufferListSet:0.044442955
BufferChangeAdapter:0.04386808
MarkerViewer:0.043583747
GrabKeyDialog:0.043072097
StandardUtilities:0.03980853
DockingLayoutManager:0.03391787
BufferOptionPane:0.0329988
CurrentBufferSet:0.032923333
HyperSearchRequest:0.03231121
LineSepWidgetFactory:0.030962843
FilesChangedDialog:0.030529283
DirectoryProvider:0.02979432
ThreadUtilities:0.028772488
UndoManager:0.028094793
BufferChanging:0.028018339
ReloadWithEncodingProvider:0.026508633
DefaultTokenHandler:0.026373882
FoldWidgetFactory:0.026361454
BufferUndoListener:0.02617416
ParserRuleSet:0.025252188
MarkersProvider:0.025135722
WrapWidgetFactory:0.024447544
ModeWidgetFactory:0.024328493
SelectionManager:0.023439305
EncodingWidgetFactory:0.022375723
StyleEditor:0.02143055
CompleteWord:0.020554377
SaveBackupOptionPane:0.020473301
Autosave:0.0191522
Token:0.018548299
BufferPrinter1_4:0.018163769
BufferPrintable:0.017872412
BufferSetListener:0.015817413
JEditVisitorAdapter:0.015413966
BufferSwitcher:0.015320885
BufferSetAdapter:0.013770639
SelectLineRange:0.0081559485
HyperSearchNode:0.007466741
BufferPrinter1_3:0.0069955844
BufferOptions:0.0069359397
IntegerArray:0.0025651888
SaveCaretInfoVisitor:0.0023816586
