DiscoveryNode:0.6766666666666666
Builder:0.25333333333333335
PublishClusterStateAction:0.23666666666666666
NodeVersionAllocationDecider:0.21722222222222223
NodeVersionAllocationDeciderTests:0.19666666666666666
ClusterStateDiffIT:0.17
TribeNodeClusterStateTaskExecutor:0.13333333333333333
