JCell:0.5986111111111111
JGraph:0.5566666666666666
JEdge:0.52
JVertex:0.39
AJCell:0.26666666666666666
AJEdge:0.24
AJVertex:0.22
