AutomationProcessor:0.5333333333333333
EventBuilder:0.25666666666666665
VacuumdTest:0.24333333333333335
VacuumdConfigFactory:0.22333333333333333
ActionProcessor:0.09666666666666666
EventAssignment:0.08
SQLExceptionHolder:0.07333333333333333
AutoEventProcessor:0.07111111111111111
TriggerProcessor:0.05444444444444444
ActionEventProcessor:0.043333333333333335
ResultSetSymbolTable:0.03
InvalidSymbolTable:0.017388888888888888
