Method:0.4
RuntimeClass:0.29
LListShortcut:0.14333333333333334
LShortcut:0.14333333333333334
LMapShortcut:0.14333333333333334
LCallInvoke:0.13666666666666666
SFunction:0.13
SEach:0.13
