TextToSpeechPanel:0.8566666666666667
TextToSpeechOptions:0.4766666666666667
