MapperQueryParser:0.37
Factory:0.2966666666666667
MatchQuery:0.27166666666666667
CJKBigramFilterFactory:0.19333333333333333
MatchQueryBuilder:0.15833333333333333
CJKFilterFactoryTests:0.12333333333333334
ShingleTokenFilterFactoryTests:0.12333333333333334
SimpleQueryParser:0.09916666666666667
