Configuration:0.5233333333333333
EvaluationListenerTest:0.33
JsonReader:0.2866666666666667
EvaluationContextImpl:0.2
LimitingEvaluationListener:0.15988095238095237
ReadContext:0.09916666666666667
