LongArray:0.21
FloatArray:0.21
IntArray:0.21
FloatBag:0.20333333333333334
IntBag:0.20333333333333334
LongBag:0.20333333333333334
Entries:0.14333333333333334
