AndersenPointerAnalysis:0.39666666666666667
Node:0.33666666666666667
MethodSummary:0.31
ProgramLocation:0.31
PassedParameter:0.29
BuildMethodSummary:0.26666666666666666
ReturnValueNode:0.21666666666666667
ThrownExceptionNode:0.17666666666666667
PointerExplorer:0.13333333333333333
CallSite:0.11777777777777776
ReturnedNode:0.02
