ProofChecker:0.595
FormalProofCheckerExecutor:0.46888888888888886
ProofCheckerImpl:0.22199999999999998
