XmlContext:0.3333333333333333
ResBundle:0.33
PackageResourceTable:0.32
ResBundleTest:0.30666666666666664
ResourceTableFactory:0.30666666666666664
ResBunch:0.08666666666666667
