TfidfVectorizer:0.49333333333333335
BagOfWordsVectorizer:0.3
FileSentenceIterator:0.22666666666666666
LabelAwareFileSentenceIterator:0.19
