NewSpectrumWizard:0.5016666666666667
SpectrumChartFactory:0.39666666666666667
PeakLabelProvider:0.32666666666666666
