TableManager:0.5733333333333334
Table:0.41333333333333333
DataHolder:0.23333333333333334
DBConnection:0.22833333333333333
