AsyncShardFetch:0.54
TestFetch:0.43
FetchResult:0.39666666666666667
TestAllocator:0.21666666666666667
NodeEntry:0.17333333333333334
AsyncShardFetchTests:0.05
