Visitor:0.6706111111111112
Node:0.44333333333333336
GraphManager:0.30666666666666664
VisitorImpl:0.27666666666666667
GraphFilter:0.23272222222222222
GraphUtils:0.21666666666666667
