Record:0.5533333333333333
CMap:0.3333333333333333
RecordEntry:0.3333333333333333
LocallyOwnedMap:0.1866666666666667
ClusterTest:0.11666666666666667
