ArcCircleRenderer:0.4766666666666667
ArcEllipseRenderer:0.4766666666666667
CrownRenderer:0.4766666666666667
