TransportRefreshAction:0.4066666666666667
GetActionTests:0.3566666666666667
AsyncBroadcastAction:0.3333333333333333
