Script:0.7205555555555556
ScriptTest:0.43166666666666664
