Reader:0.5583333333333335
ApiListingResource:0.30666666666666664
WebXMLReader:0.19
