Tl1Client:0.4220674603174603
AutoBlock:0.38
Tl1ClientImpl:0.36333333333333334
Tl1AutonomousMessage:0.33666666666666667
Tl1AutonomousMessageProcessor:0.24333333333333335
Tl1d:0.22333333333333333
AutoId:0.1627777777777778
TimeoutSleeper:0.08333333333333333
