JdbcResultSet:0.64
QueryExecutor:0.30666666666666664
JdbcConnection:0.2833333333333333
JdbcStatement:0.19666666666666666
Driver:0.19666666666666666
TestDriver:0.11666666666666667
ResultsPageIterator:0.03666666666666667
