Buffer:0.7666666666666667
RealBufferedSource:0.30666666666666664
BufferedSourceTest:0.27222222222222225
