TodosDwrImpl:0.55
ShowTodoListsAction:0.37
TodoListsDwrImpl:0.20666666666666667
TodoListsDwr:0.20333333333333334
