CommunicationsStub:0.62
AttributeMetadataNode:0.27666666666666667
ClassCustomizerNodeProperty:0.24333333333333335
LocalAttributeMetadata:0.155
ObjectNodeProperty:0.15333333333333332
LocalAttributeMetadataImpl:0.11666666666666667
