PyObject:0.74
PyJavaClass:0.37333333333333335
imp:0.33666666666666667
__builtin__:0.28
PyJavaPackage:0.24
PyJavaDirPackage:0.09
