RenderAndBindTests:0.28
InsertUpdateTests:0.27666666666666667
MergeImpl:0.26
UpdateImpl:0.23333333333333334
InsertImpl:0.23333333333333334
InsertSetStep:0.15833333333333333
MergeMatchedSetStep:0.013333333333333334
UpdateSetStep:0.013333333333333334
InsertOnDuplicateSetStep:0.013333333333333334
MergeNotMatchedSetStep:0.013333333333333334
