Modules:0.7466666666666667
ModuleFileNotFoundException:0.14333333333333334
