JulianChronology:0.4766666666666667
BuddhistChronology:0.3433333333333333
GregorianChronology:0.3433333333333333
CopticChronology:0.27666666666666667
