DriverPublication:0.30333333333333334
EventLogger:0.2633333333333333
EventCodec:0.25
SetupFlyweight:0.23666666666666666
EventReader:0.2302777777777778
MultiDriverTest:0.21666666666666667
Aeron:0.2155952380952381
Context:0.17333333333333334
EventConfiguration:0.13666666666666666
