ServerConnection:0.4033333333333333
NetSocketImpl:0.38
ConnectionBase:0.32666666666666666
LocalEventBusTest:0.2833333333333333
HttpServerResponseImpl:0.28
ServerWebSocketImpl:0.27666666666666667
HttpClientRequestImpl:0.25333333333333335
WebSocketImplBase:0.24666666666666667
HttpTest:0.22
ClientConnection:0.20666666666666667
NetTest:0.20083333333333334
DatagramSocketImpl:0.18333333333333332
ServerHandler:0.17972222222222223
