Rule:0.7716666666666666
RuleModel:0.30333333333333334
