AllocatedPersistentTask:0.4633333333333333
PersistentTasksNodeService:0.36
PersistentTasksNodeServiceTests:0.3
PersistentTaskListener:0.19777777777777777
PersistentTasksService:0.13666666666666666
