BlockBuilderHashStrategy:0.5133333333333333
ChannelSet:0.45
ChannelSetBuilder:0.33
HashSemiJoinOperator:0.32
TestHashSemiJoinOperator:0.22333333333333333
