StageInfo:0.8366666666666667
SqlQueryExecution:0.4066666666666667
