HopLexer:0.44666666666666666
HopParser:0.41
HopSymbolTableWalker:0.38666666666666666
DFA26:0.24333333333333335
