GRU:0.5933333333333334
GRUParamInitializer:0.2833333333333333
MultiLayerTestRNN:0.17666666666666667
