FutureTest:0.7383333333333333
FutureImpl:0.2833333333333333
FailedFuture:0.2833333333333333
SucceededFuture:0.2833333333333333
