ValidationNotation:0.4766666666666667
ValidationObject:0.32
ValidationResult:0.31666666666666665
ObjectValidator:0.30333333333333334
Log4jValidationResults:0.2633333333333333
