BytePointer:0.2633333333333333
IntPointer:0.25333333333333335
CharPointer:0.25333333333333335
PointerPointer:0.24416666666666667
LongPointer:0.24400000000000002
ShortPointer:0.23666666666666666
FloatPointer:0.23666666666666666
DoublePointer:0.23666666666666666
BoolPointer:0.21
SizeTPointer:0.21
CLongPointer:0.2
