TestMETSFedoraExt1_1DOSerializer:0.7866666666666666
TestMETSFedoraExt1_0DOSerializer:0.7266666666666667
