ReferencedImageException:0.65
WorldFile:0.32666666666666666
GeoReferencedRaster:0.24
AbstractGraphicImage:0.23333333333333334
GeoTIFFRaster:0.21666666666666667
GeoTIFFImageFactory:0.21666666666666667
MrSIDReferencedImage:0.13666666666666666
GeoTIFFImage:0.13666666666666666
ECWImage:0.13666666666666666
JAIGraphicImage:0.10333333333333333
CommonsImage:0.09333333333333334
IOGraphicImage:0.09333333333333334
