FrameBuffer:0.42333333333333334
AndroidControllers:0.35333333333333333
DesktopControllerManager:0.17
GwtControllers:0.10333333333333333
Animation:0.10333333333333333
ControllerManagerStub:0.013333333333333334
ControllerManager:0.013333333333333334
