EditorAnnotation:0.7323611111111111
ImageEditor:0.6083333333333333
QueryEditor:0.43
AnnotationBar:0.19666666666666666
Autosave:0.15333333333333332
