CapabilitiesTest:0.26
GetRecordsTest:0.16333333333333333
GetRecordByIdResponseTest:0.16333333333333333
GetDomainTest:0.15333333333333332
GetCapabilitiesTest:0.1488888888888889
ConceptualSchemeTest:0.11
GetRecordsResponseTest:0.07333333333333333
GetDomainResponseTest:0.07333333333333333
DescribeRecordTest:0.07333333333333333
GetRecordByIdTest:0.07333333333333333
DescribeRecordResponseTest:0.07333333333333333
