TODSession:0.74
TODHandler:0.5333333333333333
ActionHandler:0.4220674603174603
TODSessionImpl:0.27
SodbeansDebugAction:0.24777777777777782
DefaultTODHandler:0.22
DefaultActionHandler:0.21333333333333335
