JsonPath:0.6433333333333333
Bench:0.42333333333333334
PathToken:0.3622222222222222
PropertyPathToken:0.23666666666666666
ApiResource:0.06333333333333334
OptionsTest:0.056666666666666664
