AbstractTestQueries:0.41333333333333333
TestExpressionCompiler:0.28
JsonExtract:0.25976190476190475
Visitor:0.22111111111111115
DynamicClassLoader:0.20666666666666667
ExpressionCompiler:0.17333333333333334
PredicateFilterSqlBenchmark:0.1718232323232323
JsonValueJsonExtractor:0.11
JsonFunctionBinder:0.09
JsonExtractCache:0.023333333333333334
