IndexShard:0.5566666666666666
ESIntegTestCase:0.49666666666666665
Version:0.4
BoolQueryBuilder:0.27666666666666667
MergeSchedulerConfig:0.26666666666666666
GetActionIT:0.26666666666666666
Queries:0.23666666666666666
CorruptedFileIT:0.22666666666666666
IndexWithShadowReplicasIT:0.19666666666666666
ClusterModule:0.16333333333333333
BoolQueryBuilderTests:0.15
EngineMergeScheduler:0.14333333333333334
FlushIT:0.12333333333333334
SearchQueryIT:0.09
CorruptedTranslogIT:0.056666666666666664
