DecoraTag:0.5355555555555556
HtmlStaplerTagAdapter:0.37666666666666665
Element:0.2733333333333333
