ChangeWanStateRequest:0.47333333333333333
ThreadDumpOperation:0.29
ClearExpiredOperation:0.28
GetMapConfigOperation:0.27666666666666667
ParkedOperation:0.2633333333333333
AbstractPromotionOperation:0.21
ChangeWanStateOperation:0.20666666666666667
ManagementDataSerializerHook:0.14333333333333334
FinalizePromotionOperation:0.14
ChangeWanStateRequestTest:0.11
BeforePromotionOperation:0.07666666666666666
