ConfigurableBundleCreatorTestsTest:0.7833333333333333
OnTheFlyBundleCreatorTestsTest:0.3233333333333333
