TokenizerFactory:0.5866666666666667
CustomAnalyzer:0.57
TransportAnalyzeAction:0.36333333333333334
PreConfiguredTokenizer:0.19722222222222222
PreBuiltAnalyzerIntegrationIT:0.18666666666666668
CustomAnalyzerProvider:0.17333333333333334
CustomNormalizerProvider:0.17333333333333334
AbstractTokenizerFactory:0.14583333333333334
MultiTermAwareTokenizerFactory:0.1275
