Messages:0.5166666666666667
Corpus:0.4175
MemCqiServer:0.2866666666666667
MemCqiClient:0.2733333333333333
Subcorpus:0.21
FileCopy:0.17666666666666667
Partition:0.17333333333333334
Application:0.056666666666666664
