ChemFileCDO:0.6933333333333334
DatabaseTest:0.4741666666666667
