FolderModule:0.5072777777777778
AccessUtils:0.4533333333333333
EntityIndexUtils:0.41
ZoneModuleImpl:0.3433333333333333
RssGenerator:0.25333333333333335
AbstractFolderCoreProcessor:0.24333333333333335
WorkspaceTreeController:0.23666666666666666
SiteScapeFileSystemInternal:0.19333333333333333
AdminModuleImpl:0.19
FolderModuleImpl:0.16166666666666665
ListProfilesController:0.14666666666666667
ChangeLogUtils:0.145
