EVA:0.48
Airlockable:0.4431269841269841
Settlement:0.38
Task:0.36
Airlock:0.35
ExitAirlock:0.23
Rover:0.19416666666666665
LanderHab:0.18333333333333332
EnterAirlock:0.18333333333333332
CollectRockSamples:0.16666666666666666
RepairEVAMalfunction:0.11333333333333333
MaintainGroundVehicleGarage:0.08333333333333333
EVAOperation:0.06666666666666667
BuildingAirlock:0.013333333333333334
VehicleAirlock:0.0033333333333333335
