AtomTypeFactory:0.4266666666666667
CDKAtomTypeMatcherTest:0.39
CDKAtomTypeMatcher:0.3466666666666667
CDKHueckelAromaticityDetectorTest:0.33666666666666667
AtomTypeFactoryTest:0.28
Mol2Reader:0.2633333333333333
NewCDKTestCase:0.25666666666666665
BasicValidator:0.24666666666666667
SmilesValencyChecker:0.21666666666666667
SybylAtomTypeMatcherTest:0.18
CDKHueckelAromaticityDetector:0.175
LonePairElectronChecker:0.165
AtomTypeMapper:0.11666666666666667
OWLBasedAtomTypeConfigurator:0.11
OWLAtomTypeMappingReader:0.10666666666666667
OWLAtomTypeReader:0.10666666666666667
OWLAtomTypeMappingHandler:0.08666666666666667
Mol2ReaderTest:0.07
SybylAtomTypeMatcher:0.059166666666666666
OWLAtomTypeHandler:0.056666666666666664
McoreTests:0.043333333333333335
AtomTypeMapperTest:0.03333333333333333
MatomtypeTests:0.03333333333333333
OWLAtomTypeMappingHandlerTest:0.028333333333333332
OWLAtomTypeReaderTest:0.006666666666666667
OWLBasedAtomTypeConfiguratorTest:0.0
OWLAtomTypeHandlerTest:0.0
OWLAtomTypeMappingReaderTest:0.0
