Slideshow:0.4033333333333333
ControlPanel:0.38333333333333336
Presentation:0.2833333333333333
IconTheme:0.24333333333333335
