ArgumentSplitter:0.6566666666666666
RubyInterpreter:0.38333333333333336
TS_Launching:0.2966666666666667
TC_ArgumentSplitter:0.20333333333333334
