FakeListView:0.38333333333333336
FakeAdapterView:0.38
ListViewTest:0.27666666666666667
CountingAdapter:0.17833333333333334
