ServerWebSocketImpl:0.42
ServerWebSocket:0.37583333333333335
WebSocketBase:0.2833333333333333
WebSocketImplBase:0.22
