Music:0.5997222222222223
AndroidMusic:0.5416666666666666
OpenALMusic:0.49
IOSMusic:0.19333333333333333
GwtMusic:0.18416666666666667
