CalendarDay:0.58
MonthView:0.31666666666666665
MonthPagerAdapter:0.3
WeekDayView:0.22444444444444447
