IFileVariable:0.83
FileVariable:0.5
ViewUtil:0.31666666666666665
IFileVariableStorage:0.27051984126984113
ProcessInfoFormTag:0.24666666666666667
FileFormat:0.20333333333333334
FormulaActionHandler:0.20166666666666666
ExecutionServiceBean:0.2
SerializableToByteArrayConverter:0.19666666666666666
UploadedFile:0.15333333333333332
FileVariableProxy:0.14333333333333334
DocxUtils:0.14
VariableLog:0.13
VariableDownloaderAction:0.11666666666666667
FilesSupplierConfig:0.11666666666666667
InsertImageOperation:0.10666666666666667
LocalFileSystemStorage:0.10416666666666667
ExcelBindings:0.1
SQLActionHandler:0.09
LocalFileSystemVariable:0.09
FileTag:0.07
FileSizeValidator:0.07
SaveFileToFileSystemHandler:0.07
FileMimeTypeValidator:0.07
GetSessionFileAction:0.07
FileVariableValueDownloadVarTag:0.07
FileExtensionValidator:0.07
EmailUtils:0.06666666666666667
FileVariableToByteArrayConverter:0.04666666666666667
FileVariableMatcher:0.0025
FileVariableDescriptor:0.0
