IncrementorEntryProcessor:0.36666666666666664
EntryProcessorTest:0.35
ValueSetterEntryProcessor:0.21666666666666667
ValueReaderEntryProcessor:0.19333333333333333
RemoveEntryProcessor:0.19
