ExtensionDefinitionInUseException:0.7133333333333334
GwtRpcServiceImpl:0.4633333333333333
ExtensionsConfig:0.36
