MapReduceCommand:0.5466666666666666
DBCollection:0.4533333333333333
MapReduceTest:0.27
