CoverageAnnotationTest:0.3
QsarmolecularCoverageTest:0.29
IoCoverageTest:0.29
FingerprintCoverageTest:0.29
StandardCoverageTest:0.29
SdgCoverageTest:0.29
QsarCoverageTest:0.29
AtomtypeCoverageTest:0.2633333333333333
RenderCoverageTest:0.2633333333333333
ReactionCoverageTest:0.2633333333333333
DiffCoverageTest:0.2633333333333333
QsarionpotCoverageTest:0.2633333333333333
ChargesCoverageTest:0.2633333333333333
QsaratomicCoverageTest:0.2633333333333333
QsarbondCoverageTest:0.2633333333333333
CoreCoverageTest:0.2633333333333333
PcoreCoverageTest:0.2633333333333333
SmilesCoverageTest:0.21666666666666667
ExtraCoverageTest:0.21
ValencycheckCoverageTest:0.21
InchiCoverageTest:0.21
QsarproteinCoverageTest:0.21
MextraTests:0.08333333333333333
MioTests:0.08333333333333333
MvalencycheckTests:0.08333333333333333
MqsarproteinTests:0.08333333333333333
MfingerprintTests:0.08333333333333333
MinchiTests:0.08333333333333333
MqsarTests:0.08333333333333333
MsdgTests:0.08333333333333333
MqsarmolecularTests:0.08333333333333333
MsmilesTests:0.08333333333333333
MstandardTests:0.08333333333333333
