OsgiHttpIntegrationTest:0.4666666666666667
HelloOsgiWorldServlet:0.46
ResourceServingServlet:0.25666666666666665
