ViewLoaderTest:0.4533333333333333
layout:0.426626984126984
ViewNode:0.4066666666666667
