TmxMapLoader:0.5666666666666667
MapObjects:0.29333333333333333
MapLayers:0.26666666666666666
