ComponentTester:0.45
ComponentTesterTest:0.3466666666666667
EventRecorderTest:0.33666666666666667
ScriptEditor:0.31
DynamicClassLoader:0.30333333333333334
ComponentRecorder:0.2633333333333333
ScriptTestSuite:0.25333333333333335
ComponentRecorderTest:0.24666666666666667
Robot:0.23333333333333334
OSXTest:0.2227777777777778
KeyStrokeMap:0.17666666666666667
KeyStrokeMapTest:0.08333333333333333
DynamicClassLoaderTest:0.07333333333333333
JComponentTesterTest:0.07333333333333333
