DeviceInfo:0.5533333333333333
NetworkAEInfo:0.4666666666666667
NetworkConnectionInfo:0.37666666666666665
LdapConfig:0.3
