JavaGenerator:0.5544444444444444
H2Generator:0.33111111111111113
