OnItemClickedListener:0.43333333333333335
Adapter:0.43
Toolbar:0.42
ExpandableRecyclerView:0.3233333333333333
Shadow:0.28
FruitAdapter:0.2733333333333333
ShadowGenerator:0.24333333333333335
Spinner:0.18
SpinnerMenu:0.17333333333333334
ArrayAdapter:0.08666666666666667
ListAdapter:0.03666666666666667
