TestRESTAPI:0.7833333333333333
MethodResource:0.2633333333333333
DatastreamResource:0.23666666666666666
FedoraObjectResource:0.18
BaseRestResource:0.17
