IgnoredNames:0.73
Index:0.3566666666666667
DirectoryListing:0.28
raw:0.1522222222222222
Indexer:0.1311111111111111
