FedoraSetInfoIterator:0.77
MPTQueryFactory:0.3566666666666667
ITQLQueryFactory:0.30333333333333334
