AllRingsFinder:0.6766666666666666
SmilesParserTest:0.5688888888888889
AllRingsFinderTest:0.29333333333333333
