Response:0.5433333333333333
Headers:0.3433333333333333
OkHeaders:0.31666666666666665
HttpEngine:0.2866666666666667
HttpResponseCache:0.27
Entry:0.21
