PatternRule:0.5566666666666666
TypeGraph:0.38
PatternRuleApplication:0.36333333333333334
