PartitionInvocation:0.5066666666666667
DummyReadOperation:0.31666666666666665
IndeterminateOperationStateExceptionTest:0.18666666666666668
