CloudFolderAuthenticationDlg:0.5966666666666667
GwtTeamingMessages:0.47
DataTableFolderViewBase:0.23333333333333334
