HopSymbolTableWalker:0.49
IntermediateExecutionBuilder:0.3433333333333333
ConditionalJumpStep:0.28
JumpStep:0.23
JumpBaseStep:0.19333333333333333
