Routing:0.63
CountPhase:0.29333333333333333
RoutingTest:0.24333333333333335
