ShadowConfigurationTest:0.4
ParallelUniverse:0.3746666666666667
ShadowView:0.37333333333333335
ShadowConfiguration:0.3566666666666667
ShadowContextTest:0.2966666666666667
ParallelUniverseTest:0.22666666666666666
RobolectricTestRunnerSelfTest:0.21
ResourceLoaderTest:0.20333333333333334
ShadowsAdapter:0.2
CoreShadowsAdapter:0.19666666666666666
