HTMLInputElementTest:0.44666666666666666
HTMLTextAreaElementTest:0.44
HTMLSelectElementTest:0.31
HTMLButtonElementTest:0.07333333333333333
