DashboardXmlConfigService:0.49666666666666665
DashboardConfigService:0.37833333333333335
AdminController:0.26
EnvironmentService:0.25416666666666665
DashboardXmlConfigServiceTest:0.22666666666666666
ConfigurationService:0.20166666666666666
EnvironmentServiceTest:0.19666666666666666
AdminControllerTest:0.18333333333333332
ServletContextConfigService:0.18277777777777776
DefaultDashboardConfigService:0.15666666666666668
SystemPropertyConfigService:0.15333333333333332
