Impl:0.48
CompletionInfo:0.36
Handler:0.3233333333333333
XmlPlugin:0.25333333333333335
ActionHandler:0.23666666666666666
XmlParser:0.23
XmlActions:0.19666666666666666
CompletionInfoHandler:0.15333333333333332
IDDecl:0.14333333333333334
XmlInsert:0.13666666666666666
ParseThread:0.12
SwingHTMLParserImpl:0.11
XmlListCellRenderer:0.1075
EditTagDialog:0.10333333333333333
AttributeTable:0.09666666666666666
GeneralOptionPane:0.09
SAXParserImpl:0.08666666666666667
