TableView:0.5066666666666667
TimeTunnelCommand:0.43333333333333335
KeyValueView:0.18599999999999997
HelpCommand:0.16555555555555557
LadderView:0.13666666666666666
MonitorCommand:0.12
