FavouritesInterface:0.7666666666666667
Favourites:0.6666666666666666
Listener:0.18333333333333332
FavouritesAddTaskAction:0.1
FavouritesRemoveTaskAction:0.1
DataLoadedAction:0.08
TreePopupMenu:0.07333333333333333
