FindObjectsByClassificationPathQuery:0.7752777777777778
FindObjectsByClassificationNodeQuery:0.5703333333333334
