CncFileDescriptor:0.4266666666666667
NotificationsProxy:0.3616666666666667
ArchiveClient:0.3333333333333333
ControlSessionProxy:0.3175
