GraphJGraph:0.7482777777777778
StatePanel:0.3938888888888889
