MetaModel:0.515
MetaTab:0.38
HumanTest:0.28
ParentTest:0.19666666666666666
SelectListFormatAction:0.14333333333333334
IncidentTest:0.13333333333333333
CorporationEmployeeTest:0.12666666666666668
JavaProgrammerTest:0.11333333333333333
ProgrammerTest:0.11333333333333333
AverageSpeedTest:0.06666666666666667
