MaxCore:0.7833333333333333
MaxStarterTest:0.35
TestComparator:0.31666666666666665
