DoubleSumAggregation:0.42333333333333334
CountAggregation:0.38333333333333336
DoubleAverageAggregation:0.36333333333333334
LongAverageAggregation:0.36333333333333334
LongSumAggregation:0.36
HashAggregationBenchmark:0.22576767676767673
ExecutionPlanner:0.22
TestCountAggregation:0.2
AbstractTestAggregationFunction:0.19
DoubleSumAggregationBenchmark:0.16
CountAggregationBenchmark:0.16
PartialSumQuery:0.14333333333333334
SumQuery:0.14333333333333334
TestAggregationOperator:0.09333333333333334
TestHashAggregationOperator:0.09333333333333334
TestDoubleAverageAggregation:0.023333333333333334
TestLongSumAggregation:0.023333333333333334
TestLongAverageAggregation:0.023333333333333334
TestDoubleSumAggregation:0.023333333333333334
