RecordReaderDataSetiteratorTest:0.4722222222222222
JointParallelDataSetIterator:0.38666666666666666
BaseParallelDataSetIterator:0.37
