NonBlockingSocketReader:0.43666666666666665
ClientReadHandler:0.39555555555555555
SpinningSocketReader:0.38333333333333336
ClientMessageSplitAndBuildTest:0.22333333333333333
ClientNonBlockingSocketReader:0.17333333333333334
ClientReadHandlerTest:0.12666666666666668
