OrcWriter:0.6461111111111112
OrcWriterOptions:0.6266666666666667
OrcFileWriterConfig:0.27666666666666667
TestOrcFileWriterConfig:0.15
AbstractTestValueStream:0.135
