JdbcChadoAdapter:0.7966666666666666
FeatureLocImplementation:0.5266666666666666
SybaseChadoAdapter:0.19333333333333333
PostgresChadoAdapter:0.18333333333333332
