HtmlPage:0.6166666666666667
SgmlPage:0.51
XmlPage:0.43666666666666665
