TypedByteArray:0.48
TypedFile:0.4633333333333333
TypedBytesBody:0.23666666666666666
JsonTypedBytes:0.16333333333333333
TypedBytesEntity:0.15
RestAdapter:0.14
StringTypedBytes:0.13333333333333333
TypedFileTest:0.05333333333333334
AbstractTypedBytes:0.043333333333333335
TypedByteArrayTest:0.03666666666666667
GsonConverter:0.03
