JChemPaintPanel:0.8366666666666667
JChemPaintEditorPanel:0.43666666666666665
JChemPaintViewerOnlyPanel:0.3746111111111111
