SqlSessionTest:0.52
MapperMethod:0.5133333333333333
AuthorMapper:0.49666666666666676
MapperProxy:0.22666666666666666
