Manufacture:0.86
BuildingPanelManufacture:0.2966666666666667
TabPanelManufacture:0.26666666666666666
