BoundBlogMapper:0.6833333333333333
DefaultResultSetHandler:0.4633333333333333
BindingTest:0.4033333333333333
