Security:0.73
Bootstrap:0.5233333333333333
ActionLoggingPlugin:0.30833333333333335
