WordVectorSerializer:0.6633333333333333
StaticWord2Vec:0.3611111111111111
WordVectorSerializerTest:0.14333333333333334
