CassandraClientConfig:0.6022222222222222
CassandraSessionFactory:0.35333333333333333
