ToolOptions:0.8322222222222222
Hash:0.7055555555555556
