Buffer:0.65
ByteString:0.5316666666666666
SegmentedByteString:0.30333333333333334
RealBufferedSource:0.21
