RoleManagementSession:0.7166666666666667
AuthorizationDataHandler:0.35
RoleManagementSessionBean:0.29833333333333334
EjbcaWebBean:0.25333333333333335
EjbBridgeSessionBean:0.2391111111111111
EjbLocalHelper:0.23
EjbBridgeSessionLocal:0.20127777777777778
ComplexRoleManagementSessionBean:0.10333333333333333
ComplexRoleManagementSession:0.045
ComplexRoleManagementSessionLocal:0.0
ComplexRoleManagementSessionTest:0.0
ComplexRoleManagementSessionRemote:0.0
