Input:0.77
AndroidInput:0.4266666666666667
LwjglInput:0.23
RemoteInput:0.21
InputWrapper:0.21
JglfwInput:0.21
MockInput:0.21
IOSInput:0.19666666666666666
LwjglAWTInput:0.19666666666666666
GwtInput:0.19666666666666666
