Content:0.4533333333333333
DeskletLoader:0.4075
CalendarComponent:0.37333333333333335
