SettlementMapPanel:0.62
SettlementTransparentPanel:0.29333333333333333
SettlementWindow:0.26666666666666666
DayNightMapLayer:0.18333333333333332
