InterpolatedForwardCurve:0.39133333333333337
PiecewiseYieldCurve:0.33
ForwardRateStructure:0.26666666666666666
ZeroYieldStructure:0.22
ObjectiveFunction:0.20533333333333334
InterpolatedDiscountCurve:0.2
InterpolatedZeroCurve:0.12333333333333334
ForwardRate:0.07
ZeroYield:0.07
