BioResource:0.8416666666666667
TextEditor:0.31333333333333335
