ParameterizedType:0.6266666666666667
InvokeByteCodeExpression:0.31
SetFieldByteCodeExpression:0.24333333333333335
GetFieldByteCodeExpression:0.24333333333333335
