CartesianGCode:0.6366666666666667
GCodeStepperMotor:0.48583333333333334
