ContactItem:0.5408333333333334
SessionView:0.47333333333333333
RosterView:0.42
SessionLabelProvider:0.3725396825396825
