Person:0.5533333333333333
JobAssignment:0.4166666666666667
Role:0.304
JobHistory:0.2966666666666667
Mind:0.2966666666666667
Preference:0.2744444444444445
ReviewJobReassignment:0.21444444444444447
TabPanelCareer:0.15333333333333332
ReviewJobReassignmentMeta:0.15
TabPanelFavorite:0.03
