SearchGenes:0.7833333333333333
GeneAliasTable:0.37333333333333335
