HydrogenAdderTest:0.6566666666666666
ExperimentalClassesTests:0.26666666666666666
ToolsTests:0.13
