Body:0.6298888888888889
NettyAsyncHttpProvider:0.39666666666666667
BodyFileRegion:0.27
AsyncHttpUrlConnection:0.23
FileBody:0.18666666666666668
