MaterialsTableModel:0.7966666666666666
ConstructionProjectPanel:0.39666666666666667
