Tab:0.5666666666666667
MetaTab:0.43333333333333335
Labels:0.39666666666666667
InvoicesTest:0.2
