Record:0.6366666666666667
UnresolvedIssues:0.32666666666666666
PartitionManager:0.3
CMap:0.2966666666666667
ClusterManager:0.24666666666666667
PartitionServiceImpl:0.22222222222222218
ClusterTest:0.15666666666666668
MPut:0.14
CMapTest:0.11666666666666667
UnlockOperationHandler:0.11
