Timer:0.6633333333333333
TaskState:0.49666666666666665
ReceiveMessageNode:0.23666666666666666
