StoreScp:0.46
StoreScpService:0.42
ForwardTask:0.36333333333333334
QueryRetrieveScpService:0.2633333333333333
MultiCFindRsp:0.22258730158730158
FindScp:0.08666666666666667
FileDataSource:0.04666666666666667
