GeneTable:0.6833333333333333
LocusTable:0.4666666666666667
GeneTableTest:0.3233333333333333
AllJUnitTests:0.043333333333333335
