Configuration:0.51
RuntimeEnvironment:0.49333333333333335
TroffAnalyzerFactory:0.30333333333333334
AnalyzerGuruTest:0.22
TrueMatcherHolder:0.19666666666666666
