DaoTestConfig:0.5533333333333333
HibernateDaoTestConfig:0.5266666666666666
AbstractDaoTestCase:0.35333333333333333
JdbcDaoTestConfig:0.26666666666666666
NodeDaoTest:0.21333333333333335
