APITest:0.5383333333333333
Stream:0.48
API:0.3566666666666667
StreamTest:0.2966666666666667
Collections:0.16833333333333333
For8:0.07666666666666666
For7:0.06666666666666667
For6:0.06
For5:0.06
For3:0.05333333333333334
For2:0.05
For4:0.05
For1:0.023333333333333334
