GrizzlyApplication:0.4166666666666667
GrizzlyWebSocket:0.37333333333333335
Jetty8WebSocket:0.2833333333333333
JettyWebSocket:0.2833333333333333
GlassFishWebSocketSupport:0.27
