WordExtractor:0.8866666666666667
WordExtractorTest:0.056666666666666664
