DatabaseCommandInterpreter:0.49333333333333335
Types:0.38333333333333336
ServerConnection:0.21833333333333332
DatabaseScript:0.21833333333333332
TestBug785429:0.18333333333333332
