CharSeq:0.6
AbstractTraversableOnceTest:0.45666666666666667
CharSeqTest:0.36333333333333334
