NodeLifeCycleListener:0.5022222222222222
JPPFNode:0.4866666666666667
NodeExecutionManager:0.4791666666666667
NodeExecutionManagerImpl:0.36333333333333334
AbstractMonitoredNode:0.32666666666666666
JcaResultProcessor:0.29333333333333333
JPPFJcaClientConnection:0.27
JcaClassServerDelegate:0.24833333333333332
JPPFSubmissionManager:0.21666666666666667
NodeTaskWrapper:0.16733333333333333
LifeCycleEventHandler:0.11
TimeoutTimerTask:0.09666666666666666
NodeLifeCycleEvent:0.06666666666666667
