MapService:0.585
MapEvictTask:0.41133333333333333
MapEvictionTest:0.31
EvictionTest:0.22333333333333333
