BlockSerdeUtil:0.62
PagesWriter:0.2633333333333333
PagesReader:0.2633333333333333
