PojoTestCase:0.38
PojoCodecImpl:0.35555555555555557
Builder:0.32666666666666666
PojoRoundTripTest:0.2633333333333333
TypeDataTest:0.24
PojoCodecProviderTest:0.20333333333333334
