ExtendedPKCS10CertificationRequest:0.5966666666666667
InitializeHardTokenIssuing:0.3466666666666667
BaseCaAdminCommand:0.30666666666666664
CaImportCertCommand:0.19333333333333333
