Configuration:0.5888888888888889
Namespace:0.5533333333333333
Encoder:0.29333333333333333
