MinMaxPixelInfo:0.5966666666666667
ImageServletResponseItem:0.4166666666666667
XmlServletResponseItem:0.36666666666666664
