Message:0.7833333333333333
WalletTest:0.43666666666666665
ChannelConnectionTest:0.27
PaymentChannelStateTest:0.2
