Publication:0.5033333333333333
TermAppender:0.46
LogBufferDescriptor:0.4144722222222222
TermAppenderTest:0.36666666666666664
SenderTest:0.3466666666666667
UdpChannel:0.24833333333333332
PublicationTest:0.24666666666666667
RetransmitHandlerTest:0.23666666666666666
