DummyProtocol:0.528611111111111
LoaderUtilities:0.32666666666666666
ServerComUtilities:0.26666666666666666
ClientComUtilities:0.2633333333333333
ProtocolInputDecoder_8Test:0.07
