ClusterService:0.75
Cluster:0.72
ClusterServiceImpl:0.42
InternalPartitionServiceImpl:0.41333333333333333
FinalizeJoinOperation:0.36666666666666664
HazelcastInstanceImpl:0.32
TestUtil:0.2866666666666667
HazelcastConnectionImplTest:0.23666666666666666
Node:0.23333333333333334
MockConnectionManager:0.19666666666666666
TransactionManagerServiceImpl:0.17333333333333334
TestHazelcastInstanceFactory:0.17
BaseMigrationOperation:0.165
Invocation_NetworkSplitTest:0.15666666666666668
TestNodeRegistry:0.13166666666666665
BeforeJoinCheckFailureOperation:0.12166666666666667
ClientClusterProxy:0.11333333333333333
