RedissonKeys:0.6666666666666666
RKeysAsync:0.33166666666666667
RedisCommands:0.3088888888888889
RKeys:0.20333333333333334
