FolderModule:0.6683333333333333
ObjectKeys:0.3688888888888889
DataSink:0.36
EntryProcessor:0.29003968253968254
AbstractEntryProcessor:0.29
TopFrame:0.26
PostFiles:0.20333333333333334
WebKeys:0.20333333333333334
FolderModuleImpl:0.19
ListFolderController:0.16333333333333333
AddEntryController:0.16333333333333333
AjaxController:0.08666666666666667
