Uid:0.7266666666666667
IdFieldMapper:0.38333333333333336
IdsQueryParser:0.20333333333333334
