FilterModifWord:0.7
TermNatures:0.5033333333333333
TestError:0.22888888888888886
FilterAndUpdateNatureDemo:0.21
