Planner:0.48333333333333334
TestClusterTableInfo:0.40303174603174596
PlannerTest:0.16666666666666666
SQLPlugin:0.16
SysClusterTableInfo:0.16
TestSysModule:0.14522222222222222
