NamedNodeWithOptionalProperties:0.30666666666666664
SimpleTopNProjectorTest:0.24333333333333335
TransportSQLAction:0.24333333333333335
SimpleTopNProjector:0.1463888888888889
AggregationProjector:0.12
SortingTopNProjectorTest:0.1
RowIterator:0.09
GroupingProjector:0.08
NoopProjector:0.07416666666666667
PassThroughTopNRowCollector:0.07416666666666667
GatheringTopNRowCollector:0.07416666666666667
SortingTopNProjector:0.07416666666666667
EntryToRowIterator:0.023333333333333334
