Extension:0.42333333333333334
ExtensionManager:0.39
ClientMessageDecoder:0.38666666666666666
ARINCMapVertSource:0.33
ARINCMapHorzSource:0.33
ServerXMLDFHandler:0.3233333333333333
ParserException:0.30333333333333334
AbstractProjection:0.27805555555555556
ClientAPIUtilities:0.27666666666666667
AbstractHorizontalProjection:0.23333333333333334
AbstractVerticalProjection:0.21666666666666667
AbstractWidgetRefHandler:0.19333333333333333
ExtensionTest:0.19333333333333333
ServerMapItemsUtilities:0.07333333333333333
