FunctionAssertions:0.56
TestDateTimeFunctions:0.31
TestMathFunctions:0.2833333333333333
TestDateTimeOperators:0.20333333333333334
AssertExecuteTask:0.13666666666666666
TestConditions:0.13
