StringUtils:0.7666666666666667
Login:0.44333333333333336
UpdateGene:0.24666666666666667
DisplayArticle:0.24444444444444446
Interpreter:0.21166666666666667
DisplayAnnotation:0.20166666666666666
DisplayGene:0.15
DisplaySequenceAssociations:0.15
DisplayLocus:0.15
PropagateAnnotation:0.13666666666666666
DisplayAssignedTasks:0.1331111111111111
AddComment:0.1331111111111111
PubServlet:0.13
ArticleReferenceListAsTable:0.12333333333333334
DisplayGoTerm:0.12
DisplayObjectTerm:0.12
ArticleAssociatedTerms:0.12
DisplayPhenotype:0.11
DisplayAssignedTasksOfAllUsers:0.10833333333333334
PubSourceReader:0.10666666666666667
PubMedReader:0.1
StringUtilsTest:0.08666666666666667
DisplayReference:0.08333333333333333
AllJUnitTests:0.03666666666666667
