HealthMonitorTest:0.46416666666666667
DiagnosticsLogTest:0.4166666666666667
AbstractDiagnosticsPluginTest:0.33666666666666667
SingleLineDiagnosticsLogWriterTest:0.19333333333333333
