CoverageTest:0.16333333333333333
AbstractMedeaManagerPluginTest:0.15333333333333332
APITest:0.11333333333333333
JavaMedeaManagerPluginTest:0.043333333333333335
JavaScriptMedeaManagerPluginTest:0.043333333333333335
AllMedeaManagerPluginTests:0.0
AllMedeaManagerTests:0.0
