WebUtils:0.6544444444444444
TicketOrCredentialPrincipalResolver:0.31
TicketOrCredentialPrincipalResolverTests:0.2866666666666667
UsernamePasswordWrapperAuthenticationHandler:0.23666666666666666
SimpleTestUsernamePasswordAuthenticationHandler:0.17666666666666667
