ESQueryBuilder:0.49888888888888894
ESSearchNode:0.4
TransportExecutorTest:0.29333333333333333
ESQueryBuilderTest:0.25333333333333335
Planner:0.23633333333333334
ESSearchTask:0.23333333333333334
AbstractESNode:0.1511111111111111
DocSysColumns:0.12833333333333333
