Shape:0.7
Materialisation:0.42333333333333334
TestMaterialisation:0.19666666666666666
