MaterialiseEdge:0.44666666666666666
CleanupImpossibleEdges:0.2866666666666667
Materialisation:0.2833333333333333
ShapeDialog:0.23
SingulariseNode:0.21666666666666667
ShapeStateGenerator:0.14666666666666667
