AppAction:0.5066666666666667
MDialog:0.35333333333333333
ScriptUtils:0.31666666666666665
MainWindow:0.3
InternetSearchAction:0.2
ScriptIDE:0.14333333333333334
ScriptExecutor:0.12666666666666668
MToolBar:0.11666666666666667
InternetSearch:0.10666666666666667
MMouseAdapter:0.09777777777777777
