StandAloneServerGUI:0.6466666666666666
ServerWrapper:0.5333333333333333
