ITypeInfoTest:0.5533333333333333
OleAuto:0.47333333333333333
IDispatch:0.43
