Stack:0.5252777777777778
FiberForkJoinScheduler:0.4947222222222223
