CopyPasteAction:0.7719444444444444
ChangeModeAction:0.20905555555555555
