ValidateTransformationTest:0.41333333333333333
SpatialIndexWriter:0.41333333333333333
Finder:0.3933333333333333
Get:0.32666666666666666
UnDuplifier:0.15333333333333332
Requirement:0.11
XslUtil:0.09
PolygonValidator:0.043333333333333335
Count:0.03333333333333333
