FastJsonJsonView:0.3566666666666667
FastJsonHttpMessageConverter4:0.35
FastJsonHttpMessageConverter:0.35
FastJsonProvider:0.3233333333333333
