ComponentInspector:0.6883333333333334
ComponentInspectorManager:0.4033333333333333
