GwtRpcService:0.3605555555555556
GwtRpcServiceAsync:0.35
GwtRpcServiceImpl:0.30666666666666664
AdminActionsTreeControl:0.27
AdminControl:0.25
GwtClientHelper:0.18666666666666668
GetAdminActionsCmd:0.12666666666666668
VibeRpcResponse:0.11
VibeRpcCmd:0.07666666666666666
AdminActionsRpcResponseData:0.07
ExecuteSearchCmd:0.06
GetBinderBrandingCmd:0.06
GetUpgradeInfoCmd:0.043333333333333335
VibeRpcResponseData:0.0
