SimpleCompiler:0.48
BytecodeToQuad:0.4633333333333333
jq_Field:0.25666666666666665
PConstOperand:0.25
jq_StaticField:0.19
Inet4AddressImpl:0.18333333333333332
jq_InstanceField:0.16666666666666666
CommonObjectTraverser:0.15
Factory:0.12555555555555556
CodeCache:0.10833333333333334
Delegates:0.07666666666666666
