DecoderResult:0.7666666666666667
DecodedBitStreamParser:0.3333333333333333
QRCodeReader:0.23333333333333334
SAComparator:0.15333333333333332
QRCodeMultiReader:0.11333333333333333
