GPSPSBean:0.48
MWLItemBean:0.34
DatasetUtils:0.3224444444444444
SeriesRequestBean:0.27
GPSPSRequestBean:0.27
GPSPSPerformerBean:0.26666666666666666
