Value:0.38333333333333336
Solution:0.38333333333333336
Equation:0.36
Var:0.33
TestMaterialisation:0.31666666666666665
EquationSystem:0.2833333333333333
ValueIterator:0.10666666666666667
GenericBranchIterator:0.095
EquationBranchIterator:0.058333333333333334
ZeroOneBranchIterator:0.051666666666666666
