Editor:0.43333333333333335
Options:0.35333333333333333
JGraphPanel:0.3
EditorPanel:0.29333333333333333
GraphJGraph:0.2866666666666667
MouseHandler:0.24333333333333335
StatePanel:0.2
RulePanel:0.19
SaveGraphAction:0.16944444444444443
ToolbarAction:0.15333333333333332
SaveGrammarAction:0.10333333333333333
