Fields:0.461111111111111
Date:0.33
FieldStats:0.30333333333333334
FieldStatsTests:0.2966666666666667
FieldStatsIntegrationIT:0.24666666666666667
Long:0.17666666666666667
Text:0.15666666666666668
Float:0.14666666666666667
Double:0.14666666666666667
