ElasticsearchIntegrationTest:0.5533333333333333
OldIndexBackwardsCompatibilityTests:0.2763333333333334
SitePluginTests:0.20033333333333334
RoutingBackwardCompatibilityUponUpgradeTests:0.19666666666666666
TribeUnitTests:0.19033333333333333
LoggingConfigurationTests:0.187
FileSystemUtilsTests:0.187
RestoreBackwardsCompatTests:0.16166666666666665
SimpleNodesInfoTests:0.16166666666666665
Log4jESLoggerTests:0.16166666666666665
NamingConventionTests:0.115
