DatabaseMeta:0.7457777777777779
AbstractJdbcExpert:0.5666666666666667
