DefinitionModuleImpl:0.4766666666666667
Definition:0.36666666666666664
DefinitionCache:0.32666666666666666
DefinitionCacheEventListener:0.2633333333333333
WorkflowUtils:0.12333333333333334
DefinitionCacheEventListenerFactory:0.07
