IOfflineListener:0.479
SymmetricEngine:0.43
AppUtils:0.395
PushService:0.23555555555555557
PullService:0.23222222222222225
SymmetricLauncher:0.21
ExtensionProcessor:0.18333333333333332
IOfflineDetectorService:0.1706111111111111
AbstractOfflineDetectorService:0.12333333333333334
