AlignBracket:0.38
CloseBracketIndentRule:0.33
LineScanner:0.30666666666666664
OpenBracketIndentRule:0.25333333333333335
BracketIndentRule:0.13333333333333333
