JModel:0.66
SpringLayouter:0.35333333333333333
LTSJGraph:0.31
ForestLayouter:0.20333333333333334
AbstractLayouter:0.17
