AggregationFunction:0.7488888888888889
LongSumAggregation:0.36333333333333334
AggregationOperator:0.35
DemoQuery3:0.24666666666666667
DemoQuery2:0.24666666666666667
Main:0.14666666666666667
CountAggregation:0.06333333333333334
