SimpleEntryView:0.6066666666666667
ReplicatedMapEntryView:0.5333333333333333
ClientMapProxy:0.37666666666666665
LazyEntryView:0.29
AbstractReplicatedRecordStore:0.25
EntryViews:0.24944444444444447
CacheMerger:0.13666666666666666
EntryViewTest:0.12333333333333334
Merger:0.11333333333333333
