Farming:0.5733333333333334
FoodTableUpdater:0.42
Crop:0.41333333333333333
FoodInventoryTableModel:0.2775
MealConfig:0.16
