SizeMappingTests:0.6361111111111111
TypeParser:0.4062222222222222
