NetworkUtils:0.5033333333333333
JPPFSystemInformation:0.47333333333333333
IPv6AddressNetmask:0.21666666666666667
RangePattern:0.20416666666666666
IPv4AddressNetmask:0.19333333333333333
IsInIPv4Subnet:0.11333333333333333
RegexUtils:0.09666666666666666
HostIP:0.08333333333333333
IsInIPv6Subnet:0.05
TestIsInIPv4Subnet:0.02666666666666667
TestIsInIPv6Subnet:0.024444444444444442
PatternConfiguration:0.0
