Emptier:0.26
MethodCopier:0.24
DispatcherBuilderVisitor:0.21333333333333335
MethodPrinter:0.18333333333333332
FakeMethodVisitor:0.18333333333333332
DefineClassModifierVisitor:0.14
ConstructorAppender:0.14
ConstructorCopier:0.12333333333333334
CreateMethodInterceptor:0.03333333333333333
