SharedTrainingMaster:0.57
CudaGradientsAccumulator:0.5566666666666666
GradientsAccumulator:0.51
SilentTrainingDriver:0.34111111111111114
BasicGradientsAccumulator:0.22333333333333333
Builder:0.1
