RegisterArg:0.5566666666666666
InsnGen:0.3
EmptyAttrStorage:0.25
ModVisitor:0.23666666666666666
AttrNode:0.23
AttributeStorage:0.14916666666666667
