MqlQueryAnalysis:0.6033333333333334
MqlSqlWalker:0.4033333333333333
InlinerMqlSqlWalker:0.24666666666666667
MqlIdentNode:0.2111111111111111
