JavaGenerator:0.5233333333333333
DataTypeDefinition:0.5136666666666667
DefaultDataTypeDefinition:0.44666666666666666
AbstractTypedElementDefinition:0.13333333333333333
