ServerWindow:0.39
ServerDisplay:0.36666666666666664
Selector:0.31333333333333335
SynthLabelUI:0.30333333333333334
ServerLayout:0.2966666666666667
WindowConnector:0.285
AbstractServerGUI:0.24666666666666667
MapHorzPanelRenderer:0.22333333333333333
EditorOpenDFTest:0.2227777777777778
LayerEventController:0.2227777777777778
AbstractMapItemList:0.21333333333333335
ServerWrapper:0.21216666666666667
ProcessingEventThread:0.13666666666666666
ServerCockpit_6Test:0.11666666666666667
ServerCockpitConnectors3Test:0.07277777777777779
