HiveClient:0.4633333333333333
HdfsEnvironment:0.43333333333333335
AbstractTestHiveClient:0.3333333333333333
HiveClientModule:0.22
HiveRecordSet:0.1927777777777778
HiveSplitSourceProvider:0.18444444444444444
AsyncRecursiveWalker:0.17944444444444446
