DicomElement:0.9233333333333333
SimpleDicomElement:0.30666666666666664
SequenceDicomElement:0.23666666666666666
