ElasticsearchResponseException:0.46
SnifferTests:0.36333333333333334
Sniffer:0.2866666666666667
RestClient:0.2733333333333333
