ResourceGroupManager:0.68
ResourceGroupSelector:0.6222222222222222
StaticSelector:0.14333333333333334
