Caffeine:0.47
CacheStats:0.39
AsyncTest:0.17333333333333334
CacheStatsTest:0.16666666666666666
BoundedWeigher:0.16
AsyncTracer:0.15333333333333332
Weigher:0.12111111111111111
Awaits:0.12
AsyncTracerTest:0.09666666666666666
AsyncWeigher:0.02666666666666667
AsyncRemovalListener:0.02666666666666667
