ProfileDao:0.6466666666666666
ProfileDaoImpl:0.5833333333333334
ParameterNames:0.5405555555555556
