IStagedResource:0.64
StagedResource:0.6366666666666667
StageManagementJob:0.39
StagingManager:0.3466666666666667
