MalfunctionManager:0.6166666666666667
Maintenance:0.3933333333333333
MaintenanceEVA:0.35333333333333333
MaintainGroundVehicleGarage:0.2833333333333333
MaintainGroundVehicleEVA:0.26666666666666666
