SingletonReleaser:0.3605555555555555
Configuration:0.33166666666666667
HibernateCRUDOperationProvider:0.24333333333333335
Logic:0.23
TransactionProvider:0.19333333333333333
MakumbaTransactionProvider:0.18
HibernateTransactionProvider:0.17666666666666667
QueryProvider:0.16333333333333333
KruseCalendarEditor:0.10666666666666667
NamedResourcesContextListener:0.10333333333333333
SingletonHolder:0.05
CRUDOperationProviderSingletonHolder:0.043333333333333335
