Domain:0.7
ChainHandler:0.32666666666666666
EmailVerifierRegistrationHandler:0.29333333333333333
