PubSubOptions:0.44333333333333336
MediaDriverOptions:0.39
PubSubOptionsTest:0.36333333333333334
MediaDriverOptionsTest:0.3333333333333333
