Utils:0.8233333333333334
Ping:0.5233333333333333
BitcoinSerializer:0.32
TCPNetworkConnection:0.26
PeerHandler:0.19666666666666666
