AndroidApplication:0.6266666666666667
AndroidApplicationBase:0.41333333333333333
AndroidApplicationLW:0.36
