HiveTupleStream:0.5653333333333334
HiveImportManager:0.4266666666666667
ServerMainModule:0.36
