HttpClientFactory:0.7585714285714286
HttpClientConfig:0.7033333333333334
HttpClientConfigITest:0.27666666666666667
FilterITest:0.22333333333333333
