Window:0.49666666666666665
Mouse:0.44
Cursor:0.31333333333333335
AL10:0.30666666666666664
Keyboard:0.30666666666666664
ARBVertexShader:0.30666666666666664
GL15:0.30333333333333334
Controller:0.28
ARBVertexBufferObject:0.27666666666666667
Display:0.20666666666666667
ATIDrawBuffers:0.11333333333333333
