DefaultBroadcaster:0.5333333333333333
BroadcasterFuture:0.49666666666666665
MetaBroadcaster:0.17527777777777778
SimpleBroadcaster:0.16333333333333333
AbstractBroadcasterProxy:0.15666666666666668
ExcludeSessionBroadcaster:0.11333333333333333
CompleteListener:0.06
