NetFolderSelectSpec:0.47333333333333333
FolderDao:0.4594444444444444
NetFolderHelper:0.44333333333333336
GwtRpcServiceImpl:0.3
GwtNetFolderHelper:0.27
ManageNetFoldersDlg:0.23
ResourceDriverModuleImpl:0.20666666666666667
GroupSelectSpec:0.20666666666666667
FolderDaoImpl:0.18666666666666668
GetNetFoldersCmd:0.17
