UIData:0.41333333333333333
TaskTable:0.35650000000000004
GwtTeamingMessages:0.31333333333333335
TaskListing:0.22333333333333333
TaskBundle:0.21333333333333335
GwtTaskHelper:0.19666666666666666
TaskPopupMenu:0.18666666666666668
ProcessActive:0.02666666666666667
