Country:0.8466666666666667
DefaultStatementAdapter:0.38666666666666666
CustomizedSqlsTest:0.11
