HL7V3MessageBuilderHelper:0.62
SubjectName:0.5066666666666667
PIXConsumerClient:0.25333333333333335
SubjectSearchCriteriaBuilder:0.25333333333333335
