TCQueryFilterValue:0.5333333333333333
OviyamLinkProvider:0.37666666666666665
WeasisLinkProvider:0.37666666666666665
TCQueryResultItem:0.35833333333333334
