InRunnable:0.3927777777777778
ConnectionManager:0.38
FactoryImpl:0.37
HazelcastClient:0.31
OutRunnable:0.21
LifecycleServiceClientImpl:0.19
LifecycleServiceImpl:0.16666666666666666
ConnectionManagerTest:0.15666666666666668
IORunnable:0.12666666666666668
LifecycleEvent:0.11333333333333333
MapClientProxyTest:0.0033333333333333335
