BucketScriptPipelineAggregatorBuilder:0.6933333333333334
BucketSelectorPipelineAggregatorBuilder:0.5633333333333334
