SortedPagingIterator:0.6433333333333333
SortedPagingIteratorTest:0.31
PageDownstreamFactory:0.23666666666666666
SortedMergeIterator:0.21333333333333335
