EnableAntialiasingAction:0.4523333333333333
EnableDefaultEditorAction:0.4523333333333333
