Mission:0.5166666666666667
Building:0.43666666666666665
PhysicalCondition:0.4266666666666667
LoadVehicle:0.39666666666666667
Rover:0.36666666666666664
Settlement:0.33666666666666667
VehicleMission:0.30666666666666664
LifeSupport:0.2866666666666667
BuildingManager:0.2866666666666667
DriveGroundVehicle:0.26
VehicleConfig:0.24166666666666667
TravelMission:0.24
CollectIce:0.23
Vehicle:0.21666666666666667
Exploration:0.20666666666666667
Crop:0.18666666666666668
OperateVehicle:0.18666666666666668
TravelToSettlement:0.16333333333333333
NavigationTabPanel:0.13666666666666666
RoverMission:0.13
EquipmentFactory:0.11333333333333333
LivingAccommodations:0.11333333333333333
LoadVehicleTest:0.11
MockBuilding:0.09833333333333333
VehicleTableModel:0.09666666666666666
MockSettlement:0.09666666666666666
CollectResourcesMission:0.09333333333333334
MockVehicle:0.03
