NodeStatsCollectSource:0.5833333333333334
NodeStatsCollectSourceTest:0.2966666666666667
SysNodesExpressionFactories:0.23333333333333334
SysNodeResiliencyIntegrationTest:0.09
