Strings:0.6133333333333333
Castors:0.37333333333333335
StringsTest:0.2833333333333333
