RubyPartitionScannerTest:0.9166666666666666
TS_InternalUiRubyEditor:0.38666666666666666
TC_TabConverter:0.31333333333333335
TS_InternalUiText:0.27666666666666667
