FilterList:0.5533333333333333
ValueListItem:0.5072222222222222
