CA:0.6533333333333333
GlobalConfiguration:0.6066666666666667
UpgradeableDataHashMap:0.3466666666666667
