RedissonAtomicDouble:0.46
RedissonAtomicLong:0.4166666666666667
RedisCommands:0.24444444444444444
RAtomicDouble:0.23133333333333336
RAtomicLong:0.23133333333333336
RAtomicLongAsync:0.185
RAtomicDoubleAsync:0.185
RedissonAtomicLongTest:0.14333333333333334
RedissonAtomicDoubleTest:0.14333333333333334
