FilesTree:0.5811111111111111
MetaObjectFactory:0.4866666666666667
DexInfoTranslator:0.4266666666666667
