Operator:0.5669444444444445
GraphQueueImpl:0.5
Producer:0.35333333333333333
Neighbors:0.25916666666666666
