CDKManagerTest:0.6713333333333333
TestCDKMolecule:0.37266666666666665
