DecodedBitStreamParser:0.7033333333333334
Decoder:0.4544444444444444
