JFXSymbolPainter:0.36333333333333334
ServerUtilities:0.34
SymbolRenderer:0.29
DefText:0.24333333333333335
SymbolRendererUI:0.21333333333333335
JFXSymbolRendererTest:0.21333333333333335
JFXGeomUtils:0.20694444444444446
SymbolContext:0.19333333333333333
SynthSymbolUI:0.18
SetSymbolRef:0.0033333333333333335
