AlwaysAllowLocalAuthenticationToken:0.8133333333333334
TestAlwaysAllowLocalAuthenticationToken:0.37666666666666665
StartServicesServlet:0.35
AccessMatchValue:0.3175
