OcspJunitHelper:0.44666666666666666
ProtocolOcspHttpStandaloneTest:0.30666666666666664
OCSPUtil:0.25
OcspResponseSessionBean:0.22333333333333333
ProtocolOcspTestBase:0.20666666666666667
OCSPUnidClient:0.20666666666666667
ProtocolOcspSignedHttpTest:0.19777777777777777
IntegratedOcspResponseTest:0.12666666666666668
