JFXServerWrapper5Test:0.3233333333333333
JFXServerWrapper4Test:0.3233333333333333
LookCapacitiesHandlerDefaultValuesTest:0.2833333333333333
CSSConverterTest:0.14333333333333334
LookCapacitiesWriterDefaultValuesTest:0.05333333333333334
