CacheRecord:0.6825
AbstractCacheRecordStore:0.5733333333333334
AbstractCacheRecord:0.32666666666666666
CachePutAllBackupOperation:0.13666666666666666
CacheReplicationOperation:0.13666666666666666
