Attribute:0.6633333333333333
Property:0.5000000000000001
Association:0.36
