Settlement:0.7833333333333333
BuildingManager:0.47333333333333333
TendGreenhouse:0.37
TendGreenhouseMeta:0.22
