Row:0.6666666666666666
MoleculeTableContentProvider:0.37
Header:0.09666666666666666
