UserNode:0.5516666666666666
GroupsEditorSupport:0.4816666666666667
UserChildren:0.20333333333333334
