QueryExpression:0.79
QueryExpressionTest:0.3433333333333333
QueryExpressionFactory:0.16333333333333333
