TigerParser:0.59
ModifierSet:0.3333333333333333
TigerParserTokenManager:0.32666666666666666
TigerNode:0.27
JavaCompletionFinder:0.23
TigerLabeler:0.19777777777777777
JavaParser:0.185
TigerParserConstants:0.0
