AssignTasks:0.5233333333333333
PubMedReader:0.4266666666666667
PubSourceTable:0.35333333333333333
