MapServiceContext:0.8866666666666667
DefaultMapServiceContext:0.06
AbstractEvictableRecordStore:0.023333333333333334
