AddShowDialog:0.36666666666666664
StandardStructure:0.35
SubscribeOptionsPanel:0.23
SeasonEpisode:0.20333333333333334
SimpleTedSerie:0.19666666666666668
SeasonEpisodeScheduler:0.18
DailyDate:0.17333333333333334
EpisodesTableModel:0.17
