Formatter:0.42333333333333334
TestStatementBuilder:0.42
AstBuilder:0.35
AstVisitor:0.30333333333333334
