BufferedHandler:0.45666666666666667
Startup:0.37666666666666665
