ClientRunnable:0.7719444444444444
InRunnable:0.5442777777777777
