DriverConductor:0.5716666666666667
FlowControl:0.22377777777777774
MaxMulticastFlowControl:0.19666666666666666
UnicastFlowControl:0.19666666666666666
