WorkflowProcessUtils:0.61
DefinitionModuleImpl:0.39666666666666667
GwtQuickViewDlg:0.3711111111111111
WorkflowModuleImpl:0.30666666666666664
