NearCacheTestContext:0.31333333333333335
ClientNearCacheTestSupport:0.2825
MapNearCacheInvalidationFromClientTest:0.24333333333333335
NearCacheLiteMemberTest:0.22333333333333333
XmlClientConfigBuilderTest:0.21333333333333335
DefaultNearCache:0.19777777777777777
ClientNearCacheInvalidationTest:0.18666666666666668
Remove:0.148
Put:0.148
NearCacheStatsStressTest:0.06
ClientMapRecordStateStressTest:0.05333333333333334
