Strings:0.6466666666666666
DaoStatement:0.31337301587301586
Files:0.29
Sender:0.23333333333333334
DaoSupport:0.22333333333333333
Json:0.21
Trans:0.19
Times:0.18333333333333332
StringsTest:0.16
Maths:0.15666666666666668
NutStatement:0.14333333333333334
CompareSomeThing:0.0867222222222222
MathsTest:0.07333333333333333
