RetryDriver:0.42
TestRetryDriver:0.27666666666666667
RetryStats:0.26
RetryingService:0.1613888888888889
ThriftModule:0.12333333333333334
RetryStatus:0.10265873015873016
Stats:0.08
RetryingPrestoThriftServiceProvider:0.06821428571428571
