IoUtil:0.6433333333333333
BasicBufferManagementStrategy:0.37666666666666665
FileMappingConvention:0.29333333333333333
MappedBufferRotator:0.28
BasicBufferUsageStrategy:0.12333333333333334
MappedBufferRotatorTest:0.006666666666666667
