CommonUtil:0.6466666666666666
DownloadGroupActivity:0.3691111111111111
UploadUtil:0.27
DownloadTask:0.14416666666666667
MainActivity:0.13333333333333333
AbsTaskEntity:0.12666666666666668
FtpDownloadTarget:0.1
UploadTaskEntity:0.013333333333333334
