Vehicle:0.57
Settlement:0.4166666666666667
USGSMarsMap:0.36666666666666664
MapDisplay:0.26666666666666666
