ClientMessage:0.5433333333333333
ClientDelegatingFuture:0.4033333333333333
AbstractClientCacheProxy:0.36
ClientExecutorServiceProxy:0.31333333333333335
FlyweightTest:0.28
MessageFlyweight:0.24
ClientMessageTest:0.20666666666666667
