EventFactory:0.49083333333333334
AbstractAction:0.4525
AbstractBeanInvokingAction:0.42
EventFactorySupport:0.09
DefaultBeanReturnValueEventFactory:0.043333333333333335
