DiscussionFolderView:0.4066666666666667
GwtTeamingMessages:0.31666666666666665
FolderColumnsRpcResponseData:0.30666666666666664
GwtRpcServiceImpl:0.21444444444444447
GwtServerHelper:0.2006666666666667
GwtViewHelper:0.19333333333333333
FolderColumnInfo:0.12333333333333334
GetFolderColumnsCmd:0.10333333333333333
