ScheduledTaskResult:0.39
ScheduledTaskDescriptor:0.3333333333333333
ScheduledExecutorServiceBasicTest:0.3
ScheduledExecutorServiceTestSupport:0.2633333333333333
CardinalityEstimatorPermissionTest:0.18305555555555555
PlainPartitionAwareRunnableTask:0.04666666666666667
