ChronicleMapBuilder:0.62
ChronicleHashBuilder:0.450138888888889
ChronicleSetBuilder:0.37333333333333335
