Window:0.6333333333333333
ElementArray:0.41
OptionsArray:0.33666666666666667
Document:0.245
HTMLSelectElement:0.22555555555555556
RowContainer:0.22
HTMLFormElement:0.21555555555555558
JavaScriptEngine:0.18
