ActivationLayer:0.23333333333333334
LocalResponseNormalization:0.23333333333333334
BatchNormalization:0.23333333333333334
RnnOutputLayer:0.04666666666666667
FeedForwardLayer:0.04666666666666667
