Builder:0.5033333333333333
IndexMetaData:0.48
MetaDataUpdateSettingsService:0.23666666666666666
