BaseJdbcClient:0.485
JdbcMetadata:0.41333333333333333
TestJdbcClient:0.27888888888888885
MySqlClient:0.2633333333333333
