ProxyServer:0.7666666666666667
NettyAsyncHttpProvider:0.42
JDKAsyncHttpProvider:0.24333333333333335
AsyncHttpUrlConnection:0.1688888888888889
ApacheAsyncHttpProvider:0.1588888888888889
ProxyTest:0.07666666666666666
