NFAState:0.425
TestDFAConstruction:0.31666666666666665
PredictionDFAFactory:0.30666666666666664
LoopbackState:0.19333333333333333
BasicState:0.19333333333333333
