CDKDebugManager:0.6455555555555555
ICDKDebugManager:0.5033333333333333
