QueryRunner:0.6466666666666666
ClientOptions:0.5402777777777779
PrestoCliTests:0.3566666666666667
TestQueryRunner:0.27666666666666667
