LdapTestHelper:0.8533333333333334
BaseLdapTestCase:0.16666666666666666
