DefaultConfiguration:0.5033333333333333
Tools:0.4533333333333333
Cache:0.35
