GridPoint:0.5583333333333333
ContinuousQuadrilateralGridCoverage:0.255
Grid:0.245
ContinuousCoverage:0.215
DiscretePointCoverage:0.215
DiscreteGridPointCoverage:0.18083333333333335
Coverage:0.17916666666666667
DiscreteCoverage:0.11666666666666667
ValueObject:0.11666666666666667
GridValuesMatrix:0.11
FootPrint:0.04666666666666667
GridCell:0.043333333333333335
DomainObject:0.043333333333333335
GridPointValuePair:0.0
GridValueCell:0.0
