JdbcFilterDao:0.53
JdbcFilterDaoTest:0.25333333333333335
DatabasePopulator:0.25
NetworkBuilder:0.22333333333333333
