JdbcChadoAdapter:0.7833333333333333
WhereClause:0.2833333333333333
SeqType:0.23
