QueryBuilderTest:0.7886111111111112
TreatKeywordTest:0.4333888888888888
