IAnnealingEngine:0.7576587301587301
ConvergenceAnnealingEngine:0.7055555555555556
StructureElucidationWizard:0.24
