Definition:0.85
WebKeys:0.5040555555555557
AjaxController:0.4166666666666667
ViewController:0.21
FilterHelper:0.20666666666666667
ModifyDashboardController:0.17666666666666667
ObjectKeys:0.016666666666666666
