JFXButton:0.5566666666666666
JFXButtonSkin:0.3233333333333333
ButtonClickTransition:0.31666666666666665
RippleGenerator:0.2866666666666667
