FileSystemMgtService:0.5233333333333333
StoreScp:0.3466666666666667
StoreScpService:0.3433333333333333
RetrieveInfo:0.2872222222222222
StgCmtScuScpService:0.2833333333333333
QueryRetrieveScpService:0.25
MoveTask:0.17333333333333334
