HtmlElement:0.44666666666666666
HtmlOption:0.33666666666666667
Option:0.26
Select:0.24333333333333335
HtmlSelect:0.22666666666666666
SimpleScriptable:0.2
JavaScriptEngine:0.18
SelectTest:0.16666666666666666
OptionsArray:0.08277777777777777
