Header:0.5205555555555557
Objects:0.4866666666666667
Strings:0.4666666666666667
DefaultJwtBuilder:0.4633333333333333
JwtParser:0.34726190476190477
DefaultJwtParser:0.3
JwtBuilder:0.185
DefaultHeader:0.13666666666666666
