Div:0.6766666666666666
DivTag:0.41333333333333333
DivTest:0.31666666666666665
