NullDirContextProcessor:0.6805
LdapOperations:0.6466666666666666
LdapTemplate:0.4066666666666667
