Protocol:0.6933333333333334
CommonConfiguration:0.41333333333333333
Network:0.36333333333333334
CockpitConfigurationHandler:0.36
GLGraphics2D:0.30333333333333334
MapHorzRenderer:0.2833333333333333
SymbolCommand:0.2775
WebServerProtocol:0.27666666666666667
SliderRendererTest:0.25666666666666665
MapHorzSourceRenderer:0.25
MapVertItemsRenderer:0.24666666666666667
NoServiceMonitorRenderer:0.24666666666666667
DatagramProtocol:0.24
WidgetsRefHandler:0.20666666666666667
NetworkHandler:0.17333333333333334
AbstractSocketProtocol:0.17333333333333334
SetTranslation:0.16333333333333333
AbstractConfigurationParser:0.16333333333333333
SetRotation:0.16333333333333333
NetworkWebProtocolTest:0.14666666666666667
G2DShaderShapeDrawer:0.13666666666666666
ConfigProperties:0.12333333333333334
ConnectionThread:0.12
G2DShaderStringDrawer:0.11333333333333333
SymbolRendererTest:0.09333333333333334
ServerApplet:0.0825
GLMatrix:0.06821428571428571
CommonConfigurationTest:0.06277777777777778
NetworkRedirectTest:0.02666666666666667
NetworkRedirect2Test:0.02666666666666667
NetworkWebProtocolConfigTest:0.016666666666666666
NetworkWebProtocolConfig2Test:0.013333333333333334
LimitedSecurityManager:0.011666666666666667
