Rule:0.5966666666666667
GraphProperties:0.44333333333333336
PredicateTests:0.25666666666666665
RulePredicates:0.2086111111111111
RuleModel:0.17666666666666667
