SqlTemplate:0.4766666666666667
SimpleIntegrationTest:0.44
RoutingService:0.35333333333333333
