SettingsForm:0.6533333333333334
Content:0.5313333333333333
NoteWidget:0.395
