Document:0.6353333333333333
AnnotationSetImpl:0.36833333333333335
DocumentImpl:0.35
TestAnnotation:0.32666666666666666
DocumentContentImpl:0.16833333333333333
