InstallPluginCommand:0.6233333333333333
MockTerminal:0.2833333333333333
RemovePluginCommandTests:0.2633333333333333
