ECKey:0.7
RedeemData:0.31333333333333335
ScriptBuilder:0.2866666666666667
