DependencyServiceListener:0.46111111111111114
DependencyServiceManager:0.35333333333333333
DependencyWaiterApplicationContextExecutor:0.3466666666666667
