QueryAndEncodeDatabaseAuthenticationHandlerTests:0.26
QueryDatabaseAuthenticationHandlerTests:0.19333333333333333
SearchModeSearchDatabaseAuthenticationHandlerTests:0.19333333333333333
JpaLockingStrategyTests:0.17
JpaTicketRegistryTests:0.13666666666666666
DataSourceMonitorTests:0.07333333333333333
SessionMonitorJpaTests:0.06666666666666667
JpaServiceRegistryDaoImplTests:0.04666666666666667
