DescriptorCalculator:0.5266666666666666
FileConvertor:0.5
Validator:0.33166666666666667
