TransportSQLActionTest:0.4325
GroupByRow:0.415
ParameterInfo:0.2866666666666667
AsyncBroadcastAction:0.23166666666666666
AggState:0.21666666666666667
CountAggState:0.2155952380952381
QueryVisitor:0.19333333333333333
AvgAggState:0.19226190476190477
SQLGroupingCollector:0.13333333333333333
TransportDistributedSQLAction:0.09666666666666666
AggExprFactory:0.06
SQLModule:0.016666666666666666
