BuildAgent:0.5866666666666667
PreferencesHelper:0.38333333333333336
UI:0.35333333333333333
BuildAgentUI:0.23666666666666666
