Builder:0.4533333333333333
RestAdapterTest:0.4066666666666667
RestAdapter:0.31833333333333336
RestHandler:0.18444444444444444
CallbackRunnable:0.10333333333333333
