AbstractInteropTest:0.6233333333333333
GrpcUtil:0.4766666666666667
AbstractServerImplBuilder:0.22
FakeStatsContextFactory:0.19666666666666666
AbstractManagedChannelImplBuilder:0.17333333333333334
Http2NettyTest:0.11666666666666667
Http2OkHttpTest:0.11666666666666667
TransportCompressionTest:0.11666666666666667
Http2NettyLocalChannelTest:0.10666666666666667
AutoWindowSizingOnTest:0.10666666666666667
