ConcordancesEditor:0.3233333333333333
TXMUpdateHandler:0.29503968253968255
CorpusPage:0.2833333333333333
SVGChartsSWTComponentProvider:0.26
OpenWelcomePage:0.25666666666666665
JobsTimer:0.23666666666666666
CheckRPackages:0.22333333333333333
ApplicationWorkbenchAdvisor:0.21333333333333335
TXMPreferencePage:0.19833333333333333
OpenEdition:0.16666666666666666
ExportSVG:0.16
