AbstractBeanInfo:0.6333333333333333
MComboBox:0.4633333333333333
MToggleButton:0.23555555555555557
MSlider:0.21777777777777776
MFontComboBoxBeanInfo:0.09
MSliderBeanInfo:0.08333333333333333
MToggleButtonBeanInfo:0.08333333333333333
