DbQuery:0.5133333333333333
DbSession:0.3213888888888889
DbOomQuery:0.2966666666666667
DbQueryBase:0.2816666666666667
CoreConnectionPool:0.19416666666666665
AutomagicDbOomConfigurator:0.15833333333333333
ThreadDbSessionProvider:0.051666666666666666
