GuiceFilter:0.7133333333333334
InternalServletModule:0.23666666666666666
ServletSpiVisitor:0.21333333333333335
ServletTest:0.20333333333333334
