QueryResults:0.6433333333333333
NotificationProcessor:0.35
LoginCheck:0.15166666666666667
