FunctionRegistry:0.6266666666666667
TestMapOperators:0.35
ArrayConcatFunction:0.22333333333333333
