AsyncHttpProviderUtils:0.6033333333333334
NettyAsyncHttpProvider:0.3566666666666667
AsyncHttpClientConfigBean:0.33666666666666667
AsyncHttpClientConfig:0.27166666666666667
ApacheAsyncHttpProvider:0.1811111111111111
AsyncHttpUrlConnection:0.16666666666666666
