PushBody:0.4266666666666667
FeedableBodyGenerator:0.33666666666666667
NettyBodyBody:0.2633333333333333
ChunkingTest:0.24
BodyChunkedInput:0.19555555555555557
