SitemapEditor:0.5266666666666666
LocaleCopyRequestBean:0.4116666666666667
LocaleCopy:0.38666666666666666
SitemapNodeCopier:0.34
ContentRegistry:0.32666666666666666
SitemapNodeCopyController:0.21333333333333335
SitemapNodeCopierResult:0.0825
CopyContentRegistryBean:0.05
SynchronizeSitemapBean:0.05
CopySitemapBean:0.04666666666666667
