Starter:0.545
TrayIconManagerImp:0.44333333333333336
FavouritesListCellRenderer:0.14
GotoActiveAction:0.14
TasksTreeCellRenderer:0.13666666666666666
