ImageBuffersReadyFlyweight:0.28
PublicationBuffersReadyFlyweight:0.27
PublicationMessageFlyweight:0.25666666666666665
CorrelatedMessageFlyweight:0.25666666666666665
ImageMessageFlyweight:0.23333333333333334
SubscriptionMessageFlyweight:0.23333333333333334
ErrorResponseFlyweight:0.21333333333333335
RemoveMessageFlyweight:0.19333333333333333
