CatalogManager:0.58
Handler:0.34
TagHighlight:0.21666666666666667
XmlPlugin:0.16305555555555556
CompletionInfoHandler:0.13666666666666666
CatalogsOptionPane:0.12333333333333334
