SystemTestBase:0.43
ZooKeeperRegistrar:0.42333333333333334
AgentService:0.27666666666666667
AgentZooKeeperRegistrar:0.23333333333333334
MasterService:0.14
DeregisterTest:0.09666666666666666
LabelReporter:0.09333333333333334
EnvironmentVariableReporter:0.09333333333333334
