JFXEditorOpenBinaryDFTest:0.4766666666666667
JFXMapItemSymbolRenderer4Test:0.41333333333333333
JFXMapItemUpdaterTest:0.23
JFXEditorOpenBinaryDF2Test:0.18666666666666668
