FolderModule:0.68
ProfileModule:0.67
AbstractFolderCoreProcessor:0.33
AbstractFacade:0.27666666666666667
SiteScapeFileSystemLibrary:0.2733333333333333
EntryProcessor:0.23
FolderModuleImpl:0.22
ProfileModuleImpl:0.21
SiteScapeFileSystemInternal:0.20333333333333334
AbstractEntryProcessor:0.19
ModifyEntryController:0.11666666666666667
FacadeImpl:0.09
