CommonsHttpMessageSender:0.8066666666666666
CommonsHttpMessageSenderIntegrationTest:0.043333333333333335
