PropertiesTest:0.4866666666666667
UrlUtils:0.39
HTMLAnchorElement:0.3
JavaScriptConfigurationTest:0.28
HTMLAnchorElementTest:0.21333333333333335
