SDHBoard:0.6586666666666667
GenericBoard:0.6586666666666667
DWDMBoard:0.6586666666666667
MixedBoard:0.6586666666666667
IPBoard:0.6586666666666667
