FlowController:0.5733333333333334
FlowHandlerAdapter:0.48333333333333334
FlowControllerTests:0.37166666666666665
