ObjectChecker:0.3566666666666667
GenerateType:0.30333333333333334
IterableChecker:0.27
StringChecker:0.2633333333333333
OptionalChecker:0.24772222222222226
ValuesTest:0.22
Checkers:0.21333333333333335
