SortedTableModel:0.2733333333333333
ScratchCristian:0.27
SortedTable:0.24
Scratch:0.18666666666666668
ColumnListener:0.17666666666666667
TestHtml:0.17
AnnotationSetTableModel:0.056666666666666664
