State:0.59
TransitionableState:0.2
SubflowState:0.17666666666666667
ActionState:0.17333333333333334
ViewState:0.15666666666666668
EndState:0.15333333333333332
