DiscoveryStats:0.44666666666666666
NodeStats:0.36
PendingClusterStateStats:0.35333333333333333
LocalDiscovery:0.2866666666666667
