SanityCheck:0.39666666666666667
HTMLElement:0.38333333333333336
HttpWebConnectionTest:0.30333333333333334
LocationTest:0.2866666666666667
JavaScriptEngineTest:0.27666666666666667
DocumentTest:0.25
WebClientTest:0.24333333333333335
HtmlPageTest:0.24
