VoIPAction:0.55
AudioServiceManager:0.42333333333333334
AudioService:0.33666666666666667
AudioPlayer:0.16333333333333333
