XHRPollingTransport:0.5833333333333334
SocketIORouter:0.375
SocketIOServer:0.25666666666666665
