Mvcs:0.5933333333333334
Cnd:0.4
ReqHeaderInjector:0.24
DaoSupport:0.23666666666666666
ModuleProcessor:0.19333333333333333
NutSessionListener:0.185
