OperationRunnerImpl:0.55
OperationExecutorImpl:0.37222222222222223
OperationRunnerImplTest:0.2833333333333333
OperationRunnerFactory:0.2227777777777778
OperationThreadTest:0.14666666666666667
OperationRunnerFactoryImpl:0.08
DummyOperationRunnerFactory:0.041111111111111105
