Report:0.37666666666666665
AuthorityCodesReport:0.30666666666666664
Reports:0.2633333333333333
Row:0.2633333333333333
