ConstructionManager:0.7133333333333334
ConstructionSite:0.6433333333333333
