X509CA:0.5033333333333333
CertificateStoreSessionLocal:0.4894444444444444
X509CAInfo:0.2633333333333333
CRLDownloadWorker:0.24666666666666667
ServiceSessionBean:0.21916666666666668
EditServiceManagedBean:0.19333333333333333
CrlExtensions:0.13
CertificateStoreSessionBean:0.12333333333333334
CRLDownloadWorkerType:0.06
NetworkTools:0.03333333333333333
