PropertyFile:0.5666666666666667
Media:0.3933333333333333
PropertyBlob:0.3433333333333333
Model:0.3233333333333333
ProxyFile:0.26
PropertyTreeWidget:0.23
Renderer:0.10666666666666667
