CertificateDataUtil:0.5233333333333333
LocalCertificateStoreSessionBean:0.3333333333333333
TableProtectSessionRemote:0.29055555555555557
EjbRemoteHelper:0.2866666666666667
EjbLocalHelper:0.2866666666666667
ProtectTest:0.15833333333333333
LocalCertificateStoreOnlyDataSessionBean:0.115
OldLogSessionBean:0.013333333333333334
TableProtectSessionLocal:0.0
