ExtendedStackTraceElement:0.49666666666666665
Fiber:0.44888888888888895
ExtendedStackTraceTest:0.21333333333333335
ExtendedStackTrace:0.20666666666666667
ExtendedStackTraceHotSpot:0.19333333333333333
SuspendableHelper:0.12333333333333334
