HtmlPage:0.6366666666666667
CSSStyleSheet:0.3320555555555556
WebClientTest:0.2966666666666667
CSSSelectorTest:0.27
HtmlSelectTest:0.21
