DateParser:0.19333333333333333
DateProcessor:0.14
TAI64NDateParser:0.12666666666666668
UnixDateParser:0.04
JodaPatternDateParser:0.016666666666666666
UnixMsDateParser:0.016666666666666666
ISO8601DateParser:0.016666666666666666
