DBCursor:0.56
DBCollection:0.5555555555555555
DBCursorTest:0.14333333333333334
