Reminder:0.53
MainWindow:0.3338888888888889
Summary:0.32666666666666666
