Scratch:0.8466666666666667
Javac:0.4288888888888889
