EditorReader:0.30666666666666664
JComboBoxReader:0.22666666666666666
JCheckBoxReader:0.21666666666666667
JPanelReader:0.16666666666666666
JToggleButtonReader:0.15666666666666668
JTableReader:0.15333333333333332
JTreeReader:0.15
TopComponentReader:0.14333333333333334
JMenuItemReader:0.14
JRadioButtonReader:0.09
JTabbedPaneReader:0.08
JButtonReader:0.06333333333333334
JLabelReader:0.06333333333333334
JListReader:0.04666666666666667
