FormatUtils:0.4633333333333333
SimpleIntegrationTest:0.28
IncomingBatchService:0.2511111111111111
AbstractDatabasePlatform:0.23666666666666666
ProtocolDataWriter:0.22833333333333333
OutgoingBatchService:0.22333333333333333
CsvUtils:0.19333333333333333
ProtocolDataReader:0.17333333333333334
AbstractProtocolDataWriter:0.11083333333333334
