Configuration:0.4633333333333333
DemoDepthCrawler:0.4066666666666667
BerkeleyDBManagerTest:0.22666666666666666
TutorialCrawler:0.13799999999999998
Config:0.06333333333333334
