FileHandle:0.6366666666666667
Files:0.5433333333333334
FilesTest:0.33666666666666667
AndroidApplication:0.30666666666666664
AndroidFiles:0.21
LwjglFiles:0.08
JoglFiles:0.08
