TemporaryJobs:0.69
Builder:0.5066666666666667
ConfigTest:0.19
TemporaryJobsTestBase:0.10166666666666667
