DaoAuthenticationProvider:0.5716666666666667
DaoAuthenticationProviderTests:0.5433333333333333
