AtmosphereRequest:0.5766666666666667
Builder:0.3466666666666667
CachedMessage:0.29
DefaultBroadcaster:0.2833333333333333
AtmosphereResponse:0.28
ExcludeSessionBroadcaster:0.24666666666666667
Meteor:0.21166666666666667
JettyWebSocketHandler:0.19666666666666666
GlassFishWebSocketHandler:0.17666666666666667
BroadcasterCacheBase:0.16333333333333333
AsynchronousProcessor:0.13333333333333333
SimpleHttpProtocol:0.12333333333333334
SSEAtmosphereInterceptor:0.10333333333333333
SessionBroadcasterCache:0.06666666666666667
BroadcasterCache:0.05333333333333334
DefaultBroadcasterCache:0.05
AtmosphereRequestTest:0.044166666666666674
HeaderBroadcasterCache:0.02666666666666667
