DataProvider:0.6686666666666666
EmbedClient:0.4033333333333333
DefaultDataProviderParserHandler:0.38666666666666666
DefaultDataProvider:0.17333333333333334
