DisseminationService:0.38
DefaultAccess:0.2833333333333333
FedoraAccessServlet:0.21583333333333332
DatastreamResolverServlet:0.19
DefaultExternalContentManager:0.15166666666666667
DatastreamMediation:0.04666666666666667
