HopDataManager:0.5633333333333334
HopCompilerVariable:0.5333333333333333
