Z3950Config:0.4866666666666667
Z3950ConfigParams:0.43333333333333335
Z3950ConfigHarvester:0.35333333333333333
Harvester:0.215
