KerasLayer:0.6433333333333333
KerasLayerUtils:0.5333333333333333
KerasModel:0.30666666666666664
KerasModelEndToEndTest:0.2966666666666667
KerasInitilizationUtils:0.11866666666666667
KerasZeroPadding:0.08
KerasMerge:0.06666666666666667
KerasConvolutionUtils:0.03833333333333333
