GetEnhancer:0.5766666666666667
TimeTunnelCommand:0.30666666666666664
DefaultCommandHandler:0.18333333333333332
SearchUtils:0.11666666666666667
WatchCommand:0.10666666666666667
GroovyScriptCommand:0.10666666666666667
StackCommand:0.10666666666666667
TraceCommand:0.10666666666666667
MonitorCommand:0.10666666666666667
SearchClassCommand:0.08333333333333333
GlobalOptions:0.0
