CastTests:0.47
PSubDefCall:0.4633333333333333
EAssignment:0.41333333333333333
