JoinedSubclassEntityPersister:0.5177777777777778
UnionSubclassEntityPersister:0.4544444444444445
UpdateTimestampsCache:0.2633333333333333
DiscriminatorType:0.25666666666666665
