ServerXMLObjectAttribute:0.7333333333333333
ARINCModelFactory:0.4472222222222223
BroadcastReceiverTest:0.4266666666666667
