Array:0.4633333333333333
Json:0.4166666666666667
BooleanArray:0.4066666666666667
LongArray:0.2633333333333333
FloatArray:0.2633333333333333
IntArray:0.2633333333333333
JsonWriter:0.25333333333333335
