ClusteredEventBusTest:0.4633333333333333
VertxOptions:0.42333333333333334
NetworkOptions:0.313
ClusteredEventBus:0.2633333333333333
JksOptions:0.25
EventBusExamples:0.24666666666666667
ConnectionHolder:0.24666666666666667
TCPSSLOptions:0.23194444444444443
NetTest:0.22666666666666666
JULLogDelegateTest:0.14333333333333334
VertxOptionsConverter:0.12238095238095238
