ClusterServiceImpl:0.42333333333333334
OperationServiceImpl:0.42333333333333334
MapTransactionTest:0.26
TransactionalMapProxySupport:0.25333333333333335
InvocationFuture:0.23666666666666666
ResourceAdapterImpl:0.23333333333333334
HazelcastTestSupport:0.15
InvocationTest:0.09
