AbstractReferenceDefinitionParser:0.45666666666666667
OsgiReferenceCollectionNamespaceHandlerTest:0.35
OsgiDefaultsTests:0.19333333333333333
