GwtViewHelper:0.6833333333333333
GwtMenuHelper:0.39166666666666666
ContentControl:0.37666666666666665
