DriverConductor:0.5766666666666667
DebugReceiveChannelEndpointSupplier:0.041111111111111105
SendChannelEndpointSupplier:0.041111111111111105
DebugSendChannelEndpointSupplier:0.041111111111111105
ReceiveChannelEndpointSupplier:0.041111111111111105
