ClientTxnTest:0.20666666666666667
ClientTxnSetTest:0.15333333333333332
ClientTxnListTest:0.15333333333333332
ClientTxnMapTest:0.02666666666666667
ClientTxnQueueTest:0.02666666666666667
ClientTxnMultiMapTest:0.013333333333333334
