XMLDatabase:0.35
XMLRoutineDefinition:0.23
InformationSchemaMetaImpl:0.17
XMLPackageDefinition:0.15083333333333335
XMLTableDefinition:0.14333333333333334
InformationSchemaExport:0.13333333333333333
InformationSchemaTable:0.12
DefaultParameterDefinition:0.11666666666666667
AbstractIndexDefinition:0.11666666666666667
InformationSchemaSchema:0.10333333333333333
InformationSchemaCatalog:0.10333333333333333
DefaultSequenceDefinition:0.08666666666666667
XMLGenerator:0.07666666666666666
