ImplementationSymbolVisitor:0.59
ProjectionToProjectorVisitor:0.4066666666666667
ShardProjectorChainTest:0.16666666666666666
ShardCollectService:0.16333333333333333
ShardCollectSource:0.14333333333333334
ProjectionToProjectorVisitorTest:0.13333333333333333
ImplementationSymbolVisitorTest:0.12333333333333334
PageDownstreamFactory:0.12
TransportExecutor:0.12
SymbolToInputVisitor:0.11333333333333333
CollectSourceResolver:0.09666666666666666
SingleRowSource:0.09333333333333334
