View:0.6516666666666666
SitemapNodeEditor:0.49166666666666664
