GTS:0.39
Grammar:0.37
block_return:0.32022222222222224
Procedure:0.30666666666666664
StateCache:0.2866666666666667
PatternGraphMatchSetCollector:0.27666666666666667
Namespace:0.2733333333333333
Recipe:0.2633333333333333
PGTS:0.25166666666666665
LabelValue:0.24333333333333335
ForestLayouter:0.23666666666666666
CtrlChecker:0.21666666666666667
CtrlHelper:0.21444444444444447
RecipeTreeNode:0.185
AGTS:0.18333333333333332
StartGraphState:0.17666666666666667
AbstractPatternState:0.17333333333333334
GraphPreviewDialog:0.155
RecipeEntry:0.12333333333333334
LogReporter:0.12333333333333334
PatternGraphGrammar:0.12333333333333334
