Mission:0.5533333333333333
MasterClock:0.5133333333333333
Walk:0.3433333333333333
Preference:0.24666666666666667
RoverMission:0.2225
Sleep:0.21777777777777782
LocationTabPanel:0.2116666666666667
SleepMeta:0.17111111111111113
TabPanelActivity:0.15333333333333335
