SimpleXPath:0.8333333333333334
XPathLocationParser:0.44333333333333336
XPathLocationFinder:0.3233333333333333
