Activator:0.7136111111111111
IRDFManager:0.5966666666666667
RDFManager:0.5033333333333333
