FedoraRecordIterator:0.8155555555555555
ITQLQueryFactory:0.3566666666666667
