SinglePhaseTransducer:0.6533333333333333
BasicPatternElement:0.46888888888888897
