SimpleCrawlerHandler:0.2833333333333333
FileInspector:0.19333333333333333
StatementsPanel:0.12666666666666668
