ServiceBuilder:0.5816666666666667
ServiceBuilderTest:0.4266666666666667
OAuthConstants:0.014071428571428572
