DomainTranslator:0.5566666666666666
TestDomainTranslator:0.31333333333333335
