Variable:0.8338888888888889
DefinitionVariableProvider:0.25666666666666665
