Application:0.6033333333333334
OrthographicCamera:0.25666666666666665
JglfwApplication:0.22
LwjglApplication:0.22
Sprite:0.21666666666666667
BitmapFontLoader:0.18333333333333332
AndroidLiveWallpaper:0.18
IOSApplication:0.18
GwtApplication:0.18
LwjglCanvas:0.17
LwjglAWTCanvas:0.17
AndroidDaydream:0.17
AndroidApplication:0.16333333333333333
BitmapFontParameter:0.0
