BindingBuilder:0.4266666666666667
ContainerImpl:0.38
ErrorMessages:0.3775
ContainerBuilder:0.3
Scopes:0.24
AllTests:0.08666666666666667
