CloseFrame:0.4066666666666667
WebSocketImpl:0.4033333333333333
FramedataImpl1:0.26
Draft_76:0.23
TextFrame:0.18444444444444444
