ShadowResources:0.4866666666666667
ResourcesTest:0.32666666666666666
TextViewTest:0.2
