WorkerActor:0.7266666666666667
DataSet:0.5083333333333332
ActorNetworkRunner:0.32
