WebClientTest:0.31333333333333335
Location2Test:0.17666666666666667
MimeTypeTest:0.05333333333333334
Popup2Test:0.04666666666666667
ScriptableObjectTest:0.043333333333333335
WaitingRefreshHandlerTest:0.03666666666666667
ImmediateRefreshHandlerTest:0.016666666666666666
PopupTest:0.016666666666666666
