StatelessChronicleMap:0.47
StatelessClientTest:0.33666666666666667
BGChronicleTest:0.3233333333333333
AddressAndPort:0.25333333333333335
StatelessServerConnector:0.23
TcpReplicator:0.19666666666666666
NodeDiscovery:0.1927777777777778
ProposedNodes:0.19
TcpSocketChannelEntryReader:0.17388888888888887
DistributedSequenceMain:0.1
