ChronicleMapBuilder:0.56
NodeDiscovery:0.41
ChronicleMapBuilderI:0.28976190476190467
AbstractChronicleMapBuilder:0.2866666666666667
TimeBasedReplicationTest:0.2833333333333333
UdpTransportConfig:0.18666666666666668
MapByNameTest:0.09
