AbstractNumericTests:0.37
AggregationBuilders:0.23666666666666666
AggregationModule:0.2
TransportAggregationModule:0.16333333333333333
RandomTests:0.15333333333333332
BigIntArray:0.14
IntArrayWrapper:0.09166666666666666
IntArray:0.013333333333333334
