Node:0.43333333333333335
BinaryHeapTree:0.31333333333333335
Data:0.29
Edge:0.27
BTree:0.23666666666666666
RedBlackTree:0.22333333333333333
BinarySearchTree:0.22
BinaryHeapArray:0.21
Vertex:0.18666666666666668
IntervalData:0.18666666666666668
HashArrayMappedTrie:0.17666666666666667
SuffixTree:0.17333333333333334
ArrayNode:0.15666666666666668
FlatSegmentTree:0.13333333333333333
Interval:0.13333333333333333
SplayTree:0.10666666666666667
DynamicSegmentTree:0.10333333333333333
