GeoUtils:0.78
GeoPointFieldMapperTests:0.3233333333333333
BaseGeoPointFieldMapper:0.29333333333333333
