SystemBuilder:0.6633333333333333
Worker:0.5566666666666666
RulebaseMsg:0.22666666666666666
ScheduleAutoCommand:0.20666666666666667
