PosPanel:0.36666666666666664
PosModel:0.3433333333333333
PosTicketFormatter:0.27
ProductThread:0.23666666666666666
PayDialog:0.22666666666666666
