DatabaseTaskHandler:0.7449444444444445
CachingLogicInterceptor:0.30527777777777776
