Coin:0.5666666666666667
H2FullPrunedBlockStore:0.2833333333333333
PostgresFullPrunedBlockStore:0.2733333333333333
StoredTransactionOutput:0.24
WalletTool:0.20666666666666667
DefaultCoinSelector:0.12666666666666668
