PomBuilder:0.66
ModuleType:0.4033333333333333
SourceType:0.3433333333333333
ProjectBuildingVisitor:0.31333333333333335
