Gate:0.6233333333333333
MainFrame:0.34
ModulesTableModel:0.25166666666666665
ParameterDisjunction:0.25
ApplicationViewer:0.24333333333333335
Nerc:0.21333333333333335
DefaultResourceHandle:0.20666666666666667
PRsAndParamsTTModel:0.18333333333333332
NewApplicationAction:0.16333333333333333
CustomTreeCellRenderer:0.11333333333333333
ParameterDisjunctionRenderer:0.07333333333333333
