LocalSocketListener:0.6791666666666667
LocalSocketCommChannelFactory:0.4019999999999999
