TableNodeHandler:0.42333333333333334
FormSerializer:0.39
FormController:0.3433333333333333
ExampleFormController:0.10666666666666667
