NodeExecutionManagerImpl:0.57
NodeLifeCycleEvent:0.4533333333333333
LifeCycleEventHandler:0.4166666666666667
MemoryMapDataProvider:0.16666666666666666
