ClientNearCache:0.4
ClientMapProxy:0.3933333333333333
ClientReplicatedMapProxy:0.33666666666666667
CacheRecord:0.14666666666666667
