RedissonLock:0.42333333333333334
Redisson:0.3344444444444445
MasterSlaveConnectionManager:0.30333333333333334
ConnectionManager:0.270595238095238
RedissonCountDownLatch:0.26
