RippleDrawable:0.5333333333333333
Button:0.44666666666666666
SVGView:0.33666666666666667
ImageView:0.2966666666666667
FrameLayout:0.2633333333333333
RelativeLayout:0.2633333333333333
LinearLayout:0.2633333333333333
ImageActionButton:0.24333333333333335
SVGActionButton:0.21666666666666667
Snackbar:0.20666666666666667
EditText:0.17666666666666667
