DriverConnection:0.6766666666666666
DriverConductor:0.4033333333333333
Receiver:0.2966666666666667
ReceiverProxy:0.23
DriverConnectionPadding3:0.0
DriverConnectionHotFields:0.0
DriverConnectionPadding2:0.0
