OAuth2AuthorizationRequestRedirectFilterTests:0.27666666666666667
HttpSessionOAuth2AuthorizationRequestRepository:0.2633333333333333
OAuth2LoginAuthenticationFilterTests:0.25666666666666665
NimbusUserInfoResponseClient:0.22333333333333333
OidcAuthorizationCodeAuthenticationProvider:0.15
NimbusAuthorizationCodeTokenResponseClient:0.11333333333333333
OAuth2AuthorizationRequestUriBuilderTests:0.11
CustomUserTypesOAuth2UserService:0.05333333333333334
OidcUserService:0.05333333333333334
OAuth2AuthorizationRequestUriBuilder:0.016666666666666666
DefaultOAuth2UserService:0.016666666666666666
