ValueType:0.5966666666666667
AccessorAttributesCollector:0.41
FromSupertypesModel:0.31666666666666665
ValueTypeComposer:0.20333333333333334
