ArtifactsPublisher:0.7669444444444444
HttpFileTest:0.6017777777777777
