JPPFTaskBundle:0.7433333333333333
LongTask:0.25166666666666665
JPPFPriorityQueue:0.21
JPPFJobManager:0.19333333333333333
DriverJobManagement:0.17333333333333334
ApplicationResultSender:0.12166666666666667
ApplicationConnection:0.12
CommandLineTaskRunner:0.10666666666666667
WaitingResultsState:0.1
LongTaskRunner:0.06
TestTask:0.0
