ConditionalProof:0.46611111111111103
FormalProofLineVo:0.4066666666666667
ConditionalProofVo:0.32
ReasonType2:0.27051984126984113
AbstractModuleVisitor:0.25833333333333336
QedeqVisitor:0.25833333333333336
QedeqTraverser:0.20583333333333334
HypothesisVo:0.17
QedeqNotNullTraverser:0.10666666666666667
Hypothesis:0.07216666666666667
ReasonTypeVo2:0.005
