TypeDescriptor:0.48
ClassDescriptor:0.38666666666666666
StepFactory:0.24
TypeChecker:0.23333333333333334
TracWikiDocumentationGenerator:0.13666666666666666
