PropertiesModelEditor:0.53
ModifyRenderOptionsDialog:0.17666666666666667
FieldTablePanel:0.17333333333333334
ReactionEditor:0.15333333333333332
AtomEditor:0.15333333333333332
AtomContainerEditor:0.13
PseudoAtomEditor:0.13
BondEditor:0.13
ChemObjectEditor:0.08666666666666667
