RecordStore:0.89
AbstractRecordStore:0.4033333333333333
DefaultRecordStore:0.31666666666666665
LocalMapStatsProvider:0.31
