AnnotationEditor:0.5666666666666667
CompoundTransaction:0.5166666666666667
