TaskService:0.7566666666666667
TaskLogic:0.47333333333333333
TaskServiceDelegate:0.24333333333333335
TaskServiceBean:0.2
