ServerWrapperTest:0.8433333333333334
TestUtilities:0.4533333333333333
