JSONToken:0.665
DefaultJSONParser:0.32
JSONLexerBase:0.31333333333333335
JSONReaderScanner:0.2733333333333333
SerializeWriter:0.27
JSONScanner:0.21333333333333335
