SubscriptionParser:0.6433333333333333
SubscriptionParserTokenManager:0.35055555555555556
JUTestParser:0.3333333333333333
