FieldEditor:0.5766666666666667
InputTag:0.53
FormResponder:0.29333333333333333
