SNMPDataProcessor:0.6166666666666667
SyncAction:0.4633333333333333
