AddressPicker:0.46
CMap:0.43
ListProxyImpl:0.3333333333333333
Node:0.31333333333333335
TcpIpJoiner:0.258
NodeMulticastListener:0.17444444444444446
AddressUtilTest:0.17
ConfigMemberGroupFactory:0.14
