IProblem:0.6255555555555555
IMarkerManager:0.5233333333333333
Warning:0.44666666666666666
TaskTag:0.26777777777777784
Error:0.26666666666666666
MarkerUtility:0.17666666666666667
ShamMarkerManager:0.16666666666666666
ImmediateWarnings:0.16
MarkerManager:0.15666666666666668
DefaultProblem:0.12666666666666668
ProblemRequestorMarkerManager:0.11
CodeDuplicationDetector:0.10333333333333333
RubyLintVisitor:0.08
