Insert:0.5466666666666666
DBCollection:0.44
MongoCollectionStream:0.35
CollectionAdministrationImpl:0.14333333333333334
MongoBatchInsertTest:0.13333333333333333
MaxDocumentSizeTest:0.13333333333333333
MaxMessageSizeTest:0.13333333333333333
MongoAsyncBatchInsertTest:0.12333333333333334
PinnedSessionTest:0.12
