CML2WriterTest:0.4666666666666667
Convertor:0.4572222222222222
PDBAtomCustomizer:0.11666666666666667
