CConnection:0.5166666666666667
Env:0.44666666666666666
GridTab:0.3433333333333333
