PartitionRecordStore:0.6134444444444445
MapStoreTest:0.5533333333333333
