DirectoryDescription:0.6866666666666666
CreateMicrosoftADRequest:0.31666666666666665
DirectoryDescriptionMarshaller:0.19111111111111112
DirectoryDescriptionJsonUnmarshaller:0.1811111111111111
CreateMicrosoftADRequestMarshaller:0.16
