GwtServerHelper:0.6766666666666666
PresenceCell:0.37666666666666665
GwtViewHelper:0.33666666666666667
GwtActivityStreamHelper:0.23444444444444448
DataTableFolderViewBase:0.20666666666666667
TrackInfo:0.20583333333333337
PresenceColumn:0.07
