ChainingAWSCredentialsProvider:0.6466666666666666
DynamoDbServiceRegistryFacilitator:0.5166666666666667
AmazonDynamoDbClientFactory:0.15
