Log:0.43333333333333335
PrintTask:0.4041666666666667
ReportView:0.24333333333333335
RunExternal:0.18
EditorHyperlinkSupport:0.15
MenuHelper:0.13666666666666666
Draggin:0.013333333333333334
