HiveType:0.6233333333333333
AbstractTestHiveClient:0.46
HiveUtil:0.30333333333333334
BackgroundHiveSplitLoader:0.22333333333333333
