BufferRing:0.36333333333333334
RemountBytesTest:0.35
RingItem:0.34
RemountBytes:0.2966666666666667
BufferRingTest:0.24333333333333335
FastUploading:0.13333333333333333
