Logger:0.4666666666666667
BackingBean:0.46
ComponentUtils:0.22666666666666666
GenericDaoHibernateImpl:0.13
BusinessException:0.058333333333333334
CommandButtonComponent:0.013333333333333334
CheckboxListComponent:0.013333333333333334
