PollConfiguration:0.5533333333333333
PolledService:0.4666666666666667
DefaultPolledServicesModel:0.23
PollJob:0.19944444444444445
PollService:0.14833333333333334
PollerTest:0.13333333333333333
DemoPollerConfiguration:0.12
ServiceMonitorFactoryBean:0.08
DemoPollService:0.07777777777777778
DefaultPollService:0.05
