BulkTermLoader:0.8433333333333334
Term2TermTable:0.5866666666666667
