State:0.6366666666666667
StateMachine:0.6166666666666667
SimStateMachine:0.41333333333333333
NativeStateMachine:0.36
StateMachineCoverage:0.23527777777777775
JPF_gov_nasa_jpf_sc_StateMachine:0.21666666666666667
Coverage:0.16666666666666666
SentEvent:0.043333333333333335
