CompetitionIteration:0.7
CompetitionSummary:0.34
BenchmarkIntegrationTest:0.24666666666666667
CompetitionDetails:0.13333333333333333
