XMLHttpRequest:0.6283333333333333
SimpleScriptable:0.42333333333333334
HtmlUnitContextAction:0.37666666666666665
