JaxRpcFacade:0.5166666666666667
DispatchServer:0.3
NoAccessException:0.22333333333333333
AlreadyExistsException:0.22333333333333333
NoSuchObjectException:0.22333333333333333
