Metadata:0.665
Connector:0.35
MetadataManager:0.30666666666666664
QueryStateMachine:0.27
ConnectorManager:0.24333333333333335
DistributedQueryRunner:0.21333333333333335
TestingPrestoServer:0.18833333333333332
