MainResponse:0.8333333333333334
MainResponseTests:0.2833333333333333
MainActionTests:0.23
