Importer:0.32
MefLib:0.31666666666666665
AddLimitations:0.31
Worker:0.23333333333333334
