NodeExtension:0.7191666666666666
ClusterServiceImpl:0.5266666666666666
DefaultNodeExtension:0.35333333333333333
