DataManager:0.73
MetadataLib:0.29333333333333333
Harvester:0.2633333333333333
Aligner:0.17111111111111113
