TextDecoratorEmulation:0.5333333333333333
BpmnSerializer:0.2988888888888889
DiagramFeatureProvider:0.29333333333333333
AddStartNodeFeature:0.24
UpdateStartNodeFeature:0.2
StartTextDecoration:0.18399675324675321
EndTextDecoration:0.18399675324675321
StartState:0.16666666666666666
UIContainer:0.16333333333333333
GpdXmlContentProvider:0.14333333333333334
DiagramToolBehaviorProvider:0.11333333333333333
EndState:0.09666666666666666
DeleteElementFeature:0.07333333333333333
AddStartTextDecorationFeature:0.05
MoveElementFeature:0.04
HasTextDecorator:0.03666666666666667
UpdateEndNodeFeature:0.03
AddEndNodeFeature:0.016666666666666666
AddEndTextDecorationFeature:0.016666666666666666
TextDecorationNode:0.013333333333333334
UpdateFeatureWithTextDecorator:0.005
