MetaProperty:0.42333333333333334
MetaComponent:0.30333333333333334
ComponentParser:0.2866666666666667
MapFacadeBean:0.26
XHibernate:0.23333333333333334
HCodeGenerator:0.2066666666666667
NotZeroValidator:0.1
XmlElementsNames:0.0
