NameTable:0.46
ElementUtil:0.43666666666666665
BindingUtil:0.41
StatementGenerator:0.2966666666666667
