Dialog:0.6433333333333333
SnackBar:0.38333333333333336
InternalAdapter:0.2605555555555556
SimpleDialog:0.24
