IMap:0.33416666666666667
IntegerSumAggregation:0.32
IntegerSumCombiner:0.2833333333333333
Aggregation:0.26066666666666666
ObjectMultiMapProxy:0.24333333333333335
MultiMap:0.2302777777777778
IntegerSumCombinerFactory:0.20919973544973536
IntegerSumReducerFactory:0.20919973544973536
Aggregations:0.20666666666666667
IntegerAvgAggregation:0.20666666666666667
MapProxyImpl:0.18666666666666668
Supplier:0.16666666666666666
IntegerSumReducer:0.15666666666666668
AggregationsDataSerializerHook:0.08666666666666667
