SequencerAgent:0.5233333333333333
ClusteredServiceAgent:0.4
Entry:0.30333333333333334
SequencerAgentTest:0.16666666666666666
