ResultSetLogger:0.38
BaseJdbcLogger:0.3433333333333333
BaseExecutor:0.31333333333333335
StatementLogger:0.30333333333333334
PreparedStatementLogger:0.21666666666666667
ConnectionLogger:0.21666666666666667
