CertTools:0.6033333333333334
RaMasterApi:0.4218888888888889
EnrollMakeNewRequestBean:0.41
RaMasterApiProxyBean:0.24333333333333335
SubjectDn:0.24
RaMasterApiSessionBean:0.1661111111111111
