Resource:0.45
XmlSerializer:0.3933333333333333
Worker:0.38666666666666666
CallBack:0.22166666666666668
ConfigLib:0.21333333333333335
DatabaseLib:0.18333333333333332
MainPanel:0.13333333333333333
IOLib:0.12666666666666668
Setup:0.09333333333333334
MetadataLib:0.05
XMLLib:0.043333333333333335
