WebClient:0.62
Window:0.4166666666666667
MockWebConnection:0.3433333333333333
HtmlAnchor:0.29333333333333333
HtmlPageTest:0.19
WebClientTest:0.18
HTMLElementTest:0.09333333333333334
HtmlFrameSetTest:0.03
