GenerateWORDAction:0.37333333333333335
ElementDesc:0.37
WordGeneratorUtilities:0.32666666666666666
MapItemsGenerator:0.2633333333333333
AppliConfiguration:0.25
WidgetsDescriptionHandler:0.22666666666666666
WidgetDefinitionModel:0.21666666666666667
AbstractTableGenerator:0.21
WidgetsDescription:0.20333333333333334
SymbolCommandGenerator:0.14111111111111113
