CompatibilityTest:0.6133333333333333
IncompatibleChange:0.543888888888889
