NewProcessDefinitionWizard:0.31333333333333335
NewProcessProjectWizard:0.23416666666666666
NewBotTaskWizard:0.22777777777777777
CopyProcessDefinitionWizard:0.21444444444444447
NewBotStationWizard:0.19416666666666665
NewBotWizard:0.19333333333333333
CopyBotTaskWizard:0.13666666666666666
ConfigurationWizard:0.11666666666666667
CompactWizardDialog:0.08666666666666667
ConnectionSettingsDialog:0.07666666666666666
ValidatorDialog:0.056666666666666664
