Multimap:0.8633333333333333
AbstractMultimap:0.29333333333333333
AbstractMultimapTest:0.27666666666666667
