DefaultLayout:0.7766666666666666
Tree:0.6875
SwingTree:0.20333333333333334
FamilyTree:0.09666666666666666
