Plane:0.6333333333333333
ModelWriter:0.3466666666666667
Intersector:0.21666666666666667
