DSLContext:0.49366666666666664
DSL:0.39
GrantImpl:0.36
RevokeImpl:0.36
DefaultDSLContext:0.30333333333333334
Tools:0.2966666666666667
