LogLog:0.4066666666666667
HyperLogLogPlus:0.3566666666666667
HyperLogLog:0.33666666666666667
LinearCounting:0.25666666666666665
CountThenEstimate:0.20833333333333334
