CaptureActivity:0.4866666666666667
PreferencesActivity:0.46907142857142875
ResultHandler:0.45666666666666667
URIResultHandler:0.20333333333333334
