XmlSerializer:0.7416666666666667
Search:0.3616666666666667
