TrackbackPlugin:0.37333333333333335
BlojsomServlet:0.32
BlojsomConstants:0.3088888888888889
CommentPlugin:0.2733333333333333
