Jaxb2Marshaller:0.6191666666666666
Jaxb2MarshallerTest:0.35
Jaxb2UnmarshallerTest:0.23666666666666666
