StorageManager:0.59
ShardManager:0.5666666666666667
Builder:0.38666666666666666
DatabaseStorageManager:0.2866666666666667
Utils:0.26
ShardManagerDao:0.2535396825396825
BlockAssertions:0.23
ImportJob:0.21
BlockIterableBuilder:0.19333333333333333
TestDistributedQueries:0.18666666666666668
PrestoTestingServer:0.17333333333333334
DatabaseShardManager:0.17
TestDatabaseStorageManager:0.16833333333333333
BlockIterables:0.16
TestDatabaseShardManager:0.14666666666666667
ImportField:0.12
StaticBlockIterable:0.12
ImportManager:0.1
