FlatFileItemWriterTests:0.6243333333333334
AbstractJdbcItemReaderIntegrationTests:0.571388888888889
