TierProperty:0.4
SeqFeature:0.38333333333333336
ApolloPanel:0.32666666666666666
HashtableEnumerator:0.32666666666666666
DrawableSeqFeature:0.31333333333333335
HashtableEntry:0.24666666666666667
DrawableFeatureSet:0.17
FastClippingGraphics:0.11333333333333333
CaseInsensitiveStringHash:0.04666666666666667
