Default:0.7133333333333334
RedefinitionClassVisitor:0.31
TypeWriterFieldPoolRecordTest:0.25666666666666665
RebaseDynamicTypeBuilder:0.25333333333333335
RedefinitionDynamicTypeBuilder:0.25333333333333335
