FFmpegFrameRecorder:0.8036666666666666
FREAK:0.47611111111111104
