ViewTypes:0.5366666666666666
Bundle:0.51
ContentNode:0.4
ContentGroup:0.39
ContentRegistryEditor:0.37666666666666665
ContentFolderNode:0.29333333333333333
VirtualFile:0.29
RegistryLocaleNode:0.22666666666666666
StoreEditorConfig:0.225
StoreContentDisplayer:0.19
ShopContentDisplayer:0.19
ContentRegistryEditorConfig:0.18
CMSContentEditorConfig:0.1708730158730159
RegistryBundleNode:0.16
CMSContentRegistryEditor:0.10833333333333328
StoreContentRegistryEditor:0.10833333333333328
ShopContentRegistryEditor:0.10833333333333328
AbstractBasicContentEditorConfig:0.10166666666666667
ShopContentDisplayerResult:0.09666666666666666
StoreContentDisplayerResult:0.08333333333333333
ContentGroupEditor:0.02
