ClassLoaderUtil:0.6188888888888889
TypeConverterManagerBean:0.44666666666666666
CalcImpl:0.26666666666666666
