SWDownloadFile:0.6066666666666667
DownloadScopeList:0.43
MultiScopeProgressBar:0.29
RatedDownloadScopeList:0.25333333333333335
SWCandidateTableModel:0.15
