WebKeys:0.5910000000000001
AjaxController:0.35333333333333333
ManageGroupsController:0.13666666666666666
