HibernateTestCase:0.7433333333333333
Skip:0.29333333333333333
