Node:0.4732222222222222
Context:0.4633333333333333
Leaf:0.335
CollisionLeaf:0.29333333333333333
CompressedIndex:0.2833333333333333
PersistentHashArrayMappedTrieTest:0.24
PersistentHashArrayMappedTrie:0.10666666666666667
