ServerMessageProcessor:0.59
ServerGUITools:0.4166666666666667
UpdateRunnable:0.33466666666666667
GUIActionRunnable:0.20666666666666667
