Qedeq2Latex:0.6525
QedeqHandler:0.26666666666666666
RuleHandler:0.24833333333333332
