WSImport:0.37666666666666665
WSClient:0.37
WSExport:0.36833333333333335
WSLoadTest:0.2866666666666667
WebServiceClientUtil:0.28
WSClientBase:0.23666666666666666
NameSearchServlet:0.22333333333333333
