MultiMapConfig:0.54
ObjectListProxy:0.34
CollectionService:0.2966666666666667
CollectionProxyId:0.2833333333333333
CollectionContainer:0.27
ListenerKey:0.17666666666666667
MultiMapProxySupport:0.17333333333333334
ObjectMultiMapProxy:0.1725
