BeanPanel:0.4683333333333333
EditView:0.4166666666666667
AdvancedEditor:0.29333333333333333
BasicEditor:0.29
Images:0.13333333333333333
