Exporter:0.8216666666666667
ExportGraphAction:0.35333333333333333
