CacheBrowserEntryView:0.43399999999999994
GetCacheEntryRequest:0.30333333333333334
GetCacheEntryRequestTest:0.29333333333333333
CacheDataSerializerHook:0.24666666666666667
GetCacheEntryViewEntryProcessor:0.17333333333333334
