SQLUpdate:0.36333333333333334
Database:0.3433333333333333
MqlNode:0.328
TextList:0.27666666666666667
Query:0.27
DBConnection:0.25333333333333335
MqlSqlWalker:0.21666666666666667
MqlSqlGenerator:0.19666666666666666
ParamInfo:0.17333333333333334
NativeQuery:0.11666666666666667
DateArithmeticFunction:0.08333333333333333
Writer:0.04555555555555555
MultipleWriter:0.0
