EnableReactiveMethodSecurityTests:0.6877777777777778
AuthenticationReactorContextWebFilter:0.44066666666666665
