ClassBodyWriter:0.84
ConstantWriter:0.5833333333333334
EnumWriterTest:0.04666666666666667
