OpenProjectPlugIn:0.4866666666666667
SaveProjectAsPlugIn:0.44333333333333336
SaveProjectPlugIn:0.23
