FormulaUtility:0.5308888888888889
ProofFinderImpl2:0.4
ProofFinderTest:0.30666666666666664
ProofFinderFactoryImpl:0.17666666666666667
