EditLanguageFormAction:0.44
EditLanguageAction:0.22333333333333333
EditConfigurationFormAction:0.16333333333333333
EditConfigurationAction:0.11666666666666667
