ProofChecker2Impl:0.6466666666666666
BasicProofErrors:0.426626984126984
ProofChecker1Impl:0.33666666666666667
