FolderEntrySidebar:0.4066666666666667
GwtTeamingMessages:0.31666666666666665
GwtViewHelper:0.2866666666666667
FolderEntryDetails:0.2833333333333333
ShareInfo:0.25666666666666665
FolderEntrySharing:0.06
