ClientOptions:0.3333333333333333
NetClientOptions:0.30333333333333334
HttpClientOptions:0.23
NetServerOptions:0.20666666666666667
VertxOptions:0.2
NetworkOptions:0.18333333333333332
DeploymentOptions:0.18333333333333332
RequestOptions:0.18333333333333332
WebSocketConnectOptions:0.18333333333333332
TCPOptions:0.17
DatagramSocketOptions:0.14
