FormatterRegistryImpl:0.7733333333333333
MvcView:0.5566666666666666
