CMap:0.65
FailAwareMapStore:0.32
QueryTest:0.2488888888888889
CMapTest:0.24333333333333335
MapStoreTest:0.06666666666666667
