CacheTesting:0.7133333333333334
CacheExpirationTest:0.25666666666666665
NullCacheTest:0.25666666666666665
CacheReferencesTest:0.255
CacheStatsTest:0.24666666666666667
CacheLoadingTest:0.23
CacheBuilderGwtTest:0.22333333333333333
CacheEvictionTest:0.22
CacheBuilderTest:0.21333333333333335
