MutableLexKBSynset:0.5976666666666665
NLGLexiconImpl:0.29333333333333333
MutableWord:0.2812222222222222
MutableWordImpl:0.19333333333333333
MutableLexKBSynsetImpl:0.19
MutableLexicalKnowledgeBase:0.15833333333333333
MutableLexKBWordSense:0.14492063492063492
LexicalKnowledgeBase:0.09166666666666666
MutableLexKBWordSenseImpl:0.06333333333333334
