MainFrame:0.7133333333333334
Main:0.49666666666666665
ExitGateAction:0.18444444444444444
GateFileChooser:0.11666666666666667
