RuntimeEnvironment:0.47333333333333333
ShadowLooper:0.32
ParallelUniverseInterface:0.2517063492063492
RobolectricTestRunner:0.22333333333333333
ShadowLooperTest:0.21
ParallelUniverseTest:0.19
RobolectricTestRunnerSelfTest:0.14333333333333334
ParallelUniverse:0.12333333333333334
HelperTestRunner:0.08666666666666667
MyTestApplication:0.05333333333333334
