MultiLayerTest:0.31
RBMTests:0.26666666666666666
TestComputationGraphNetwork:0.22666666666666666
CNNGradientCheckTest:0.22333333333333333
GradientCheckTests:0.21333333333333335
MultipleEpochsIteratorTest:0.19666666666666666
RenderTest:0.13666666666666666
