TedSerie:0.49333333333333335
TedPopupItem:0.36
TedXMLParser:0.31
TedPopupMenu:0.25
TedMainDialog:0.22666666666666666
TedIO:0.21333333333333335
EditShowDialog:0.21333333333333335
TedParser:0.21
AddShowDialog:0.1875
TedMain:0.14666666666666667
TedSerieFeed:0.1
