SellItemFlowExecutionTests:0.6541666666666667
SaleProcessorIntegrationTests:0.37333333333333335
SellItemFlowExecutionListener:0.12333333333333334
