KernelBoTestSuite:0.5866666666666667
KernelBoLogicProofCheckerTestSuite:0.4627777777777778
KernelBoLogicTestSuite:0.35333333333333333
KernelBoPackageTestSuite:0.26
