DomAttr:0.4633333333333333
DomElement:0.4266666666666667
HTMLElement:0.37333333333333335
HTMLElementTest:0.29333333333333333
SgmlPage:0.2611111111111111
XmlUtil:0.15333333333333332
