Task:0.9666666666666667
AbstractSaveProjectPlugIn:0.31916666666666665
OpenProjectWizard:0.31666666666666665
