Loader:0.54
NodeToStringTests:0.35
BaseClassTests:0.30666666666666664
Definition:0.30666666666666664
Compiler:0.27666666666666667
AnalyzerCasterTests:0.27
ScriptTestCase:0.20666666666666667
PainlessScriptEngine:0.17444444444444446
Debugger:0.1511111111111111
