TypeData:0.8766666666666667
EventsHandler:0.2633333333333333
