MockExternalContext:0.2833333333333333
JsfExternalContext:0.2833333333333333
SharedMapLocator:0.27051984126984113
SharedMap:0.26666666666666666
Mutex:0.23666666666666666
SharedMapDecorator:0.20333333333333334
HttpSessionMap:0.19666666666666666
PortletSessionMap:0.19666666666666666
PortletContextMap:0.17333333333333334
HttpServletContextMap:0.17333333333333334
MockMutexMapDecorator:0.033650793650793646
SharedMapFlowExecutionRepositoryFactory:0.02
SharedMapContinuationFlowExecutionRepositoryFactory:0.0
