UrlBean:0.48
ProtocolBean:0.4633333333333333
AnalysisReferenceBean:0.4066666666666667
NullProtocolBean:0.2633333333333333
NullUrlBean:0.17666666666666667
