BinderHelper:0.4533333333333333
WebUrlUtil:0.43666666666666665
SsfsUtil:0.43666666666666665
WebKeys:0.33322222222222225
ProfilesBinderHelper:0.26
ListFolderHelper:0.22666666666666666
ViewEntryController:0.21
WorkspaceTreeHelper:0.11333333333333333
