UCM:0.3466666666666667
ClearCaseViewstrapper:0.27
ClearCaseAuditLogger:0.16333333333333333
UCMTest:0.12666666666666668
FormattedLabelIncrementerTest:0.08333333333333333
FormattedLabelIncrementer:0.06
ClearCaseViewstrapperTest:0.0
