SqlBuilder:0.55
RetrieveCmd:0.4866666666666667
Sql:0.39
StudySql:0.17444444444444446
RefSOPSql:0.17444444444444446
SeriesSql:0.17444444444444446
ImageSql:0.17444444444444446
ImageRetrieveCmd:0.17333333333333334
PatientSql:0.12194444444444442
AppendLiteral:0.07333333333333333
