Unit:0.49
Infantry:0.36333333333333334
Weapon:0.31666666666666665
Radio:0.22
Leader:0.19666666666666666
InfantryGroup:0.18
