IndicesQueryCache:0.9166666666666666
IndicesQueryCacheTests:0.24666666666666667
