UIModule:0.7855555555555556
HistogramModule:0.3433333333333333
PlayUIServer:0.18333333333333332
QueuePairStatsStorageListener:0.09083333333333334
