CommunicationsStub:0.7566666666666667
LocalPhysicalContainer:0.4592619047619047
LocalObjectView:0.3566666666666667
LocalEdge:0.2833333333333333
