TaskObjectWrapper:0.5866666666666667
JPPFJob:0.49333333333333335
JPPFAnnotatedTask:0.27666666666666667
AnnotatedTaskWrapper:0.20666666666666667
PojoTaskWrapper:0.18333333333333332
CallableTaskWrapper:0.07333333333333333
PrivilegedConstructorAction:0.07333333333333333
PrivilegedMethodAction:0.06333333333333334
RunnableTaskWrapper:0.05
AbstractPrivilegedAction:0.03783333333333333
