IKQueryExpressionParser:0.6166666666666667
Sleep:0.10666666666666667
IKAnalzyerDemo:0.10666666666666667
LuceneIndexAndSearchDemo:0.10666666666666667
