PrologQuery:0.47333333333333333
PrologPanel:0.32
PrologTestUtil:0.27777777777777773
GroovePredicates:0.26666666666666666
HTMLConverter:0.24137301587301588
GrooveEnvironment:0.19
PrologCondition:0.12666666666666668
TypePredicates:0.02666666666666667
AlgebraPredicates:0.02
