ProjectionFunction:0.5628888888888888
ExpressionInterpreter:0.56
CoalesceExpression:0.16833333333333333
TestFilterAndProjectOperator:0.16666666666666666
ConcatProjection:0.07666666666666666
SingleColumnProjection:0.07333333333333333
InterpretedProjectionFunction:0.06444444444444444
DoubleFilter:0.06333333333333334
FilterFunction:0.05380952380952381
InterpretedFilterFunction:0.03444444444444444
