GroupByAggregateTest:0.6055555555555555
CollectSetAggregationTest:0.36833333333333335
PlanNodeStreamerVisitorTest:0.355
