ScriptingVariableProvider:0.6166666666666667
SendEmailActionHandler:0.19666666666666666
