SOAPProtocol:0.8166666666666667
DeployParser:0.5033333333333333
