DoubleMinState:0.6766666666666666
DoubleMaxState:0.6766666666666666
LongMaxState:0.6766666666666666
LongMinState:0.6766666666666666
AbstractAggregationFunction:0.45
DoubleSumAggregation:0.14666666666666667
LongSumAggregation:0.14666666666666667
NullableLongState:0.11666666666666667
NullableDoubleState:0.11666666666666667
DoubleMinAggregation:0.07333333333333333
LongMaxAggregation:0.07333333333333333
LongMinAggregation:0.07333333333333333
DoubleMaxAggregation:0.07333333333333333
