AdditiveDataLoaderFilter:0.5166666666666667
TableTemplate:0.43666666666666665
SymmetricEngine:0.2966666666666667
AdditiveDataLoaderFilterTest:0.2833333333333333
PushService:0.2594444444444445
DataLoaderContext:0.20333333333333334
IDataLoaderContext:0.14416666666666667
MockPushService:0.09666666666666666
