DefaultServerFactory:0.56
AbstractServerFactory:0.33666666666666667
DefaultServerFactoryTest:0.3
SimpleServerFactory:0.26666666666666666
