AsyncHttpClientConfig:0.5133333333333333
Builder:0.37
AsyncHttpClientConfigBean:0.31666666666666665
NettyRequestFactory:0.29
AsyncHttpClientDefaultsTest:0.22888888888888886
AsyncHttpClientConfigDefaults:0.21444444444444444
