ITypeInfo:0.47333333333333333
ITypeInfoTest:0.32666666666666666
ITypeLib:0.3233333333333333
IDispatch:0.2630555555555556
ITypeLibTest:0.2527777777777778
TLIBATTR:0.14
