AnnotationSetImpl:0.42
FSMInstance:0.39666666666666667
State:0.3433333333333333
FSM:0.25
SinglePhaseTransducer:0.25
TestJape:0.235
