NodeUtil:0.62
NodeImpl:0.32
CellBlockEditor:0.3
EditorKit:0.16333333333333333
GOALUtil:0.16333333333333333
GOALNodeEditor:0.11333333333333333
AnonymousIDGenerator:0.06555555555555555
