Robot:0.42333333333333334
Person:0.41333333333333333
Building:0.4033333333333333
LifeSupport:0.38666666666666666
BuildingManager:0.25
MainMenu:0.24666666666666667
RoboticStation:0.24
Walk:0.2
ManufactureGood:0.19333333333333333
CookMeal:0.17666666666666667
MarsProjectStarter:0.016666666666666666
