TreeBuilder:0.45
TreeTag:0.33666666666666667
BuildDefinitionDivs:0.32666666666666666
WsTreeBuilder:0.17622222222222222
WsTopOnly:0.15
WorkspaceTreeController:0.1
EditController:0.1
TreeHelper:0.08
FolderTreeHelper:0.08
WSTreeHelper:0.08
