SecurityContext:0.3433333333333333
AbstractProcessingFilter:0.33666666666666667
MockFilterChain:0.32666666666666666
MethodSecurityInterceptorTests:0.28
DigestProcessingFilter:0.275
AbstractSecurityInterceptor:0.25
AnonymousProcessingFilterTests:0.23666666666666666
AuthorizeTagTests:0.23
SecurityEnforcementFilterTests:0.22666666666666666
HttpSessionContextIntegrationFilterTests:0.22
ContextHolderAwareRequestWrapper:0.215
JbossIntegrationFilter:0.215
MethodDefinitionAttributesTests:0.21333333333333335
X509ProcessingFilterTests:0.21333333333333335
X509ProcessingFilter:0.21333333333333335
BankTests:0.21
HttpSessionContextIntegrationFilter:0.20666666666666667
RememberMeProcessingFilterTests:0.20666666666666667
SecurityEnforcementFilter:0.20333333333333334
ContactManagerBackend:0.19666666666666666
AuthorizeTag:0.19666666666666666
AnonymousProcessingFilter:0.19333333333333333
AbstractProcessingFilterTests:0.19
BasicProcessingFilterTests:0.19
AclTagTests:0.18666666666666668
BasicProcessingFilter:0.185
RememberMeProcessingFilter:0.185
SecureContextLoginModule:0.185
DigestProcessingFilterTests:0.18333333333333332
AuthenticationSimpleHttpInvokerRequestExecutorTests:0.18333333333333332
FilterSecurityInterceptorTests:0.17666666666666667
JbossIntegrationFilterTests:0.17333333333333334
HttpRequestIntegrationFilterTests:0.17
ClientApplication:0.17
AuthorizeTagAttributeTests:0.16666666666666666
ContextHolderAwareRequestWrapperTests:0.16
AuthenticationSimpleHttpInvokerRequestExecutor:0.16
AspectJSecurityInterceptorTests:0.16
TargetObject:0.15666666666666668
AuthorizeTagExpressionLanguageTests:0.15333333333333332
AclTag:0.15
AuthorizeTagCustomGrantedAuthorityTests:0.14333333333333334
SecureContextLoginModuleTest:0.14333333333333334
HttpRequestIntegrationFilter:0.14
AuthenticationTagTests:0.14
Main:0.13
ContextPropagatingRemoteInvocationTests:0.12666666666666668
AuthenticationTag:0.12
ContextPropagatingRemoteInvocation:0.08
SecurityContextTests:0.07333333333333333
