Musician:0.5433333333333333
RmiSWTWorkbenchBot:0.41
SarosRmiSWTWorkbenchBot:0.2833333333333333
ISarosRmiSWTWorkbenchBot:0.2535396825396825
isSessionclosed:0.16666666666666666
SarosState:0.1611111111111111
TestHandleContacts:0.15
TestShareProjectUsingExistingProject:0.14666666666666667
TestFileOperations:0.13333333333333333
TestShareProject3Users:0.13333333333333333
RmiTest:0.05
TestShare3UsersConcurrently:0.03666666666666667
