StatementGenerator:0.6166666666666667
StatementGeneratorTest:0.41333333333333333
ImplementationImportCollectorTest:0.28
RewriterTest:0.26666666666666666
ImplementationImportCollector:0.26
