PyCursor:0.42
Fetch:0.36
StaticFetch:0.29
CursorFunc:0.21777777777777782
Connect:0.20111111111111113
DynamicFetch:0.17333333333333334
