ExploreThread:0.38666666666666666
ExploreAction:0.38666666666666666
ExploreListener:0.23333333333333334
ExploreWarningDialog:0.07
