CAAdminSessionBean:0.5944444444444443
CaSessionLocal:0.42380555555555555
CaSessionBean:0.41
