LabelHaloLayoutOffset:0.38666666666666666
ServerWrapper:0.33166666666666667
TransformUI:0.31
SynthMultiLineLabelUI:0.29
ServerGraphicsConfigHandler:0.2866666666666667
MultiLineLabel:0.28
LabelLayoutOffset:0.05
