CurrentVersionPane:0.75
ObjectPane:0.3466666666666667
CreateAction:0.14333333333333334
