ArticleQueryService:0.4166666666666667
Tag:0.3333333333333333
TagQueryService:0.31333333333333335
TagCache:0.27
ArticleAPI2:0.09333333333333334
