JdbcChadoAdapter:0.7538888888888889
PostgresChadoAdapter:0.35333333333333333
