ListFilter:0.23666666666666666
NoneFilter:0.22666666666666666
AllFilter:0.22666666666666666
ObjectFilter:0.22666666666666666
