MppsToMwlLinkLocal:0.6208333333333333
ContentEditService:0.4533333333333333
MppsToMwlLinkBean:0.37
