ArrangingCoins:0.4266666666666667
Pair:0.4066666666666667
Dijsktra:0.3933333333333333
