MaintenanceTabPanel:0.6877777777777777
MaintenanceBuildingPanel:0.44333333333333336
