ReteSimpleMatch:0.6066666666666667
RetePathMatch:0.5766666666666667
SubgraphCheckerNode:0.5633333333333334
ReteNetworkNode:0.54
AbstractReteMatch:0.5233333333333333
ConditionChecker:0.4
DisconnectedSubgraphChecker:0.31333333333333335
ClosurePathChecker:0.26
ReteNetworkTest:0.2
EdgeCheckerNode:0.19333333333333333
NodeCheckerNode:0.18666666666666668
ProductionNode:0.18
RootNode:0.17333333333333334
AtomPathChecker:0.11333333333333333
CompositeConditionChecker:0.1
SingleEdgePathChecker:0.09416666666666666
InversionPathChecker:0.08388888888888889
SequenceOperatorPathChecker:0.08333333333333333
ChoicePathChecker:0.0786111111111111
DominoEventListener:0.06555555555555555
ReteStrategy:0.06333333333333334
AbstractPathChecker:0.058333333333333334
EmptyPathChecker:0.055
WildcardPathChecker:0.04
SearchTree:0.04
JoinStrategy:0.03666666666666667
NegativeFilterSubgraphCheckerNode:0.02666666666666667
AbstractSimpleTestJoinStrategy:0.015
