MethodRegistry:0.5266666666666666
FieldRegistry:0.3783888888888889
Default:0.355
Entry:0.2966666666666667
AbstractDynamicTypeBuilderTest:0.23666666666666666
ConstructorStrategy:0.21666666666666667
MethodRegistryDefaultTest:0.20666666666666667
AbstractDynamicTypeBuilderForInliningTest:0.20666666666666667
FieldRegistryDefaultTest:0.17333333333333334
ConstructorStrategyDefaultTest:0.15
