MailQueue:0.6133333333333333
QueueItem:0.38666666666666666
SendingTask:0.12666666666666668
QueueItemComparator:0.09666666666666666
