GwtServerHelper:0.48
GwtClientHelper:0.43666666666666665
ContentControl:0.41333333333333333
HistoryUrlRpcResponseData:0.31666666666666665
OnSelectBinderInfo:0.2633333333333333
GwtRpcServiceImpl:0.23583333333333334
FilrActionsCtrl:0.22666666666666666
GwtMainPage:0.15666666666666668
GwtHistoryHelper:0.11666666666666667
PushHistoryUrlCmd:0.04666666666666667
GetHistoryUrlCmd:0.016666666666666666
