CDK2DAtomColors:0.8033333333333333
RasmolColors:0.17166666666666666
