RecordingWriter:0.6466666666666666
RecordingSession:0.4066666666666667
ArchiveConductor:0.38666666666666666
ReplaySessionTest:0.24666666666666667
RecordingSessionTest:0.09166666666666666
RecordingWriterTest:0.013333333333333334
