Xml2Latex:0.7671111111111112
XPathLocationFinderTest:0.4083333333333333
