SpriteCache:0.4266666666666667
AndroidInput:0.35111111111111115
SpriteBatch:0.25666666666666665
AndroidMultiTouchHandler:0.2544444444444445
SpriteCacheTest:0.24666666666666667
