UURI:0.7672222222222222
UURITest:0.22666666666666666
