EnterProjectNamePage:0.79
NetworkPreferencePage:0.37666666666666665
OutgoingSessionNegotiation:0.21333333333333335
AddProjectToSessionWizard:0.19
