SitePluginTests:0.49666666666666665
ResponseHeaderPluginTests:0.43666666666666665
InternalSettingsPreparer:0.16666666666666666
