JbpmExecutionLogic:0.4
JbpmCommonLogic:0.36
TimerRunnerServiceBean:0.30333333333333334
LogicResources:0.26666666666666666
InitializerServletContextListener:0.22666666666666666
SchedulerServer:0.17865079365079362
JbpmJobLogic:0.16
SchedulerServerImpl:0.05333333333333334
