IndexColumn:0.4766666666666667
CollectionBinder:0.36333333333333334
IndexedCollectionTest:0.29
AnnotationBinder:0.2783333333333333
ListBinder:0.21666666666666667
