DependencyBank:0.6416666666666667
IOSApplication:0.63
BuildScriptHelper:0.38333333333333336
Delegate:0.17
