RssModule:0.7425
RssModuleImpl:0.3933333333333333
ListController:0.22333333333333333
