Formatter:0.5033333333333333
InsertFromValuesAnalyzerTest:0.32
MatchPredicate:0.3
DataStatementAnalyzer:0.28
Fields:0.011111111111111112
