User:0.51
Utils:0.3566666666666667
MapExampleActivity:0.19333333333333333
ZipExampleActivity:0.17666666666666667
ApiUser:0.13
