JQuery126Test:0.67
JQueryExtractorSample:0.3566666666666667
JQueryExtractor:0.25555555555555554
