ClusterServiceImpl:0.4866666666666667
JoinRequest:0.4766666666666667
TcpIpJoiner:0.2
PostJoinOperation:0.1847222222222222
MemberRemoveOperation:0.165
JoinCheckOperation:0.16333333333333333
AbstractJoiner:0.15666666666666668
MulticastService:0.14333333333333334
MulticastJoiner:0.14333333333333334
NodeMulticastListener:0.13333333333333333
