ExpressionInterpreter:0.5033333333333333
Visitor:0.35555555555555557
TestExpressionInterpreter:0.2733333333333333
NoPagePositionContext:0.2496031746031746
InterpretedPageProjectionWork:0.18666666666666668
SinglePagePositionContext:0.15333333333333332
InterpretedPageFilter:0.12333333333333334
