DriverConductor:0.4533333333333333
ClientConductor:0.42
ClientConductorTest:0.2833333333333333
DriverEventsListener:0.2652222222222222
DriverEventsAdapter:0.23347619047619048
ImageMessageFlyweight:0.14666666666666667
ClientProxy:0.13666666666666666
