ModifiedFile:0.4666666666666667
Modification:0.4033333333333333
P4:0.31666666666666665
ModificationSet:0.28
Vss:0.2733333333333333
XMLLogHelperTest:0.21666666666666667
MavenSnapshotDependency:0.21
CVS:0.205
SVN:0.1931111111111111
MockSourceControl:0.19
SVNTest:0.19
ClearCaseTest:0.18333333333333332
SSCM:0.18
MKS:0.17
SVNLogXMLParser:0.16833333333333333
VssJournal:0.16666666666666666
AlwaysBuild:0.165
VssTest:0.16333333333333333
HttpFile:0.16166666666666665
ClearCase:0.16
ModificationBuilder:0.14
P4Test:0.14
ModificationSetTest:0.13666666666666666
VssJournalTest:0.13
FileSystem:0.12666666666666668
BuildStatus:0.12333333333333334
ModificationTest:0.11333333333333333
FileSystemTest:0.11333333333333333
CVSTest:0.08333333333333333
ClearCaseModification:0.03666666666666667
P4Modification:0.016666666666666666
