TablePropertiesAnalyzer:0.8966666666666666
CreateTableStatementAnalyzer:0.29333333333333333
AlterBlobTableAnalyzer:0.16333333333333333
CreateBlobTableAnalyzer:0.16333333333333333
AlterTableAnalyzer:0.14
