ClientSynchronizedDocument:0.48438888888888887
ServerSynchronizedDocument:0.48438888888888887
ServerSynchronizedDocument2:0.48438888888888887
ClientSynchronizedDocument2:0.41
JupiterTestUI:0.3466666666666667
Messages:0.3
DOptPuzzleTest:0.23
FileTransferTCPReceiver:0.22
MultiUserChatManager:0.2
TwoWayJupiterServerDocument:0.15083333333333335
DocumentTestChecker:0.04
UITest:0.024222222222222218
JupiterDocumentListener:0.006666666666666667
