Flow:0.7066666666666667
XmlFlowBuilder:0.42
DecisionState:0.39
FlowVariable:0.30666666666666664
SimpleFlowVariable:0.23666666666666666
XmlFlowBuilderTests:0.16444444444444445
BeanFactoryFlowVariable:0.12666666666666668
DecisionStateTests:0.07333333333333333
