HtmlImage:0.6194444444444444
HTMLImageElement:0.4166666666666667
HTMLImageElement2Test:0.26666666666666666
