MailAddress:0.64
MailAddressTest:0.3566666666666667
EmailConstraint:0.24166666666666667
