Redisson:0.5
RedissonLocalCachedMap:0.36666666666666664
RedissonLocalCachedMapTest:0.31
LocalCachedMapOptions:0.30333333333333334
RedissonSetCache:0.24
EvictionScheduler:0.07777777777777778
