Rule:0.69
Condition:0.44
LevelIndex:0.31
LevelMap:0.2733333333333333
ConditionSearchItem:0.25666666666666665
Level:0.23
RuleDependencies:0.22
DefaultRuleView:0.20333333333333334
ForallCondition:0.18666666666666668
NACTest:0.18666666666666668
PosConditionRecord:0.16333333333333333
NotCondition:0.03888888888888889
