Command:0.41555555555555557
SessionSecret:0.36
CommandTokenFactory:0.33866666666666667
