RLexSortedSetAsync:0.5666666666666667
RedissonLexSortedSet:0.45
Redisson:0.31666666666666665
RLexSortedSet:0.31587301587301586
RedissonSetMultimapCacheTest:0.24666666666666667
RedissonMapCache:0.23
RedissonLexSortedSetTest:0.22666666666666666
RedissonScoredSortedSet:0.22
RedissonGeo:0.21333333333333335
RedissonMap:0.20666666666666667
RedissonClient:0.20226190476190478
RedissonKeysTest:0.19666666666666666
RedissonBucketTest:0.17333333333333334
RedissonConcurrentMapTest:0.17
MapGetAllDecoder:0.14
RedisCommands:0.11333333333333333
GeoDistanceMapDecoder:0.11
