HttpSessionMap:0.7938888888888889
PortletSessionMap:0.30333333333333334
