METSFedoraExtDODeserializer:0.4066666666666667
AtomDODeserializer:0.4033333333333333
FOXMLDODeserializer:0.33666666666666667
TestAPIM:0.285
METSFedoraExtDOSerializer:0.2816666666666667
AtomDOSerializer:0.235
