PKIBody:0.5133333333333333
CertConfirmContent:0.3433333333333333
CrmfRequestTest:0.34
CmpConfirmResponseMessage:0.30666666666666664
ICmpMessageHandler:0.19155555555555556
CmpMessageDispatcher:0.17
CmpMessageHelper:0.09666666666666666
CrmfMessageHandler:0.08
ConfirmationMessageHandler:0.0725
BaseCmpMessage:0.042777777777777776
ConfirmationMessage:0.02
