SqlCommand:0.5966666666666667
BoundAuthorMapper:0.5933333333333334
MapperMethod:0.2966666666666667
