FormulaActionHandlerOperations:0.7133333333333334
FormulaActionHandler:0.5366666666666666
