LargestPiSystemDescriptor:0.7366666666666667
LargestChainDescriptor:0.7366666666666667
