JSON:0.6566666666666666
JavaBeanSerializer:0.44666666666666666
JSONPath:0.25333333333333335
