CacheStatistics:0.7666666666666667
CacheStatisticsImpl:0.45
CacheTestSupport:0.4033333333333333
AbstractCacheService:0.3933333333333333
CacheProxy:0.36666666666666664
AbstractClientCacheProxyBase:0.3433333333333333
CacheRecordHashMap:0.3333333333333333
AbstractClientCacheProxy:0.30666666666666664
AbstractCacheRecordStore:0.29333333333333333
AbstractCacheProxy:0.27666666666666667
AbstractClientInternalCacheProxy:0.23666666666666666
CacheRecordStore:0.23666666666666666
AbstractInternalCacheProxy:0.23
CacheLoadAllRequest:0.1757142857142857
ClientCacheProxy:0.175
MemberStateImplTest:0.13333333333333333
EvictionStrategyTest:0.0
