DefaultErrorStrategy:0.45666666666666667
GrammarDependencies:0.4533333333333333
Antlr4Mojo:0.29333333333333333
Antlr4MojoTest:0.29
InputMismatchException:0.22
PredFromAltTestedInLoopBack_1:0.03333333333333333
ExtraneousInput:0.023333333333333334
