AndroidLiveWallpaper:0.6033333333333334
AndroidGraphics:0.5366666666666666
AndroidDaydream:0.33666666666666667
