IndexManager:0.6377777777777778
AddExternalFolderToIndex:0.4666666666666667
