Messages:0.4633333333333333
Builder:0.38
StreamingOutputCallRequest:0.33666666666666667
SimpleRequest:0.31666666666666665
ResponseParameters:0.26666666666666666
SimpleRequestOrBuilder:0.2633333333333333
StreamingOutputCallRequestOrBuilder:0.2633333333333333
StreamingInputCallRequest:0.23333333333333334
StreamingInputCallRequestOrBuilder:0.22166666666666668
ResponseParametersOrBuilder:0.2
AbstractInteropTest:0.19
TestServiceImpl:0.18666666666666668
TestServiceClient:0.16333333333333333
TransportCompressionTest:0.12666666666666668
TestCasesTest:0.11333333333333333
