ShadowCanvas:0.5533333333333333
ShadowPath:0.55
CanvasTest:0.23333333333333334
PathTest:0.10333333333333333
