DomNode:0.6533333333333333
DomText:0.45666666666666667
HtmlOptionTest:0.24666666666666667
HtmlUnitXPathTest:0.19333333333333333
DomTextTest:0.18666666666666668
