DocumentCodec:0.5566666666666666
Codecs:0.5433333333333333
DefaultDBCallback:0.22666666666666666
DefaultDBEncoder:0.15666666666666668
