Function:0.35
Service:0.32
Info:0.275
Process:0.26266666666666666
ProcessStatus:0.21333333333333335
IqDisco:0.19
Items:0.17666666666666667
Functions:0.14333333333333334
XmppItem:0.14
Client:0.10666666666666667
