ClientSession:0.4633333333333333
ReplaySession:0.38166666666666665
RecordingSession:0.32
