App:0.2966666666666667
LotteryNumbers:0.27666666666666667
PlayerDetails:0.27666666666666667
LotteryTicket:0.17666666666666667
ConsoleLottery:0.09333333333333334
ConsoleAdministration:0.08333333333333333
LotteryTicketId:0.04
