PageDownstreamContext:0.6666666666666666
PagingIterator:0.5166666666666667
InnerPreparer:0.25666666666666665
