IndicesOptions:0.6066666666666667
MetaData:0.38666666666666666
IndicesOptionsIntegrationTests:0.29333333333333333
MultiSearchRequest:0.2833333333333333
MultiPercolateRequest:0.24
MultiSearchRequestBuilder:0.17555555555555555
MultiSearchRequestTests:0.13333333333333333
IndicesOptionsTests:0.12333333333333334
MultiPercolatorRequestTests:0.11333333333333333
