BodySubscriber:0.5133333333333333
ResultSubscriber:0.5133333333333333
CallArbiter:0.5133333333333333
