Segment:0.5133333333333333
VanillaChronicleMap:0.46
ChronicleMapBuilder:0.3433333333333333
ModificationDelegator:0.22194444444444447
MapEventListener:0.21277777777777776
