ShardIndexingService:0.3
ShardSearchService:0.27
AnalyzingCompletionLookupProvider:0.19333333333333333
RestIndicesStatsAction:0.18
ShardFieldData:0.15
SimpleIndexStatsTests:0.04666666666666667
