Service:0.8888333333333335
RetryOperationsInterceptorTests:0.44666666666666666
ServiceImpl:0.20333333333333334
