Responder:0.7825
Configuration:0.49666666666666665
ResponderFactory:0.2586984126984127
