WebCrimeReportAnalyser:0.6818888888888889
WebAnnie:0.46888888888888886
