Mappings:0.7833333333333333
HbmBinder:0.4633333333333333
EntityBinder:0.31666666666666665
MappingsImpl:0.31666666666666665
AvailableSettings:0.06916666666666667
DiscriminatorOptionsTest:0.05333333333333334
