Frame:0.6766666666666666
Automaton:0.6133333333333333
AutomatonBuildTest:0.25
