Decoder:0.7133333333333334
ClientMessageProcessor:0.35
EditorLayer:0.3477777777777778
Channel:0.3477777777777778
RuntimeDecoder:0.3105555555555556
MessageDecoder:0.23666666666666666
ARINC661App:0.235
LayerTreeEditor:0.23333333333333334
JFXScenarioPanel:0.23
AbstractEditorPanel:0.20666666666666667
ScenarioReaderImpl:0.19666666666666666
BasicClientEngine:0.19666666666666666
GUIClientEngine:0.17333333333333334
ReaderEventQueue:0.14
