CoverageTest:0.7266666666666667
StructgenCoverageTest:0.07083333333333333
DataCoverageTest:0.07083333333333333
CoverageAnnotationTest:0.056666666666666664
AtomtypeCoverageTest:0.03916666666666667
FingerprintCoverageTest:0.03916666666666667
StandardCoverageTest:0.03916666666666667
RenderCoverageTest:0.03916666666666667
QsarmolecularCoverageTest:0.03916666666666667
IoCoverageTest:0.03916666666666667
QsarbondCoverageTest:0.03916666666666667
ReactionCoverageTest:0.03916666666666667
DiffCoverageTest:0.03916666666666667
SMARTSCoverageTest:0.03916666666666667
QsarionpotCoverageTest:0.03916666666666667
IonpotCoverageTest:0.03916666666666667
FormulaCoverageTest:0.03916666666666667
QsarCoverageTest:0.03916666666666667
ChargesCoverageTest:0.03916666666666667
CoreCoverageTest:0.03916666666666667
QsaratomicCoverageTest:0.03916666666666667
PcoreCoverageTest:0.03916666666666667
IsomorphismCoverageTest:0.03916666666666667
