HandlerFactory:0.4166666666666667
PrintHandler:0.31333333333333335
Constants:0.0
