FlowExecutionImpl:0.5133333333333333
FlowExecutionContext:0.2980952380952381
MockFlowExecutionContext:0.25
MockFlowExecution:0.25
TestAction:0.15666666666666668
FlowExecutionImplTests:0.13
