TransformationActionTest:0.8719444444444444
ByteBuddyPluginTest:0.4005555555555555
