RobotAWTModeTest:0.5847222222222223
ComponentTestFixture:0.41333333333333333
