jOOQAbstractTest:0.44333333333333336
BatchStore:0.38133333333333336
BaseTest:0.37
InsertImpl:0.33911111111111114
AbstractBindContext:0.24666666666666667
DefaultRenderContext:0.23777777777777775
