SwarmingManager:0.5
Cfg:0.38333333333333336
GWebCacheContainer:0.35
BandwidthInputStream:0.17333333333333334
HostAddressCellRenderer:0.15
