FreemarkerMapper2DecoratorSelector:0.6733333333333333
VelocityPageFilter:0.26
FreemarkerPageFilter:0.03666666666666667
