KerasEmbedding:0.38666666666666666
KerasConvolution:0.37666666666666665
KerasDense:0.37666666666666665
Keras1LayerConfiguration:0.0
Keras2LayerConfiguration:0.0
KerasLayerConfiguration:0.0
