FolderServiceImpl:0.33
BinderServiceImpl:0.32
TeamingServiceClientWithCall:0.30666666666666664
WSClientBase:0.30666666666666664
