BasicOperationService:0.43666666666666665
BasicOperationRunner:0.386
ClusterServiceImpl:0.36666666666666664
NodeEngineImpl:0.33666666666666667
HazelcastTestSupport:0.30333333333333334
InvokeOnPartitions:0.18666666666666668
InternalOperationService:0.17333333333333334
WaitNotifyServiceImpl:0.16
CleanupThread:0.1277777777777778
BasicOperationRunnerFactory:0.056666666666666664
BasicResponsePacketHandler:0.02
