ContextSource:0.8666666666666667
AbstractContextSource:0.53
PoolingContextSource:0.33666666666666667
LdapContextSourceTest:0.2833333333333333
TransactionAwareContextSourceProxy:0.15
SingleContextSource:0.14666666666666667
LdapContextSourcelITest:0.01
