ModelNode:0.47
BalancedShardsAllocator:0.35
Balancer:0.32666666666666666
BalanceConfigurationTests:0.29333333333333333
WeightFunction:0.19333333333333333
ClusterDynamicSettingsModule:0.18333333333333332
ApplySettings:0.15611111111111112
