Project:0.7366666666666667
IndexerTest:0.535
StringUtils:0.30666666666666664
