CoreMessageLogger:0.5666666666666667
SessionFactoryImpl:0.33
BinderHelper:0.31333333333333335
HbmBinder:0.2752777777777778
AnnotationBinder:0.26
EntityBinder:0.24166666666666667
QueryBinder:0.22666666666666666
CollectionBinder:0.21
Configuration:0.20333333333333334
JdbcServicesImpl:0.19666666666666666
ResultsetMappingSecondPass:0.17833333333333334
