Parameter:0.46
Xml2Latex:0.2846666666666667
ParserPane:0.2813333333333334
Xml2Wiki:0.2694444444444445
TestParser:0.2632777777777778
QedeqPane:0.25333333333333335
LoadRequiredModulesTest:0.25333333333333335
StarterDialog:0.25
DynamicGetter:0.25
QedeqBoFactoryTest:0.24333333333333335
FormulaCheckerTest:0.24333333333333335
CheckLogicTest:0.24333333333333335
QedeqProxy:0.22333333333333333
VisitorContextTest:0.22333333333333333
GenerateLatexTest:0.18333333333333332
Xml2OtherGui:0.18
KernelXmlTrackerTestSuite:0.1636111111111111
KernelBoControlTestSuite:0.16
QedeqBoFactoryAssert:0.13333333333333333
XPathLocationParserTest:0.06666666666666667
QedeqNotNullTraverserTest:0.05333333333333334
AbstractFormulaChecker:0.0
