ProfileModule:0.7666666666666667
GwtServerHelper:0.36666666666666664
ProfileModuleImpl:0.3333333333333333
ProfileDaoImpl:0.32666666666666666
AuthenticationManagerImpl:0.2866666666666667
UserSynchInterceptor:0.18666666666666668
