Window:0.72
EventTarget:0.3566666666666667
ApplicationCache:0.3411111111111111
EventListenersContainer:0.2866666666666667
