FunctionRefTests:0.7183333333333334
WriterConstants:0.6141666666666666
SSource:0.38
