Frontier:0.6033333333333334
StatisticsTracker:0.31
SimpleHandler:0.2966666666666667
URIFrontier:0.2678730158730158
ToePool:0.23031746031746028
CrawlController:0.22666666666666666
AbstractTracker:0.22666666666666666
StatisticsTracking:0.12833333333333333
AdminConstants:0.016666666666666666
