Role:0.62
UserAccessBean:0.3566666666666667
RoleListPanel:0.22666666666666666
CreateOrEditRoleForm:0.1311111111111111
