AbstractRoutine:0.6978888888888889
AbstractTypedElementDefinition:0.3466666666666667
