MultiMapResponse:0.4166666666666667
MultiMapContainer:0.30333333333333334
ClientMultiMapProxy:0.2733333333333333
AbstractMultiMapContainerSupport:0.24666666666666667
RemoveAllRequest:0.17777777777777778
GetAllRequest:0.16577777777777777
