GeneralPreferencePage:0.37
EditXMPPAccountWizard:0.2783333333333333
EditXMPPAccountWizardPage:0.24333333333333335
ConfigurationWizard:0.24111111111111114
ConfigurationSettingsWizardPage:0.15
