EvaluatingNormalizer:0.5666666666666667
ReferenceToTrueVisitorTest:0.41333333333333333
RelationSplitterTest:0.37
WhereClauseAnalyzer:0.2966666666666667
