RestAssured:0.77
RestAssuredMockMvc:0.4066666666666667
LoggingIfValidationFailsTest:0.18333333333333332
LogIfValidationFailsITest:0.15333333333333332
