FileSystemLocationScanner:0.6016666666666667
UrlUtils:0.4588333333333334
FileSystemLocationScannerMediumTest:0.2633333333333333
