CMap:0.5666666666666667
QueueConfig:0.2833333333333333
XmlConfigBuilder:0.24
AbstractSelectionHandler:0.23
WriteHandler:0.15833333333333333
PartitionServiceImpl:0.14
ReadHandler:0.13
