BusinessEntityManagerImpl:0.6576666666666667
EndToEndViewScene:0.36666666666666664
