BootstrapButton:0.5333333333333333
BootstrapLabel:0.4166666666666667
MainActivity:0.39
BootstrapEditText:0.33666666666666667
BootstrapCircleThumbnail:0.30633333333333335
