ReferenceConfig:0.7433333333333333
ServiceConfig:0.38
ConfigTest:0.3433333333333333
AbstractConfig:0.29
