Simulator:0.62
ShapeGraphState:0.43
ShapeGraphNextState:0.3233333333333333
AbstrExplorationAction:0.23666666666666666
