DefaultJSONParser:0.6016666666666667
NumberDeserializer:0.29333333333333333
PublicFieldDoubleTest:0.2833333333333333
