X3DExport:0.56
LightExport:0.33
IndexedFaceSetExport:0.22416666666666665
BaseExport:0.21666666666666667
BoxExport:0.06
SphereExport:0.05
