Packet:0.5533333333333333
Event:0.5366666666666666
AckArgs:0.3566666666666667
JsonSupport:0.24166666666666667
Decoder:0.2325
AckManager:0.20333333333333334
AckArgsDeserializer:0.14333333333333334
Encoder:0.13666666666666666
JacksonJsonSupport:0.12
DecoderAckPacketTest:0.11666666666666667
EncoderAckPacketTest:0.09
JsonSupportWrapper:0.05333333333333334
