ClientAuthenticationHandler:0.5766666666666667
AbstractPac4jAuthenticationHandler:0.48333333333333334
