Doc:0.4166666666666667
VBoeGen:0.30333333333333334
MBOE:0.29333333333333333
X_C_Invoice:0.28
X_C_DocType:0.25333333333333335
X_C_AcctSchema_Default:0.23
X_C_PeriodControl:0.20333333333333334
X_AD_UserBPAccess:0.20333333333333334
Doc_BOEStatement:0.19666666666666666
X_C_BOE:0.19333333333333333
MAllocationLine:0.15333333333333332
VInvoiceModify:0.06
AcctSchemaDefaultCopy:0.04666666666666667
VTemplate:0.0033333333333333335
