AddFilesHtml5Popup:0.41
GwtTeamingMessages:0.4
BinderViewsHelper:0.35333333333333333
GwtTeamingDataTableImageBundle:0.2866666666666667
