GwtClientHelper:0.6766666666666666
MainMenuControl:0.42
GwtMainPage:0.4066666666666667
MenuBarPopupBase:0.24
