DefaultContentTypeHandlerManager:0.6166666666666667
ContentTypeHandlerManagerTest:0.30333333333333334
JacksonLibHandlerTest:0.20666666666666667
DummyContainer:0.19333333333333333
JsonLibHandlerTest:0.17666666666666667
RestWorkflowInterceptorTest:0.11666666666666667
