PopPanel:0.5833333333333334
PopModel:0.3233333333333333
