FakeView:0.5983333333333334
FakeMapView:0.35
FakeItemizedOverlay:0.24333333333333335
