MaxRectsPacker:0.38333333333333336
TexturePacker2:0.37
TiledMapPacker:0.3466666666666667
Settings:0.2833333333333333
