DomainScope:0.3233333333333333
PathScope:0.3233333333333333
HostScope:0.3233333333333333
BroadScope:0.3233333333333333
