ImageArchivingSession:0.47333333333333333
ArchiveFileUtil:0.41333333333333333
ArchiverConductor:0.33
SystemTest:0.26
