StrutsJarURLConnection:0.6866666666666666
JarEntryRevision:0.4866666666666667
JarEntryRevisionTest:0.26666666666666666
