MethodDescriptor:0.39
FieldDescriptor:0.32666666666666666
ClassDescriptor:0.3233333333333333
BeanUtilBean:0.25333333333333335
Methods:0.25333333333333335
BeanIndexPropertyTest:0.24333333333333335
Fields:0.15333333333333332
Ctors:0.14333333333333334
Properties:0.12
BeanUtilUtil:0.12
Bean1:0.06333333333333334
Bean2:0.06333333333333334
Simple:0.043333333333333335
