RowInsertion:0.59
DOReplicator:0.37333333333333335
DbmsConnection:0.3333333333333333
