Table:0.6433333333333333
SelectImpl:0.51
UpdateImpl:0.35
AbstractTable:0.33666666666666667
PostgresDatabase:0.2733333333333333
SelectJoinStep:0.23666666666666666
SelectFromStep:0.15833333333333333
UpdateFromStep:0.15833333333333333
