SharedDeploymentTests:0.36333333333333334
FileUtils:0.3233333333333333
DefaultDOManager:0.31333333333333335
SimpleDOReader:0.29333333333333333
FedoraServerTestCase:0.2833333333333333
Ingest:0.25333333333333335
Util:0.25
ConflictingDeploymentTests:0.1
AllCommonSystemTests:0.07333333333333333
SimpleDeploymentTests:0.056666666666666664
