DBConnection:0.5266666666666666
Transaction:0.41002777777777777
DBConnectionWrapper:0.35333333333333333
HibernateTransaction:0.34
TransactionImplementation:0.27166666666666667
MakumbaTransactionProvider:0.23
