BinderHelper:0.84
WebKeys:0.5496507936507937
ListFolderHelper:0.31333333333333335
ConfigureController:0.21333333333333335
