Tag:0.6305555555555555
Element:0.37
Text:0.36
LagartoParser:0.2966666666666667
ParsedTag:0.22333333333333333
LagartoNodeHtmlRenderer:0.21666666666666667
TagUtil:0.19777777777777777
DomXmlTest:0.19
