RedissonSessionManager:0.5466666666666666
RedissonSession:0.39666666666666667
RedissonSessionManagerTest:0.29333333333333333
