HomeFolderDetector:0.6133333333333333
DataSourceDetectorRegistryImpl:0.4066666666666667
