VariationalAutoencoder:0.8166666666666667
GradientCheckUtil:0.31
DefaultParamInitializer:0.20666666666666667
VaeGradientCheckTests:0.15333333333333332
