EditCustomFieldActionUtil:0.4666666666666667
EditCustomFieldFormAction:0.38666666666666666
OrderCustomFieldValueAction:0.18666666666666668
