ShareItem:0.52
Share:0.52
ProfileDaoImpl:0.32
ResourceUtil:0.23
GwtSharedMeItem:0.21333333333333335
GwtShareHelper:0.2061111111111111
SharingModuleImpl:0.17
ShareItemSelectSpec:0.15416666666666667
