Window:0.43666666666666665
MapObjects:0.27
MapLayers:0.27
WindowedMean:0.21333333333333335
Pools:0.20666666666666667
GeometryUtils:0.17
