Host:0.73
NetworkHostsContainer:0.55
SendEngine:0.15444444444444444
NetworkTableModel:0.14333333333333334
NetworkRowRenderer:0.09666666666666666
