RecoveryPlan:0.52
MultiNodeTest:0.41444444444444445
RecordingCatchUp:0.4033333333333333
