LoadRequiredModulesTest:0.6128888888888888
LoadRequiredModulesExecutor:0.44666666666666666
