Util:0.8533333333333334
LocalPresenceTracker:0.27
UtilTest:0.056666666666666664
