ConnectionManager:0.48833333333333334
Data:0.4066666666666667
SelectorBase:0.25666666666666665
JoinRunnable:0.17333333333333334
FallThroughRunnable:0.14666666666666667
