Server:0.8533333333333334
DBPort:0.56
BaseCluster:0.35333333333333333
ServerStateNotifier:0.20333333333333334
DBTCPConnector:0.18666666666666668
MBeanServer:0.16333333333333333
WriteResult:0.15
DBPortTest:0.12933333333333336
Clusters:0.11333333333333333
DBPortPool:0.0775
DefaultServer:0.07333333333333333
TestServer:0.05333333333333334
DefaultClusterableServerFactory:0.03861111111111111
JMXMBeanServer:0.023333333333333334
DBTCPConnectorTest:0.013333333333333334
