Dao:0.8633333333333333
NutDao:0.5333333333333333
SimpleDaoTest:0.37666666666666665
