AddEntryController:0.3566666666666667
WebKeys:0.28977777777777775
ModifyEntryController:0.28
ModifyBinderController:0.22
