ClassTestDescriptor:0.48
TestMethodTestDescriptor:0.31
TestTemplateTestDescriptor:0.22666666666666666
JupiterTestDescriptor:0.22083333333333333
