Rule:0.7766666666666666
GCLParser:0.4066666666666667
ControlState:0.39
SPORule:0.36666666666666664
GCLChecker:0.35333333333333333
GCLLexer:0.35333333333333333
GCLBuilder:0.28
AutomatonBuilder:0.27555555555555555
ControlTransition:0.2622222222222222
SPOEvent:0.25333333333333335
DFA1:0.2457777777777778
var_declaration_return:0.20322594997594998
var_type_return:0.20322594997594998
Namespace:0.19666666666666666
SymbolTable:0.14
ControlView:0.14
Scope:0.12333333333333334
DFA9:0.12
DFA8:0.12
DFA7:0.12
DFA6:0.12
DFA5:0.12
DFA2:0.12
DFA13:0.06227777777777779
ControlTest:0.05
param_return:0.0025
var_list_return:0.0025
variable_return:0.0025
