AntBuilder:0.57
AntScript:0.5266666666666666
AntBootstrapper:0.22
AntPublisher:0.22
AntScriptTest:0.09
AntProgressLogger:0.06
MockProgress:0.04416666666666667
