Node:0.6833333333333333
Tree:0.6333333333333333
