MsgHeader:0.48
GUID:0.39
Message:0.3466666666666667
MsgQueryResponse:0.25666666666666665
VendorMsg:0.22
MsgQuery:0.20666666666666667
RouteTableUpdateMsg:0.16333333333333333
MsgUnknown:0.16
MsgPong:0.14666666666666667
MsgPushRequest:0.13666666666666666
MsgPing:0.12
TestMsgQueryResponse:0.11
