KeyRing:0.6633333333333333
EditSuperUserDialog:0.4166666666666667
SuperUser:0.34
KeyRingTest:0.15666666666666668
