BlojsomServlet:0.54
VelocityDispatcher:0.4255555555555556
BlojsomConstants:0.014071428571428572
