Files:0.8033333333333333
AnnotationIocLoader:0.2966666666666667
NutFilePool:0.26666666666666666
AnnotationIocProvider:0.20666666666666667
