Event:0.7066666666666667
AjaxController:0.30666666666666664
IcalModuleImpl:0.3
EventsViewHelper:0.295
WorkflowProcessUtils:0.1888888888888889
MarkupUtil:0.18333333333333332
NotifyBuilderEvent:0.17333333333333334
ElementBuilderEvent:0.06333333333333334
