Comment:0.8466666666666667
Article:0.39
ArticleQueryService:0.37
ArticleMgmtService:0.23666666666666666
ArticleProcessor:0.19
CommentQueryService:0.18666666666666668
UserProcessor:0.14
CommentProcessor:0.12
CommentMgmtService:0.07666666666666666
