HtmlElement:0.47
HtmlParser:0.31
TagBlock:0.31
HtmlCollector:0.23333333333333334
HtmlAsset:0.20666666666666667
HtmlActions:0.05
