Watcher:0.5566666666666666
HttpClientImpl:0.44666666666666666
CommandTestBase:0.18666666666666668
WatcherTest:0.15333333333333332
