KnowledgeBase:0.37666666666666665
OInstanceImpl:0.17333333333333334
OInstance:0.17
