BuildReportFormTag:0.35333333333333333
ReportGenerationTypeNameVisitor:0.31666666666666665
BuildReportAction:0.23333333333333334
ReportGenerationTypeVisitor:0.19777777777777777
MessagesReport:0.12169841269841271
MessagesCommon:0.07333333333333333
GetReportResourceAction:0.0
