RequestAttributes:0.7233333333333334
FormResponder:0.44666666666666666
ResponseControllerHandler:0.24666666666666667
