AbstractApplication:0.10983345
ApplicationModel:0.09783868
Project:0.09494264
Application:0.071906626
