Jedis:0.8066666666666666
Client:0.33
ClusterCommandsTest:0.31
Protocol:0.27777777777777773
