HqlParser:0.765
HqlParserTest:0.44055555555555564
AbstractBasicBindingTests:0.37666666666666665
