Request:0.46
CMap:0.37333333333333335
Record:0.34
UnboundedBlockingQueue:0.29333333333333333
BlockingQueueManager:0.2633333333333333
BaseManager:0.24333333333333335
RequestBasedCall:0.24
NamedExecutorService:0.2397222222222222
DistributedTask:0.22337301587301586
ConcurrentMapManager:0.22333333333333333
ExecutorManager:0.21
ClusterManager:0.20666666666666667
ResponseQueueCall:0.20166666666666666
SleepCallable:0.19666666666666666
ClusterTest:0.19333333333333333
MembersCall:0.19305555555555554
MBackupAwareOp:0.14333333333333334
PutOperationHandler:0.12666666666666668
LockOperationHandler:0.12666666666666668
MBackup:0.12
ResponsiveOperationHandler:0.12
SchedulableOperationHandler:0.11333333333333333
ExecutedOperationHandler:0.1
ResponseQueueFactory:0.09333333333333334
SimpleMapTest:0.09333333333333334
TargetAwareOperationHandler:0.08
JoinRunnable:0.02
