FieldExpression:0.5988888888888889
NumericExpression:0.29811111111111105
Functional:0.28833333333333333
