RendererFactory:0.4633333333333333
SwingUIFactory:0.4
UIMappingHandler:0.3169444444444445
ServerMapItemsUtilities:0.31333333333333335
ServerExtensionLoader:0.30133333333333334
JFXConfiguration:0.2866666666666667
SwingFactory:0.28
LoggerArea:0.27222222222222225
RendererUIFactory:0.27051984126984113
ServerConfigurationParser:0.268
JFXServerWrapper:0.26666666666666666
JFXEventLogger:0.26
SwingServerWrapper:0.26
JFXRendererBridge:0.24666666666666667
ServerComUtilities:0.24666666666666667
ComboBoxEditRenderer:0.24666666666666667
ComboBoxRenderer:0.23666666666666666
SwingConfiguration:0.23333333333333334
LineArcRenderer:0.23333333333333334
PropertyList:0.23
SwingUIDefinition:0.22333333333333333
SwingUIDefinitionParser:0.20333333333333334
ToggleButtonRenderer:0.19666666666666666
ScrollListRenderer:0.19666666666666666
AbstractServerEngine:0.19
SwingRenderersHandler:0.15666666666666668
LoggerViewer:0.15333333333333332
PushButtonRenderer:0.14666666666666667
EditBoxTextRenderer:0.14666666666666667
CheckBoxRenderer:0.14666666666666667
StylableSizableArea:0.07666666666666666
AppendTextRunnable:0.01
