NeuralNetwork:0.78
TopicModeling:0.47333333333333333
HiddenLayer:0.4266666666666667
BaseNeuralNetwork:0.25333333333333335
BaseMultiLayerNetwork:0.21333333333333335
TopicModelingCDBN:0.20666666666666667
Builder:0.19
LogisticRegression:0.1761111111111111
MultiLayerNetworkOptimizer:0.16277777777777777
Sigmoid:0.11
TopicModelingTest:0.09
HiddenLayerTest:0.08
RBMTest:0.05722222222222222
ActivationFunction:0.04816666666666666
Tanh:0.02666666666666667
DBNTest:0.005555555555555555
HardTanh:0.0
