DefaultJSONParser:0.5033333333333333
IntegerDeserializer:0.38333333333333336
ParserConfig:0.29
LongDeserializer:0.2866666666666667
BooleanDeserializer:0.24
DefaultObjectDeserializer:0.20666666666666667
ConcurrentHashMapTest:0.17
SerializeConfig:0.16666666666666666
