FileDataSetIterator:0.5166666666666667
BaseFileIterator:0.4066666666666667
FileMultiDataSetIterator:0.3566666666666667
