Ghemical:0.6333333333333333
GhemicalPlugin:0.42
GhemicalPreferencesPage:0.33666666666666667
ComputeEnergy:0.22333333333333333
