ObjectFactory:0.4633333333333333
EjbcaWS:0.37363888888888885
EjbcaWSTest:0.2833333333333333
GenerateCryptoTokenKeys:0.256
EJBCAWSRACommandFactory:0.21777777777777782
IEjbcaWS:0.19416666666666665
CreateCryptoTokenCommand:0.18555555555555558
GenerateCryptoTokenKeysCommand:0.11666666666666667
ejbcawsracli:0.11333333333333333
GenerateCryptoTokenKeysResponse:0.0033333333333333335
