MapServiceContextImpl:0.4
QueryRunner:0.39666666666666667
MapService:0.38666666666666666
CountingMigrationAwareServiceTest:0.2833333333333333
CountingMigrationAwareService:0.22
PostJoinMapOperationTest:0.17
