Mongo:0.5833333333333334
DBCursor:0.4766666666666667
WriteResult:0.30333333333333334
ReplicaSetStatus:0.18666666666666668
