ExtensionServer14Test:0.4866666666666667
Extension6Test:0.4533333333333333
ExtensionServerWidgetsFactoryInEditorTest:0.42
JFXServerCockpitConnectors3Test:0.2733333333333333
ExtensionMapsTest:0.23333333333333334
