Strand:0.6866666666666666
FiberTimedScheduler:0.24
FibersMonitor:0.23644444444444446
FibersMXBean:0.23644444444444446
MetricsFibersMonitor:0.21
JMXFibersMonitor:0.18666666666666668
RunawayFiberNotification:0.15988095238095237
NoopFibersMonitor:0.15833333333333333
