Printer:0.7033333333333334
RrGraphics:0.35
RrInterval:0.33
GCodeRepRap:0.29333333333333333
RrRectangle:0.25333333333333335
GCodeReaderAndWriter:0.25
LayerProducer:0.2277777777777778
Producer:0.21777777777777782
GenericRepRap:0.20666666666666667
GerberGCode:0.2
