XMLConfigBuilder:0.495
NestedResultHandlerTest:0.39666666666666667
NestedResultSetHandler:0.3466666666666667
