DataAreaText:0.5133333333333333
Messages:0.3775
StatusChangedEvent:0.2966666666666667
DataAreaEditor:0.2966666666666667
CharacterDataAreaEditorDelegate:0.2733333333333333
ParentPaintListener:0.17666666666666667
DataAreaTextStatusChangedListener:0.06
