BiojavaResource:0.23333333333333334
getSequence:0.22222222222222218
MyStructureListener:0.17777777777777778
MyListener:0.1577777777777778
getFeatures:0.15666666666666668
TestSpiceDas:0.15
testBioJava:0.14
getStructure:0.13077777777777777
testDAS:0.08
