Util:0.46
Transport:0.4303333333333333
Platform:0.32666666666666666
Connection:0.325
URLConnectionTest:0.31333333333333335
HttpEngine:0.31333333333333335
FixedLengthInputStream:0.235
HttpURLConnectionImpl:0.22666666666666666
HttpTransport:0.20666666666666667
SocketHandler:0.19666666666666666
JettyNpnProvider:0.19
ChunkedInputStream:0.17833333333333334
MockSpdyServer:0.17
AbstractHttpInputStream:0.16666666666666666
SpdyTransport:0.11666666666666667
HttpOverSpdyTest:0.09333333333333334
JdkWithJettyNpnPlatform:0.04666666666666667
