IGetAwareProxy:0.6916666666666667
CMap:0.5266666666666666
ConcurrentMapManager:0.43666666666666665
KeyValue:0.38333333333333336
ConcurrentMapOperations:0.011111111111111112
