SelectAnalyzerTest:0.4166666666666667
TestingTableInfo:0.27666666666666667
SelectStatementAnalyzer:0.24666666666666667
PrimaryKeyVisitor:0.19611111111111112
Builder:0.19
Analysis:0.07666666666666666
Context:0.06
