PortMapping:0.8033333333333333
PortMappingTest:0.3433333333333333
PortMappingParser:0.23564285714285715
