DynamicInterpreter:0.4166666666666667
Interpreter:0.41
ThreeModel:0.31333333333333335
UnaryModel:0.29
DynamicDirectInterpreterTest:0.25666666666666665
DynamicInterpreterTest:0.2
CalculateTruthDynamicThreeModelTest:0.16
