CachedRow:0.47816077
Row:0.28046304
PointerNode:0.17690338
Node:0.1469951
PointerCachedDataRow:0.109509476
Table:0.07612021
TextTable:0.06610655
TextCache:0.050415948
HsqlException:0.0032558113
