Loading:0.7233333333333334
Mvcs:0.49
NutServlet:0.23166666666666666
NutFilter:0.22333333333333333
DefaultLoading:0.17666666666666667
Setup:0.1
JsonIocProvider:0.0
ComboIocProvider:0.0
IocProvider:0.0
XmlIocProvider:0.0
AnnotationIocProvider:0.0
