ReflectionUtils:0.6183333333333333
ExceptionUtils:0.49666666666666665
AnnotationUtils:0.28
