ParameterConstants:0.591388888888889
NodeService:0.48
AbstractSymmetricEngine:0.37666666666666665
MockNodeService:0.3433333333333333
ConfigurationChangedFilter:0.2633333333333333
