HostParentOfTest:0.5533333333333333
BrowserVersionClassRunner:0.27
WebDriverTestCase:0.21466666666666667
BrowserParameterizedRunner:0.21
TestCaseTest:0.19333333333333333
BrowserVersionClassRunnerWithParameters:0.14333333333333334
FrameworkMethodWithParameters:0.06
BrowserStatement:0.06
