XmlConfig:0.5788888888888889
NamespaceExpectationsITest:0.38333333333333336
NamespaceResponseParsingITest:0.2683333333333333
