DynamoDbTicketRegistryProperties:0.6666666666666666
DynamoDbServiceRegistryFacilitator:0.47333333333333333
DynamoDbTicketRegistryTicketCatalogConfiguration:0.4011111111111111
AbstractDynamoDbProperties:0.02
