UdpMessageEngine:0.3933333333333333
UdpConnectionManager:0.25
UdpGuidRoutingTable:0.23666666666666666
UdpMsgQueue:0.20666666666666667
