GwtViewHelper:0.36333333333333334
UnlockEntriesCmd:0.34
GwtTeamingMessages:0.31666666666666665
BinderViewsHelper:0.29444444444444445
ContentControl:0.26666666666666666
GwtRpcServiceImpl:0.22111111111111115
GwtServerHelper:0.18733333333333335
