BinderHelper:0.54
ObjectKeys:0.4032222222222222
AbstractBinderProcessor:0.3233333333333333
ExportHelper:0.30583333333333335
FolderResource:0.23
WorkspaceResource:0.23
