POJOWorkflowDefinitionFactoryFactory:0.8133333333333334
SpringTestPOJOWorkflowImplementationGenericWorkflowClient:0.2966666666666667
