Article:0.6527777777777777
ArticleProcessor:0.4666666666666667
ArticleQueryService:0.43666666666666665
