ParsedStatement:0.8433333333333334
QueryPlannerTest:0.23666666666666666
InsertVisitorTest:0.13666666666666666
TransportSQLAction:0.11
