CannedMarsMap:0.53
MapPanel:0.2633333333333333
UnitIconMapLayer:0.23333333333333334
MineralMapLayer:0.2061111111111111
NavigatorWindow:0.20333333333333334
EllipseLayer:0.19666666666666666
ShadingMapLayer:0.19
NavpointEditLayer:0.18333333333333332
ExploredSiteMapLayer:0.18166666666666667
NavpointMapLayer:0.18166666666666667
UnitLabelMapLayer:0.16333333333333333
LandmarkMapLayer:0.15333333333333332
mapClickListener:0.14833333333333334
VehicleTrailMapLayer:0.14666666666666667
