Util:0.48
WorkbenchUtilitiesTest:0.3233333333333333
AllTests:0.15666666666666668
FigureFinderTest:0.09333333333333334
FigureHierarchyTest:0.08
FigureTesterTest:0.07333333333333333
FigureClassMatcherTest:0.045
FigureIdentityMatcherTest:0.035
FigureTextMatcherTest:0.03
