GL40:0.6877777777777778
GL31:0.3374206349206349
