ConsoleSample:0.47333333333333333
TechnologyConventionPanel:0.36666666666666664
TechnologyLimitationPanel:0.31666666666666665
CheckBoxField:0.21666666666666667
ConventionPanel:0.15666666666666668
