CSSStyleSheet:0.59
Window:0.5033333333333333
HTMLDocument:0.3466666666666667
HTMLStyleElement:0.23333333333333334
CSSRule:0.20777777777777778
CSSImportRule:0.19666666666666666
HTMLLinkElement:0.19666666666666666
StyleSheetList:0.1877777777777778
CSSStyleSheetTest:0.13
CSSStyleRule:0.10444444444444444
CSSRuleList:0.10333333333333333
SelectorSpecificityTest:0.07916666666666666
MediaList:0.043333333333333335
