PermissionsFactory:0.31333333333333335
HtmlDocGenerator:0.24333333333333335
JavaOption:0.24333333333333335
JPPFScreenSaver:0.17666666666666667
NodeDataPanel:0.14
JPPFSubmissionManager:0.12916666666666668
JMXConnectionWrapper:0.12916666666666668
NodeRefreshTask:0.12333333333333334
RhinoScriptRunner:0.12
JcaClassServerDelegate:0.12
ConnectionInitializerTask:0.0
