ElementDecl:0.37666666666666665
Handler:0.37333333333333335
XmlParsedData:0.31
XmlInsert:0.24333333333333335
SAXParserImpl:0.04666666666666667
