SimpleJob:0.5666666666666667
ItemOrientedStep:0.5566666666666666
SimpleJobTests:0.3433333333333333
