IndexAnalysis:0.6116666666666667
AnsjTokenizer:0.38666666666666666
TestToken:0.315
