Scan:0.6633333333333333
ScanHeader:0.5066666666666667
SAX2ScanHandler:0.2788888888888889
SAX2IndexHandler:0.23222222222222225
SAX2ScanHeaderHandler:0.22
MSXMLParser:0.03833333333333333
