CMap:0.42
Request:0.4166666666666667
Stats:0.3233333333333333
ManagementService:0.25
DataMBean:0.23805555555555558
MBackup:0.19000000000000003
MBackupAwareOp:0.16333333333333333
GeneralTest:0.09333333333333334
SimpleMapTest:0.013333333333333334
