CAAdminSessionBean:0.54
EjbcaConfiguration:0.36333333333333334
CACacheManager:0.31666666666666665
TestCACacheManager:0.07333333333333333
