Node:0.7233333333333334
TransportClient:0.41
NodeAndClient:0.2966666666666667
MockNode:0.20333333333333334
NodeModule:0.16666666666666666
NodeMocksPlugin:0.10666666666666667
