Modules:0.7666666666666667
MetaModuleFactory:0.33
NaviOXFilter:0.19333333333333333
