KeyCollector:0.7866666666666666
SingleColumnJdbcKeyGeneratorIntegrationTests:0.3
SingleColumnJdbcKeyCollector:0.2733333333333333
DrivingQueryItemReaderTests:0.25288888888888894
DrivingQueryItemReader:0.22527777777777777
IbatisKeyCollector:0.18333333333333332
MultipleColumnJdbcKeyGeneratorIntegrationTests:0.17
MultipleColumnJdbcKeyCollector:0.08666666666666667
MockKeyGenerator:0.03666666666666667
