Default:0.7533333333333333
AgentBuilderDefaultTest:0.25666666666666665
AgentBuilderDefaultApplicationTest:0.18666666666666668
