JFXTreeTableView:0.79
JFXTreeTableColumn:0.34
JFXTreeTableCellSkin:0.31666666666666665
GenericEditableTreeTableCell:0.30666666666666664
JFXTreeTableRowSkin:0.09222222222222222
