ScriptEditor:0.5633333333333334
InputState:0.4766666666666667
