LineElement:0.36
BasicBondGenerator:0.35
BasicGenerator:0.3433333333333333
IntermediateRenderer:0.23
DistanceSearchVisitor:0.22666666666666666
BasicAtomGenerator:0.21333333333333335
ControllerFeedbackGenerator:0.19
AtomMassSymbolElement:0.17333333333333334
WedgeLineElement:0.16
HighlightGenerator:0.12333333333333334
AtomSymbolElement:0.11333333333333333
BondModule:0.10666666666666667
TextElement:0.09
RingGenerator:0.056666666666666664
AtomMassGenerator:0.0033333333333333335
