FileModule:0.5011111111111111
FileUploadItem:0.49666666666666665
FileModuleImpl:0.4066666666666667
DefinitionModuleImpl:0.27
ViewFileController:0.14
