LotteryServiceImpl:0.49
LotteryAdministrationImpl:0.39166666666666666
LotteryTest:0.35333333333333333
App:0.20666666666666667
LotteryNotificationsImpl:0.17
LotteryNotifications:0.09
