AbstractDatabasePlatform:0.4644444444444444
DatabaseWriter:0.39666666666666667
AbstractDataLoaderServiceTest:0.3333333333333333
