TypeName:0.3566666666666667
TypeSpecTest:0.3333333333333333
ClassName:0.32666666666666666
TypeVariableName:0.30333333333333334
WildcardTypeName:0.22333333333333333
CodeWriter:0.2
ArrayTypeName:0.19166666666666668
ParameterizedTypeName:0.17666666666666667
