TestClient:0.47333333333333333
DefaultFileSystem:0.41
JavaFileSystemTest:0.3944444444444445
