WYSIWYGPlugin:0.5566666666666666
WYSIWYGHTMLEditor:0.48333333333333334
ConnectorServlet:0.32
FtlTagSupportServlet:0.14
