CloseFrame:0.69
WebSocket:0.4866666666666667
InvalidHandshakeException:0.25666666666666665
InvalidDataException:0.24333333333333335
WebSocketListener:0.23
WebSocketServer:0.21666666666666667
WebSocketClient:0.21
WebSocketAdapter:0.205
Draft:0.20333333333333334
InvalidFrameException:0.185
AutobahnClientTest:0.16
LimitExedeedException:0.15666666666666668
CloseFrameBuilder:0.13166666666666665
