RequestPacketExtension:0.7566666666666667
FileList:0.5877777777777777
