WanTargetClusterConfig:0.5833333333333334
WanReplicationPublisher:0.5124523809523811
WanReplicationService:0.49
WanNoDelayReplication:0.36333333333333334
XMLConfigBuilderTest:0.31
MapServiceContextImpl:0.26
MapContainer:0.25
XmlConfigBuilder:0.24
SpringXmlConfigBuilder:0.23666666666666666
DummyWanReplication:0.22166666666666668
TestFullApplicationContext:0.21666666666666667
WanReplicationPublisherDelegate:0.2105952380952381
AbstractCacheService:0.21
WanReplicationServiceImpl:0.17642857142857143
CacheService:0.10111111111111112
GroupProperties:0.03666666666666667
