WebInvocationPrivilegeEvaluatorTests:0.6866666666666666
WebInvocationPrivilegeEvaluator:0.3433333333333333
