LayoutManager:0.38
Timeslots:0.3566666666666667
TaskInfo:0.3233333333333333
ClassicLayout:0.20333333333333334
TaskSelectionChangeAction:0.15333333333333332
TaskChangedAction:0.08166666666666667
TimeSlotChangeAction:0.021666666666666667
