AccessPath:0.45666666666666667
AndersenPointerAnalysis:0.44333333333333336
PointerExplorer:0.2833333333333333
BDDPointerAnalysis:0.265
AndersenCallGraph:0.2272222222222222
Visitor:0.2
BDDMethodSummary:0.17666666666666667
Specialization:0.1311111111111111
SpecializationParameter:0.06
