RenderingParameters:0.5766666666666667
RendererModel:0.5
AWTDrawVisitor:0.35333333333333333
