Queue:0.8766666666666667
GraphQueue:0.5333333333333333
QueueDescriptor:0.42
Graph:0.3333333333333333
GraphQueueImpl:0.18333333333333332
GraphImpl:0.09333333333333334
QueueCollection:0.06333333333333334
DeleteNodeDescriptor:0.011944444444444445
ExecuteDescriptor:0.011944444444444445
AddNodeDescriptor:0.011944444444444445
DeleteEdgeDescriptor:0.011944444444444445
AddUndirectedEdgeDescriptor:0.011944444444444445
ConnectDescriptor:0.011944444444444445
AddEdgeDescriptor:0.011944444444444445
Processor:0.01
