Robot:0.77
ScriptEditor:0.37083333333333335
InputStateTest:0.29777777777777775
ComponentRecorderTest:0.2866666666666667
ComponentTestFixture:0.26666666666666666
AbstractSemanticRecorderTest:0.2375
