FieldDataDTO:0.5133333333333333
AnnotationMetadataReader:0.4
DataDefinitionProvider:0.35333333333333333
