RequestBuilderTest:0.37333333333333335
RequestFactory:0.3477777777777778
RequestFactoryParser:0.3333333333333333
