LoadBalancer:0.7477777777777778
MasterSlaveConnectionManager:0.4633333333333333
BaseLoadBalancer:0.3566666666666667
RoundRobinLoadBalancer:0.023333333333333334
RandomLoadBalancer:0.023333333333333334
