ScriptExecutionManager:0.5766666666666667
ScriptExecutionManagerTests:0.5433333333333333
ScriptExecutionCondition:0.31
