Schema:0.8366666666666667
DB2Schema:0.43333333333333335
DB2MigrationMediumTest:0.22333333333333333
