ATNSerializer:0.5366666666666666
BasePythonTest:0.35333333333333333
BaseNodeTest:0.35333333333333333
BaseGoTest:0.35333333333333333
BaseJavaTest:0.3333333333333333
