DistributedExecutorService:0.385
ExecutorServiceClientProxy:0.37333333333333335
ExecuteHandler:0.2822222222222222
