AccountMapper:0.6533333333333333
UsernameSource:0.6533333333333333
AttributesSource:0.6533333333333333
HeaderAttributesSource:0.21666666666666667
CookieAttributesSource:0.21666666666666667
ServletUtils:0.19333333333333333
UsernameSourcePreAuthenticatedProcessingFilterTest:0.14666666666666667
AttributesSourceWebAuthenticationDetailsSource:0.14333333333333334
UsernameFromPropertyAccountMapperTest:0.1175
ServletUtilsTest:0.11666666666666667
UsernameFromRequestAccountMapperTest:0.09361111111111109
ReplacingUserDetailsMapperTest:0.09
UsernameFromRequestAccountMapper:0.08
AttributesSourceWebAuthenticationDetailsSourceTest:0.08
AuthorityByPrefixAccountMapperTest:0.06666666666666667
UserDetailsMappingServiceWrapperTest:0.06666666666666667
UsernameFromPropertyAccountMapper:0.056666666666666664
HeaderUsernameSource:0.056666666666666664
UserDetailsMappingServiceWrapper:0.055
AllTests:0.05027777777777778
UsernameSourcePreAuthenticatedProcessingFilter:0.041111111111111105
CookieUsernameSource:0.04
StringUtils:0.04
RemoteUserUsernameSource:0.04
PropertyAttributesSource:0.04
ReplacingUserDetailsMapper:0.035
StringUtilsTest:0.034499999999999996
AuthenticationDetailsImpl:0.03333333333333333
HeaderUsernameSourceTest:0.023333333333333334
RequestParameterUsernameSourceTest:0.023333333333333334
CookieUsernameSourceTest:0.023333333333333334
RemoteUserUsernameSourceTest:0.016666666666666666
AuthorityByPrefixAccountMapper:0.016666666666666666
AuthorityNotFoundException:0.015
RequestParameterUsernameSource:0.013333333333333334
CookieAttributesSourceTest:0.006666666666666667
PropertyAttributesSourceTest:0.006666666666666667
HeaderAttributesSourceTest:0.006666666666666667
UsernameFromUserdetailsAccountMapper:0.0
FirstDecisionBased:0.0
