CacheClearBackupOperation:0.19666666666666666
CacheRemoveAllBackupOperation:0.18666666666666668
CachePutBackupOperation:0.18333333333333332
CachePutAllBackupOperation:0.17333333333333334
CacheRemoveBackupOperation:0.14
CacheBackupEntryProcessorOperation:0.14
