SecondsBasedEntryTaskScheduler:0.38
PartitionServiceImpl:0.2816666666666667
OperationServiceImpl:0.27
MapStoreTest:0.2633333333333333
MapContainer:0.22666666666666666
LockServiceImpl:0.2225
EntryTaskSchedulerFactory:0.21
QueueService:0.2061111111111111
EntryProcessorExecutor:0.11277777777777777
