StaticFiles:0.5966666666666667
SparkFilter:0.4666666666666667
