Operation:0.5603333333333333
Condition:0.46166666666666667
RuleApplicationTest:0.29333333333333333
