SeqFeature:0.5966666666666667
GAMEAdapter:0.38333333333333336
DrawableFeatureSet:0.36333333333333334
