TxnLockAndGetOperation:0.53
RemoveBackupOperation:0.51
RemoveOperation:0.32666666666666666
TransactionalMultiMapProxySupport:0.26666666666666666
