GCodeWriter:0.5
CartesianGCode:0.37333333333333335
GenericExtruder:0.2866666666666667
CartesianSNAP:0.26
GenericCartesianPrinter:0.25333333333333335
