KerasDense:0.36333333333333334
Builder:0.19333333333333333
TestConstraints:0.11333333333333333
