AtomTypeFactory:0.4033333333333333
AtomTypeReader:0.25666666666666665
CDKBasedAtomTypeConfigurator:0.25666666666666665
AtomTypeReaderTest:0.23666666666666666
AtomTypeHandler:0.2261111111111111
