TypeDescription:0.6233333333333333
MethodDescription:0.5433333333333333
ForLoadedType:0.3933333333333333
ParameterDescription:0.2105952380952381
ArrayProjection:0.20666666666666667
ConflictingInterfaceMethod:0.2
OverriddenClassMethod:0.2
ForLoadedMethod:0.19666666666666666
ForLoadedConstructor:0.17666666666666667
MethodToken:0.16666666666666666
SubclassInstrumentedType:0.14
InlineInstrumentedType:0.14
Latent:0.14
LazyTypeDescription:0.14
FieldDescription:0.135
LazyMethodDescription:0.12666666666666668
ForLoadedField:0.11
FieldToken:0.10833333333333334
OfReturnType:0.1
OfFieldType:0.1
OfParameter:0.1
ForLoadedParameter:0.09333333333333334
LazyProjection:0.08484920634920635
LazyFieldDescription:0.06333333333333334
OfLegacyVmMethodParameter:0.03
OfLegacyVmConstructorParameter:0.03
