NoValidations:0.7136111111111111
SelfValidationTest:0.3577777777777778
SelfValidatingValidator:0.3233333333333333
