Tds:0.6533333333333333
PerformanceTest:0.3233333333333333
CursorResultSet:0.26
TdsConnection:0.26
TdsResultSet:0.21333333333333335
PreparedStatement_base:0.20666666666666667
TdsStatement:0.20333333333333334
ParameterUtils:0.13
