RuleToShapeMap:0.8133333333333334
Materialisation:0.5641666666666667
EquationSystem:0.2966666666666667
