ActivityStreamCache:0.5066666666666667
GwtUIHelper:0.4666666666666667
LoginFilter:0.26666666666666666
GwtActivityStreamHelper:0.23666666666666666
