BaseRegion:0.6202777777777778
NonTxInvalidationCacheAccessDelegate:0.31666666666666665
