MediaDriver:0.6533333333333333
ExampleUtil:0.5033333333333333
Pong:0.19
