Harvester:0.5166666666666667
SearchManager:0.4091666666666667
AbstractHarvester:0.32
ThreddsParams:0.23
ThreddsHarvester:0.17333333333333334
ThreddsResult:0.1276190476190476
Geonetwork:0.10666666666666667
BadServerCertificateEx:0.06166666666666667
