Default:0.6333333333333333
ForCreation:0.2297777777777778
RebaseDynamicTypeBuilder:0.18222222222222223
RedefinitionClassVisitor:0.18
SubclassDynamicTypeBuilder:0.16555555555555554
RedefinitionDynamicTypeBuilder:0.16555555555555554
ForInlining:0.15
