Constants:0.7766666666666666
MetaAttributeGenerationVisitor:0.4066666666666667
