RuntimeEnvironment:0.9033333333333333
ParallelUniverse:0.3566666666666667
