TcpIpConnectionManager:0.57
SocketAcceptor:0.39666666666666667
SocketConnector:0.3877777777777778
DefaultNodeContext:0.16333333333333333
SecurityContext:0.16083333333333333
