StepFactory:0.49
BinaryOperationInformation:0.4666666666666667
TypeChecker:0.38
TypeCheckerResult:0.30666666666666664
BinaryAddStep:0.18333333333333332
