AdminModule:0.6766666666666666
Function:0.481388888888889
ObjectKeys:0.4032222222222222
AbstractAdminModule:0.37
AbstractZoneModule:0.2833333333333333
AccessControlController:0.19666666666666666
ConfigureRolesController:0.14666666666666667
WebKeys:0.016666666666666666
