ValueMirrors:0.6066666666666667
StyleInfo:0.53
Styles:0.31
Proto:0.2733333333333333
UsingName:0.27
