Transaction:0.6033333333333334
AnnotationEditor:0.5066666666666667
PureJDBCTransactionWriter:0.33
UpdateParentTransaction:0.2511111111111111
ChangeList:0.25
TigrAnnotNameAdapter:0.23666666666666666
