MapFacade:0.5766666666666667
SystemException:0.3933333333333333
