SeqFeatureI:0.69
FeatureSetI:0.67
FeatureSet:0.49
SeqFeature:0.43
Transcript:0.4266666666666667
SequenceTextPanel:0.3333333333333333
Gene:0.33
Exon:0.30333333333333334
DrawableAnnotatedSeqFeature:0.23666666666666666
DrawableSeqFeature:0.21666666666666667
DrawableFeatureSet:0.215
AlignmentViewer:0.2
ResultAlignmentRenderer:0.19666666666666666
DetailInfo:0.19333333333333333
AnnotatedFeatureSet:0.17333333333333334
SequenceRenderer:0.16333333333333333
AnnotationAlignmentRenderer:0.10333333333333333
