SessionAddOrEditDialog:0.34
ScriptEditViewPart:0.3072222222222222
MessageDialogAbstract:0.29
JTBQueuesContentViewPart:0.19333333333333333
VariablesManageDialog:0.18333333333333332
