GridFSFile:0.8133333333333334
GridFSInputFile:0.5166666666666667
CLI:0.2027777777777778
