Block:0.8066666666666666
HeadersMessage:0.30333333333333334
ChainDownloadSpeedCalculator:0.22
