GwtTeamingMessages:0.506388888888889
EntryEventInfo:0.27666666666666667
CustomCell:0.26666666666666666
CheckBoxHeader:0.24333333333333335
GwtClientHelper:0.23
GwtViewHelper:0.22
MiscUtil:0.21333333333333335
DataTableFolderViewBase:0.17333333333333334
