TargetCallableRequest:0.6866666666666666
DelegatingFuture:0.5366666666666666
