Type:0.6133333333333333
Constant:0.38
Enumerate:0.35
CapacitiesAttribute:0.2866666666666667
Property:0.2866666666666667
Litteral:0.27
LookHandler:0.24666666666666667
Table:0.23333333333333334
LookHandlerCapacitiesTest:0.22333333333333333
LookCapacitiesWriter:0.19666666666666666
SpecialValue:0.19111111111111112
LookHandlerCheckTest:0.18333333333333332
LookDefinitionWriter:0.18
TableEntry:0.17333333333333334
AbstractLookWriter:0.15666666666666668
CheckLookCapacitiesAction:0.12333333333333334
CheckLookDefinitionAction:0.11
TypeDefinition:0.09333333333333334
LookHandlerCapacities2Test:0.08666666666666667
LookHandlerCapacities3Test:0.08666666666666667
LookHandlerDefinitionTest:0.043333333333333335
