DSL:0.8
DialectTest:0.23666666666666666
Limit:0.23
Databases:0.13666666666666666
ThirdParty:0.13666666666666666
