DuelFieldDataTests:0.5133333333333333
GeoPointFieldMapper:0.49666666666666665
GeoDistanceTests:0.41333333333333333
CustomGeoPointDocValuesField:0.29333333333333333
