TestConstants:0.45359523809523816
AbstractDatabaseTest:0.4166666666666667
RoutingServiceTest:0.36333333333333334
DbTriggerTest:0.30666666666666664
Constants:0.3028333333333333
