WorkflowProcessUtils:0.64
WorkflowState:0.47944444444444445
WorkflowUtils:0.32
WorkflowModuleImpl:0.30666666666666664
EnterExitEvent:0.29333333333333333
DefinitionModuleImpl:0.27666666666666667
TreeTag:0.21666666666666667
AbstractActionHandler:0.17666666666666667
TimerAction:0.09666666666666666
DecisionAction:0.09666666666666666
