CMSynergy:0.625
CMSynergyModification:0.4866666666666667
CMSynergyModificationTest:0.03666666666666667
