DBPort:0.6633333333333333
MongoCredential:0.4666666666666667
DBCollectionImpl:0.3466666666666667
DBApiLayer:0.19
