HtmlElement:0.6166666666666667
DomNode:0.5733333333333334
HtmlTextArea:0.41
MouseEventTest:0.17
HtmlElementTest:0.14333333333333334
HtmlTextAreaTest:0.08333333333333333
