WithinFunction:0.5866666666666667
WithinFunctionTest:0.5633333333333334
AbstractScalarFunctionsTest:0.34
