DbOomTest:0.37333333333333335
EntityCacheTest:0.3566666666666667
DbMiscTest:0.18416666666666667
DbOom2Test:0.17
DbHintTest:0.16666666666666666
DbTestQueryStatement:0.15333333333333332
