SuspendablesScanner:0.4633333333333333
AutoSuspendablesScanner:0.43
AutoSuspendablesScannerTest:0.30666666666666664
MethodEntry:0.2833333333333333
ClassDb:0.21
ClassEntry:0.18666666666666668
ClassLoaderUtil:0.12333333333333334
AntTask:0.06333333333333334
