FlowHandler:0.8233333333333334
FlowHandlerAdapter:0.3933333333333333
