LineSymbolizer:0.6766666666666666
Halo:0.6766666666666666
GraphicStyle:0.5816666666666667
PointSymbolizer:0.5816666666666667
Stroke:0.5816666666666667
LabelPlacement:0.5816666666666667
GraphicCurveSegment:0.5616666666666666
DisplayCapabilities:0.5616666666666666
GraphicLabel:0.5616666666666666
Editability:0.5616666666666666
GraphicScaledImage:0.5616666666666666
GraphicCompositeCurve:0.5616666666666666
Viewability:0.5616666666666666
TextSymbolizer:0.5616666666666666
PolygonSymbolizer:0.5533333333333333
Inheritance:0.5533333333333333
GraphicIcon:0.5533333333333333
Highlight:0.5533333333333333
GraphicSurfaceBoundary:0.5533333333333333
AggregateGraphic:0.5533333333333333
Fill:0.42916666666666664
Graphic:0.4091666666666667
MouseManagerSupport:0.32
KeyManagerSupport:0.26
SimpleEnumerationType:0.25333333333333335
EventManagerSupport:0.22166666666666668
CodeList:0.21333333333333335
GlobalPathType:0.1975
VectorPathType:0.1975
UnprojectedPathType:0.1975
NoSuchEnumerationException:0.16333333333333333
OrderedAggregateGraphic:0.16333333333333333
SurfaceBoundary:0.1624603174603175
SolidBoundary:0.1624603174603175
PathType:0.13916666666666666
FillPattern:0.12666666666666668
LinePattern:0.09
GraphicListenerSupport:0.09
LineStyle:0.09
ArrowStyle:0.09
FillStyle:0.06666666666666667
Mark:0.06666666666666667
YAnchor:0.06666666666666667
LineCap:0.06666666666666667
XAnchor:0.06666666666666667
LineJoin:0.06666666666666667
SurfaceInterpolation:0.03333333333333333
DerivedCRSType:0.03333333333333333
CurveInterpolation:0.03333333333333333
VerticalDatumType:0.03333333333333333
PixelinCell:0.03333333333333333
GeometryNotSupportedException:0.01
DashArray:0.01
GraphicRing:0.006666666666666667
