AggregationBuilders:0.5283333333333333
AggregationModule:0.36666666666666664
TransportAggregationModule:0.27
