ReportsPanel:0.42
MainFrame:0.33666666666666667
SimpleParameterGroup:0.29333333333333333
FactoryProvider:0.24
OperationParameters:0.23333333333333334
IdentifiedObjects:0.16333333333333333
Transverse:0.16111111111111112
ReportGenerator:0.13666666666666666
SwingPanelBuilder:0.11333333333333333
