Info:0.43666666666666665
StatusInfo:0.4166666666666667
InfoTest:0.3
StatusUpdater:0.18333333333333332
InfoUpdater:0.13
InstanceOperations:0.08666666666666667
