SymbolicInteger:0.6466666666666666
SymbolicReal:0.6466666666666666
INVOKESTATIC:0.20444444444444443
INVOKESPECIAL:0.20444444444444443
INVOKEVIRTUAL:0.20444444444444443
