Fragment:0.83
DeterministicGenerator:0.36833333333333335
DeterministcGeneratorTest:0.15333333333333332
