VARIANT:0.5655555555555555
VariantTest:0.41
BOOL:0.36133333333333334
DATE:0.17666666666666667
CHAR:0.14333333333333334
Convert:0.13
VARIANT_BOOL:0.07333333333333333
OaIdl:0.0
