OcspConfiguration:0.7
ProtocolOcspHttpTest:0.4066666666666667
OcspJunitHelper:0.38
OCSPServletBase:0.3566666666666667
