FindOperation:0.4166666666666667
QueryProtocol:0.35333333333333333
DBCursor:0.29333333333333333
MongoCollectionImpl:0.11666666666666667
UserExistsOperation:0.06833333333333333
BaseQueryMessage:0.056666666666666664
QueryMessage:0.03333333333333333
MongoQueryCursorExhaustTest:0.027777777777777773
