HTMLOptionElement2Test:0.7074444444444445
HTMLOptionElement:0.21266666666666667
