Extruder:0.54
GenericStepperMotor:0.37666666666666665
Preferences:0.3516666666666667
GenericExtruder:0.33
Reprap:0.32
Printer:0.29678571428571426
NullExtruder:0.29333333333333333
AxisMotor:0.2834523809523809
NullCartesianMachine:0.24
Panel3D:0.23666666666666666
StepperPanel:0.21
Debug:0.19666666666666666
NullStepperMotor:0.19
Main:0.18666666666666668
GCodeWriter:0.18
MaintenancePositionsFrame:0.10333333333333333
MachineFactory:0.1
WorkingVolumeFrame:0.09666666666666666
EstimationProducer:0.08333333333333333
AxisRepeatabilityTest:0.07
