ARCWriter:0.74
ARCRecordMetaData:0.5733333333333334
ARCWriterTest:0.22333333333333333
CompressedARCReader:0.12666666666666668
