ConvolutionalRBM:0.47
MatrixUtil:0.4666666666666667
FourDTensor:0.4166666666666667
FilterRenderer:0.31777777777777777
Builder:0.2966666666666667
ConvolutionalDBN:0.16666666666666666
MnistConvNet:0.13
ConvRBMTest:0.10666666666666667
DownSamplingLayer:0.08944444444444444
MnistExampleMultiThreaded:0.08
