Pbuffer:0.6666666666666666
PbufferTest:0.5533333333333333
