AlphaAction:0.6033333333333334
TomcatTestServer:0.4066666666666667
ResultsManagerTest:0.27666666666666667
AlphaTest:0.20333333333333334
