BoundedLocalCache:0.8033333333333333
NodeSelectorCode:0.2866666666666667
LocalCacheFactoryGenerator:0.28
AddMaximum:0.19333333333333333
