Domain:0.29
Operation:0.2733333333333333
Metadata:0.22
CapabilitiesBase:0.21666666666666667
RequestMethod:0.20666666666666667
OperationsMetadata:0.14
GetCapabilities:0.08
MimeType:0.07
DCP:0.07
Get:0.07
AcceptFormats:0.056666666666666664
HTTP:0.056666666666666664
Description:0.043333333333333335
Sections:0.043333333333333335
AcceptVersions:0.043333333333333335
ServiceProvider:0.043333333333333335
Post:0.0
