Branch:0.51
TreeLayout:0.47638888888888886
SwingTree:0.17216666666666666
