CloseFrameBuilder:0.5516666666666666
FramedataImpl1:0.5516666666666666
WebSocketImpl:0.4083333333333333
