Extruder:0.8066666666666666
CartesianGCode:0.36
GenericCartesianPrinter:0.25333333333333335
Printer:0.23333333333333334
LayerProducer:0.22333333333333333
CartesianSNAP:0.22
GCodeWriter:0.21
GenericExtruder:0.20666666666666667
GCodeExtruder:0.09666666666666666
CartesianPrinter:0.013333333333333334
