BulkShardProcessor:0.38333333333333336
BulkRetryCoordinatorPool:0.36666666666666664
TransportActionProvider:0.31333333333333335
SymbolBasedBulkShardProcessor:0.30666666666666664
ProjectionToProjectorVisitor:0.23666666666666666
NodeVisitor:0.23666666666666666
LocalDataCollectTest:0.22
TaskCollectingVisitor:0.22
AbstractIndexWriterProjector:0.21666666666666667
UpsertByIdTask:0.16666666666666666
SQLPlugin:0.16666666666666666
TransportExecutor:0.16
IndexWriterProjectorUnitTest:0.11666666666666667
BulkShardProcessorTest:0.11
SymbolBasedBulkShardProcessorTest:0.10666666666666667
PartitionedBulkInsertBenchmark:0.1
PendingRequest:0.0949193121693122
DistributingCollectTest:0.09
SymbolBasedUpsertByIdTask:0.08333333333333333
IndexWriterProjectorTest:0.07333333333333333
IndexWriterProjector:0.06666666666666667
UpdateProjector:0.05333333333333334
TestModule:0.03761904761904763
ColumnIndexWriterProjector:0.02
