RegionMaker:0.6033333333333334
ProcessTryCatchRegions:0.4766666666666667
RegionMakerVisitor:0.33666666666666667
CheckRegions:0.06666666666666667
