ClientProxy:0.45883333333333337
ClientMultiMapProxy:0.3466666666666667
ClientMultiMapEventHandler:0.30666666666666664
MultiMapTemplate:0.2833333333333333
