CAAdminSessionBean:0.44083333333333335
SoftCryptoToken:0.38
CAImportExportTest:0.3233333333333333
CryptoTokenTestUtils:0.19944444444444442
