Kernel32:0.8208333333333333
EnumResTypeProc:0.30333333333333334
EnumResNameProc:0.30333333333333334
Kernel32Test:0.2966666666666667
Kernel32Util:0.21666666666666667
SYSTEMTIME:0.21333333333333335
FE_EXPORT_FUNC:0.20623809523809525
FE_IMPORT_FUNC:0.20623809523809525
FILETIME:0.15333333333333332
Kernel32UtilTest:0.14666666666666667
WinBaseTest:0.09666666666666666
