XmlFlowBuilder:0.6444444444444444
ResourceHolder:0.4955555555555555
