QueryTest:0.7483333333333333
EvictionTest:0.42111111111111116
