DexProcessor:0.89
AndroidClassLoadingStrategy:0.26
AndroidClassLoadingStrategyTest:0.25333333333333335
StubbedClassLoaderDexCompilation:0.23333333333333334
StrategyCreator:0.15276190476190485
TestActivity:0.10777777777777776
TestRun:0.04666666666666667
Wrapping:0.03666666666666667
Injecting:0.03666666666666667
StubbedClassLoadingStrategy:0.03333333333333333
