zxJDBC:0.47
PyCursor:0.44
CursorFunc:0.2661111111111111
PyConnection:0.17
PyExtendedCursor:0.15333333333333332
ConnectionFunc:0.15
DynamicFetch:0.13
