ALC:0.45666666666666667
AL:0.3933333333333333
CoreAL:0.39
ALTest:0.38333333333333336
Game:0.2833333333333333
MouseCreationTest:0.2833333333333333
EAXListenerProperties:0.2813333333333334
FullScreenWindowedTest:0.27
PbufferTest:0.27
KeyboardTest:0.23333333333333334
MouseTest:0.23333333333333334
ControllerTest:0.23333333333333334
HWCursorTest:0.23
EAXBufferProperties:0.228
EAX:0.22
PlayTest:0.21622222222222226
Grass:0.2
OpenALCreationTest:0.19
EAXTest:0.176
SourceLimitTest:0.17333333333333334
BaseEAX:0.17
ControllerCreationTest:0.16666666666666666
MovingSoundTest:0.16
StressTest:0.15666666666666668
ALCcontext:0.14333333333333334
PlayTestMemory:0.13666666666666666
BasicTest:0.11
CoreEAX:0.08642857142857142
ALCTest:0.06333333333333334
BaseALConstants:0.0
BaseEAXConstants:0.0
