SequencerAgent:0.53
RecoveryState:0.49666666666666665
ClusteredServiceAgent:0.45666666666666667
