LinuxDisplay:0.6533333333333333
WindowsDisplay:0.5760000000000001
