OptionDefinition:0.6433333333333333
InstallOptions:0.43666666666666665
Installer:0.3566666666666667
