MoleculeFeaturesTool:0.7533333333333333
DataFeaturesTool:0.4766666666666667
