JPAOverridenAnnotationReader:0.8033333333333333
Ejb3XmlTest:0.37333333333333335
