Messages:0.6091666666666666
RubyCore:0.42083333333333334
CharOperation:0.3933333333333333
LoadpathEntry:0.36333333333333334
RubyProject:0.35333333333333333
Util:0.3333333333333333
RubyModelManager:0.3233333333333333
