DefaultFieldSet:0.8633333333333333
FieldSetTests:0.3333333333333333
BeanWrapperFieldSetMapperTests:0.31333333333333335
PrefixMatchingCompositeLineTokenizerTests:0.13333333333333333
AbstractLineTokenizer:0.12833333333333333
PrefixMatchingCompositeLineTokenizer:0.10666666666666667
