WebserviceBean:0.6666666666666666
ApplicationEntityManager:0.5141111111111112
ComponentRackView:0.41333333333333333
MaterialBean:0.31666666666666665
ApplicationEntityManagerImpl:0.27
Property:0.24333333333333335
ProcessInstanceView:0.23833333333333334
ElementMiniApplication:0.19
Util:0.18333333333333332
ElementTextField:0.17933333333333332
ComponentDevice:0.17666666666666667
WebserviceBeanImpl:0.17666666666666667
ComponentMiniApplication:0.16333333333333333
ComponentTextField:0.10333333333333333
AbstractComponentMiniApplication:0.09944444444444445
SceneExporter:0.08666666666666667
DeviceLayoutScene:0.08666666666666667
MiniAppInstallation:0.07027777777777777
ComponentRackSelector:0.056666666666666664
ComponentDeviceList:0.04638888888888889
ComponentConnectionCreator:0.04611111111111111
ComponentConnectionTarget:0.03
ComponentConnectionSource:0.020833333333333332
