GwtTeamingMessages:0.46
ClipboardDlg:0.36
GwtClientHelper:0.35
GwtServerHelper:0.33
FolderRowsRpcResponseData:0.31333333333333335
GwtRpcServiceImpl:0.18666666666666668
EventHelper:0.18666666666666668
DataTableFolderViewBase:0.17
FolderRowAsyncProvider:0.16
DoDelete:0.15666666666666668
ContentControl:0.14666666666666667
GwtViewHelper:0.14333333333333334
DoAddPeople:0.13416666666666666
ContributorIdsReplyEvent:0.043333333333333335
GetClipboardUsersFromListCmd:0.02
ContributorIdsRequestEvent:0.02
