IntTokenStream:0.3233333333333333
TestCommonTokenStream:0.29
UnbufferedCharStream:0.29
ANTLRInputStream:0.29
Utils:0.24666666666666667
