TemplateBuilder:0.4533333333333333
ThreadPool:0.31333333333333335
Builder:0.20333333333333334
Pool:0.16666666666666666
