Model:0.43666666666666665
Content:0.41333333333333333
MyNode:0.41333333333333333
Overview:0.27166666666666667
TreeView:0.26
ContentRenderer:0.23833333333333334
TreeViewFactory:0.13666666666666666
TreeViewSettings:0.09
Parser:0.07
ParserAwFS:0.06
ParserDwFS:0.06
