AnnotationBean:0.7833333333333333
AnnotationTable:0.43666666666666665
StorableAnnotationBeanImpl:0.38
AnnotationBeanImpl:0.26666666666666666
UpdateAnnotation:0.18
AnnotationBeanTest:0.08
