Mvcs:0.3933333333333333
Request:0.31666666666666665
Http:0.2866666666666667
AbstractJdbcExpert:0.2833333333333333
PropertiesProxy:0.25333333333333335
EntityOperator:0.25333333333333335
JdbcExpert:0.24666666666666667
AnnotationEntityMaker:0.22333333333333333
Sqlserver2005JdbcExpert:0.22
NutIoc:0.21666666666666667
NutPojoMaker:0.17
EntityHolder:0.17
ViewModel:0.0033333333333333335
