Jedis:0.33
BinaryJedis:0.29
PipelineBlock:0.2733333333333333
Commands:0.2275
Pipeline:0.18333333333333332
