ArticleMgmtService:0.41555555555555557
Tag:0.33644444444444443
InitProcessor:0.21
TagQueryService:0.15
TagProcessor:0.12333333333333334
