Parameter:0.9366666666666666
Concatenate:0.23333333333333334
AbstractAggregation:0.22666666666666666
