MapService:0.5633333333333334
MapStoreTest:0.3566666666666667
TestMapStore:0.1811111111111111
Merger:0.14777777777777776
NoDuplicateMapStore:0.14777777777777776
ProcessingStore:0.13143783068783071
GroupProperties:0.11777777777777779
WaitingOnFirstTestMapStore:0.06333333333333334
MapStoreWithStoreCount:0.03
BasicMapStoreFactory:0.0
