Generator:0.6766666666666666
Generate:0.64
JavaGenerator:0.44666666666666666
GenerationTool:0.19444444444444445
AbstractGenerator:0.19333333333333333
