LookModelUtilitiesTest:0.44666666666666666
LookModelUtilities2Test:0.44666666666666666
GenerateDF4Widgets:0.4166666666666667
JFXFocusLinkTest:0.3433333333333333
