MapBlock:0.7166666666666667
MapBlockBuilder:0.27666666666666667
AbstractMapBlock:0.2633333333333333
MapBlockEncoding:0.17111111111111113
