Parser:0.835
ParserRuleContext:0.5216666666666666
ParserInterpreter:0.25066666666666665
