SetBackupOperation:0.36333333333333334
ApplyOperation:0.23666666666666666
ContainsOperation:0.23666666666666666
IsNullOperation:0.23666666666666666
AlterOperation:0.20666666666666667
AlterAndGetOperation:0.20666666666666667
GetAndAlterOperation:0.19
CompareAndSetOperation:0.18666666666666668
AtomicReferenceReplicationOperation:0.17666666666666667
GetOperation:0.16333333333333333
SetOperation:0.12666666666666668
SetAndGetOperation:0.12666666666666668
GetAndSetOperation:0.12666666666666668
