AbstractTransportTest:0.32666666666666666
OkHttpClientTransport:0.31166666666666665
ForwardingConnectionClientTransport:0.21666666666666667
NettyClientTransport:0.21438888888888888
InProcessTransport:0.20277777777777778
DelayedClientTransport:0.18666666666666668
TransportSet:0.17666666666666667
TransportListener:0.16466666666666666
