InsnGen:0.46
ClassGen:0.42
TypeGen:0.35333333333333333
RegionGen:0.3233333333333333
JClass:0.28
CodeLinkGenerator:0.25333333333333335
LocalVar:0.24666666666666667
MethodGen:0.22666666666666666
AnnotationGen:0.21833333333333332
CodeArea:0.18
CodePanel:0.17
TabbedPane:0.16
MainWindow:0.13
CodePosition:0.10333333333333333
