ISharedProject:0.6691666666666667
User:0.42333333333333334
SharedProject:0.4166666666666667
PacketExtensions:0.35
XMPPChatTransmitter:0.34
ITransmitter:0.2732777777777778
OutgoingInvitationProcess:0.22666666666666666
RoleManager:0.18333333333333332
SessionLabelProvider:0.14333333333333334
GiveDriverRoleAction:0.12333333333333334
