InvoiceDetail:0.7833333333333333
UnitPriceCalculator:0.16666666666666666
