FileVFS:0.44
SearchDialog:0.39
FileRootsVFS:0.29333333333333333
FavoritesVFS:0.24666666666666667
UrlVFS:0.24444444444444446
