TypeUtils:0.2783333333333333
ArrayJoin:0.2633333333333333
UnknownType:0.24333333333333335
JsonType:0.18
FunctionType:0.18
JsonPathType:0.16333333333333333
LikePatternType:0.16333333333333333
Re2JRegexpType:0.16333333333333333
ColorType:0.16333333333333333
JoniRegexpType:0.16333333333333333
ModelType:0.16333333333333333
CodePointsType:0.16333333333333333
MapType:0.16
ArrayType:0.16
ClassifierType:0.11
ArrayJoinWithNullReplacement:0.09666666666666666
RegressorType:0.09
