DailyBook:0.6333333333333333
GreaterBook:0.4066666666666667
