P11Slot:0.4166666666666667
OcspConfiguration:0.41277777777777774
KeyTools:0.3
OCSPServletStandAloneSession:0.25
