InjectorImpl:0.6055555555555556
InjectorBuilder:0.30666666666666664
BindingTest:0.19
BindingAnnotationTest:0.18
ErrorMessagesTest:0.14
BindingOrderTest:0.14
ErrorHandlers:0.0
