BatchPresentationHibernateCompiler:0.54
ExecutorDAOHibernateImpl:0.37333333333333335
SecuredObjectDAOHibernateImpl:0.28
SetSortingActionTest:0.24333333333333335
JbpmCommonLogic:0.23666666666666666
SQLCommons:0.15666666666666668
ProcessDefinitionClassPresentation:0.13666666666666666
