TestTools:0.67
TestPublisher:0.33666666666666667
TestPublisherQueue:0.3
DummyCustomPublisher:0.27666666666666667
PublishQueueProcessWorker:0.27
TestPublisherQueueProcess:0.02666666666666667
