XMPPChatTransmitter:0.5766666666666667
OutgoingInvitationProcess:0.4633333333333333
IncomingInvitationProcess:0.4633333333333333
