RuntimeStatistics:0.4
LuceneProviderManager:0.39666666666666667
TextConverterManagerImplMBean:0.27051984126984113
HtmlConverterManagerImplMBean:0.27051984126984113
ImageConverterManagerImplMBean:0.27051984126984113
HtmlConverterManagerImpl:0.16666666666666666
ImageConverterManagerImpl:0.16666666666666666
TextConverterManagerImpl:0.16666666666666666
SMTPManagerImplMBean:0.16166666666666665
LuceneProviderManagerMBean:0.12916666666666668
TextOpenOfficeConverterMBean:0.11
ConferencingModuleImplMBean:0.0
