Keys:0.5666666666666667
ObjectGraph:0.38
InjectionTest:0.3566666666666667
Modules:0.28
Linker:0.24
MembersInjectorTest:0.20333333333333334
ProvidesProcessor:0.12
InjectStaticsTest:0.11666666666666667
GuiceSupportTest:0.06666666666666667
ProviderMethodBinding:0.06666666666666667
