NBNode:0.46
NyuWormRnai:0.37666666666666665
GraphData:0.35
RamAdapter:0.28
DataLoader:0.23666666666666666
NBEdge:0.23333333333333334
EdgeView:0.22666666666666666
NBrowseApplet:0.20416666666666666
DatabaseWriteXML:0.19031746031746033
DataAdapterManager:0.17333333333333334
TabFileAdapter:0.15333333333333332
LineParser:0.1211111111111111
NoNodeView:0.017388888888888888
