UIBean:0.57
AbstractDoubleListTag:0.35
DoubleListUIBean:0.30333333333333334
AbstractUITag:0.25666666666666665
