ParsedReaderResult:0.52
ParsedReaderResultType:0.37333333333333335
ZXingMIDlet:0.26666666666666666
AbstractDoCoMoParsedResult:0.24333333333333335
GeoParsedResult:0.24333333333333335
ResultHandler:0.17
