TestWrite:0.5266666666666666
TestRead:0.2733333333333333
TestQsarBuilder:0.14347222222222225
