JChemPaintWidget:0.5966666666666667
JChemPaintEditorWidget:0.48333333333333334
