AWTUtil:0.5583333333333333
MacOSXDisplay:0.4583333333333333
LinuxAWTInput:0.43
