RedissonSemaphore:0.5155555555555555
RSemaphore:0.37666666666666665
RSemaphoreAsync:0.34172222222222215
