ShopItem:0.5877777777777778
Price:0.5566666666666666
ShopContent:0.42333333333333334
ShopVariant:0.41
