Members:0.7266666666666667
Compiler:0.47
Resolver:0.3333333333333333
CompilationUnit:0.20777777777777778
