JobDataPanel:0.39666666666666667
JobNotification:0.3233333333333333
JobDataPanelManager:0.2733333333333333
RefreshTask:0.2633333333333333
JobNotificationListener:0.21333333333333335
JobInformation:0.21
ReflectionUtils:0.20666666666666667
AccumulatorHelper:0.18
JPPFPriorityQueue:0.17666666666666667
JobNotificationTask:0.06333333333333334
MyTimerTask:0.017388888888888888
