Activator:0.5733333333333334
RDFManagerFactory:0.2733333333333333
IJavaRDFManager:0.08333333333333333
IJavaScriptRDFManager:0.08333333333333333
