TypedProperties:0.61
StringUtils:0.30333333333333334
ReflectionUtils:0.3
JPPFConfiguration:0.26777777777777784
ConfigurationHelper:0.19
