IFileVariable:0.5233333333333333
FileVariable:0.44
TypeConversionUtil:0.44
ExecutionContext:0.325
ViewUtil:0.2866666666666667
ExecutionServiceBean:0.26
ListFormat:0.25666666666666665
MapFormat:0.24666666666666667
FormSubmissionUtils:0.2
FileVariableProxy:0.18666666666666668
TextFormat:0.16333333333333333
VariableLog:0.14666666666666667
FileVariableToByteArrayConverter:0.13666666666666666
StringFormat:0.13333333333333333
VariableUpdateLog:0.12666666666666668
TaskLogic:0.12
ContainerElementsRequiredValidator:0.11333333333333333
VariableLogic:0.11
LocalFileSystemVariable:0.09166666666666666
VariableDownloaderAction:0.09
FileVariableMatcher:0.05333333333333334
