FakeContextWrapper:0.7116666666666667
FakeActivity:0.48333333333333334
FakeApplication:0.37666666666666665
