Instance:0.5233333333333333
Series:0.3933333333333333
Patient:0.27666666666666667
Study:0.23
