TupleImpl:0.6733333333333333
CombinedCondition:0.36333333333333334
Compare:0.32666666666666666
TupleTests:0.16666666666666666
InTuples:0.06666666666666667
InSubquery:0.04
