TextureData:0.6966666666666667
Texture:0.6233333333333333
ETC1TextureData:0.30666666666666664
TextureParameter:0.24666666666666667
PixmapTextureData:0.22
FileTextureData:0.20666666666666667
Hiero4:0.17666666666666667
TextureLoader:0.15
AssetManagerTest:0.12666666666666668
