RedissonNode:0.4033333333333333
RedissonSemaphore:0.31333333333333335
RedissonLocalCachedMap:0.27
RedissonSemaphoreTest:0.2633333333333333
RedissonNodeInitializer:0.12320634920634921
