Model:0.38
TextureAttribute:0.3794444444444445
G3dbModelLoader:0.30666666666666664
BaseShader:0.24666666666666667
DefaultShader:0.23333333333333334
DefaultTextureBinder:0.21916666666666668
ModelBatch:0.20666666666666667
TextureLoaderInfo:0.2063968253968254
TextureLoader:0.17
G3djModelLoader:0.13666666666666666
NewModelTest:0.12333333333333334
ModelNodePart:0.12
BaseG3dTest:0.11666666666666667
ModelLoader:0.11
MtlLoader:0.08333333333333333
ModelTexture:0.023333333333333334
ModelMaterial:0.023333333333333334
