Entity:0.5066666666666667
Entry:0.43666666666666665
List:0.3566666666666667
