Email:0.7466666666666667
Order:0.45666666666666667
ShopOrderViewer:0.33
