ComplexOps:0.6966666666666667
KeyFactory:0.31666666666666665
Generator:0.27
ArrayDelimiters:0.25333333333333335
BeanMapEmitter:0.22333333333333333
