List:0.39666666666666667
Seq:0.37123412698412694
Nil:0.3466666666666667
Stack:0.3330396825396825
Cons:0.3233333333333333
Stream:0.31333333333333335
Queue:0.23637301587301587
AbstractSeqTest:0.175
