GroupAnalysisViewController:0.45666666666666667
ResultError:0.31916666666666665
GroupAnalysisViewControllerResultData:0.25
GroupAnalysisViewControllerResult:0.22666666666666666
GroupAnalysisViewControllerConfiguration:0.06333333333333334
