Preferences:0.5033333333333333
ISphereSpooledFiles:0.345
SpooledFileFilter:0.29333333333333333
WidgetFactory:0.26
SpooledFileBaseFilterStringEditPane:0.20666666666666667
Messages:0.17333333333333334
DoNotAskMeAgainDialog:0.13666666666666666
SpooledFileFactory:0.08
ISpooledFileFilter:0.06
SPLF_setMaxNumSplF:0.05888888888888888
DoNotAskMeAgain:0.03
