ModuleTestBase:0.5566666666666666
View:0.5566666666666666
ReallocationTest:0.14
ReallocationDetailsReadOnlyTest:0.12666666666666668
ReallocationDetailsEditOnlyTest:0.12666666666666668
