IUploadListener:0.39666666666666667
UListener:0.39
DListener:0.31
SubStateLinearLayout:0.3
AbsEntity:0.29
DownloadGroupActivity:0.27666666666666667
Downloader:0.27666666666666667
BaseConfig:0.27666666666666667
UploadUtil:0.26666666666666666
UploadTask:0.25333333333333335
UploadActivity:0.24666666666666667
UploadListener:0.215
SimpleHolder:0.200712962962963
GroupHolder:0.200712962962963
UploadTarget:0.2
BtClickListener:0.2
DownloadAdapter:0.18333333333333332
IDownloadListener:0.16333333333333333
DownloadGroupUtil:0.14666666666666667
