DisplayMode:0.43333333333333335
MatrixOpSubtract:0.3933333333333333
MatrixOpAdd:0.24666666666666667
MatrixOpMultiply:0.17333333333333334
