ClusterManager:0.5066666666666667
Node:0.4117222222222223
BaseVariables:0.31666666666666665
DynamicClusterTest:0.3
MulticastService:0.1927777777777778
Connector:0.14444444444444446
ClusterTest:0.09333333333333334
