Replica:0.68
ModificationIterator:0.39666666666666667
TcpReplicator:0.3
ReplicatedChronicleMap:0.29333333333333333
ChannelProvider:0.21916666666666668
TestReplication:0.15920634920634918
UdpReplicator:0.1311111111111111
