MatrixUtil:0.5533333333333333
Convolution:0.4
ConvolutionTest:0.1488888888888889
