Solution:0.6333333333333333
Equation:0.4866666666666667
ValueIterator:0.38666666666666666
Var:0.26
Value:0.25
EquationSystem:0.23333333333333334
Materialiser:0.22
ZeroOneBranchList:0.059166666666666666
GenericBranchList:0.0033333333333333335
EquationBranchList:0.0011111111111111111
