LWJGLUtil:0.5466666666666666
MacOSXDisplay:0.5
SysImplementation:0.2678730158730158
DefaultSysImplementation:0.21
Sys:0.15333333333333332
MacOSXSysImplementation:0.05111111111111111
