FeatureView:0.54
ApolloPanel:0.45666666666666667
StrandedZoomableApolloPanel:0.3466666666666667
PropertyPanel:0.22166666666666668
HelpMenu:0.14
ApolloFrame:0.14
