Headers:0.6983333333333334
AssertingActionListener:0.35333333333333333
AbstractClientHeadersTests:0.23333333333333334
