Person:0.5833333333333334
PhysicalCondition:0.4266666666666667
MedicalManager:0.3466666666666667
