GUIClientEngine:0.8755555555555554
GUIClientEngineTest:0.04666666666666667
