SpectrumChartFactory:0.5066666666666667
ContinuousSpectrumView:0.37666666666666665
PeakSpectrumView:0.37666666666666665
SpokChartPanel:0.37
SpectrumAxisListener:0.18333333333333332
