Messages:0.7783333333333333
MonitoringAttributes:0.6122222222222222
MessageQueueMailMessenger:0.44666666666666666
MessageMonitorThread:0.19666666666666666
AbstractMonitoringPropertiesPage:0.19333333333333333
MessageHandler:0.16
