StatementClient:0.6766666666666666
AbstractTestingPrestoClient:0.2633333333333333
BenchmarkQueryRunner:0.25666666666666665
QueryRunner:0.24666666666666667
QueryExecutor:0.15333333333333332
