NodeSchedulerConfig:0.38333333333333336
NodeScheduler:0.37666666666666665
NodeAssignmentStats:0.3
SimpleNodeSelector:0.3
TopologyAwareNodeSelector:0.21333333333333335
TestNodeScheduler:0.2
TestNodeSchedulerConfig:0.19
