HashAggregationOperator:0.4666666666666667
AbstractTestQueries:0.39666666666666667
HashAggregationOperatorFactory:0.38
Rewriter:0.31
TestHashAggregationOperator:0.15833333333333333
