TransactionLog:0.7533333333333333
MapTransactionLog:0.37
SleepyTransactionLog:0.21692857142857142
CollectionTransactionLog:0.2
MultiMapTransactionLog:0.16333333333333333
FailingTransactionLog:0.09916666666666667
QueueTransactionLog:0.043333333333333335
