HazelcastTestSupport:0.43333333333333335
TestHazelcastInstanceFactory:0.41
BackupTest:0.33
TestNodeRegistry:0.24666666666666667
