AbstractProcessingFilterTests:0.54
MockAbstractProcessingFilter:0.44666666666666666
MockFilterChain:0.32111111111111107
