HashJoinOperator:0.3933333333333333
SqlTaskExecution:0.2733333333333333
TestHashJoinOperator:0.25
SplitWorker:0.23
Visitor:0.22333333333333333
LocalQueryRunner:0.21188888888888888
HashJoinIterator:0.17666666666666667
LocalExecutionPlanner:0.14
LocalExecutionPlanContext:0.12
HashJoinBenchmark:0.10844444444444444
