ComparisonExpression:0.35333333333333333
ExpressionUtils:0.33
RelationPlanner:0.285
Rewriter:0.2594444444444444
LogicalBinaryExpression:0.22
DomainTranslator:0.14666666666666667
SimplifyExpressions:0.09333333333333334
