ScopingTest:0.38666666666666666
AbstractDependencyManagerTests:0.29
ServiceCollectionTest:0.2
ServiceBaseTest:0.2
BaseWebIntegrationTest:0.1741111111111111
ServiceProxyTst:0.15333333333333332
ProxyCreatorTest:0.14
CollectionImporterTest:0.07666666666666666
