AbstractMethodDescriptionTest:0.5283333333333333
AbstractFieldDescriptionTest:0.30666666666666664
AbstractBase:0.22
