BoundedLocalCache:0.6266666666666667
AsMapView:0.27666666666666667
ExpirationTest:0.235
ExpireAfterVarTest:0.2275
AddTask:0.13666666666666666
