LoaderUtilities:0.56
DummyGraphics:0.53
DummyProtocol:0.49333333333333335
CockpitConfigurationHandlerTest:0.22
BasicServerEngine_2Test:0.17
ClientMapItemsUtilities:0.13
ApplyScriptActionTest:0.13
ExtensionTest:0.11333333333333333
AttributedStringDrawing:0.08
MapsPanelTest:0.05333333333333334
MapsPanelTest2:0.03666666666666667
Drawing:0.03333333333333333
ServerMapItemsUtilities:0.03
Translation:0.023333333333333334
MapItemRendererTest:0.013333333333333334
