OAuth2LoginAuthenticationFilter:0.39666666666666667
OAuth2LoginConfigurer:0.31666666666666665
NimbusAuthorizationCodeTokenExchanger:0.28
OidcAuthorizationCodeAuthenticationProvider:0.25333333333333335
ImplicitGrantConfigurer:0.17333333333333334
OAuth2LoginAuthenticationProvider:0.17333333333333334
FilterComparator:0.14
TokenEndpointConfig:0.07333333333333333
