CVCCAInfo:0.43
CAInterfaceBean:0.37
CvcCA:0.35333333333333333
EndEntityManagementSessionBean:0.31333333333333335
