SecConst:0.5472222222222222
RevocationApprovalRequest:0.36
RevokedInfoView:0.27666666666666667
CAInfoView:0.27666666666666667
