CheckboxNodeHandler:0.32666666666666666
RadiobuttonNodeHandler:0.32666666666666666
ButtonNodeHandler:0.19333333333333333
