JbpmDefinitionLogic:0.4866666666666667
cacheController:0.45666666666666667
JbpmCommonLogic:0.41
JbpmExecutionLogic:0.2733333333333333
