Transport:0.7233333333333334
TcpTransport:0.4533333333333333
Connection:0.43666666666666665
ConnectionProfile:0.2733333333333333
MockTcpTransport:0.23333333333333334
MockTransport:0.20666666666666667
DelegateTransport:0.20333333333333334
AbstractSimpleTransportTestCase:0.19666666666666666
TransportService:0.19333333333333333
CapturingTransport:0.18666666666666668
FailAndRetryMockTransport:0.18666666666666668
TCPTransportTests:0.18666666666666668
MockTransportService:0.18
Netty4MessageChannelHandler:0.11666666666666667
TransportStatus:0.075
NodeChannels:0.07333333333333333
Builder:0.07
ExceptionThrowingNetty4Transport:0.07
VersionHandshakeResponse:0.006666666666666667
