Py:0.6466666666666666
PySequenceList:0.42833333333333334
PyTuple:0.36
PyList:0.3466666666666667
PackageManager:0.19666666666666666
PyComparator:0.15366666666666667
JavaImportHelper:0.12333333333333334
