GAMEAdapter:0.6066666666666667
SerialDiskAdapter:0.37333333333333335
SimpleDASAdapter:0.29
EnsJAdapter:0.23666666666666666
GFFAdapter:0.22
EnsCGIAdapter:0.20666666666666667
AbstractApolloAdapter:0.16666666666666666
