QueryTest:0.32
PartitionServiceImpl:0.30333333333333334
MigrationThread:0.22
Migrator:0.20666666666666667
SendClusterStateTask:0.18083333333333335
MigrationRequestOperation:0.14
RepartitioningTask:0.13444444444444442
TargetNotMemberException:0.08333333333333333
