EJB3Delegate:0.38
ApiProperties:0.27
EjbProperties:0.20666666666666667
EjbTransactionSupport:0.19
EjbExceptionSupport:0.16
LoginModuleBase:0.14666666666666667
EmailTaskNotifier:0.11333333333333333
