Actor:0.4633333333333333
Mailbox:0.4066666666666667
JMXActorMonitor:0.36333333333333334
LocalActorUtil:0.3433333333333333
ActorMonitor:0.27059523809523806
ActorMXBean:0.2678730158730158
