HiveSplitSource:0.5466666666666666
TestHiveSplitSource:0.25
FixedSplitSource:0.21333333333333335
QueuedSplitSource:0.18333333333333332
RaptorSplitSource:0.18333333333333332
ConnectorAwareSplitSource:0.14666666666666667
ConnectorSplitSource:0.052388888888888895
