Report:0.46
IndexedSeries:0.43666666666666665
Chart:0.38
ReportNameHistory:0.22666666666666666
ReportDemography:0.16
XYSeries:0.058333333333333334
