WriteConcern:0.5566666666666666
Mongo:0.49333333333333335
MongoClientURI:0.36666666666666664
MongoURI:0.2633333333333333
