IQsarManager:0.57
IDescriptorCalculator:0.3566666666666667
QsarManager:0.35333333333333333
DescriptorInstancePropertySource:0.09666666666666666
