PromoteLiteMemberTest:0.44666666666666666
RepartitioningTask:0.4
PartitionStateGeneratorImpl:0.3566666666666667
PartitionStateGenerator:0.3487380952380953
PartitionStateManager:0.28
MigrationManager:0.25333333333333335
ClusterStateManager:0.22
PartitionStateGeneratorTest:0.09
NoMigrationClusterStateTest:0.05333333333333334
