TestParserErrors:0.5066666666666667
TestCompositeParsers:0.44333333333333336
TestCompositeLexers:0.24333333333333335
