Host:0.6866666666666666
IHostChanged:0.3869761904761903
MsgManager:0.3466666666666667
NetworkManager:0.3
JobsRunner:0.21666666666666667
