TaskStub:0.9433333333333334
ListTasksFormTag:0.27666666666666667
TaskProcessInstanceIdTDBuilder:0.2644444444444444
TaskRoleTDBuilder:0.15666666666666668
TaskClassPresentation:0.01
