TpchColumnHandle:0.7633333333333333
TpchTableHandle:0.6933333333333334
