EnsJAdapterGUI:0.5333333333333333
EnsJAdapter:0.5033333333333333
AnnotationEnsJAdapter:0.44
AnnotationEnsJAdapterGUI:0.21666666666666667
