FakeView:0.5
FakeResources:0.3333333333333333
FakeHelper:0.2853333333333333
FakeIntent:0.2833333333333333
ViewTest:0.08333333333333333
FakeItemizedOverlay:0.07666666666666666
