CountRequest:0.4266666666666667
RestActions:0.37
GetWarmersResponse:0.24666666666666667
RestSearchAction:0.22333333333333333
CountRequestBuilder:0.17666666666666667
DfsOnlyRequest:0.16333333333333333
CountRequestBuilderTests:0.14333333333333334
RestPutWarmerAction:0.056666666666666664
RestCountAction:0.04277777777777778
