PersistentTasksClusterServiceTests:0.52
PersistentTasksCustomMetaDataTests:0.37666666666666665
StartPersistentActionRequestTests:0.20333333333333334
UpdatePersistentTaskRequestTests:0.16333333333333333
