BaseProcessFormAction:0.6508333333333334
StartProcessInstanceAction:0.20944444444444446
SubmitTaskDispatcherAction:0.19333333333333333
