AndroidGraphicsDaydream:0.6493333333333333
AndroidGraphicsLiveWallpaper:0.5193333333333334
