JsonValue:0.71
GestureDetector:0.2916666666666667
JsonReader:0.25333333333333335
