StaxEventItemWriter:0.6533333333333333
FileUtils:0.30666666666666664
StaxEventItemWriterTests:0.2733333333333333
FileUtilsTests:0.23666666666666666
