SessionFixationProtectionStrategy:0.76
ConcurrentSessionControlStrategyTests:0.24666666666666667
NullEventPublisher:0.15694444444444444
DefaultSessionAuthenticationStrategyTests:0.11666666666666667
