ExecutionSubContext:0.61
JobExecutionContext:0.49333333333333335
UpsertByIdContextTest:0.24333333333333335
SubExecutionContextFuture:0.2
JobContextListener:0.17
JobContextService:0.16666666666666666
RemoveSubContextListener:0.15666666666666668
JobExecutionContextTest:0.13666666666666666
CountContextTest:0.13
AbstractExecutionSubContext:0.13
PageDownstreamContextTest:0.11333333333333333
SubExecutionContextFutureTest:0.07666666666666666
