PeerAddress:0.5933333333333334
PeerGroup:0.44166666666666665
PeerGroupTest:0.31666666666666665
