DB:0.89
ProfileID:0.33
PublisherSessionBean:0.26
ServiceSessionBean:0.26
HardTokenSessionBean:0.23333333333333334
ApprovalSessionBean:0.23
CertificateProfileSessionBean:0.22
AdminGroupSessionBean:0.21333333333333335
EndEntityProfileSessionBean:0.21333333333333335
UserDataSourceSessionBean:0.21
DBTestSometimesFree:0.09333333333333334
DBTestReal:0.023333333333333334
DBTestNeverFree:0.023333333333333334
