XMLDFExporter:0.3572222222222222
ScriptHelper:0.32666666666666666
DefaultXMLExporter:0.31
PopUpMenuButtonRenderer:0.29333333333333333
MenuBarRenderer:0.2833333333333333
WidgetDefaultsFactory:0.28
EditorApplications:0.27666666666666667
WidgetDefaultsHandler:0.266
PPTGraphics2D:0.265
JFXRendererBridge:0.25633333333333336
JFXZoomManager:0.25633333333333336
JFXGeomUtils:0.25
PopUpMenuRenderer:0.24333333333333335
Selector:0.235
AbstractEditorGrid:0.22166666666666668
JFXStylesEngine:0.2088888888888889
WidgetListChooser:0.20666666666666667
PopUpPanelButtonRenderer:0.18666666666666668
JFXServerWindow:0.17
JFXLayerEventHandler:0.14333333333333334
WidgetDefaultsParser:0.1
