Transition:0.84
DefaultTargetStateResolver:0.31666666666666665
TransitionTests:0.12333333333333334
