BusinessEntityManager:0.5666666666666667
WebserviceBean:0.48
WebserviceBeanRemote:0.38
Util:0.25
BusinessEntityManagerImpl:0.20333333333333334
SnmpSyncProvider:0.19777777777777777
MapFromSNMP:0.19
SynchronizationGroup:0.19
Constants:0.09666666666666666
SyncAction:0.043333333333333335
