XMLConfigBuilderTest:0.44333333333333336
XmlClientConfigImportVariableReplacementTest:0.31
XmlConfigImportVariableReplacementTest:0.27666666666666667
InvalidConfigurationTest:0.2733333333333333
InvalidConfigurationClientTest:0.25333333333333335
AbstractConfigBuilder:0.21666666666666667
XmlClientConfigBuilderTest:0.17333333333333334
