WorkerActor:0.4766666666666667
HazelCastStateTracker:0.41
StateTracker:0.25666666666666665
BatchActor:0.19666666666666666
