GenericMapping:0.42
LongType:0.41333333333333333
BigIntType:0.2966666666666667
SQLite:0.22666666666666666
