SequencerAgent:0.6166666666666667
ConsensusModuleSnapshotTaker:0.33
SnapshotLoader:0.2753333333333333
