Binder:0.7066666666666667
Workspace:0.41333333333333333
AbstractBinderProcessor:0.36111111111111116
