JChemPaintPanel:0.3233333333333333
PeriodicTableDialog:0.31333333333333335
JCPEditorAppletTest:0.28
PeriodicTablePanel:0.25666666666666665
JCPMenuTextMaker:0.23166666666666666
PTDialogChangeListener:0.19783333333333333
ChangeAtomSymbolAction:0.14333333333333334
ChangeModeAction:0.12333333333333334
JChemPaintMenuHelper:0.10666666666666667
