Group:0.49666666666666665
Actor:0.47
Button:0.2833333333333333
Image:0.2833333333333333
Label:0.19666666666666666
