NodeInfo:0.49333333333333335
NodesInfoRequest:0.47
NodesInfoResponse:0.2277777777777778
NodesInfoRequestBuilder:0.22
NodeService:0.20666666666666667
TransportNodesInfoAction:0.18333333333333332
TransportClusterStatsAction:0.15666666666666668
RestNodesInfoAction:0.11333333333333333
SimpleNodesInfoIT:0.02666666666666667
