CompilerTestSuite:0.4
DateTimeTester:0.31666666666666665
AbstractVirtualMachine:0.29527777777777775
StackTester:0.26666666666666666
ArraysTester:0.23
ExceptionsTester:0.18333333333333332
ListTester:0.17
ErrorPlugin:0.16333333333333333
ExceptionManager:0.14333333333333334
VirtualMachineErrorAction:0.14333333333333334
TableTester:0.12
