Configuration:0.6166666666666667
Starter:0.4116666666666667
DescriptionInputComboBox:0.23333333333333334
ShowHideAction:0.2
TrayIconConfigTab:0.18333333333333332
TimeSlotDescriptionInputDialog:0.16333333333333333
