Parser:0.5433333333333333
LexerATNSimulator:0.4666666666666667
ParserATNSimulator:0.36333333333333334
BaseTest:0.29
TestATNParserPrediction:0.21
TestATNInterpreter:0.17666666666666667
ParserInterpreter:0.17333333333333334
LexerInterpreter:0.14333333333333334
DummyParser:0.11166666666666666
TestT:0.03333333333333333
ParserATNPathFinder:0.02666666666666667
