HeapAllocator:0.5766666666666667
jq_Thread:0.4266666666666667
jq_NativeThread:0.34
SimpleAllocator:0.30666666666666664
DefaultHeapAllocator:0.25666666666666665
ScanObject:0.18444444444444444
jq_ThreadQueue:0.15166666666666667
ScanStack:0.14666666666666667
SimpleGCWorkQueue:0.14666666666666667
jq_InterrupterThread:0.13666666666666666
ScanStatics:0.13333333333333333
SemiConservative:0.051666666666666666
