SharedResourcesManager:0.8366666666666667
ProjectDeltaVisitor:0.5866666666666667
