SpdyConnection:0.72
Spdy3ConnectionTest:0.4666666666666667
Http2ConnectionTest:0.30333333333333334
SpdyDataSource:0.20666666666666667
