MethodSelector:0.46
DiscoverySelectorsTests:0.4533333333333333
DiscoverySelectors:0.29777777777777775
DiscoveryRequestCreatorTests:0.21333333333333335
