TypeGraph:0.6533333333333333
NodeTypeSearchItem:0.4533333333333333
