FullPrunedBlockStore:0.5830555555555557
BlockChain:0.3333333333333333
MemoryFullPrunedBlockStore:0.3
AbstractBlockChain:0.27666666666666667
H2FullPrunedBlockStore:0.25666666666666665
FullPrunedBlockChain:0.18
StoredBlockAndWasUndoableFlag:0.1425
