Vector:0.5066666666666667
AbstractSeqTest:0.39666666666666667
BitMappedTrie:0.31666666666666665
ArrayType:0.30666666666666664
VectorPropertyTest:0.24666666666666667
VectorTest:0.21666666666666667
Collections:0.15
CharArrayType:0.09111111111111111
DoubleArrayType:0.09111111111111111
FloatArrayType:0.09111111111111111
IntArrayType:0.09111111111111111
BooleanArrayType:0.09111111111111111
ByteArrayType:0.09111111111111111
LongArrayType:0.09111111111111111
ShortArrayType:0.09111111111111111
MutableInt:0.017388888888888888
NodeModifier:0.0
