Routing:0.6366666666666667
CollectPhase:0.3777777777777778
DocTableInfo:0.29333333333333333
CountPhase:0.21
ShardCollectSource:0.19
InnerPreparer:0.17333333333333334
RoutingTest:0.11666666666666667
TestModule:0.11333333333333333
CollectNodeTest:0.09
SystemCollectSourceTest:0.09
PartitionPropertiesAnalyzerTest:0.09
