HeaderExchangeHandler:0.37333333333333335
WrappedChannelHandler:0.25
MessageOnlyChannelHandler:0.16666666666666666
AllChannelHandler:0.13666666666666666
ConnectionOrderedChannelHandler:0.13666666666666666
ExecutionChannelHandler:0.13333333333333333
