Tab:0.6566666666666666
ModuleTestBase:0.35333333333333333
MyReportColumn:0.3333333333333333
DeliveryTest:0.27666666666666667
InvoiceTest:0.27
CarrierWithSectionsTest:0.24666666666666667
CustomerWithSectionTest:0.22
OnChangeMyReportColumnNameAction:0.16
OnChangeMyReportColumnBaseAction:0.11
OnChangeMyReportColumnComparatorAction:0.041999999999999996
SaveMyReportColumnAction:0.016666666666666666
Color2Test:0.01
