JsonModelLoader:0.6766666666666666
JsonMeshPartMaterial:0.3333333333333333
JsonNode:0.3333333333333333
JsonModelLoaderTest:0.2866666666666667
LwjglDebugStarter:0.11
