RecyclerView:0.5533333333333333
AutoCompleteTextView:0.44666666666666666
Button:0.3566666666666667
ExpansionPanel:0.29333333333333333
SpinnerMenu:0.1927777777777778
ListAdapter:0.17
AutoCompleteDemo:0.10916666666666666
AutoCompleteDataProvider:0.10666666666666667
AutoCompleteRow:0.1
ArrayAdapter:0.08682539682539682
