DiffSetElement:0.4166666666666667
AnnotationDiff:0.32666666666666666
TestAnnotationDiff:0.31333333333333335
AnnotationImpl:0.26
AnnotationDiffCellRenderer:0.21333333333333335
AnnotationDiffTableModel:0.19944444444444445
AnnotationSetComparator:0.016666666666666666
