CookieITest:0.5433333333333333
MultiValueEntity:0.48333333333333334
HeaderITest:0.3566666666666667
