Shader:0.5133333333333333
GLChecks:0.3233333333333333
ShaderProgram:0.20166666666666666
SyncTest:0.1625
SpriteRendererTF:0.12666666666666668
SpriteRendererDefault:0.11
SpriteRenderer:0.11
ShaderUNI:0.10666666666666667
SpriteRendererBatched:0.09
