Lang:0.7466666666666667
EachTest:0.23333333333333334
PojoEachRecordCallback:0.21
PojoEachEntityCallback:0.21
