AbbrevEditor:0.15138005
Abbrevs:0.09868177
jEdit:0.07747977
View:0.07247813
GUIUtilities:0.063573346
Buffer:0.026536133
Mode:0.015378497
