BeanShellAction:0.1600659
BeanShell:0.08704603
TextAreaDialog:0.035252493
View:0.013500108
DisplayManager:0.0044651474
