NameSpace:0.22726044
This:0.1330621
BSHTryStatement:0.104324795
BSHForStatement:0.08658067
Interpreter:0.0853496
BSHEnhancedForStatement:0.079229414
BSHBlock:0.07218038
BshMethod:0.06419227
EvalError:0.015322474
UtilEvalError:0.012920779
