BSHArrayInitializer:0.15570252
BSHAllocationExpression:0.11306702
SimpleNode:0.053694423
Interpreter:0.048412427
Reflect:0.034979694
EvalError:0.030798962
CallStack:0.021474639
Parser:0.01937376
Primitive:0.009835842
