BSHIfStatement:0.17924766
SimpleNode:0.114536464
Interpreter:0.076643586
ReturnControl:0.067424506
BlockNameSpace:0.06540414
NameSpace:0.058911815
EvalError:0.04820595
Parser:0.036763225
CallStack:0.024583744
Primitive:0.009698934
ParserConstants:8.651061E-4
