BSHWhileStatement:0.613198
BSHTernaryExpression:0.38249284
BSHForStatement:0.33083203
SimpleNode:0.1734232
Interpreter:0.117197
EvalError:0.0910048
ReturnControl:0.030283649
CallStack:0.029349988
Primitive:0.023226002
Parser:0.019532632
