SimpleNode:0.18956693
ReturnControl:0.1846961
Interpreter:0.0950702
EvalError:0.07735714
Parser:0.057270512
CallStack:0.047323823
Primitive:0.031854775
ParserConstants:0.00712244
