CBZip2OutputStream:0.0040230746
CBZip2InputStream:0.0028486196
