UtilEvalError:0.10325012
Name:0.07587396
