Edge:0.51766914
ByteVector:0.4967089
Type:0.40094498
Item:0.27314624
