CBZip2OutputStream:0.0014947468
CBZip2InputStream:0.0010389197
