FloatingWindowContainer:0.1718264
PanelWindowContainer:0.14860356
VFSBrowser:0.1420556
HyperSearchResults:0.13586661
LogViewer:0.08249043
QuickNotepad:0.071158096
