EnhancedMenu:0.17471994
FavoritesVFS:0.13469082
EBMessage:0.12541956
Macros:0.07976182
BufferHistory:0.066971906
jEdit:0.06640439
DynamicMenuProvider:0.034509875
