jEdit:0.15102893
EBMessage:0.07469465
View:0.059579425
