UtilEvalError:0.34605306
SimpleNode:0.3180229
Interpreter:0.2345964
BSHAllocationExpression:0.21324572
TargetError:0.21009734
UtilTargetError:0.20906079
BSHAmbiguousName:0.20783532
BSHMethodInvocation:0.19418816
BshMethod:0.18219155
BSHThrowStatement:0.17221707
BSHSwitchLabel:0.16850899
NameSpace:0.16733459
BSHMethodDeclaration:0.16644064
BSHPrimarySuffix:0.16390203
BSHArrayInitializer:0.16316155
BSHTernaryExpression:0.16044301
BSHArguments:0.1567804
BSHStatementExpressionList:0.15436909
BSHVariableDeclarator:0.15289125
ParseException:0.1524844
BSHEnhancedForStatement:0.13729948
BSHReturnType:0.13566041
BSHBlock:0.13510317
BSHArrayDimensions:0.1345797
BSHIfStatement:0.13289101
BSHTryStatement:0.13258192
BSHReturnStatement:0.12907879
BSHForStatement:0.12895913
BSHPrimaryExpression:0.12869549
BSHCastExpression:0.12866679
BSHTypedVariableDeclaration:0.12767713
BSHPackageDeclaration:0.1237148
BSHImportDeclaration:0.1193885
Name:0.1186588
This:0.11571018
BSHBinaryExpression:0.11539424
BSHType:0.11499623
BSHWhileStatement:0.11413783
BSHFormalParameter:0.11198623
BSHClassDeclaration:0.11050649
ClassGeneratorImpl:0.10911759
BSHSwitchStatement:0.10462662
ClassGeneratorUtil:0.09538826
CallStack:0.093893975
BSHAssignment:0.091095336
BSHLiteral:0.080989644
BSHFormalParameters:0.080984935
DelayedEvalBshMethod:0.075332254
BSHUnaryExpression:0.07162771
BshClassManager:0.067300856
XThis:0.059836287
Reflect:0.049997658
BeanShell:0.041769404
JThis:0.036302123
ClassGenerator:0.03291674
BlockNameSpace:0.019005323
