XmlHandler:0.6066436
XmlException:0.3210376
XmlParser:0.29568857
BufferHistory:0.13601652
MirrorListHandler:0.12111655
ServiceListHandler:0.11901555
Registers:0.11768577
ActionListHandler:0.09942688
PerspectiveManager:0.08713505
KillRing:0.08426368
XModeHandler:0.083204485
PluginListHandler:0.079402596
DockableWindowManager:0.07745144
ModeCatalogHandler:0.07592305
HelpTOCPanel:0.044519607
