HistoryModel:0.144202
VFSBrowser:0.10573802
VFSFileNameField:0.097705126
ActionBar:0.08564286
SearchDialog:0.076217055
HelpSearchPanel:0.07587924
View:0.059752483
GUIUtilities:0.05623016
SearchBar:0.051911272
VFSFileChooserDialog:0.027808378
jEdit:0.022858223
