TarInputStream:0.1946201
TarEntry:0.10672654
TarHeader:0.102360524
TarOutputStream:0.08982031
