Name:0.34516993
Reflect:0.27597904
NameSpace:0.23104991
BSHPrimarySuffix:0.20707811
Interpreter:0.13640931
Variable:0.12618622
ClassGeneratorImpl:0.11845445
BSHAmbiguousName:0.11005543
Primitive:0.10998961
ClassGeneratorUtil:0.106866576
BSHAssignment:0.10623857
BSHUnaryExpression:0.099199064
BSHPrimaryExpression:0.045004226
CollectionManager:0.041660406
ReflectManager:0.030981416
UtilTargetError:0.03054071
UtilEvalError:0.023442911
ReflectError:0.0059470735
InterpreterError:0.0028322996
ParserConstants:0.0015477373
