AbstractOptionPane:0.4560778
OptionGroup:0.35967046
OptionsDialog:0.26164013
EditPlugin:0.25564364
jEdit:0.1673986
PluginJAR:0.13251334
