TarBuffer:0.15823475
TarEntry:0.050659213
TarHeader:0.024072917
InvalidHeaderException:0.005923741
