XmlHandler:0.11583441
HandlerBase:0.068648815
Registers:0.03932101
jEdit:0.035588026
BufferHistory:0.035153005
ActionSet:0.03342071
DockableWindowManager:0.031097898
PerspectiveManager:0.0285676
KillRing:0.028204719
ServiceManager:0.0239684
HelpTOCPanel:0.015783016
PluginList:0.015340889
MirrorList:0.0064456123
