Ellipse:0.4633333333333333
Point2d:0.46
Main:0.3233333333333333
GraphicsFeedback:0.27
MainPreferences:0.23833333333333334
