DownloadTaskEntity:0.34455555555555556
FtpDownloadTarget:0.31
FtpDownloadActivity:0.29333333333333333
DownloadGroupActivity:0.23333333333333334
DownloadReceiver:0.21333333333333335
Downloader:0.19333333333333333
ConfigHelper:0.18333333333333332
FtpThreadTask:0.16
DownloadFragment:0.16
DownloadTarget:0.16
FtpFileInfoThread:0.14333333333333334
SubThreadConfig:0.06333333333333334
