List:0.44666666666666666
Stream:0.39666666666666667
Collections:0.35333333333333333
CharSeqTest:0.3333333333333333
Seq:0.32666666666666666
Array:0.3233333333333333
IndexedSeq:0.3136507936507937
LinearSeq:0.24142857142857144
Vector:0.21666666666666667
Queue:0.19
CharSeq:0.18333333333333332
AbstractSeqTest:0.10666666666666667
