URLConnectionTest:0.5433333333333333
HttpURLConnectionImpl:0.39666666666666667
HttpEngine:0.3333333333333333
HttpsURLConnectionImpl:0.2733333333333333
HttpUrlConnectionDelegate:0.15833333333333333
HttpTransport:0.14
OkHttpClient:0.05333333333333334
