DocumentOrientedApplication:0.43102187
AbstractDocumentView:0.3362117
AbstractDocumentOrientedApplication:0.25024194
AbstractSDIApplication:0.17282732
AbstractOSXApplication:0.16329983
AbstractMDIApplication:0.14803848
ApplicationModel:0.12899797
DefaultApplicationModel:0.10944085
OSXPaletteHandler:0.05658343
