IUndoRedoFactory:0.5983333333333334
ControllerHub:0.5133333333333333
AddAtomsAndBondsEdit:0.51
JChemPaintAbstractApplet:0.22
SwingUndoRedoFactory:0.17
AddBondDragModule:0.15333333333333332
AddAtomModule:0.14
AddRingModule:0.12
EnterElementSwingModule:0.11666666666666667
SwingAddAtomsAndBondsEdit:0.11333333333333333
