EvictionTest:0.5633333333333334
CaffeinatedGuavaCache:0.42
PopulatedCachesTest:0.4033333333333333
