TestMathFunctions:0.32
AbstractTestFunctions:0.25333333333333335
TestStringFunctions:0.23666666666666666
TestMapOperators:0.22666666666666666
TestConditions:0.22
TestRegexpFunctions:0.19
TestJsonFunctions:0.18333333333333332
TestArrayOperators:0.16333333333333333
