BaseForm:0.59
SimpleDateTimeField:0.42333333333333334
StudyListPage:0.25666666666666665
