Hazelcast:0.47333333333333333
OutOfMemoryErrorDispatcher:0.44
HazelcastClient:0.4
OutOfMemoryErrorDispatcherTest:0.16666666666666666
DefaultOutOfMemoryHandler:0.12
