Generator:0.5166666666666667
Match:0.43
$:0.25
MatchTest:0.17333333333333334
Developer:0.02
Person:0.0011111111111111111
Util:0.0
