DOReader:0.8866666666666667
SimpleDOReader:0.31666666666666665
FastDOReader:0.2833333333333333
