MetaCADEvaluatorEngine:0.5525
MetaCADObject:0.27051984126984113
MetaCADEvaluatorDialog:0.23333333333333334
ObjFactory:0.2
PolygonObj:0.14333333333333334
JoinCurvesObj:0.08666666666666667
InsetObj:0.07
ForObj:0.023333333333333334
NativeObj:0.021555555555555557
ObjFactoryException:0.021555555555555557
SphereObj:0.02
CSObj:0.02
MeshObj:0.02
CubeObj:0.016666666666666666
CylinderObj:0.013333333333333334
MacroObj:0.01
LatheObj:0.0033333333333333335
BooleanObj:0.0033333333333333335
ExtrudeObj:0.0033333333333333335
