ShardManager:0.65
ShardManagerDao:0.4533333333333333
DatabaseShardManager:0.33666666666666667
ImportManager:0.25
SplitManager:0.20666666666666667
PartitionChunkSupplier:0.19666666666666666
PartitionImportJob:0.17
ChunkImportJob:0.15
TestDatabaseShardManager:0.12333333333333334
PartitionDropJob:0.07
ShardMonitorJob:0.056666666666666664
ShardDropJob:0.05333333333333334
PartitionOperationTracker:0.006666666666666667
