Lexer:0.7166666666666667
Rule:0.45
AttributeChecks:0.33
LexerATNSimulator:0.28
ActionTranslator:0.24222222222222223
TestRig:0.14333333333333334
TestT:0.12666666666666668
