BoundedLocalCache:0.5333333333333333
LocalCacheGenerator:0.36
BoundedLocalCacheTest:0.32
LocalCacheFactoryGenerator:0.32
PageReplacement:0.23666666666666666
CacheSelectorCode:0.23172222222222222
UpdateTask:0.21666666666666667
RemovalTask:0.21666666666666667
BoundedPolicy:0.19
AddTask:0.18833333333333332
IsValidBoundedLocalCache:0.16111111111111112
Specifications:0.11
