GwtTeamingMessages:0.4005555555555555
GwtRpcServiceImpl:0.35333333333333333
ManageMenuPopup:0.3233333333333333
MainMenuControl:0.32
GwtRpcService:0.2916666666666667
GwtRpcServiceAsync:0.2833333333333333
TreeInfo:0.23476190476190475
MyTeamsMenuPopup:0.19666666666666666
MenuBarPopup:0.17666666666666667
MyFavoritesMenuPopup:0.08333333333333333
TeamManagementClickHandler:0.013333333333333334
