AccessToken:0.5058333333333334
OAuth20DefaultTokenGenerator:0.38666666666666666
AccessTokenImpl:0.31333333333333335
DefaultAccessTokenFactory:0.26666666666666666
AccessTokenFactory:0.1453888888888889
