JobListener:0.6266666666666667
JobListenerSupport:0.43183333333333335
SimpleJobTests:0.3566666666666667
SimpleJob:0.3333333333333333
CompositeJobListenerTests:0.25333333333333335
CompositeJobListener:0.17666666666666667
