Message:0.4066666666666667
InGameController:0.3433333333333333
Connection:0.31333333333333335
Controller:0.26
InputHandler:0.24333333333333335
FreeColServer:0.22666666666666666
ConnectController:0.22333333333333333
MetaServer:0.20111111111111113
Server:0.19666666666666666
NetworkHandler:0.18166666666666667
ReceivingThread:0.18
NewPanel:0.15
InfoPanel:0.14166666666666666
FreeColNetworkInputStream:0.12
