Def:0.74
SEach:0.31333333333333335
PIC:0.24222222222222228
BasicStatementTests:0.21
DefBootstrap:0.08611111111111112
