PartitionRecordStore:0.6797222222222223
NearCache:0.5493333333333332
