HeliosClient:0.6033333333333334
HostListCommandTest:0.35
LabelTest:0.28
HostListCommand:0.258
HostsResource:0.19666666666666666
HeliosClientTest:0.04
