Builder:0.58
Uri:0.37333333333333335
StringUtils:0.3333333333333333
OAuthSignatureCalculatorInstance:0.2733333333333333
Base64:0.17333333333333334
HttpUtils:0.17
Parameters:0.11
MultipartUtils:0.10666666666666667
