ServerDescription:0.5566666666666666
Builder:0.28
ReadPreferenceTest:0.15666666666666668
ReplicaSetStatus:0.07666666666666666
IsMasterServerStateNotifier:0.06333333333333334
ServerDescriptionTest:0.06333333333333334
