Kernel32:0.7766666666666666
Kernel32Test:0.36333333333333334
Advapi32UtilTest:0.22
FILE_BASIC_INFO:0.17666666666666667
FILETIME:0.15666666666666668
Privilege:0.14666666666666667
WinBase:0.13333333333333333
WinNT:0.13333333333333333
WIN32_FIND_DATA:0.1
FILE_ATTRIBUTE_TAG_INFO:0.06666666666666667
FILE_STANDARD_INFO:0.06666666666666667
FILE_ID_INFO:0.06666666666666667
FILE_DISPOSITION_INFO:0.06666666666666667
FILE_COMPRESSION_INFO:0.06666666666666667
Winioctl:0.0
SECURITY_QUALITY_OF_SERVICE:0.0
