DBCollection:0.5686111111111111
JavaClientTest:0.44333333333333336
