EngineConfig:0.65
InternalEngine:0.58
IndexShard:0.39666666666666667
ClusterModule:0.2633333333333333
InternalEngineTests:0.25333333333333335
ShadowEngineTests:0.23
InternalEngineSettingsTests:0.13666666666666666
