LuceneSearcher:0.5991666666666666
GNResultSet:0.42333333333333334
Geonetwork:0.42333333333333334
