Grammar:0.7066666666666667
Tool:0.6433333333333333
