RunnerTestDescriptor:0.5566666666666666
TestClassRequestResolver:0.45666666666666667
VintageTestDescriptor:0.37
RunListenerAdapterTests:0.23
