Dispatcher:0.92
StrutsPrepareAndExecuteFilter:0.24666666666666667
StrutsListener:0.18666666666666668
StrutsPrepareFilter:0.18666666666666668
StrutsServlet:0.17666666666666667
