SoundPlayerThread:0.47333333333333333
SoundPlayer:0.43
FreeColClient:0.32666666666666666
