BaseTripleGenerator:0.6133333333333333
TripleGenerator:0.40744444444444444
BMechAwareTripleGenerator:0.10666666666666667
