ResourcesManager:0.6933333333333334
GUI:0.5533333333333333
PlatformLoader:0.19444444444444445
SystemTray:0.18333333333333332
LoginHelper:0.18333333333333332
