Controller2D:0.4533333333333333
HBondAcceptorCountDescriptor:0.38333333333333336
HBondDonorCountDescriptor:0.24333333333333335
HBondAcceptorCountDescriptorTest:0.17111111111111113
ModelBuilder3dTest:0.16577777777777777
CopyPasteAction:0.10666666666666667
RedoAction:0.09333333333333334
UndoAction:0.09333333333333334
