OkBuffer:0.5166666666666667
OkBufferTest:0.24333333333333335
Sink:0.15722222222222224
Source:0.15722222222222224
