AbstractClassGenerator:0.7433333333333333
TestAll:0.45666666666666667
SimpleFilter:0.3233333333333333
