Channel:0.5766666666666667
Network:0.4533333333333333
MapItemsPaneRenderer:0.23666666666666666
NetworkHandler:0.18333333333333332
ActivationTask:0.06666666666666667
ConnectionTask:0.05416666666666667
