DataObject:0.49
Folder:0.4592619047619047
Vocabulary:0.25493650793650796
BinaryObject:0.25493650793650796
