Log:0.3566666666666667
Log4jLog:0.3333333333333333
JdkLog:0.3333333333333333
LogKit:0.2733333333333333
PathKit:0.2
ActionMapping:0.19666666666666666
ActionReporter:0.19000000000000003
Routes:0.105
Const:0.0
