EventJsonLayout:0.5133333333333333
EventJsonLayoutTest:0.45666666666666667
EventJsonLayoutBaseFactory:0.32
LayoutIntegrationTests:0.23
