WebUrlUtil:0.53
GwtViewHelper:0.4066666666666667
GwtMenuHelper:0.39666666666666667
ReadFileController:0.25666666666666665
