PartitionedTableIntegrationTest:0.35333333333333333
InformationSchemaTest:0.2633333333333333
HandlerSideLevelCollectTest:0.24
InformationSchemaExpressionFactories:0.17333333333333334
InformationTablesTableInfo:0.12666666666666668
InformationColumnsTableInfo:0.12666666666666668
InformationTableConstraintsTableInfo:0.12666666666666668
InformationPartitionsTableInfo:0.12
PartitionsTableColumns:0.09666666666666666
Columns:0.08666666666666667
References:0.03
