Metadata:0.47
ServerServiceDefinition:0.21666666666666667
MetadataTest:0.21333333333333335
Builder:0.20666666666666667
ServerServiceDefinitionTest:0.17555555555555555
InternalHandlerRegistry:0.15333333333333332
TimeoutMarshaller:0.09
ValueIterable:0.07666666666666666
