Configuration:0.6433333333333333
TypeHandlerRegistry:0.43333333333333335
XMLConfigBuilder:0.38
XmlConfigBuilderTest:0.24666666666666667
