Sender:0.5566666666666666
DriverConductorTest:0.2733333333333333
