MutateProcessor:0.6766666666666666
DataTests:0.23
MutateProcessorTests:0.21333333333333335
