TestDiscoveryRequest:0.7733333333333333
DiscoveryRequest:0.43333333333333335
Discovery:0.30666666666666664
JUnit5:0.3
DiscoveryRequestCreatorTests:0.18666666666666668
TestDiscoveryRequestBuilder:0.17111111111111113
DefaultLauncherTests:0.13
