SodbeansPanel:0.4266666666666667
TextToSpeechPanel:0.4066666666666667
TextToSpeechOptions:0.31333333333333335
SodbeansOptions:0.17555555555555555
OptionsFileSystem:0.12666666666666668
