TextAnnotationFigure:0.6105555555555556
BpmnXmlReader:0.5433333333333333
TextAnnotation:0.5333333333333333
BPMNFigureFactory:0.27666666666666667
