DefaultAtmosphereObjectFactory:0.5066666666666667
AtmosphereResourceFactory:0.4583333333333333
AtmosphereFramework:0.2585555555555555
ApplicationConfig:0.016666666666666666
