NutStatement:0.30333333333333334
SimpleDaoTest:0.29
OracleJdbcExpert:0.2733333333333333
SqlVarPItem:0.22333333333333333
PsqlJdbcExpert:0.13333333333333333
