GwtRpcServiceAsync:0.42916666666666664
SetSeenCmd:0.38666666666666666
GwtRpcServiceImpl:0.35
GwtRpcService:0.28753968253968254
UIData:0.28
ActivityStreamUIEntry:0.25
SetUnseenCmd:0.24333333333333335
IsSeenCmd:0.03
