MockResponse:0.56
MockWebServer:0.44333333333333336
RecordedRequest:0.39222222222222225
