Cnd:0.42
NutDao:0.37
Criteria:0.32666666666666666
GroupBySet:0.24666666666666667
SimpleCriteria:0.21
SimpleDaoTest:0.17
