HiveRecordWriter:0.7633333333333333
HiveWriteUtils:0.38333333333333336
