Setting:0.6
JvmMonitor:0.3466666666666667
JvmGcMonitorService:0.20666666666666667
JvmMonitorTests:0.19
SettingTests:0.18666666666666668
JvmGcMonitorServiceSettingsTests:0.15833333333333333
GcOverheadThreshold:0.05333333333333334
JvmGcMonitorServiceTests:0.02611111111111111
