PyLong:0.5733333333333334
PyFloat:0.5366666666666666
PyBoolean:0.32666666666666666
