ParentQuery:0.3466666666666667
ChildrenQuery:0.3466666666666667
TopChildrenQuery:0.32666666666666666
ParentConstantScoreQuery:0.2633333333333333
ChildrenConstantScoreQuery:0.23666666666666666
