MockClientConnectionManager:0.4666666666666667
MockConnectionManager:0.3333333333333333
ClientConnectionManagerImpl:0.2866666666666667
MockClientConnectionManagerFactory:0.21666666666666667
DroppingConnection:0.19666666666666666
TestClientRegistry:0.17
TestHazelcastFactory:0.14333333333333334
