ReplicaShardAllocator:0.6716666666666666
BaseGatewayShardAllocator:0.38333333333333336
