UsernamePasswordCredential:0.49666666666666665
AbstractThrottledSubmissionHandlerInterceptorAdapter:0.4633333333333333
InspektrThrottledSubmissionByIpAddressAndUsernameHandlerInterceptorAdapter:0.38333333333333336
