BufferedSource:0.6452222222222223
OkBuffer:0.5283333333333333
RealBufferedSource:0.33666666666666667
HttpConnection:0.31
ChunkedSource:0.3011111111111111
