StrictContainerTestSuiteBuilder:0.6266666666666667
StrictContainerTestSuite:0.30666666666666664
AllTests:0.18333333333333332
