GridSampler:0.373
Version:0.3433333333333333
BitMatrixParser:0.3333333333333333
Detector:0.25333333333333335
DefaultGridSampler:0.18
DataMatrixBlackBox1TestCase:0.11333333333333333
DataMatrixBlackBox2TestCase:0.1
