Node:0.47
FifoQueue:0.17
StochasticPriorityQueue:0.13666666666666666
IndexedPriorityQueue:0.13666666666666666
UpdateablePriorityQueue:0.12083333333333333
Entry:0.09666666666666666
