OntologyEditor:0.4
DetailsTableModel:0.36333333333333334
DetailsGroup:0.3466666666666667
DetailsTableCellRenderer:0.14666666666666667
OntologyItemComparator:0.05055555555555556
