ISO19139CHEtoGM03:0.8866666666666667
TranslateAndValidate:0.18333333333333332
UnDuplifier:0.13666666666666666
Gm03Service:0.013333333333333334
