Transcript:0.5338888888888889
ExpandableFeatureSet:0.42333333333333334
EvidenceFinder:0.23833333333333334
