Jedis:0.5833333333333334
JedisCluster:0.4533333333333333
Protocol:0.4533333333333333
BinaryRedisPipeline:0.2833333333333333
JedisCommands:0.2833333333333333
BinaryJedisCommands:0.2833333333333333
RedisPipeline:0.2833333333333333
BinaryClient:0.25333333333333335
ShardedJedis:0.23333333333333334
BinaryShardedJedis:0.185
Client:0.15333333333333332
BinaryJedis:0.15
PipelineBase:0.14333333333333334
SortedSetCommandsTest:0.10666666666666667
