JavaScriptEngine:0.633
XMLHttpRequest:0.4533333333333333
DownloadBehaviorDownloader:0.20666666666666667
