RoutingTable:0.42
ShardStateAction:0.31333333333333335
IndicesClusterStateService:0.29333333333333333
ShardRoutingEntry:0.25
TaskResult:0.24416666666666667
ExceptionSerializationTests:0.21833333333333332
ShardStateActionTests:0.19277777777777777
TransportReplicationActionTests:0.17666666666666667
ShardFailedClusterStateTaskExecutorTests:0.17
ReplicationPhase:0.14333333333333334
PeerRecoveryListener:0.13666666666666666
ShardFailedClusterStateTaskExecutor:0.08
NoLongerPrimaryShardException:0.013333333333333334
