IntHashSet:0.5733333333333334
LongHashSet:0.45666666666666667
IntHashSetTest:0.22333333333333333
