MethodParameterResolverRegistry:0.42333333333333334
ParameterResolverTests:0.28
ExtendWithOnMethodTestCase:0.14555555555555555
