DBCollection:0.5616666666666666
DBCollectionTest:0.37666666666666665
CollectionAdministrationImpl:0.26666666666666666
