Transaction:0.77
TransactionSignature:0.36
TransactionTest:0.2633333333333333
PaymentChannelStateTest:0.21666666666666667
ECKeyTest:0.20888888888888887
FullBlockTestGenerator:0.16666666666666666
