Corpus:0.4533333333333333
TxmObject:0.3566666666666667
ConcordancesEditor:0.3566666666666667
MainCorpus:0.25666666666666665
Subcorpus:0.24
Toolbox:0.23194444444444448
Base:0.20666666666666667
ObjectExplorer:0.19666666666666666
Vocabulary:0.19333333333333333
ViewPropertySelection:0.19
TxmObjectChildrenCellEditor:0.17833333333333334
DefineReferencePattern:0.16111111111111112
LineComparator:0.16
TxmObjectChildLabelProvider:0.14666666666666667
PropertiesReferenceComparator:0.09666666666666666
LocalizedLineComparator:0.07
DefineReferencePatternDialog:0.056666666666666664
