DefaultWebflowConfigurer:0.55
CasWebflowConstants:0.47560317460317453
PasswordManagementWebflowConfigurer:0.2833333333333333
CasCoreAuthenticationSupportConfiguration:0.18666666666666668
