AdminModule:0.8633333333333333
AbstractAdminModule:0.33
GwtNetFolderHelper:0.31666666666666665
