SnmpObjId:0.65
TestAgent:0.4
TestAgentTest:0.24666666666666667
SnmpObjIdTest:0.22666666666666666
ColumnInstanceTracker:0.19361111111111112
