XmlFlowBuilder:0.6266666666666667
ImplicitFlowVariableELResolver:0.3477777777777778
RequestContextELContextFactory:0.2538492063492063
