FileResource:0.41
FolderResource:0.4033333333333333
WebdavResource:0.37333333333333335
WebdavResourceFactory:0.2833333333333333
WorkspaceResource:0.19333333333333333
BinderResource:0.17
