CommandThread:0.5666666666666667
MainWindow:0.48333333333333334
IMainWindow:0.3641111111111111
EditorController:0.31
MainWindowMenuHandler:0.29333333333333333
Core:0.25733333333333336
ProjectUICommands:0.15
