ImageHeaderParser:0.43
UCropActivity:0.41
BitmapCropTask:0.31333333333333335
BitmapLoadUtils:0.26666666666666666
RectUtils:0.16666666666666666
