FragmentMolecule:0.7166666666666667
Fragmenter:0.4
FragmentTree:0.31
PredictAction:0.23666666666666666
FragmentController:0.2
LearnAction:0.18666666666666668
ExtractorProbability:0.12666666666666668
CMLSpectrumCreator:0.12
