Facade:0.85
JaxRpcFacade:0.27666666666666667
FacadeClient:0.25666666666666665
FacadeImpl:0.20333333333333334
RemoteFacade:0.12222222222222222
