CustomersNewOnInitTest:0.45
CustomersTwoSellersNumberInListTest:0.2866666666666667
CustomersNewOnInitInheritedTest:0.2866666666666667
CustomersTwoSellersInListTest:0.2866666666666667
