XJBSWDownloadCandidate:0.6116666666666667
RatingElementImpl:0.31666666666666665
XJBSWDownloadCandidateImpl:0.31666666666666665
Unmarshaller:0.26066666666666666
ObjectFactory:0.23333333333333334
RatingElement:0.21722222222222218
