DefaultDataType:0.44333333333333336
ConvertedDataType:0.30666666666666664
ArrayDataType:0.22
UDTDataType:0.13666666666666666
TestDataType:0.08666666666666667
