EditorLayer:0.5533333333333333
EditorPanel:0.51
AppLoggerArea:0.25666666666666665
WidgetListener:0.23666666666666666
SearchAction:0.20333333333333334
PanelListener:0.16333333333333333
