HorizontalProjection:0.48
AbstractHorizontalProjection:0.45888888888888896
VerticalProjection:0.35
AbstractVerticalProjection:0.2733333333333333
