CodeStyleTest:0.5522222222222222
CSSRuleList:0.5133333333333333
Stylesheet:0.28
