RecordingOutputStream:0.5333333333333333
HttpMethodBase:0.4533333333333333
RecordingInputStream:0.31666666666666665
HttpRecorder:0.12666666666666668
