Types:0.5833333333333334
BindingUtil:0.49
Rewriter:0.33
ObjectiveCImplementationGenerator:0.29333333333333333
ObjectiveCHeaderGenerator:0.24666666666666667
OperatorRewriter:0.14666666666666667
DestructorGenerator:0.14666666666666667
