CATokenContainer:0.6635555555555557
ICAToken:0.5397777777777778
BaseCAToken:0.42
RSASignSessionBean:0.3433333333333333
CATokenContainerImpl:0.2866666666666667
