SOAPProtocol:0.4266666666666667
OLParser:0.38
HTTPScanner:0.2763333333333334
RequestResponseProcess:0.233
OneWayProcess:0.22414285714285717
HTTPSOAPException:0.22
SolicitResponseProcess:0.19580952380952382
