AEDTO:0.7466666666666667
AEModel:0.32666666666666666
AEBean:0.2833333333333333
AEDelegate:0.23333333333333334
AEService:0.16
