ChronicleMapBuilderI:0.5633333333333334
ChronicleMapBuilder:0.4166666666666667
StatelessChronicleMap:0.32666666666666666
AbstractChronicleMapBuilder:0.2833333333333333
CHMUseCasesTest:0.28
