C3DTextField:0.7966666666666666
InputDemo:0.34833333333333333
