TransportSQLActionTest:0.6919444444444444
ESQueryBuilderTest:0.46
Fields:0.014071428571428572
