FactoryImpl:0.4633333333333333
MProxyImpl:0.42
CollectionProxyImpl:0.31666666666666665
QProxyImpl:0.31666666666666665
MultiMapProxy:0.31666666666666665
TopicProxyImpl:0.2806666666666667
Hazelcast:0.25666666666666665
Destroy:0.19333333333333333
