CompilerTestSuite:0.5177777777777777
TemplateTester:0.4633333333333333
InheritanceTester:0.21666666666666667
OtherTester:0.19666666666666666
