ConcurrentVersionsSystem:0.3566666666666667
CVSBootstrapper:0.32666666666666666
ValidationHelper:0.26
ConcurrentVersionsSystemTest:0.14333333333333334
CVSBootstrapperTest:0.1
