Fixer:0.57
FixerTest:0.29
ISO19139InsertionService:0.25666666666666665
FixerTestFailedException:0.15333333333333332
Resource:0.0575
