NeuralNetPlotter:0.5033333333333333
RBM:0.4166666666666667
BaseNeuralNetwork:0.3433333333333333
DenoisingAutoEncoder:0.32666666666666666
BaseMultiLayerNetwork:0.2619444444444444
DBN:0.22611111111111115
StackedDenoisingAutoEncoder:0.21166666666666667
NeuralNetworkOptimizer:0.21
DBNTest:0.08666666666666667
RBMMnistTest:0.05333333333333334
MnistSdaTest:0.03333333333333333
PlotTester:0.03
