GwtClientHelper:0.47333333333333333
GwtViewHelper:0.45
MainMenuControl:0.38333333333333336
