Tester:0.6416666666666667
TestBasicComponentByAlice:0.27666666666666667
TestBasicComponentByAliceAndBob:0.22333333333333333
TestMainMenuComponent:0.19
TestParallelInvitationWithTerminationByInvitees:0.135
TestParallelInvitationWithTerminationByHost:0.12
