Repositories:0.49666666666666665
Z3950ConfigParams:0.4033333333333333
Z3950Config:0.39
Z3950ConfigHarvester:0.35
Path:0.04666666666666667
Z3950ConfigResult:0.014285714285714285
