ResourceIndexImpl:0.7833333333333333
ResourceIndexModule:0.42333333333333334
