ReplacementStrategy:0.5197222222222223
Utils:0.5066666666666667
Format:0.43666666666666665
FormatsStrategy:0.3466666666666667
Formats:0.29333333333333333
KeywordsStrategy:0.24666666666666667
ExtentsStrategy:0.24333333333333335
ContactsStrategy:0.19
List:0.18694444444444444
ReusableObjManager:0.18333333333333332
Validate:0.17333333333333334
FindDuplicates:0.03
FormatsComparator:0.006666666666666667
