MasterModel:0.3466666666666667
HostsResource:0.25666666666666665
ZooKeeperMasterModel:0.22866666666666666
JobsResource:0.2
Responses:0.17
ExpiredJobReaper:0.14666666666666667
