ChronicleMapBuilder:0.66
SerializationBuilder:0.41333333333333333
DoubleArray:0.3433333333333333
DoubleArrayTest:0.17666666666666667
