MPLSLink:0.5266666666666666
RemoteMPLSConnectionDetails:0.36666666666666664
WebserviceBean:0.3333333333333333
MPLSLinkNew:0.30333333333333334
PersistenceService:0.2833333333333333
TableCreator:0.2833333333333333
MplsSyncProvider:0.2633333333333333
WebserviceBeanImpl:0.24666666666666667
BusinessEntityManagerImpl:0.23
Constants:0.22
KuwaibaService:0.18333333333333332
MplsSyncDefaultParserNew:0.145
MplsSyncASR9001Parser:0.12
