BulkShardProcessor:0.7333333333333333
AbstractIndexWriterProjector:0.2888968253968254
BulkShardProcessorTest:0.18
