ChannelUri:0.6333333333333333
SequencerAgent:0.38333333333333336
LogAppender:0.30333333333333334
ClusteredServiceAgent:0.27
