Visitor:0.5866666666666667
Analysis:0.5333333333333333
ExpressionAnalysis:0.3466666666666667
ExpressionAnalyzer:0.22333333333333333
