DashboardHelper:0.42833333333333334
Dashboard:0.4266666666666667
ObjectKeys:0.18833333333333332
