ChemObjectWriter:0.66
CMLResolver:0.44333333333333336
MDLWriter:0.38333333333333336
DBWriter:0.19666666666666666
