Configuration:0.44333333333333336
ProjectConfigurationPageWebTest:0.3233333333333333
ConfigurationServlet:0.23666666666666666
CVSServlet:0.22333333333333333
JDOMSearcher:0.07
CVSConfigurationWebTest:0.056666666666666664
JDOMSearcherTest:0.0033333333333333335
ConfigurationTest:0.0
