TrashView:0.42333333333333334
GwtMenuHelper:0.4
GwtTeamingMessages:0.38555555555555554
BinderViewsHelper:0.30333333333333334
