LdapPublisher:0.7833333333333333
LdapSearchPublisher:0.4266666666666667
ActiveDirectoryPublisher:0.41
EditPublisherJSPHelper:0.15666666666666668
