Stream:0.5778333333333333
Gen:0.3091111111111111
Cons:0.22333333333333333
RedBlackTreeTest:0.19333333333333333
ArbitraryBinaryTree:0.043333333333333335
