Block:0.5
DynamicClassLoader:0.45666666666666667
FieldDefinition:0.2127777777777778
LookupSwitchBuilder:0.17
NamedParameterDefinition:0.16777777777777778
Bootstrap:0.13744444444444445
