IndicesFieldDataCache:0.6175
InternalTestCluster:0.5266666666666666
IndicesRequestCache:0.32666666666666666
