StopActivity:0.7266666666666667
ActivitySequencer:0.4533333333333333
StopManager:0.36333333333333334
