WFSPanel:0.47
SpatialCriteriaPanel:0.4005555555555555
PropertyCriteriaPanel:0.37333333333333335
LoginDialog:0.31
