XmlConfigBuilder:0.5133333333333333
NetworkConfig:0.38
XMLConfigBuilderTest:0.31
AddressDefinition:0.24
InterfaceDefinition:0.23666666666666666
DefaultAddressPicker:0.21083333333333334
