JavaClientTest:0.65
BSONEncoder:0.43666666666666665
BSONDecoder:0.33666666666666667
