TestMutableDuration_Constructors:0.4066666666666667
TestDuration_Constructors:0.38666666666666666
TestDateTimeComparator:0.37333333333333335
TestMutableDuration_Basics:0.2966666666666667
TestDuration_Basics:0.2633333333333333
MockChangeDuration:0.19
TestAll:0.09
