ArrayFactoryTest:0.41333333333333333
TypeDescriptionForLoadedTypeTest:0.31666666666666665
VoidAwareAssignerTest:0.2866666666666667
ReferenceTypeAwareAssignerTest:0.23333333333333334
PrimitiveWideningDelegateIllegalTest:0.22
ReferenceVerifier:0.2098015873015873
PrimitiveVerifier:0.2098015873015873
PrimitiveBoxingDelegateTest:0.11
PrimitiveUnboxingDelegateWideningTest:0.09333333333333334
