GridFSTest:0.5233333333333333
MyAsserts:0.5166666666666667
MyInputStream:0.43055555555555564
