GraphToTikz:0.6666666666666666
StateJVertex:0.5366666666666666
