WxMpService:0.6466666666666666
WxCryptUtil:0.5163888888888889
WxMpServiceImpl:0.4033333333333333
