ShapeSelection:0.23333333333333334
MultiSelection:0.22666666666666666
LogicalSelection:0.19666666666666666
SingleSelection:0.1
IChemObjectSelection:0.07
