ContextLoaderListener:0.2833333333333333
OsgiConfig:0.27666666666666667
Listener:0.2601111111111111
ConfigListener:0.23833333333333334
BundleFactoryBean:0.22333333333333333
DependencyListener:0.13333333333333333
