MetaData:0.57
Custom:0.36666666666666664
ScriptedMetricTests:0.3566666666666667
InternalHistogram:0.25666666666666665
MembershipAction:0.2311111111111111
ZenDiscovery:0.22666666666666666
BucketSelectorTests:0.16
CustomMetaData:0.13666666666666666
MembershipListener:0.12333333333333334
ZenDiscoveryIT:0.09666666666666666
ValidateJoinRequest:0.04
