RedissonListTest:0.68
RedissonScriptTest:0.28444444444444444
RedissonLockTest:0.28
RedissonCountDownLatchTest:0.17333333333333334
