Images:0.7666666666666667
ActionClose:0.3466666666666667
ActionAbout:0.3466666666666667
ActionExit:0.3466666666666667
ActionHelp:0.3466666666666667
ActionOpen:0.3288888888888889
ActionSave:0.20333333333333334
