TestBean:0.37333333333333335
IndexedTestBean:0.31666666666666665
TestConfiguration:0.21666666666666667
