Responder:0.83
FormTagBase:0.6466666666666666
PageCache:0.24
TagData:0.16222222222222224
