ExecutionLogic:0.5866666666666667
FilesSupplierConfig:0.41
MergeDocxConfig:0.32666666666666666
MergeDocxHandler:0.24
MergeDocxConfigParser:0.1511111111111111
DocxInfo:0.11944444444444442
