PythonGrammar:0.5766666666666667
PythonGrammarTreeConstants:0.25594227994228
