SqlMaker:0.5533333333333333
NutDao:0.41
JsonTest:0.2633333333333333
CastorTest:0.2633333333333333
OracleTableSqlMaker:0.13666666666666666
TableSqlMaker:0.13333333333333333
Project:0.057166666666666664
