CoreMessageLogger:0.31333333333333335
JtaPlatformInitiator:0.25666666666666665
DialectFactoryImpl:0.22833333333333333
JBossStandaloneJtaExampleTest:0.22666666666666666
StrategySelectorBuilder:0.22666666666666666
AvailableSettings:0.2067222222222222
DialectFactoryTest:0.12
