HibernateCompilerHQLBuider:0.6802777777777778
BatchPresentationHibernateCompiler:0.5633333333333334
