ArrayUtils:0.8166666666666667
ArrayUtilsTest:0.6366666666666667
