Linkd:0.68
DiscoveryLink:0.6066666666666667
DbEventWriter:0.2833333333333333
