Builder:0.65
AwesomeTextView:0.4722222222222222
IconResolver:0.29444444444444445
TypefaceProvider:0.29
AwesomeTextViewExample:0.22
