OptimizedPanel:0.36
TodoEditorCore:0.31666666666666665
ChartPanel:0.29
BackupDialog:0.29
MComponent:0.25666666666666665
