WebFilter:0.5366666666666666
SpringAwareWebFilterTest:0.38666666666666666
RequestWrapper:0.3
SpringAwareWebFilterTestSupport:0.18333333333333332
