WhereDomainObjectCollector:0.47
AbstractDomainObjectWhere:0.23666666666666666
WhereCollector:0.21333333333333335
RangeCriteria:0.12
ComparisonCriteria:0.10666666666666667
DateCriteria:0.08666666666666667
EvaluationCriteria:0.03666666666666667
