AppendingValidatorContext:0.4633333333333333
ActionSupport:0.27666666666666667
I18n:0.19666666666666666
VisitorFieldValidator:0.18333333333333332
DefaultActionValidatorManager:0.17
AnnotationActionValidatorManager:0.17
ValidatorSupport:0.17
FileUploadInterceptor:0.16333333333333333
I18NAttributeEvaluator:0.11333333333333333
