ScriptEditor:0.59
ComponentBrowser:0.34
ScriptEditorFrame:0.29333333333333333
WindowRecorder:0.26666666666666666
UnitTestSuite:0.22666666666666666
EditorTestSuite:0.20083333333333334
JComboBoxRecorder:0.19
FrameRecorder:0.13666666666666666
JTabbedPaneRecorder:0.13666666666666666
JListRecorder:0.11333333333333333
JTableRecorder:0.11333333333333333
Version:0.0
