ContextImpl:0.44
HttpServerImpl:0.4066666666666667
ServerConnection:0.2733333333333333
VertxHandler:0.27
VertxThread:0.26
DatagramSocketImpl:0.25666666666666665
FileResolver:0.25
ServerHandler:0.235
VertxImpl:0.22166666666666668
ClientConnection:0.20333333333333334
VertxNetHandler:0.10666666666666667
DatagramServerHandler:0.10333333333333333
VertxHttpHandler:0.056666666666666664
VertxThreadFactory:0.02666666666666667
ClientHandler:0.013333333333333334
