GoodsManager:0.6833333333333333
ManufactureUtil:0.38666666666666666
BuildingConstructionMission:0.27
ConstructionValues:0.25333333333333335
Manufacture:0.21333333333333335
ToggleResourceProcess:0.18
BuildingConstructionMissionMeta:0.11
DigLocalRegolithMeta:0.11
DigLocalIceMeta:0.11
