rr_line:0.49
rr_2point:0.4633333333333333
rr_box:0.35
rr_polygon:0.30333333333333334
rr_csg:0.2
rr_p_list:0.14333333333333334
rr_interval:0.13666666666666666
rr_layer:0.10666666666666667
self_x:0.08
rr_ParallelLineException:0.07111904761904762
rr_half_plane:0.056666666666666664
rr_graphics:0.04666666666666667
rr_bisector:0.023333333333333334
graphics_test:0.021944444444444444
rr_csg_polygon:0.018611111111111113
