Element:0.5366666666666666
HTMLElement:0.4122222222222222
ElementTest:0.18333333333333332
