CarbonTypesDescriptor:0.47
MolecularDescriptorTest:0.3333333333333333
CarbonTypesDescriptorTest:0.32666666666666666
DescriptorTest:0.32
ALOGPDescriptorTest:0.24333333333333335
MqsarmolecularTests:0.14
