H2ResourceGroupsDao:0.6333333333333333
ResourceGroupsDao:0.58
TestResourceGroupsDao:0.36666666666666664
DistributedQueryRunner:0.2966666666666667
TestQueues:0.24
DbResourceGroupConfigurationManager:0.20333333333333334
TestDbResourceGroupConfigurationManager:0.145
H2TestUtil:0.11333333333333333
