MultiLayerNetwork:0.6566666666666666
ComputationGraph:0.5233333333333333
MultiLayerConfiguration:0.38066666666666665
ComputationGraphConfiguration:0.33142857142857146
MultiLayerTest:0.12666666666666668
TestComputationGraphNetwork:0.11666666666666667
