AntBuilder:0.6833333333333333
JVMArg:0.44666666666666666
AntBuilderTest:0.2833333333333333
