IDecisionResult:0.642
IDecisionMethod:0.6233333333333333
RuleResult:0.37
TreeResult:0.33
AbstractTree:0.20333333333333334
BatchDecisionResultsList:0.19333333333333333
