GISViewTopComponent:0.6833333333333333
GISViewScene:0.4866666666666667
MapPanel:0.34694444444444444
