ClusterTest:0.6566666666666666
Counter:0.4666666666666667
PutOperationHandler:0.28
ParallelExecutorServiceImplTest:0.05333333333333334
