Util:0.44333333333333336
ConnectionSpec:0.3466666666666667
CipherSuite:0.33666666666666667
CipherSuiteTest:0.17333333333333334
FakeSslSocket:0.1261111111111111
