PersonDetailFlowBuilder:0.5432936507936508
SearchPersonFlowBuilder:0.5432936507936508
