Subscription:0.6233333333333333
JUTestClient:0.3
TestNtfnListener:0.21416666666666667
Ec:0.1577777777777778
SecureReceiver:0.13333333333333333
HelloWorld:0.13333333333333333
