StatementAnalyzer:0.5622222222222222
RelationPlanner:0.4977777777777778
Rewriter:0.3983333333333333
