MaplRebuild:0.6233333333333333
Cnd:0.6072222222222222
MaplTest:0.27
