TestDateTime_Properties:0.32666666666666666
Property:0.2841666666666667
TestTimeOfDay_Properties:0.18333333333333332
TestYearMonthDay_Properties:0.18333333333333332
TestDateMidnight_Properties:0.18333333333333332
TestPartial_Properties:0.16
