BuildingConstructionMission:0.7383333333333333
BuildingSalvageMission:0.6576666666666667
