IAtomContainer:0.3559999999999999
AtomContainerTest:0.31666666666666665
DebugRing:0.28
DebugAminoAcid:0.28
DebugStrand:0.28
DebugPolymer:0.28
DebugBioPolymer:0.28
DebugMonomer:0.28
DebugMolecule:0.28
AtomContainer:0.27
DebugCrystal:0.21
DebugAtomContainer:0.185
ElectronContainerIterator:0.01
SingleElectronIterator:0.0033333333333333335
LonePairIterator:0.0033333333333333335
