BaseManager:0.4866666666666667
MLock:0.3433333333333333
TargetAwareOp:0.3233333333333333
RequestBasedCall:0.28
Poll:0.25366666666666665
ScheduledAction:0.25333333333333335
Offer:0.23338888888888884
MAdd:0.23
MContainsKey:0.19
MEvict:0.14333333333333334
MPutMulti:0.13666666666666666
MultiCall:0.13666666666666666
MValueCount:0.13666666666666666
MRemoveMulti:0.13666666666666666
MPut:0.11333333333333333
MGet:0.11333333333333333
MGetMapEntry:0.11333333333333333
MRemoveItem:0.10666666666666667
MRemove:0.10666666666666667
