StageInfo:0.6466666666666666
StatusPrinter:0.38333333333333336
QueryMonitor:0.22333333333333333
