StoreWorker:0.7233333333333334
DiagnosticsLogWriter:0.43
WriteBehindManager:0.2633333333333333
MultiLineDiagnosticsLogWriterTest:0.15
