PyArray:0.63
PySequence:0.4633333333333333
PyArrayDerived:0.41
ArrayModule:0.19666666666666666
