CommMessage:0.48333333333333334
CommChannel:0.27666666666666667
SolicitResponseProcess:0.19
SocketCommChannel:0.19
JavaService:0.15333333333333332
RequestResponseProcess:0.15333333333333332
JavaCommChannel:0.10666666666666667
ListCommChannel:0.09333333333333334
ByteArrayCommChannel:0.08333333333333333
ResponseContainer:0.05333333333333334
LocalCommChannel:0.025833333333333333
PipeCommChannel:0.016666666666666666
ResponseReceiver:0.006666666666666667
