SmoothProfile:0.6988888888888889
AutoTuneProfile:0.6655555555555556
