Sequence:0.47
FeatureSet:0.47
Transcript:0.38666666666666666
Exon:0.29333333333333333
SequenceTextPanel:0.27
ApolloPanel:0.25
AnnotationView:0.24333333333333335
StrandedZoomableApolloPanel:0.24166666666666667
CORBAAdapter:0.19333333333333333
DummySequenceAdapter:0.18666666666666668
DrawableAnnotatedSeqFeature:0.16666666666666666
ResidueProperties:0.16666666666666666
SiteView:0.14377777777777778
StatusBar:0.043333333333333335
