DataProcessor:0.4666666666666667
TableCopy:0.45666666666666667
AbstractDataWriter:0.16
FileCsvDataWriter:0.06666666666666667
AbstractCsvDataWriter:0.06
