SetOfMoleculesManipulator:0.59
SetOfReactionsManipulator:0.26
SetOfAtomContainersManipulator:0.24833333333333332
ReactionManipulator:0.24666666666666667
ChemModelManipulator:0.11666666666666667
