Literal:0.44333333333333336
AbstractDataAnalyzedStatement:0.3933333333333333
CompoundLiteralTest:0.30666666666666664
UpdateAnalyzerTest:0.19666666666666666
InsertFromValuesAnalyzerTest:0.18
TestMetaDataModule:0.11666666666666667
