Series:0.7433333333333333
Study:0.7066666666666667
GspsEncode:0.31333333333333335
SeriesBean:0.30333333333333334
StudyBean:0.21333333333333335
GspsDiscover:0.21333333333333335
RegroupNonImage:0.20666666666666667
ImageRun:0.18444444444444444
DicomCFindFilter:0.18
KeyObjectFilter:0.14333333333333334
StudyRun:0.11333333333333333
SeriesComparator:0.08333333333333333
SeriesRun:0.08
