LeafDocLookup:0.3466666666666667
LeafFieldsLookup:0.3466666666666667
NetworkDisruption:0.3466666666666667
DefMath:0.3433333333333333
UpdateIndexShardSnapshotStatusRequest:0.3
SingleNodeDisruption:0.3
AbstractNumericTestCase:0.22666666666666666
Segment:0.22466666666666668
RepositoryData:0.22466666666666668
EBinary:0.22133333333333335
