ConvolutionLayerTest:0.6583333333333333
ListenerTest:0.42333333333333334
