Props:0.5833333333333334
PropsData:0.4633333333333333
PropsValue:0.3333333333333333
PropsTest:0.21666666666666667
