DSLContext:0.6466666666666666
DDL:0.5233333333333333
DefaultDSLContext:0.44666666666666666
