Environment:0.645
ServerFactory:0.4453888888888889
ServerCommand:0.20444444444444446
