ParseCpsl:0.7083333333333334
TestJape:0.3466666666666667
Batch:0.33
