Aggregations:0.6105555555555556
AggregationsDataSerializerHook:0.38
BaseAggregationTest:0.05333333333333334
