Settlement:0.6133333333333333
ConstructionWizard:0.38666666666666666
Notification:0.36333333333333334
MainScene:0.32
TabPanelDashboard:0.15
NotificationFX:0.0
