FilterContextBuilder:0.6533333333333333
FilterContext:0.48333333333333334
