ResultQueue:0.8466666666666667
TaskExecutorRepeatTemplate:0.41333333333333333
ExecutingRunnable:0.4066666666666667
ResultQueueInternalState:0.2633333333333333
ThrottleLimitResultQueue:0.15
