Message:0.338936507936508
UserCreatedEventHandler:0.32
UserUpdatedEventHandler:0.32
UserCreatedEvent:0.2833333333333333
UserUpdatedEvent:0.2833333333333333
Event:0.18333333333333332
App:0.07666666666666666
