HiveClientConfig:0.675
HdfsConfigurationUpdater:0.43666666666666665
PrestoS3FileSystem:0.38333333333333336
HiveClientModule:0.37333333333333335
TestPrestoS3FileSystem:0.20666666666666667
HiveQueryRunner:0.17666666666666667
TestHiveClientConfig:0.12666666666666668
HiveTestUtils:0.12
