Messages:0.4527936507936508
MessageDescriptionViewer:0.36333333333333334
MessageDescriptionDetail:0.3466666666666667
MessageFileEditor:0.23
ViewMessageDescriptionPreview:0.16666666666666666
SWTResourceManager:0.12666666666666668
TableViewerSelectionAdapter:0.06333333333333334
MessageFormatter:0.06
