AndQueryBuilder:0.6566666666666666
OrQueryBuilder:0.6566666666666666
AndQueryParser:0.2633333333333333
OrQueryParser:0.2633333333333333
