MetaDataTable:0.8966666666666666
DbCleaner:0.22166666666666668
DbInitializer:0.2
