OidcConfiguration:0.42333333333333334
OidcWellKnownEndpointController:0.32
ReturnMappedAttributeReleasePolicy:0.2833333333333333
RegisteredServiceRegexAttributeFilter:0.2733333333333333
OidcCallbackAuthorizeViewResolver:0.23666666666666666
