FileDataSource:0.37333333333333335
StoreScp:0.37
MoveTask:0.33666666666666667
StoreScpService:0.17666666666666667
QueryRetrieveScpService:0.14333333333333334
