HTTPRangeSet:0.41
UploadEngine:0.32
GnutellaRequest:0.2966666666666667
URLUtil:0.2261111111111111
StrUtil:0.20333333333333334
