UploadedFileImpl:0.4776190476190476
Command:0.4066666666666667
