AstVisitor:0.42333333333333334
AnalyzedStatementVisitor:0.3566666666666667
CreateAnalyzerStatementAnalyzer:0.35
CreateRepository:0.25133333333333335
InnerVisitor:0.22666666666666666
TransportActionProvider:0.19
AnalyzerDispatcher:0.18333333333333332
RepositoryIntegrationTest:0.15666666666666668
CreateDropRepositoryAnalyzerTest:0.14666666666666667
RepositoryDDLDispatcher:0.09666666666666666
