Instruction:0.8483333333333334
ChoiceSelector:0.24333333333333335
