UPCEANReader:0.4166666666666667
Code39Reader:0.31666666666666665
ITFReader:0.31666666666666665
Code128Reader:0.22333333333333333
