TCQueryFilterValue:0.54
SelectionChangedBehavior:0.35444444444444445
TCLinksView:0.31333333333333335
AcquisitionModality:0.305
TCQueryLocal:0.2773055555555555
TCAjaxComboBox:0.24750000000000005
TCQueryBean:0.08333333333333333
