DataManager:0.66
Log:0.5433333333333333
Harvester:0.23
Aligner:0.21666666666666667
