NioServer:0.55
MultiplexerNioServer:0.3933333333333333
StateTransitionTask:0.24333333333333335
OutboundChannelInitializer:0.21
NodeNioServer:0.15333333333333332
SendingOrReceivingState:0.12666666666666668
SendingMultiplexingInfoState:0.08666666666666667
AbstractSocketChannelHandler:0.02
