ClientNearCache:0.56
ClientMapProxy:0.43555555555555564
ClientNearCacheTest:0.39666666666666667
