DescriptorBasedTestExecutionContext:0.6766666666666666
MethodInvoker:0.36
TestExecutionNode:0.32666666666666666
MethodInjectionTestCase:0.21333333333333335
