HttpWebConnection:0.5966666666666667
DefaultElementFactory:0.338
HttpWebConnectionTest:0.2733333333333333
DefaultElementFactoryTest:0.016666666666666666
