AssignmentStep:0.5466666666666666
ActionMap:0.29333333333333333
Action:0.2833333333333333
AssignmentAction:0.16333333333333333
MoveAction:0.06
