Planner:0.5033333333333333
PlannerTest:0.3566666666666667
NestedLoopConsumerTest:0.30333333333333334
Visitor:0.3
NestedLoop:0.2
QueryThenFetchConsumer:0.05
