ElementUtil:0.6366666666666667
TranslationUtil:0.36666666666666664
HeaderImportCollector:0.24666666666666667
TypeDeclarationGenerator:0.24333333333333335
