AtmosphereServlet:0.5633333333333334
DefaultBroadcaster:0.38
BroadcasterFactory:0.3016666666666667
DefaultBroadcasterFactory:0.25666666666666665
RedisBroadcaster:0.23666666666666666
AtmosphereResourceImpl:0.21
AbstractBroadcasterProxy:0.20333333333333334
