Matrix4:0.47333333333333333
Matrix3:0.4033333333333333
ShaderProgram:0.30666666666666664
Vector2:0.24833333333333332
