AbstractFlowExecutionTests:0.68
MockExternalContext:0.6466666666666666
MockSharedMapDecorator:0.3433333333333333
MockFlowExecutionControlContext:0.25333333333333335
