AtomicCounter:0.6066666666666667
CountersManager:0.5216666666666666
