MapServiceContext:0.6977777777777778
MapServiceContextImpl:0.49
PartitionContainer:0.2916666666666667
MapPartitionDestroyTask:0.27
MapRemoteService:0.18
