VariableSearchVisitor:0.5069444444444444
PortabilityRefactoring:0.46
BotTaskActionsDelegate:0.38666666666666666
