ClusterFixture:0.4533333333333333
Fixture:0.14666666666666667
Builder:0.056666666666666664
