Builder:0.4766666666666667
Response:0.38
URLConnectionTest:0.34
HttpURLConnectionImpl:0.23333333333333334
HttpEngine:0.23
RecordedResponse:0.1788888888888889
