AtomContainer:0.4766666666666667
Ring:0.38
RingSet:0.37666666666666665
MDLWriter:0.2833333333333333
IDCreator:0.25
Torsions:0.24666666666666667
BondStretching:0.24333333333333335
AllRingsFinder:0.24
ValencyCheckerTest:0.23666666666666666
HuLuIndexTool:0.23333333333333334
AtomContainerTest:0.23333333333333334
AtomPlacer3D:0.23
StructureDiagramGenerator:0.22666666666666666
SmilesParserTest:0.22666666666666666
ValencyChecker:0.21333333333333335
FiguerasSSSRFinder:0.21333333333333335
ConnectivityChecker:0.21166666666666667
Convertor:0.21
UniversalIsomorphismTester:0.21
AminoAcids:0.19872222222222222
ValenceCarbonConnectivityOrderOneDescriptor:0.19666666666666666
RDFProtonDescriptor:0.19666666666666666
ConnectivityOrderOneDescriptor:0.19666666666666666
BPolDescriptor:0.19666666666666666
MoleculeGraphs:0.19666666666666666
RTools:0.19666666666666666
ValenceConnectivityOrderOneDescriptor:0.19666666666666666
CarbonConnectivityOrderOneDescriptor:0.19666666666666666
BondCountDescriptor:0.19666666666666666
HINWriter:0.185
ModelBuilder3dTest:0.185
RandomStructureGeneratorTest:0.17833333333333334
AbstractRenderer2D:0.16666666666666666
AromaticBondsCountDescriptor:0.16
CDKSourceCodeWriter:0.15
QueryAtomContainerCreator:0.14333333333333334
SaturationChecker:0.14
RemoveAtomsAndBondsEditTest:0.135
RotatableBondsCountDescriptor:0.10666666666666667
ProteinBuilderTool:0.10666666666666667
AtomContainerBondPermutor:0.10333333333333333
CrossoverMachine:0.09666666666666666
DictionaryAction:0.07333333333333333
SMARTSBond:0.016666666666666666
