LocalUserObject:0.5844444444444444
CommunicationsStub:0.43333333333333335
ObjectNode:0.29
UserManagerTopComponent:0.2833333333333333
ObjectChildren:0.23333333333333334
LocalUserGroupObjectLight:0.16666666666666666
LocalUserObjectImpl:0.06972222222222221
UserChildren:0.06666666666666667
UserManagerService:0.06472222222222222
UserNode:0.021944444444444447
AddGroup:0.017388888888888888
AddUser:0.017388888888888888
LocalUserGroupObjectImpl:0.016666666666666666
UserProperty:0.016666666666666666
LocalUserGroupObjectLightImpl:0.013333333333333334
LocalUserGroupObject:0.013333333333333334
DeleteUser:0.01
GroupNode:0.0
