Macro:0.79
ImageBean:0.44666666666666666
GspsEncode:0.38666666666666666
StudyBean:0.30666666666666664
MacroItems:0.2866666666666667
LocalStudyModel:0.19666666666666666
SeriesBean:0.18666666666666668
PagedImageFilter:0.15666666666666668
MaxAgeFilter:0.13666666666666666
ContentTypeFilter:0.13666666666666666
ImageBeanMultiFrame:0.13
EmptyQueryParameterFilter:0.11333333333333333
WindowLevelMacro:0.09
MinMaxPixelMacro:0.075
MinMaxPixelInfo:0.06333333333333334
RegionMacro:0.01
