StrutsMockHttpServletResponse:0.5441666666666667
JSONValidationInterceptor:0.5116666666666667
JSONValidationInterceptorTest:0.42
