BMechBuilder:0.7383333333333333
BDefBuilder:0.6576666666666667
