TestNode:0.4425
TransportTasksActionTests:0.41
ListTasksResponse:0.3433333333333333
CancellableTasksTests:0.2966666666666667
TaskManagerTestCase:0.14472222222222222
