LifecycleServiceImpl:0.5133333333333333
HazelcastClientInstanceImpl:0.4
ClusterListenerSupport:0.27666666666666667
ClientRegressionWithMockNetworkTest:0.19
