OptionTypeString:0.6777777777777777
OptionSet:0.5266666666666666
