HibernateTestSupport:0.6133333333333333
HibernateStatisticsTestSupport:0.4544444444444444
RegionFactoryDefaultTest:0.13333333333333333
