AutomagicMadvocConfigurator:0.47333333333333333
AutomagicDbOomConfigurator:0.47333333333333333
AutomagicPetiteConfigurator:0.4066666666666667
