BlogReferer:0.9166666666666666
BlogRefererGroup:0.31333333333333335
