FractalRunner:0.5766666666666667
SequenceAlignmentRunner:0.53
WebCrawlerRunner:0.3883333333333333
