ForClassLoader:0.5833333333333334
JavaModule:0.44
StackAwareMethodVisitor:0.28
ForModule:0.27
JavaModuleTest:0.26666666666666666
Default:0.19805555555555557
WithLazyResolution:0.19666666666666668
ClassFileLocatorForModuleTest:0.18666666666666668
