Value:0.42
AbstractField:0.3933333333333333
TableImpl:0.30666666666666664
ResultImpl:0.22
AbstractDefinition:0.20666666666666667
AbstractTable:0.2
ULong:0.19222222222222224
DefaultDataTypeDefinition:0.19222222222222224
UShort:0.19222222222222224
SchemaImpl:0.19
IdentityImpl:0.15333333333333332
AbstractQueryPart:0.15333333333333332
TableFieldImpl:0.13333333333333333
AbstractStore:0.1288888888888889
NameImpl:0.12666666666666668
CatalogImpl:0.12666666666666668
PackageImpl:0.12666666666666668
ParameterImpl:0.12666666666666668
