WorkerActor:0.57
ActorRefUtils:0.3466666666666667
ActorNetworkRunner:0.30666666666666664
MasterActor:0.2733333333333333
Ack:0.14
