AuthorizationFramework:0.6363333333333333
StatisticsFilter:0.36333333333333334
