ChannelCodecAdapter:0.5866666666666667
ChannelBuffers:0.4866666666666667
AbstractEndpoint:0.31333333333333335
