DBCollection:0.55
MongoCursor:0.49927777777777776
JavaClientOldTest:0.10666666666666667
DBCursorAdapter:0.03
MongoCursorAdapter:0.03
