JSFFlowExecutionTests:0.7333333333333333
FlowELContextFactory:0.3336666666666667
