Macros:0.39666666666666667
VFSManager:0.37666666666666665
CompleteWord:0.2683333333333333
EditServer:0.23833333333333334
BufferPrintable:0.19333333333333333
ElasticTabStopBufferListener:0.19333333333333333
