ComponentRecorderTest:0.41
AbstractSemanticRecorderTest:0.3433333333333333
JComponentRecorder:0.24444444444444446
JComponentRecorderTest:0.22666666666666666
EventNormalizer:0.20666666666666667
AbstractRecorderTest:0.12333333333333334
EventWatcher:0.043333333333333335
