SuggestionBuilder:0.5766666666666667
CompletionSuggestionBuilder:0.44333333333333336
TermSuggestionBuilder:0.42
PhraseSuggestionBuilder:0.3933333333333333
CustomSuggestionBuilder:0.23111111111111116
CandidateGenerator:0.1866666666666667
SuggestBuilders:0.18666666666666668
InnerBuilder:0.14666666666666667
CustomSuggesterSearchIT:0.09333333333333334
