AlfSerializerDesc:0.59
Expr:0.30333333333333334
JavaObjectAccessor:0.29
AlfHelper:0.27
AlfTypeDesc:0.26666666666666666
WSObjectAccessor:0.26666666666666666
ISO8601DateConverter:0.05333333333333334
