DBCollection:0.4866666666666667
RenameCollectionOperation:0.2833333333333333
DatabaseAdministration:0.20722222222222222
DatabaseAcceptanceTest:0.14666666666666667
