MetaDataTable:0.65
Flyway:0.5833333333333334
MetaDataTableImpl:0.3466666666666667
DbMigrate:0.2111111111111111
DbInit:0.16111111111111112
