FactoryException:0.6766666666666666
VerticalDatumType:0.40863492063492063
