Application:0.7966666666666666
JglfwApplication:0.28
GwtApplication:0.28
LwjglApplication:0.2630555555555556
LwjglCanvas:0.25
LwjglAWTCanvas:0.25
IOSApplication:0.24
AndroidLiveWallpaper:0.24
AndroidDaydream:0.21666666666666667
AndroidApplication:0.19333333333333333
