TestInterpretedProjectionFunction:0.35333333333333333
CoalesceExpression:0.32466666666666666
UncompressedDoubleBlockCursor:0.32
Formatter:0.2633333333333333
UncompressedLongBlockCursor:0.2633333333333333
Visitor:0.21666666666666667
ExpressionInterpreter:0.18333333333333332
