ActivitySequencer:0.3016666666666667
TextSelectionActivity:0.2946666666666667
FileActivity:0.26466666666666666
ViewportActivity:0.26199999999999996
EditorActivity:0.24800000000000003
TextEditActivity:0.23666666666666666
FolderActivity:0.2346666666666667
RoleActivity:0.20333333333333334
ActivitiesPacketExtension:0.2
FollowModeAction:0.16333333333333333
JingleFileTransferManager:0.14
AbstractActivity:0.08333333333333333
