GroupByScalarPlannerTest:0.44
SplitPointVisitor:0.3933333333333333
SplitPoints:0.32666666666666666
Context:0.27111111111111114
SplitPointsTest:0.10333333333333333
