TestUtilities:0.7466666666666667
XMLType:0.295
JFXPanelWithChildren2Test:0.27666666666666667
JFXPainterUtils:0.24666666666666667
JFXBasicContainerWithChildrenTest:0.24333333333333335
JFXEditorOverlay:0.21472222222222223
RotationContainerRenderer:0.14666666666666667
JFXMapHorzWithChildrenTest:0.13666666666666666
JFXMapVertWithChildrenTest:0.13666666666666666
JFXEditorOverlayTest:0.11666666666666667
ARINCGpArcCircleTest:0.058333333333333334
JFXArcCircle2Test:0.056666666666666664
