WebUrlUtil:0.5633333333333334
AdaptedPortletURL:0.5066666666666667
UrlUtil:0.32
EmployeesController:0.16111111111111112
WorkspaceTreeController:0.13
SAbstractForumController:0.09666666666666666
ListFolderController:0.09333333333333334
