DataFrameDispatcher:0.65
DriverConductor:0.3933333333333333
SubscriptionRemovedCmd:0.25666666666666665
DriverConductorProxy:0.16666666666666666
