PacketEncoder:0.6
EncoderHandler:0.4166666666666667
PacketDecoder:0.3466666666666667
EventDeserializer:0.23333333333333334
