OpenALMusic:0.7133333333333334
WavInputStream:0.23
Sound:0.22333333333333333
OpenALSound:0.18666666666666668
