TreeBuilder:0.5066666666666667
Parser:0.33666666666666667
ParseError:0.25
