TransportSQLActionTest:0.6233333333333333
DocLevelExpressionsTest:0.37333333333333335
