DBRef:0.5966666666666667
DBRefOldTest:0.2633333333333333
DefaultDBCallback:0.235
DBCollectionTest:0.22666666666666666
DBObjectCodec:0.19666666666666666
BasicBSONEncoder:0.19
LazyDBObjectOldTest:0.19
JSONCallback:0.17833333333333334
LazyDBCallback:0.17666666666666667
Bytes:0.15
JSONSerializers:0.14
JSONCallbackTest:0.12666666666666668
JSONSerializersTest:0.12666666666666668
DefaultDBDecoderTest:0.08333333333333333
LazyWriteableDBCallback:0.08333333333333333
DefaultDBEncoder:0.08
DBRefBaseSerializer:0.06
