CertificateProfile:0.7866666666666666
X509CA:0.2633333333333333
TestSignSession:0.13333333333333333
