DataManager:0.53
GeonetContext:0.32666666666666666
MetadataNotifierClient:0.19333333333333333
MetadataNotifierManager:0.18
Geonetwork:0.145
NotificationTarget:0.14
MetadataNotifierControl:0.1
MetadataNotifierTask:0.09
Elem:0.08
MetadataNotifierClientException:0.02666666666666667
List:0.023333333333333334
Save:0.0033333333333333335
