RestChannel:0.62
HttpServer:0.35
DedicatedClusterSnapshotRestoreIT:0.3433333333333333
RestTableTests:0.22666666666666666
NettyHttpServerTransport:0.17666666666666667
HttpServerAdapter:0.1162777777777778
