ClassGen:0.5566666666666666
InsnGen:0.48333333333333334
RegionGen:0.33
CodeWriter:0.26666666666666666
MethodGen:0.25
AnnotationGen:0.24
TestCls:0.2
ConditionGen:0.16666666666666666
JadxTextArea:0.11
ClassModifier:0.10333333333333333
TestGenerics2:0.07666666666666666
TestReturnWrapping:0.07666666666666666
TestRedundantBrackets:0.0
