RDFProtonDescriptor_G3R:0.17666666666666667
RDFProtonDescriptor_GSR:0.17666666666666667
RDFProtonDescriptor_GHR_topol:0.17666666666666667
RDFProtonDescriptor_GHR:0.17666666666666667
RDFProtonDescriptor_GDR:0.17666666666666667
