SymmetricManagementService:0.36
NodeService:0.35333333333333333
INodeService:0.31333333333333335
