MacOSXDisplay:0.65
MacOSXDisplayPeerInfo:0.1877777777777778
DisplayParentTest:0.17
MacOSXGLCanvas:0.15666666666666668
