CollectionReferenceAliases:0.78
AliasResolutionContextImpl:0.36333333333333334
LoadQueryJoinAndFetchProcessor:0.29
CollectionLoadQueryDetails:0.23361111111111113
BasicCollectionLoadQueryDetails:0.19111111111111112
CollectionReferenceAliasesImpl:0.18
QuerySpaceTreePrinter:0.17583333333333337
