TestSpecLexer:0.42333333333333334
TestSpecParser:0.29333333333333333
ObjectCreator:0.29333333333333333
FieldReference:0.22333333333333333
DFA18:0.128
