TransportSQLActionTest:0.5166666666666667
TransportSQLAction:0.4
SQLParseService:0.36333333333333334
