Builder:0.59
Configuration:0.46355555555555555
XMLConfigBuilder:0.27666666666666667
