AttributeMetadataProperty:0.48333333333333334
ClassMetadataNode:0.36666666666666664
ClassHierarchyScene:0.24333333333333335
CreateAttributeAction:0.23666666666666666
AttributeMetadataNode:0.21333333333333335
ClassHierarchyReaderImpl:0.12666666666666668
