DockingManager:0.63
JPPFNodeState:0.5621666666666667
LogoUpdateTask:0.37
UndockingMouseAdapter:0.056666666666666664
