ClientQueueTest:0.39666666666666667
ClientQueueProxy:0.39666666666666667
QueueProxyImpl:0.33
