Convolution1DLayer:0.5816666666666667
Subsampling1DLayer:0.5033333333333333
CNN1DGradientCheckTest:0.37666666666666665
