Extruder:0.7433333333333333
Printer:0.44484523809523807
GenericExtruder:0.30333333333333334
Producer:0.3022222222222222
NullExtruder:0.2966666666666667
NullCartesianMachine:0.25666666666666665
Reprap:0.19333333333333333
