Condition:0.48333333333333334
RolloverRequest:0.36666666666666664
RolloverIT:0.23666666666666666
TransportRolloverActionTests:0.19666666666666666
RolloverRequestBuilder:0.16666666666666666
Stats:0.10333333333333333
ConditionTests:0.08
RolloverRequestTests:0.06333333333333334
