ProcessDefinition:0.7466666666666667
JpdlSerializer_3_2:0.31333333333333335
DesignerEditor:0.30666666666666664
