ILayoutContainerElement:0.49599999999999983
DefaultLayoutParser:0.37
ILayoutColumnBeginElement:0.3487380952380953
DefaultLayoutPainter:0.3233333333333333
DefaultLayoutColumnBeginElement:0.13
AbstractBasePainter:0.09333333333333334
LayoutBaseContainerElement:0.03666666666666667
