NonBlockingIOThread:0.39666666666666667
NonBlockingSocketWriter:0.2966666666666667
SpinningSocketWriter:0.2966666666666667
TaskFrame:0.21
