ConfigurationService:0.42
IConfigurationService:0.39166666666666666
TableConstants:0.36333333333333334
DataService:0.33666666666666667
TriggerRouterService:0.31666666666666665
ITriggerRouterService:0.31437301587301586
IDataService:0.23833333333333334
AbstractSymmetricEngine:0.22555555555555554
SelectFromSymDataSource:0.20666666666666667
ConfigurationServiceSqlMap:0.2
ConfigurationChangedDataRouter:0.19333333333333333
Version:0.18666666666666668
AbstractVersion:0.16666666666666666
DataServiceSqlMap:0.12
