AwsS3Service:0.3601666666666667
AwsModule:0.23666666666666666
AbstractS3BlobContainer:0.19
S3ImmutableBlobContainer:0.13666666666666666
S3BlobStore:0.12333333333333334
CloudAwsPlugin:0.07666666666666666
AbstractAwsTest:0.023333333333333334
