Field:0.5833333333333334
RowType:0.29333333333333333
ExpressionAnalyzer:0.23
JsonUtil:0.21333333333333335
Visitor:0.13666666666666666
