AnsjAnalyzer:0.5166666666666667
IndexTest:0.37666666666666665
AnsjTokenizer:0.37333333333333335
PhraseTest:0.19333333333333333
IndexAndTest:0.15
TestToken:0.14
