Management:0.7968253968253968
DefaultManagement:0.37333333333333335
FedoraAPIMBindingSOAPHTTPImpl:0.3566666666666667
