JPPFPriorityQueue:0.6066666666666667
ScheduleManager:0.31
AbstractJPPFQueue:0.26166666666666666
