DefaultMandatoryDependencyManager:0.4
ServiceDynamicInterceptor:0.32466666666666666
OsgiServiceBindingUtils:0.2711111111111111
ImporterDependencyListener:0.2594444444444445
Listener:0.24666666666666667
MultipleExportersDependingOnOneImporterTest:0.07666666666666666
SingleExportDependingOnMultipleImportTest:0.03333333333333333
