SearcherLogger:0.44
LuceneSearcher:0.37
CatalogSearcher:0.2866666666666667
RequestsByDate:0.215
MostSearchedKeyword:0.15333333333333332
DeleteTmpGraphics:0.14666666666666667
TableExport:0.13
Config:0.03888888888888889
TagCloud:0.03333333333333333
MdPopularity:0.016666666666666666
