OcspResponseGeneratorSession:0.5699444444444446
OcspResponseGeneratorSessionBean:0.37333333333333335
ClearCacheCommand:0.36333333333333334
ClearCacheServlet:0.21666666666666667
