CollectionUtils:0.63
HttpSessionMap:0.2
PortletSessionMap:0.2
HttpServletContextMap:0.2
PortletContextMap:0.2
PortletRequestMap:0.13333333333333333
PortletRequestParameterMap:0.13333333333333333
HttpServletRequestParameterMap:0.13333333333333333
HttpServletRequestMap:0.13333333333333333
