ComplementKernel:0.38333333333333336
SunshineBidirPathtracer:0.35
SunshinePathtracerOld:0.3333333333333333
IsVisibleInitKernel:0.2813333333333334
