WizardDescriptor:0.5566666666666666
WizardCollection:0.39666666666666667
SelectComputationPage:0.36
WizardFilter:0.2633333333333333
WarningStatus:0.14333333333333334
