OsgiBundleResource:0.7533333333333333
OsgiBundleResourceTest:0.4666666666666667
BundleJarTest:0.32666666666666666
