Producer:0.6283333333333333
EdgePattern:0.43833333333333335
CompoundPattern:0.325
Graph:0.26
