SearchTab:0.6966666666666667
DownloadHandler:0.27111111111111114
MouseHandler:0.21833333333333332
QuickDownloadHandler:0.03388888888888889
SearchUpdateChangeListener:0.02666666666666667
