DefaultManagement:0.49833333333333335
UploadServlet:0.36333333333333334
StreamUtility:0.34
