Namematch:0.6833333333333333
TestNamematch:0.32083333333333336
