BioResourceView:0.7933333333333333
BioclipseConsole:0.36333333333333334
