AbstractVirtualMachine:0.5633333333333334
VirtualMachineEvent:0.32
ExecutionStartAction:0.31127777777777776
ExecutionEndAction:0.31127777777777776
ActionMap:0.15666666666666668
SodbeansSoundMap:0.15333333333333332
