ParserATNSimulator:0.4533333333333333
LoopEndState:0.33644444444444443
ParserATNFactory:0.32666666666666666
ATNSimulator:0.2744444444444445
ATNSerializer:0.17777777777777778
