WebSocketImpl:0.7383333333333333
WebSocketAdapter:0.42333333333333334
