Node:0.7633333333333333
HazelcastInstanceImpl:0.39666666666666667
GroupProperties:0.3466666666666667
