Utils:0.51
FormatUtils:0.45166666666666666
JarUtils:0.26666666666666666
