CollectorResult:0.41633333333333333
ProfileResult:0.41
ProfileResultTests:0.31666666666666665
XContentHelper:0.24333333333333335
QueryProfileShardResult:0.23
SearchProfileShardResults:0.22333333333333333
AggregationProfileShardResult:0.2038888888888889
AbstractInternalProfileTree:0.17333333333333334
CollectorResultTests:0.01
