MyIFile:0.44333333333333336
JavaManagerMethodDispatcher:0.18666666666666668
JavaScriptManagerMethodDispatcher:0.18666666666666668
TestManager:0.12
Activator:0.08
MyInvocation:0.04666666666666667
AbstractManagerMethodDispatcherTest:0.023333333333333334
IJTestManager:0.006666666666666667
IJSTestManager:0.006666666666666667
JavaManagerMethodTest:0.0
JavaScriptManagerMethodTest:0.0
AllManagerMethodDispatcherTests:0.0
