Server:0.7
WebClientConfiguration:0.5233333333333333
WebClient:0.47
DefaultExternalContentManager:0.17083333333333334
DatastreamResource:0.16
GSearchDOManager:0.15
ServerUtility:0.09
