Step:0.6041666666666666
Call:0.4266666666666667
NewMatchCollector:0.41
