EnsJSequence:0.5291666666666667
EnsJAdapter:0.48333333333333334
