ISpectrumManager:0.6521666666666667
SpectrumEditor:0.49
SpectrumManager:0.47333333333333333
