TucanaNamespace:0.59
ResourceIndexImpl:0.5166666666666667
Constants:0.014071428571428572
