Planner:0.6316666666666667
LuceneDocCollector:0.22666666666666666
CollectSetAggregation:0.17333333333333334
ResponseForwarder:0.12
