FavoritesFolderNode:0.5033333333333333
NewFavoritesFolderAction:0.30333333333333334
DeleteFavoritesFolderAction:0.27666666666666667
FavoritesModuleTopComponent:0.15666666666666668
FavoritesActionFactory:0.09333333333333334
ChooseFavoritesFolderFrame:0.06333333333333334
FavoritesFolderRootNode:0.04666666666666667
FavoritesFolderNativeTypeProperty:0.006666666666666667
RemoveObjectFromFavoritesFolder:0.0
AddObjectToFavoritesFolderAction:0.0
