IndexQueryParserService:0.5266666666666666
InternalTestCluster:0.4
IndexService:0.36333333333333334
QueryParseContext:0.3333333333333333
EngineModule:0.2277777777777778
IndicesService:0.21444444444444447
TemplateQueryParserTest:0.12333333333333334
IndexQueryParserPlugin2Tests:0.11333333333333333
IndexQueryParserPluginTests:0.11333333333333333
