JChemPaintPanel:0.7183333333333334
SaveAsAction:0.41655555555555557
