HttpSecurityBeanDefinitionParserTests:0.36
HttpSessionContextIntegrationFilter:0.3333333333333333
SessionFixationProtectionFilter:0.23666666666666666
SessionFixationProtectionResponseWrapper:0.21694444444444447
FormLoginBeanDefinitionParser:0.21
ConfigUtils:0.18666666666666668
HttpSecurityBeanDefinitionParser:0.1811111111111111
OrderedFilterBeanDefinitionDecorator:0.16666666666666666
SecurityNamespaceHandler:0.12333333333333334
Elements:0.02666666666666667
