LabelList:0.7669444444444444
NodeSet:0.41833333333333333
