DialogHelper:0.5466666666666666
BeanPanel:0.4866666666666667
TimelineViewSettings:0.3233333333333333
ReportDetail:0.15666666666666668
TreeViewSettings:0.10666666666666667
ReportSelector:0.08666666666666667
