ViewSearchResults:0.5466666666666666
DataSpaceEditorRepository:0.5133333333333333
SearchResultManager:0.31333333333333335
