Builder:0.29333333333333333
ShadowCopyThread:0.29
GloVe:0.24333333333333335
AbstractCoOccurrences:0.20333333333333334
GloveCalculationsThread:0.19666666666666666
CountMap:0.15666666666666668
