Redisson:0.3514285714285714
RedissonList:0.35
RedissonAtomicLong:0.21
RedissonMap:0.21
RedissonCountDownLatch:0.20666666666666667
RedissonLock:0.20333333333333334
RedissonTopic:0.2
RedissonSet:0.19666666666666666
RObject:0.036166666666666666
