AbstractApertureInOsgiTest:0.5133333333333333
ApertureRuntimeActivator:0.20333333333333334
CompressSubCrawlerTest:0.13333333333333333
CompressSubCrawlerActivator:0.10416666666666667
TestDefaultSubCrawlerRegistry:0.09
ArchiveSubCrawlerTestBase:0.006666666666666667
