FakeActivity:0.58
StartedMatcher:0.3433333333333333
FakeContextWrapper:0.27666666666666667
