CallTest:0.5666666666666667
Builder:0.5233333333333333
JavaApiConverter:0.3233333333333333
HttpURLConnectionImpl:0.27666666666666667
MainTest:0.20333333333333334
