Actor:0.6133333333333333
ActorLoader:0.5233333333333333
Copier:0.2633333333333333
