JChemPaintPanel:0.8066666666666666
CopyPasteAction:0.24333333333333335
