Dataset:0.8133333333333334
FileMetaInfo:0.62
DcmHandlerAdapter2:0.42
DcmParser:0.4033333333333333
BaseDatasetImpl:0.32
DcmDir:0.2125
Dcm2Xml:0.21
DcmParserImpl:0.20333333333333334
SAXHandlerAdapter2:0.17333333333333334
FileMetaInfoImpl:0.15666666666666668
