Strings:0.54
ScriptEditor:0.48
Script:0.4766666666666667
Step:0.4033333333333333
Assert:0.4033333333333333
Sequence:0.36666666666666664
TextFormat:0.3644444444444444
Call:0.29333333333333333
Launch:0.2833333333333333
Annotation:0.2783333333333333
Robot:0.2633333333333333
Terminate:0.23166666666666666
ScriptEditorFrame:0.23
ComponentNode:0.22666666666666666
EventRecorder:0.22666666666666666
ForkedStepRunner:0.22333333333333333
TestSelector:0.22333333333333333
StepRunner:0.22
ComponentPropertyModel:0.21666666666666667
ScriptModel:0.21
ComponentBrowser:0.20333333333333334
ResourcesTest:0.18
EditorAction:0.17
CallEditor:0.16666666666666666
AssertEditor:0.16
LaunchEditor:0.14333333333333334
TesterMethodAction:0.14333333333333334
Costello:0.13333333333333333
FrameworkTestSuite:0.13333333333333333
EditorTestSuite:0.13
AnnotationEditor:0.12333333333333334
ScriptFilter:0.09333333333333334
