JobSLA:0.6759444444444445
JobManager:0.6559999999999999
AbstractNodeContext:0.41333333333333333
JobManagerListener:0.3441666666666667
JMXDriverConnectionWrapper:0.2833333333333333
JPPFJobManager:0.24
JPPFJobSLA:0.19333333333333333
JPPFPriorityQueue:0.19
TestJPPFJobSLA:0.1
