RenderingLayerPainter:0.7666666666666667
LayerRendererBridge:0.62
RendererFactory:0.32
SwingFactory:0.31
ServerWidgetFactory:0.26666666666666666
AbstractEditorEngine:0.2633333333333333
ProjectionScaledIntTypes:0.25333333333333335
AbstractRenderingPainter:0.22666666666666666
AbstractServerEngine:0.21333333333333335
AbstractServerDisplay:0.19666666666666666
EditorUtilities:0.19333333333333333
BasicServerEngine:0.18666666666666668
CSSUtilsParser:0.13333333333333333
ScriptEditorTestLogger:0.10333333333333333
