Walker:0.43
PainlessParser:0.41333333333333333
AnalyzerCaster:0.20666666666666667
FieldaccessContext:0.16055555555555553
CallinvokeContext:0.16055555555555553
PCallInvoke:0.14
PField:0.13444444444444445
BasicExpressionTests:0.07666666666666666
