Groove:0.5733333333333334
AspectualRuleView:0.53
FileGps:0.31666666666666665
AspectualViewGps:0.2225
