DomNode:0.6133333333333333
DomComment:0.4
HTMLElement:0.39666666666666667
HtmlUnitDOMBuilder:0.3566666666666667
DocumentNavigator:0.22333333333333333
DomCommentTest:0.11
