EBPlugin:0.64113986
EditBus:0.3754
EBMessage:0.3631872
EditorExiting:0.22907363
MacrosChanged:0.22161204
SearchSettingsChanged:0.22161202
PropertiesChanged:0.22161202
EditorStarted:0.20043942
MultiSelectStatusChanged:0.16902807
Java14:0.112546004
SettingsReloader:0.099881455
Buffer:0.09130612
VFS:0.08591321
MacrosMenu:0.07874214
QuickNotepad:0.0780303
View:0.077672504
HyperSearchResults:0.07611083
Macros:0.07490846
EditPane:0.06707255
HelpViewer:0.06266679
SearchDialog:0.056462426
VFSBrowser:0.05336591
