StepFactory:0.43
HopParser:0.38666666666666666
HopSymbolTableWalker:0.34833333333333333
HopLexer:0.27666666666666667
DFA51:0.15666666666666668
DFA67:0.15666666666666668
