DefaultResourceDao:0.74
DefaultResourceDaoTest:0.3566666666666667
DefaultSurveillanceService:0.3433333333333333
