Property:0.6333333333333333
MetaProperty:0.48333333333333334
