RubyUI:0.6766666666666666
RubyBrowsingPart:0.36
StandardRubyElementContentProvider:0.3466666666666667
RubyBrowsingContentProvider:0.29333333333333333
RubyElementImageProvider:0.24016666666666667
RubyAbstractEditor:0.20666666666666667
RubyElementLabels:0.20666666666666667
RubyElementSorter:0.20666666666666667
RubyElementAdapterFactory:0.20666666666666667
PreferenceConstants:0.12333333333333334
MembersView:0.11
ProjectsView:0.08861111111111111
RubyBrowsingPerspectiveFactory:0.04777777777777778
RubyElementTypeComparator:0.013333333333333334
ProjectContentProvider:0.0033333333333333335
SimpleView:0.0
TypesView:0.0
