Plugin:0.5183333333333333
PluginManager:0.5143333333333334
PlugsTest:0.36333333333333334
