Jerry:0.6566666666666666
LagartoParserEngine:0.4066666666666667
JerryParser:0.3233333333333333
LagartoParserUtil:0.23666666666666666
ParsingProblemsTest:0.12
