TypeGraph:0.43
GraphJVertex:0.25916666666666666
DefaultGraphView:0.25333333333333335
AspectJModel:0.235
Level:0.21666666666666667
TypeViewList:0.17666666666666667
JAttr:0.15833333333333333
JaxbGxlIO:0.15333333333333332
TypeAspect:0.15
Typing:0.12
