Common:0.8666666666666667
Notification:0.6866666666666666
ArticleMgmtService:0.24333333333333335
NotificationMgmtService:0.22333333333333333
NotificationQueryService:0.21333333333333335
UserQueryService:0.13333333333333333
ArticleNotifier:0.13
CommentMgmtService:0.12
PointtransferQueryService:0.1
Pointtransfer:0.08666666666666667
NotificationProcessor:0.07
