NLoggerNames:0.7266666666666667
NLogger:0.6166666666666667
MsgQuery:0.2866666666666667
FileRescanRunner:0.25666666666666665
PhexLogger:0.24333333333333335
FirewallCheckTimer:0.15
IncommingCheckRunner:0.1
HopsFlowTimer:0.09666666666666666
QRPUpdateTimer:0.08666666666666667
HTTPHeaderNames:0.0
