MProxyImpl:0.6266666666666667
MapTest:0.4716666666666667
MapProxy:0.2966666666666667
