TupleInfo:0.6766666666666666
TestDictionarySerde:0.39666666666666667
DictionarySerde:0.3433333333333333
UncompressedBlockSerde:0.25333333333333335
Footer:0.22666666666666666
