SamlRegisteredService:0.59
AbstractCasProtocolValidationSpecification:0.24333333333333335
ChainingMetadataResolverCacheLoader:0.17333333333333334
Cas10ProtocolValidationSpecification:0.15333333333333332
Cas20ProtocolValidationSpecification:0.15333333333333332
Cas20WithoutProxyingValidationSpecification:0.15333333333333332
