BaseMultiLayerNetwork:0.5833333333333334
StochasticHessianFree:0.41333333333333333
BackPropROptimizer:0.24
