MainDesktopPane:0.5433333333333333
MainWindowMenu:0.37166666666666665
ToolToolBar:0.30083333333333334
