UserDefineLibrary:0.39
GetWordsImpl:0.33
WordAlert:0.2633333333333333
MoneyTest:0.20333333333333334
DynamicWordDemo:0.15333333333333332
UserDefinedAnalysisTest:0.11416666666666667
Test:0.03
