ScenariosOrBuilder:0.605
ScenarioResultOrBuilder:0.5816666666666667
ScenarioResultSummaryOrBuilder:0.5616666666666666
ScenarioOrBuilder:0.5616666666666666
Stats:0.5005555555555556
Messages:0.4266666666666667
Control:0.38333333333333336
LoadParams:0.36333333333333334
ChannelArgOrBuilder:0.34365079365079365
SimpleRequest:0.3
Builder:0.2866666666666667
ClientConfigOrBuilder:0.2833333333333333
StreamingOutputCallRequest:0.2733333333333333
ReconnectParamsOrBuilder:0.27051984126984113
BoolValue:0.27
SimpleRequestOrBuilder:0.2633333333333333
StreamingOutputCallRequestOrBuilder:0.2633333333333333
ServerConfigOrBuilder:0.24666666666666667
ClientStatsOrBuilder:0.24666666666666667
Scenario:0.24666666666666667
ClientConfig:0.235
ServerConfig:0.23166666666666666
LoadParamsOrBuilder:0.22976190476190478
ResponseParameters:0.22833333333333333
ServerStats:0.225
ServerStatsOrBuilder:0.22166666666666668
StreamingInputCallRequestOrBuilder:0.22166666666666668
RequestResultCount:0.21666666666666667
ScenarioResultSummary:0.21333333333333335
ChannelArg:0.20666666666666667
ClientStats:0.205
StreamingInputCallRequest:0.20166666666666666
Void:0.2
ResponseParametersOrBuilder:0.2
ScenarioResult:0.19333333333333333
MethodHandlers:0.19
Scenarios:0.18666666666666668
ReconnectParams:0.18666666666666668
BoolValueOrBuilder:0.17361111111111113
BenchmarkServiceGrpc:0.15333333333333332
BenchmarkServiceBlockingStub:0.13
BenchmarkServiceStub:0.12
BenchmarkServiceImplBase:0.08583333333333333
RequestResultCountOrBuilder:0.006666666666666667
