GwtTeamingMessages:0.4680555555555556
PublicLinkInfo:0.43
PublicLinksRpcResponseData:0.3233333333333333
GwtServerHelper:0.27066666666666667
GwtRpcServiceImpl:0.24
GwtMenuHelper:0.23
GwtShareHelper:0.21
ShareExpirationWidget:0.2
ShareExpirationValue:0.18666666666666668
EditPublicLinkDlg:0.18
SaveShareExpirationValueCmd:0.023333333333333334
