AuthenticationWebFilter:0.6233333333333333
AuthenticationWebFilterTests:0.33666666666666667
FormLoginBuilder:0.33666666666666667
