PointInTime:0.6
Calendar:0.5341666666666667
GregorianCalendar:0.37333333333333335
JulianCalendar:0.01
