UserProcessor:0.4533333333333333
ArticleQueryService:0.42333333333333334
CommentQueryService:0.2733333333333333
