BundleDependencyComparator:0.5
AbstractServiceDependencySorterTest:0.44333333333333336
TarganStronglyConnectedSorter:0.29333333333333333
ContextLoaderListener:0.2633333333333333
ComparatorServiceDependencySorter:0.13
