Maintenance:0.5833333333333334
MaintenanceEVA:0.51
Doctor:0.16444444444444445
Areologist:0.06666666666666667
Driver:0.06666666666666667
Engineer:0.04666666666666667
