BioResource:0.7633333333333333
DBFolderResource:0.31333333333333335
Bc_databasePlugin:0.23666666666666666
DatabaseManager:0.20333333333333337
RunDemo:0.19333333333333333
DBFolderFactory:0.12666666666666668
