NetworkException:0.6533333333333333
GITRemoteRepository:0.44333333333333336
SVNRemoteRepository:0.32666666666666666
ProjectTeamTMX:0.2866666666666667
