GermplasmBean:0.47
AlleleGermplasmLinkingBean:0.4533333333333333
AttributionBean:0.25
EvidenceDescriptionBean:0.24666666666666667
NullAttributionBean:0.2088888888888889
NullAlleleGermplasmLinkingBean:0.2088888888888889
NullEvidenceDescriptionBean:0.2088888888888889
NullGermplasmBean:0.2088888888888889
