FeatureSetI:0.6733333333333333
SequenceI:0.5433333333333333
AnnotationEditor:0.4766666666666667
Selection:0.4666666666666667
Controller:0.45
FeatureSet:0.4
FeatureTierManagerI:0.36083333333333334
ApolloPanel:0.30666666666666664
ResultView:0.28
AlignMenuItems:0.27
BaseEditorPanel:0.26
SiteView:0.25666666666666665
StrandedFeatureSet:0.25333333333333335
FeatureTierManager:0.24666666666666667
StrandedZoomableApolloPanel:0.24555555555555553
SequenceEdit:0.24
AbstractSequence:0.23666666666666666
TierView:0.23666666666666666
TierPopupMenu:0.23
DrawableSequence:0.22666666666666666
TierViewI:0.22337301587301586
TranscriptEditPanel:0.21638888888888885
DrawableFeatureSet:0.21333333333333335
BaseFineEditor:0.21
ScaleView:0.21
GAMEAdapter:0.20666666666666667
SelectionSet:0.20666666666666667
FeatureEditorDialog:0.20333333333333334
SelectableDNARenderer:0.2
DrawableSeqFeature:0.19666666666666666
SeqPanel:0.19333333333333333
GAMESave:0.19
FeatureView:0.18333333333333332
AnnotationMenu:0.17833333333333334
TranslationStartStopSelectionListener:0.17666666666666667
ApolloPanelI:0.17527777777777778
SeqMatchPanel:0.17333333333333334
GeneEditPanel:0.16
DragView:0.14833333333333334
RightClickActionListener:0.14333333333333334
SelectionAnnotationChangeListener:0.10333333333333333
TranslationViewer:0.09833333333333333
DragViewI:0.09642857142857142
ControlledWindow:0.065
DropTargetViewI:0.05
