ReferenceResolver:0.5766666666666667
ProofChecker2Impl:0.5233333333333333
FormalProofCheckerExecutor:0.52
BasicProofErrors:0.016666666666666666
