AlternateEnsJSequence:0.4866666666666667
EnsJAdapter:0.3888888888888889
DataFetcher:0.37
