Model:0.5594444444444444
Ruler:0.21333333333333335
