QueuedEvent:0.2966666666666667
XMLObjectAttribute:0.25833333333333336
ScenarioQueuedEvent:0.21666666666666667
ServerExtensionLoader:0.20083333333333334
MapLibraryManager:0.19527777777777777
Message:0.18133333333333332
ReaderEventQueue:0.18
WriterEventQueue:0.18
ClientAPIUtilities:0.17333333333333334
ClickListener:0.16333333333333333
ClientXMLDFHandler:0.15833333333333333
