NodeService:0.56
Response:0.33
MapService:0.18666666666666668
TheCall:0.16833333333333333
PutOperation:0.09
PartitionIterator:0.06666666666666667
PutBackupAndResponse:0.056666666666666664
GetOperation:0.05333333333333334
PutBackupOperation:0.05333333333333334
MapProxy:0.03805555555555556
