Command:0.7266666666666667
ServiceRequestImpl:0.36333333333333334
TestCommand:0.28
CommandGeneratorConfig:0.14333333333333334
TestCommandGenerator:0.13666666666666666
