Event:0.48333333333333334
ClassInfo:0.37333333333333335
Class:0.3333333333333333
Types:0.31
StateMachine:0.3
ESParser:0.2633333333333333
EventGeneratorFactory:0.25
SCEvent:0.22933333333333333
JPF_gov_nasa_jpf_sc_StateMachine:0.18666666666666668
JPF_java_lang_Class:0.15666666666666668
SimStateMachine:0.14333333333333334
