Atom:0.6333333333333333
PseudoAtom:0.51
AtomType:0.38333333333333336
