AbstractQueryTestCase:0.6963888888888888
MapperQueryParser:0.4066666666666667
QueryStringQueryBuilderTests:0.4066666666666667
