ArticleMgmtService:0.44333333333333336
MetaWeblogAPI:0.2966666666666667
CommentProcessor:0.27666666666666667
ArticleConsole:0.23333333333333334
