ObjectGraph:0.47
InjectionTest:0.4033333333333333
LazyInjectionTest:0.2833333333333333
MembersInjectorTest:0.27666666666666667
ProblemDetectorTest:0.09333333333333334
