SetAction:0.44666666666666666
XmlFlowBuilder:0.41333333333333333
ActionResultExposer:0.26666666666666666
SetActionTests:0.07333333333333333
