NodeAction:0.7633333333333333
Transports:0.34
TransportKillAllNodeActionTest:0.16
TransportKillJobsNodeActionTest:0.16
TransportsTest:0.15
TransportDistributedResultAction:0.11666666666666667
TransportJobAction:0.11333333333333333
TransportFetchNodeAction:0.11333333333333333
TransportKillJobsNodeAction:0.10333333333333333
TransportKillAllNodeAction:0.10333333333333333
