Attributes:0.7233333333333334
Scale:0.5033333333333333
ScaleObserver:0.39
_Field:0.15
