JglfwGraphics:0.7833333333333333
JglfwApplicationConfiguration:0.608
JglfwApplication:0.4633333333333333
