DigitalObject:0.8066666666666666
Datastream:0.25594227994228
