Facade:0.7752777777777778
WSClient:0.4666666666666667
AbstractFacade:0.31
JaxRpcFacade:0.24
FacadeImpl:0.043333333333333335
