MockJoiner:0.4
FirewallingMockConnectionManager:0.33
SplitBrainTestSupport:0.30333333333333334
TestHazelcastInstanceFactory:0.24
TestNodeRegistry:0.24
MockNodeContext:0.19333333333333333
