OPMLResource:0.45666666666666667
FeedResource:0.37333333333333335
FeedEntryResource:0.3616666666666667
Bc_cmlrssPlugin:0.20333333333333334
