ExSymExeLongBytecodes:0.49333333333333335
ExSymExeLongBCwGlob:0.44666666666666666
ExSymExeLongBCwGlob2:0.14333333333333334
