DefinitionModuleImpl:0.4533333333333333
ListFolderHelper:0.42
WebKeys:0.416984126984127
ListFolderController:0.11666666666666667
