Strings:0.7466666666666667
Encoding:0.39533333333333337
StringsTest:0.38666666666666666
