TdsResultSet:0.44333333333333336
CursorResultSet:0.38666666666666666
TdsStatement:0.31
AbstractResultSet:0.30666666666666664
