XmlClientConfigBuilderTest:0.2833333333333333
ClientAtomicLongTest:0.27666666666666667
ConfigXmlGeneratorTest:0.24666666666666667
ScheduledExecutorServiceSlowTest:0.24666666666666667
TestFullApplicationContext:0.23666666666666666
MapTransactionTest:0.22666666666666666
ScheduledExecutorServiceBasicTest:0.22666666666666666
TestClientApplicationContext:0.21666666666666667
QueryBasicTest:0.21333333333333335
BaseMemoryAccessorTest:0.2
TestClientNetworkConfig:0.19666666666666666
HotRestartStateImplTest:0.09333333333333334
