IL:0.7766666666666666
ILU:0.5066666666666667
ILUT:0.32
