ConnectionNode:0.5233333333333333
ConnectionVisualPanel:0.3566666666666667
Oc4jConnectionNode:0.2866666666666667
Mx4jConnectionNode:0.22666666666666666
ConnectionSettingsBeanInfo:0.19333333333333333
WebsphereConnectionNode:0.16333333333333333
JSR160ConnectionNode:0.16333333333333333
WeblogicConnectionNode:0.16333333333333333
