Explain:0.42
StatementAnalyzer:0.30666666666666664
TestSqlParser:0.28
AstBuilder:0.26666666666666666
Formatter:0.26666666666666666
TestAnalyzer:0.23666666666666666
PrestoVerifier:0.18333333333333332
LogicalPlanner:0.14666666666666667
TestTpchDistributedQueries:0.08666666666666667
