FlowExecutionHolder:0.5533333333333333
FlowPhaseListener:0.3933333333333333
FlowExecutionHolderUtils:0.35333333333333333
FlowNavigationHandler:0.22
