XMPPChatTransmitter:0.47
SessionManager:0.4633333333333333
Saros:0.43333333333333335
ConnectionSessionListener:0.41305555555555556
JupiterReceiver:0.21666666666666667
ConsistencyWatchdogReceiver:0.19333333333333333
LeaveHandler:0.14666666666666667
Util:0.14
InvitationHandler:0.09333333333333334
RequestForActivityHandler:0.06666666666666667
XMPPReceiver:0.06
SarosRosterListener:0.056666666666666664
UserListHandler:0.056666666666666664
ConnectionSessionManager:0.02666666666666667
