Advapi32:0.665
Kernel32:0.66
Advapi32Test:0.3
W32FileMonitor:0.2866666666666667
WinBase:0.2733333333333333
Advapi32Util:0.25666666666666665
Kernel32Test:0.24333333333333335
WinNT:0.20333333333333334
Advapi32UtilTest:0.15666666666666668
FILE_NOTIFY_INFORMATION:0.07666666666666666
OVERLAPPED:0.023888888888888887
SYSTEMTIME:0.023888888888888887
FILETIME:0.016666666666666666
OVERLAPPED_COMPLETION_ROUTINE:0.006944444444444445
NTStatus:0.0
SECURITY_ATTRIBUTES:0.0
