TreeNode:0.7166666666666667
DivNode:0.5766666666666667
METSReader:0.3
Converter:0.17
