TextToken:0.44
Lexer:0.35333333333333333
Parser:0.21833333333333332
Scope:0.20333333333333334
Field:0.13444444444444442
Text:0.11666666666666667
