ICDKManager:0.6466666666666666
CDKManager:0.5766666666666667
Record:0.19666666666666666
