Property:0.8066666666666666
EventsBean:0.43333333333333335
EditNote:0.29
SelectEntityWidget:0.26805555555555555
EditView:0.2611111111111111
Add:0.15666666666666668
EditCol:0.15333333333333332
EditViewFactory:0.14333333333333334
CreateRelationship:0.12666666666666668
BasicEditor:0.11555555555555555
DelCol:0.10666666666666667
OpenForEdit:0.07666666666666666
NoteCol:0.0725
PropertyNote:0.07
