FeedbackDialog:0.7233333333333334
StartupSaros:0.3983333333333333
