ReportModule:0.7046666666666667
WebKeys:0.4494444444444445
AjaxController:0.37666666666666665
ReportModuleImpl:0.35
GwtServerHelper:0.24666666666666667
ViewController:0.11333333333333333
EmailReportController:0.03333333333333333
