QManager:0.6866666666666666
WASQManager:0.23472222222222225
MQQManager:0.21666666666666667
WASSIBQManager:0.21333333333333335
LibertyQManager:0.21
ActiveMQQManager:0.16666666666666666
