Response:0.5166666666666667
CallTest:0.3233333333333333
ObservableCallAdapterFactoryTest:0.26
OkHttpCall:0.19333333333333333
