Promise:0.4766666666666667
PostponedAction:0.42
PromiseTest:0.31333333333333335
