Result:0.6755555555555556
OneTwoActionTest:0.36666666666666664
OneMoveAction:0.13
