Signature:0.6633333333333333
TypeParameter:0.51
TestSignature:0.19333333333333333
