GwtUIHelper:0.49
GwtViewHelper:0.38
TreeDisplayVertical:0.3233333333333333
ContentControl:0.2833333333333333
