Bc_nmrshiftdbConstants:0.86
MessagePage:0.34
SubmitWizard:0.23666666666666666
PasswordWizardPage:0.1991666666666667
ServerWizardPage:0.1991666666666667
AssignPredictWizard:0.18333333333333332
