View:0.715
MvcViewFactoryTests:0.3233333333333333
ViewState:0.31666666666666665
MvcView:0.2833333333333333
MockView:0.21388888888888885
ActionExecutingView:0.19661111111111113
NullView:0.19661111111111113
