SearchTransportService:0.4669444444444444
TransportSearchAction:0.41933333333333334
