DomText:0.5766666666666667
DomCharacterData:0.5066666666666667
DomCommentTest:0.11
