InMemoryLookupTable:0.5433333333333333
GloveWeightLookupTable:0.41333333333333333
RNTN:0.41
ConvolutionDownSampleLayer:0.39
MultiLayerNetwork:0.33
BaseHazelCastStateTracker:0.21333333333333335
Word2VecWork:0.17666666666666667
MLLibUtil:0.16333333333333333
TextPipeline:0.14
TokentoVocabWord:0.11333333333333333
BasicRNTNTest:0.09333333333333334
WordVectorSerializer:0.07666666666666666
LFWDataSetIterator:0.0033333333333333335
