ScoreFunction:0.6966666666666667
FunctionScoreQuery:0.3566666666666667
CustomBoostFactorWeight:0.32
FunctionFactorScorer:0.23
FieldValueFactorFunction:0.22666666666666666
NumericFieldDataScoreFunction:0.16333333333333333
GeoFieldDataScoreFunction:0.16333333333333333
BoostScoreFunction:0.12266666666666666
ScoreOne:0.08333333333333333
WeightFactorFunction:0.07666666666666666
ScriptScoreFunction:0.07333333333333333
RandomScoreFunction:0.07333333333333333
