JumpToApplicationThreadServerStreamListener:0.31333333333333335
ServerImplTest:0.29333333333333333
ContextCloser:0.24666666666666667
TaskFilter:0.24046031746031743
FakeClock:0.22333333333333333
ServerStreamListenerImpl:0.15355555555555556
ServerTransportListenerImpl:0.14333333333333334
FakeClockTest:0.058333333333333334
