PostProcessedMockUserDetailsService:0.4533333333333333
MockUserServiceBeanPostProcessor:0.05333333333333334
