Message:0.43416666666666665
MCalendarPanel:0.3466666666666667
MNotification:0.3
Editor:0.29333333333333333
DayButton:0.21
DayLabel:0.12666666666666668
