TestCommandLineUtilities:0.5508333333333333
AutoFinder:0.5433333333333333
