Tds:0.72
CallableStatement_base:0.43666666666666665
TdsStatement:0.38666666666666666
TdsConnection:0.3333333333333333
TdsResultSet:0.30333333333333334
PreparedStatement_base:0.25
ConnectionHelper:0.08738888888888888
