RightHandSide:0.5766666666666667
Javac:0.5166666666666667
SinglePhaseTransducer:0.41
