DataManager:0.74
Harvester:0.26
Create:0.22
File:0.10327777777777777
UpdateChildren:0.03333333333333333
