ClusterServiceImpl:0.5288888888888889
ClusterStateManager:0.43
AdvancedClusterStateTest:0.31333333333333335
ClusterStateTransactionLogRecord:0.23
ChangeClusterStateOperation:0.22
