RubyModel:0.7366666666666667
DocumentModelChangeEvent:0.30333333333333334
RubyContentOutlinePage:0.22666666666666666
RubyAbstractEditor:0.22333333333333333
RubyDocumentProvider:0.22333333333333333
RubyReconcilingStrategy:0.22333333333333333
