ScriptingTestCase:0.6366666666666667
ScriptingEnvironment:0.23333333333333334
