BinderHelper:0.7333333333333333
ObjectKeys:0.5633333333333335
WebKeys:0.5633333333333335
UserProperties:0.35333333333333333
ListFolderHelper:0.31
ListProfilesController:0.13666666666666666
FilterController:0.13333333333333333
ConfigureConfigurationController:0.12666666666666668
WorkspaceTreeHelper:0.08
