MessageConsumer:0.6866666666666666
HandlerRegistration:0.43
LocalEventBusTest:0.39666666666666667
