DOValidatorXMLSchemaTest:0.7066666666666667
FedoraTypes:0.32666666666666666
ValidateSchematronTest:0.1975
