Jdk8DateCodec:0.52
LocalTimeTest:0.13666666666666666
LocalDateTest:0.13666666666666666
