ResourceIndexImpl:0.6061111111111112
KowariRIStore:0.37166666666666665
