ReportView:0.5433333333333333
FollowHyperlink:0.44666666666666666
Callback:0.43634920634920643
