MemberStatusListener:0.6576666666666666
SequencerAgent:0.5666666666666667
ConsensusModuleHarness:0.46
MultiNodeTest:0.25
MemberStatusAdapter:0.18944444444444444
MemberStatusPublisher:0.17333333333333334
