DefaultActionMapper:0.48661111111111116
DefaultActionMapperTest:0.3233333333333333
StrutsResultSupport:0.25
