SoapFaultMappingExceptionResolver:0.6166666666666667
SoapFaultMappingExceptionResolverTest:0.33
SaajSoapBodyTest:0.2833333333333333
SoapMessageDispatcherTest:0.27666666666666667
