IDownloadFile:0.7983333333333333
DownloadEngine:0.6466666666666666
