CompositeIterator:0.7833333333333333
CompositeIteratorTests:0.02666666666666667
