MediaDriver:0.5566666666666666
Context:0.49666666666666665
UnicastTest:0.38333333333333336
