ReflectionUtils:0.535
SpecificationResolver:0.31666666666666665
JUnit5Testable:0.2833333333333333
JUnit5Class:0.13666666666666666
JUnit5Method:0.13666666666666666
CanBeTestClass:0.13653968253968254
FindClassesInPackageTest:0.12666666666666668
NestedClassToBeFound:0.03333333333333333
