Geonet:0.7633333333333333
DataManager:0.42333333333333334
SpatialIndexWriter:0.3
Transaction:0.25333333333333335
GetDomain:0.21
AbstractOperation:0.21
SearchManager:0.2030952380952381
Spatial:0.19333333333333333
Harvest:0.16666666666666666
Params:0.14666666666666667
Codec:0.14333333333333334
SpatialFilter:0.11333333333333333
MassiveXslProcessing:0.10461111111111111
OgcGenericFilters:0.0033333333333333335
