SamlIdPUtils:0.5983333333333334
AbstractSamlProfileHandlerController:0.41333333333333333
SerializationUtils:0.31
SSOPostProfileCallbackHandlerController:0.21666666666666667
SSOPostProfileHandlerController:0.16666666666666666
