HttpParameters:0.8066666666666666
ServletConfigInterceptorTest:0.2866666666666667
ServletConfigInterceptor:0.20666666666666667
