Vulnscand:0.65
Scheduler:0.36
BroadcastEventProcessor:0.3433333333333333
ScheduleTrigger:0.24777777777777782
NessusScanConfiguration:0.20666666666666667
SchedulerTest:0.03
