Session:0.44666666666666666
AbstractTestQueries:0.41
SessionBuilder:0.3566666666666667
ResourceUtil:0.20333333333333334
TestUnwrapExecute:0.16333333333333333
TestPrepareTask:0.11666666666666667
TestDeallocateTask:0.11
