TokenHelper:0.6466666666666666
TokenHelperTest:0.31333333333333335
ExecuteAndWaitInterceptor:0.28
TokenTagTest:0.23
TokenSessionStoreInterceptor:0.17666666666666667
