AbstractFlowExecutionTests:0.3433333333333333
FlowRegistryFactoryBean:0.2733333333333333
FlowBuilderServices:0.21666666666666667
FlowRegistryBeanDefinitionParser:0.19
DefaultFlowServiceLocator:0.16
FlowLocation:0.13666666666666666
WebFlowConfigNamespaceHandler:0.12666666666666668
StaticFlowDefinitionHolder:0.10333333333333333
WebFlowOgnlExpressionParser:0.0
