SearchService:0.49
ElasticsearchIntegrationTest:0.39666666666666667
Node:0.39
InternalTestCluster:0.33
ElasticsearchTestCase:0.2633333333333333
SearchModule:0.12033333333333333
SearchScrollWithFailingNodesTests:0.014166666666666666
