Loader:0.5433333333333333
Generator:0.51
Builder:0.44666666666666666
BuildMojo:0.08
