Service:0.5662222222222223
Wsdl:0.49
AbstractGenerator:0.41333333333333333
WsdlModel:0.4
WsdlGenerator:0.36666666666666664
WsdlServiceMetro:0.09
MetroWsdlServiceUtils:0.07416666666666666
WebServiceModel:0.07333333333333333
WsdlModelFactory:0.06333333333333334
WsdlModelMetro:0.03444444444444444
