NetworkPublication:0.5566666666666666
FlowControl:0.321
MaxMulticastFlowControl:0.14333333333333334
UnicastFlowControl:0.14333333333333334
