PasswordAuthenticationDao:0.6916666666666667
PasswordDaoAuthenticationProvider:0.6233333333333333
PasswordDaoAuthenticationProviderTests:0.45
LoggerListener:0.2
AuthenticationFailureUsernameOrPasswordEvent:0.016666666666666666
