NodeMulticastListener:0.5333333333333333
MulticastJoiner:0.4093333333333333
SplitBrainMulticastListener:0.3333333333333333
AbstractJoinTest:0.19333333333333333
