OpenKinectFrameGrabber:0.4666666666666667
opencv_imgproc:0.4
FaceRecognition:0.32666666666666666
Blender:0.27133333333333337
