Cnd:0.6016666666666667
MapLoader:0.37333333333333335
Stopwatch:0.3566666666666667
TransIocLoader:0.345
