JedisSentinelPoolTest:0.5566666666666666
JedisSentinelTestUtil:0.42333333333333334
