NullLiteral:0.47
TypeUtil:0.4633333333333333
TreeConverter:0.4472222222222222
