ConvertProcessor:0.18333333333333332
GrokProcessor:0.12666666666666668
GeoIpProcessor:0.07333333333333333
DateProcessor:0.056666666666666664
RemoveProcessor:0.02666666666666667
GsubProcessor:0.02666666666666667
RenameProcessor:0.02666666666666667
SplitProcessor:0.02666666666666667
SetProcessor:0.02666666666666667
MetaDataProcessor:0.0033333333333333335
AbstractStringProcessor:0.0
JoinProcessor:0.0
