BufferUtils:0.8566666666666667
IndexBufferObject:0.31333333333333335
VertexBufferObject:0.31
VertexArray:0.30666666666666664
BufferUtilsTest:0.18
ETC1Data:0.14333333333333334
