AbstractScopedSettings:0.6533333333333333
RecoveryFromGatewayIT:0.23333333333333334
ClusterRerouteIT:0.23333333333333334
SettingsModule:0.16333333333333333
ScopedSettingsTests:0.07333333333333333
