OperationServiceImpl:0.5233333333333333
MapContainer:0.3233333333333333
MapStoreTest:0.30333333333333334
LockServiceImpl:0.2866666666666667
QueueService:0.17666666666666667
