Person:0.6366666666666667
Settlement:0.4
Rover:0.24
UnitManager:0.23583333333333334
ExplorerRover:0.17333333333333334
LanderHab:0.16333333333333333
TransportRover:0.11555555555555558
