JavaMailSender:0.606388888888889
MailModuleImpl:0.5
PostingDef:0.3433333333333333
JavaMailSenderImpl:0.2
ConfigurePostingJobController:0.15333333333333332
