Element:0.38333333333333336
Attribute:0.2633333333333333
Node:0.25333333333333335
Document:0.24666666666666667
Attributes:0.22666666666666666
OutputSettings:0.21
DocumentTest:0.10333333333333333
ElementTest:0.06
