SimpleDataSource:0.6866666666666666
AnnotationEntityMaker:0.5766666666666667
