TC_DebuggerCommunicationTest:0.6366666666666667
RdtDebugUiConstants:0.2881666666666666
VariableFilterAction:0.06333333333333334
ShowStaticVariablesAction:0.0
ShowConstantsAction:0.0
