BuildLoopQueryServiceStub:0.54
ConfigXmlFileServiceTest:0.4
BuildDetailControllerTest:0.37666666666666665
BuildLoopQueryServiceStubTest:0.2633333333333333
ActiveBuildPageTest:0.19333333333333333
