ResourceIndex:0.7433333333333333
DefaultDOManager:0.34
ResourceIndexImpl:0.31
ResourceIndexRebuilder:0.25
ResourceIndexModule:0.19666666666666666
TripleGenerator:0.17
ModelBasedTripleGenerator:0.03333333333333333
ServiceDefinitionTripleGenerator:0.0
