GridFSBucket:0.6804444444444445
GridFSBucketImpl:0.5566666666666666
GridFSIndexCheckImpl:0.31
GridFSUploadStreamImpl:0.2966666666666667
GridFSDownloadStreamImpl:0.2866666666666667
