Config:0.4633333333333333
GenericAnnotationI:0.44666666666666666
GAMEAdapter:0.41
CurationSet:0.4
GenbankAdapter:0.38333333333333336
DrawableAnnotatedFeatureSet:0.2733333333333333
DrawableAnnotatedSeqFeature:0.26
StrandedZoomableApolloPanel:0.21666666666666667
ApolloLoaderI:0.16333333333333333
DataLoader:0.16333333333333333
DrawableLimitedFeatureSet:0.15
GenbankFormatType:0.06333333333333334
ApolloLaundry:0.03166666666666667
GenbankAdapterGUI:0.01
