ElementInfo:0.49666666666666665
Fields:0.4066666666666667
JPF_gov_nasa_jpf_jvm_Verify:0.31
Verify:0.31
DefaultFieldsFactory:0.14666666666666667
