TestClass:0.48
FrameworkMethod:0.4633333333333333
Interceptors:0.28
InterceptorTest:0.21666666666666667
WrongTypedField:0.14772222222222223
PrivateInterceptor:0.14772222222222223
ParallelMethodTest:0.14
TestClassTest:0.07916666666666666
