Service:0.6666666666666666
RetryTemplate:0.3202777777777778
ServiceDynamicInterceptor:0.28
ServiceWrapper:0.21666666666666667
EventSenderRetryTemplate:0.18333333333333332
ServiceLookUpCallback:0.03666666666666667
