ShareThisDlg:0.5066666666666667
EditShareRightsDlg:0.42333333333333334
ShareRightsWidget:0.23111111111111116
InvokeEditShareRightsDlgEvent:0.20111111111111113
