AndroidGraphics:0.5496666666666666
AndroidAudio:0.48333333333333334
AndroidApplication:0.3466666666666667
SoundTest:0.3
