RBatch:0.65
CommandBatchService:0.41333333333333333
RedisCommands:0.3542857142857143
RedissonBatch:0.2866666666666667
Entry:0.25259523809523815
RedissonBatchTest:0.21
CommandsData:0.19666666666666666
CommandDecoder:0.18333333333333332
