RemoteTask:0.6255952380952382
StateMachine:0.5616666666666666
TaskStateMachine:0.36
HttpRemoteTask:0.30333333333333334
MockRemoteTask:0.16972222222222225
