Move:0.7533333333333333
OrderBuilder:0.37666666666666665
DropUnit:0.31666666666666665
PickupUnit:0.2966666666666667
PickupUnitBuilder:0.07333333333333333
DropUnitBuilder:0.05333333333333334
