Command:0.62
Messages:0.53
AbstractStrPrePrcParser:0.44333333333333336
StrPrePrcParser:0.41
EditHeaderDialog:0.21666666666666667
MenuExtension:0.16333333333333333
EditHeaderAction:0.15333333333333332
EditCommandAction:0.135
AbstractHeaderAction:0.08666666666666667
