ClientPartitionServiceImpl:0.33666666666666667
MapPutAllMessageTask:0.31333333333333335
ClientMapProxy:0.29333333333333333
MessageFlyweight:0.29
CodeGenerationUtils:0.2833333333333333
ResponseTemplate:0.23327777777777778
NearCachedClientMapProxy:0.21333333333333335
MapCodecTemplate:0.19916666666666666
GetPartitionsMessageTask:0.19666666666666666
