MadvocConfig:0.8366666666666667
ActionMethodParser:0.37666666666666665
