LocalCertificateStoreSessionBean:0.4033333333333333
LocalUserAdminSessionBean:0.4033333333333333
UserDataBean:0.3466666666666667
CertificateDataBean:0.25333333333333335
