Node:0.67
ReplicaSetStatus:0.5733333333333334
MyPort:0.22666666666666666
ReplSetTest:0.16333333333333333
