WindowingImagePanel:0.6308333333333334
Thumbnail:0.2966666666666667
WindowingCanvas:0.25666666666666665
