LocusTable:0.57
GeneTable:0.5222222222222221
UpdateLocus:0.21333333333333335
