TransportSQLActionTest:0.49666666666666665
InformationSchemaServiceTest:0.4
RestSqlActionTest:0.32
Columns:0.2881666666666666
TablesTable:0.23666666666666666
