FormatterTest:0.6033333333333334
HtmlStaplerServlet:0.24333333333333335
