Qedeq2LatexExecutor:0.53
KernelProperties:0.36333333333333334
DefaultInternalKernelServices:0.12200000000000001
