DataHandler:0.82
UserHandler:0.5583333333333333
AnsiDataHandler:0.37
RegisterServlet:0.33666666666666667
LdapUserHandler:0.2586111111111111
TestDataHandler:0.21
TestUserHandler:0.19222222222222224
UpgradeServlet:0.19
DatabaseUserHandler:0.16833333333333333
