CORBAAdapter:0.7482777777777778
DrawableAnnotatedSeqFeature:0.5414444444444444
