TaskStateMachine:0.35
SqlTask:0.26
TaskManager:0.2517063492063492
HttpRemoteTask:0.25027777777777777
SqlTaskManager:0.22666666666666666
MockRemoteTask:0.19
TestSqlTaskManager:0.17666666666666667
TaskResource:0.15333333333333332
MockTask:0.14944444444444444
MockTaskManager:0.05333333333333334
