AuthenticationModule:0.6635555555555557
RelevanceDashboardHelper:0.38333333333333336
ModifyEntryController:0.37666666666666665
WebKeys:0.2881666666666666
BaseAuthenticationModule:0.16333333333333333
