Types:0.44333333333333336
InputStreamReader:0.21666666666666667
JPF_java_lang_StringBuffer:0.21333333333333335
CHECKCAST:0.20666666666666667
JPF_java_util_Random:0.18142857142857144
DynamicIntArray:0.13666666666666666
DynamicObjectArray:0.12666666666666668
