InternalPartitionServiceImpl:0.54
PartitionTable:0.3010555555555555
DefaultNodeGroup:0.19666666666666666
GroupProperties:0.07
