HttpParameters:0.5466666666666666
ParameterFilterInterceptor:0.39
ParameterFilterInterceptorTest:0.2733333333333333
Builder:0.2088888888888889
