DrawableFeatureSet:0.45666666666666667
AnnotationView:0.37666666666666665
FeatureView:0.37333333333333335
FeatureChangeEvent:0.2733333333333333
DrawableAnnotatedFeatureSet:0.2733333333333333
ExonHolder:0.23027777777777778
