ObjectKeys:0.48611111111111116
WebKeys:0.48611111111111116
BuildDefinitionDivs:0.32
ListFolderHelper:0.27
ListProfilesController:0.21622222222222226
AddFolderController:0.14666666666666667
