HttpServerImpl:0.6077777777777779
VertxHttp2ConnectionHandlerBuilder:0.4033333333333333
