QueryProvider:0.6633333333333333
DetectHQLTokenTypes:0.31333333333333335
