Options:0.49333333333333335
CycleFinder:0.42333333333333334
ErrorUtil:0.39
JdtParser:0.35
Handler:0.3023531746031747
CycleFinderTest:0.2833333333333333
