ChannelEditScreen:0.4666666666666667
ModelObjectTableModel:0.46
AppFrame:0.33
ChannelTableModel:0.19666666666666666
PopupListener:0.12333333333333334
