SearchHelper:0.7251666666666667
PageConfig:0.5233333333333333
Results:0.2888888888888889
