JSONScanner:0.35333333333333333
JSONReaderScanner:0.3466666666666667
JSONLexer:0.30333333333333334
DateParserTest_sql:0.22
DateParserTest_sql_timestamp:0.22
Bug12:0.20333333333333334
