BlackHoleColumnHandle:0.4866666666666667
BlackHoleTableHandle:0.4033333333333333
BlackHoleTableLayoutHandle:0.27
BlackHoleMetadata:0.2658333333333333
BlackHoleHandleResolver:0.2075
BlackHoleSmokeTest:0.19666666666666666
BlackHoleConnectorFactory:0.19
BlackHolePlugin:0.17666666666666667
BlackHoleSplitManager:0.16
Types:0.11333333333333333
BlackHoleMetadataTest:0.11333333333333333
BlackHoleConnector:0.08333333333333333
BlackHolePageSourceProvider:0.03666666666666667
