RWorkspace:0.5072222222222222
ApplicationWorkbenchAdvisor:0.31666666666666665
LanguageSwitchHandler:0.31
