TrainModule:0.5766666666666667
BaseStatsListener:0.4166666666666667
StochasticGradientDescent:0.19
TestPlayUI:0.19
