GwtRpcServiceImpl:0.42333333333333334
ProfileStatsPanel:0.3311111111111111
ProfileStats:0.30666666666666664
ProfileSidePanel:0.25
TrackedPersonClickHandler:0.22333333333333333
GwtProfileHelper:0.15333333333333332
TrackedUser:0.10666666666666667
ProfileFollowSectionPanel:0.09
