Property:0.7
MetaProperty:0.4275555555555555
PropertyXRef:0.39666666666666667
PropertyReader:0.21
Note:0.18
EntityReader:0.15333333333333332
CreateXReference:0.13666666666666666
Example:0.13333333333333333
PropertySimpleReadOnly:0.13166666666666665
