JPF_MIRROR:0.8166666666666667
BytecodeUtils:0.16333333333333333
