TestingChunkOrientedTasklet:0.4266666666666667
TaskletStepTests:0.38666666666666666
StepExecutorInterruptionTests:0.21666666666666667
SimpleChunkOrientedTaskletTests:0.13333333333333333
ChunkOrientedStepIntegrationTests:0.11666666666666667
