MetaModel:0.51
View:0.5
InvoiceDetail2:0.36333333333333334
POJOPersistenceProviderBase:0.24666666666666667
AnnotatedClassParser:0.22333333333333333
ColorOnlyPOJOTest:0.19
Invoice2Test:0.16333333333333333
NullCalculator:0.013055555555555556
