TypeSignature:0.49111111111111105
TypeSignatureParameter:0.48
TypeParameter:0.2733333333333333
JsonDeserializer:0.21666666666666667
ClientTypeSignatureParameter:0.20333333333333334
ClientTypeSignature:0.20333333333333334
TypeUtils:0.17666666666666667
ColumnInfo:0.17
QueryResults:0.16666666666666666
ArrayParametricType:0.13666666666666666
ClassifierParametricType:0.11333333333333333
MapParametricType:0.1
ClientTypeSignatureParameterDeserializer:0.09
