BinaryHeapTree:0.7966666666666666
BinaryHeapArray:0.7066666666666667
