ParamDefWizardPage:0.48
ProjectFinder:0.47333333333333333
BotTaskConfigHelper:0.44
IOUtils:0.37083333333333335
BotTaskEditor:0.33
BotConfigBasedProvider:0.31666666666666665
ConfigurationDialog:0.27
ParamDefComposite:0.24666666666666667
ParamDefWizard:0.24
BotTaskContentUtil:0.22
ConstructorView:0.19666666666666666
ChooseStringOrFile:0.19
BotTaskActionsDelegate:0.12666666666666668
BotXmlUtil:0.11333333333333333
BotResourcesLabelProvider:0.08333333333333333
