ClientConductor:0.41
ClientConductorTest:0.36
DriverListener:0.25333333333333335
DriverListenerAdapter:0.09333333333333334
