CrawlController:0.35333333333333333
CrawlOrder:0.31333333333333335
CredentialAvatar:0.29
BdbFrontier:0.2733333333333333
Rfc2617Credential:0.24833333333333332
Credential:0.21666666666666667
FetchHTTP:0.20333333333333334
HtmlFormCredential:0.13333333333333333
BdbMultipleWorkQueues:0.12333333333333334
