Vehicle:0.6033333333333334
Maintenance:0.37666666666666665
MaintainVehicle:0.2633333333333333
MaintenanceGarage:0.23488888888888895
