Utils:0.7266666666666667
MockTest:0.5566666666666666
