AsyncHandlerExtensions:0.5922222222222223
EventCollectingHandler:0.51
ReplayedSimpleAsyncHandler:0.37133333333333335
AsyncProvidersBasicTest:0.29
NettyRequestSender:0.21333333333333335
NettyConnectListener:0.19799999999999998
BasicHttpsTest:0.14333333333333334
ConnectionPoolTest:0.14333333333333334
NameResolver:0.14333333333333334
