MetaView:0.7966666666666666
JavaProgrammerWithGroupInSectionTest:0.3433333333333333
