Communication:0.6733333333333333
Article:0.28
AddUrl:0.24333333333333335
Update:0.24
Reference:0.17333333333333334
