DataManager:0.52
SelectionManager:0.4066666666666667
Session:0.3765555555555556
Search:0.3
Result:0.29333333333333333
LuceneSearcher:0.25666666666666665
Select:0.20333333333333334
CatalogSearcher:0.16
MassiveDelete:0.14
GetResultsInfo:0.11333333333333333
SearchResult:0.10666666666666667
SelectionSearch:0.0786111111111111
SearchController:0.05333333333333334
