DescriptorCalculator:0.44333333333333336
EventCMLDemo:0.29
CMLMolReadListener:0.2833333333333333
TemplateHandler3D:0.2633333333333333
SDFSubstructureFinder:0.12666666666666668
