OrderItemReader:0.8533333333333334
OrderItemReaderTests:0.35333333333333333
