DatabaseHandler:0.4633333333333333
FileHandler:0.35
PersistencyHandler:0.3433333333333333
DatabaseConnection:0.3
WikiBase:0.2733333333333333
AdminServlet:0.20666666666666667
SetupServlet:0.16666666666666666
