Settlement:0.3466666666666667
Building:0.3233333333333333
TaskManager:0.32
BuildingManager:0.31666666666666665
Mind:0.3
Vehicle:0.29333333333333333
Person:0.2761111111111111
Rover:0.24933333333333332
EVASuit:0.18333333333333332
CollectResourcesMission:0.18333333333333332
StudyRockSamples:0.17333333333333334
Farming:0.17
TendGreenhouse:0.16333333333333333
CollectResources:0.16333333333333333
Relax:0.1577777777777778
EatMeal:0.13333333333333333
Sleep:0.12666666666666668
