MetadataBuilder:0.6423611111111112
MetadataBuildingOptions:0.6423611111111112
AnnotationBinder:0.38666666666666666
MetadataBuildingOptionsImpl:0.37333333333333335
MetadataBuilderImpl:0.3433333333333333
