QuickNotepad:0.14518964
QuickNotepadPlugin:0.060948923
GUIUtilities:0.045835897
jEdit:0.03044234
RolloverButton:0.014085792
