HighlighterSearchIT:0.43666666666666665
SimpleQueryStringIT:0.39
QueryStringIT:0.35333333333333333
CommonAnalysisFactoryTests:0.30333333333333334
