Seccomp:0.41333333333333333
JNANatives:0.3333333333333333
Rlimit:0.22191269841269842
LinuxLibrary:0.1557777777777778
IndexStoreTests:0.14
Arch:0.09127777777777778
