ApplicationPreferences:0.8366666666666667
ERDesignerGraph:0.34
PreferencesPanel:0.19
ERDesignerBundle:0.11944444444444442
