StructureResonanceGeneratorTest:0.22666666666666666
BreakingBondReaction:0.22166666666666668
RadicalSiteInitiationReaction:0.19666666666666666
DisplacementChargeFromAcceptorReaction:0.185
DisplacementChargeFromDonorReaction:0.185
ResonancePositiveChargeDescriptorTest:0.185
RearrangementAnion2ReactionTest:0.18333333333333332
RearrangementAnion3Reaction:0.17866666666666667
RearrangementAnion2Reaction:0.17866666666666667
RearrangementRadical3Reaction:0.17866666666666667
RearrangementAnion3ReactionTest:0.17333333333333334
