StudyListLocal:0.58
StudyListBean:0.37666666666666665
PPSModel:0.37333333333333335
SimpleEditDicomObjectPanel:0.3433333333333333
SecureSession:0.31333333333333335
SeriesModel:0.31
InstanceModel:0.27666666666666667
PatientModel:0.26666666666666666
StudyListPage:0.26
MoveEntitiesPage:0.22666666666666666
StudyModel:0.22
StudyPermissionsLocal:0.2105952380952381
StudyPermissionsBean:0.18666666666666668
SeriesListView:0.16333333333333333
InstanceListView:0.15333333333333332
WebCfgService:0.13666666666666666
PPSListView:0.13666666666666666
ViewPort:0.12
StudyListView:0.10666666666666667
WebLoginContext:0.09
