AbstractCacheRecordStore:0.43
ClientNearCacheTestSupport:0.3233333333333333
ClientNearCacheTest:0.2866666666666667
NearCacheTestContext:0.24
InvalidationEventQueue:0.16333333333333333
CacheEventHandler:0.11666666666666667
CacheBatchInvalidationMessageSender:0.10744444444444445
