TypedArrayList:0.4066666666666667
DataSet:0.38611111111111107
Neuron:0.35333333333333333
NeuralNetwork:0.34
Normalizer:0.3272804232804233
Sampling:0.3272804232804233
Layer:0.3233333333333333
SupervisedLearning:0.18333333333333332
WeightsRandomizer:0.12666666666666668
NeuralNetworkChangedEvent:0.07333333333333333
DistortRandomizer:0.06333333333333334
SubSampling:0.025
DecimalScaleNormalizer:0.01
RangeNormalizer:0.01
MaxNormalizer:0.006666666666666667
MaxMinNormalizer:0.006666666666666667
