Batch:0.6766666666666666
DataProcessor:0.3333333333333333
ManageIncomingBatchListener:0.32666666666666666
StagingDataWriter:0.32666666666666666
