UTF8UrlEncoder:0.46
RequestBuilderBase:0.45666666666666667
RequestBuilder:0.43666666666666665
AsyncHttpProviderUtils:0.23888888888888885
TestUTF8UrlCodec:0.14666666666666667
OAuthParameterSet:0.12666666666666668
