EntryTitleInfo:0.48333333333333334
GwtViewHelper:0.48
EntryTitleCell:0.22
HoverHintPopup:0.18333333333333332
