Message:0.46
MNotification:0.40166666666666667
MAbout:0.33666666666666667
Main:0.23
CoolLabel:0.20666666666666667
