RedisClient:0.5133333333333333
MasterSlaveConnectionManager:0.38666666666666666
ClusterConnectionManager:0.3233333333333333
SentinelConnectionManager:0.24
ReplicatedConnectionManager:0.16333333333333333
