Vehicle:0.6433333333333333
StoreroomFacility:0.4166666666666667
TaskDrive:0.39
GreenhouseFacility:0.18666666666666668
InsituResourceProcessorFacility:0.13
Rover:0.11
