BuildingDetailPanel:0.3547288
UnitDetailPanel:0.2986807
ResourcesDetailPanel:0.28830487
GoodsDetailPanel:0.2802855
TerrainDetailPanel:0.24986687
NationTypeDetailPanel:0.21171962
FatherDetailPanel:0.17322779
NationDetailPanel:0.15890674
ColopediaPanel:0.11022648
FreeColPanel:0.10183511
ColopediaDetailPanel:0.06221792
ColopediaTreeItem:0.05054614
