Database:0.38
RecordManager:0.37666666666666665
FieldManager:0.2966666666666667
DBError:0.20666666666666667
NotUniqueError:0.13666666666666666
