ConnectionWizard:0.37
GISViewScene:0.31666666666666665
CreateBusinessObjectAction:0.30666666666666664
GISViewTopComponent:0.26
ConnectionWizardWizardPanel1:0.24333333333333335
ConnectionWizardWizardPanel2:0.10416666666666667
ConnectionWizardVisualPanel2:0.07
PhysicalConnectionProvider:0.056666666666666664
ConnectionWizardVisualPanel1:0.05
ConnectionWizardWizardAction:0.013333333333333334
ExplorablePanel:0.01
