GceDiscoverTests:0.6566666666666666
TestPlugin:0.3
GceDiscoveryPlugin:0.25666666666666665
