PoiExcelExtractor:0.45
DataSourceInitializer:0.3
ExcelTestUtils:0.20333333333333334
PoiExcelBurster:0.15333333333333332
