MaterialCalendarView:0.79
DayView:0.4066666666666667
CustomTileDimensions:0.22333333333333333
TodayDecorator:0.21666666666666667
