LocalDataCollectOperation:0.36666666666666664
LocalDataCollectorTest:0.3233333333333333
TransportCollectNodeAction:0.32
TransportHandler:0.224
AsyncAction:0.14333333333333334
