StepExecutionProxyResource:0.7929999999999999
PropertyExtractingDelegatingItemWriter:0.36333333333333334
