LdapTemplate:0.65
LdapExceptionTranslator:0.34800000000000003
DefaultLdapAuthoritiesPopulator:0.3333333333333333
