BioResourceView:0.55
ApplicationActionBarAdvisor:0.38333333333333336
BioclipseUtils:0.3353333333333333
