HopBreakpointAnnotation:0.5933333333333334
BreakpointAnnotationListener:0.37
HopBreakpointActionProvider:0.3233333333333333
