QedeqNotNullTraverser:0.505
Context2SimpleXPath:0.4533333333333333
AbstractModuleVisitor:0.41138888888888886
Qedeq2Xml:0.29
DynamicInterpreter:0.27
QedeqVisitor:0.26916666666666667
VisitorContextTest:0.24
QedeqTraverser:0.23666666666666666
AbstractModuleVisitorTest:0.20666666666666667
