Recorder:0.5833333333333334
ComponentRecorder:0.3566666666666667
EventRecorderTest:0.26666666666666666
EventRecorder:0.23
AbstractRecorderFixture:0.21
EventWatcher:0.19722222222222224
JTextComponentRecorderTest:0.16333333333333333
