Request:0.5233333333333333
Response:0.4166666666666667
RetrofitError:0.32
TypedByteArray:0.30333333333333334
RestMethodInfoTest:0.24666666666666667
RequestBuilderTest:0.23666666666666666
RestMethodInfo:0.21116666666666664
RequestBuilder:0.20166666666666666
Utils:0.18333333333333332
RestAdapterTest:0.17333333333333334
ApacheClient:0.15666666666666668
TypedFileTest:0.15666666666666668
TypedFile:0.14666666666666667
RestHandler:0.12
GenericHttpRequest:0.115
ApacheClientTest:0.10333333333333333
TypedByteArrayTest:0.09
Converter:0.08444444444444445
TypedOutputBody:0.07166666666666667
RestAdapter:0.07
GsonConverter:0.02666666666666667
TypedOutputEntity:0.02666666666666667
JsonTypedOutput:0.013333333333333334
