Robolectric:0.6133333333333333
RobolectricTest:0.4266666666666667
ShadowApplication:0.36333333333333334
FakeHttpLayer:0.2
ShadowContextWrapper:0.19333333333333333
ContextWrapperTest:0.15666666666666668
ApplicationTest:0.056666666666666664
