TextureRegion:0.45
IntMap:0.30333333333333334
LongMap:0.25333333333333335
ObjectMap:0.25333333333333335
ObjectIntMap:0.25333333333333335
IdentityMap:0.25333333333333335
