Common:0.81
Link:0.7033333333333334
Tag:0.29333333333333333
ArticleQueryService:0.2866666666666667
AdminProcessor:0.25
ArticleProcessor:0.22666666666666666
UserProcessor:0.21666666666666667
LinkForgeProcessor:0.18666666666666668
CommentProcessor:0.16
SymphonyServletListener:0.14916666666666667
ManProcessor:0.13333333333333333
CheckTask:0.11333333333333333
LinkForgeMgmtService:0.09
