CaSessionLocal:0.6958333333333333
CaSessionBean:0.58
CaEditCaCommandTest:0.3933333333333333
CaEditCaCommand:0.22666666666666666
