ExtensionRegistry:0.5666666666666667
MethodInvokerTests:0.2733333333333333
ExtensionRegistryTests:0.24666666666666667
JUnit5EngineExecutionContextTests:0.17666666666666667
MethodSource:0.13666666666666666
JUnit5EngineDescriptor:0.12
ConfigurableMethodParameterResolver:0.07444444444444444
ArgumentRecordingMethodParameterResolver:0.03
