Log:0.3933333333333333
Concordance:0.35333333333333333
Base:0.3333333333333333
Cooccurrence:0.30666666666666664
CqiServer:0.16
Build2:0.1311111111111111
Build:0.12666666666666668
Sh:0.056666666666666664
