AdminEntityPK:0.43333333333333335
IAuthorizationSessionLocal:0.39916666666666667
IAuthorizationSessionRemote:0.39916666666666667
AccessRulesDataBean:0.33
AccessRulesPK:0.30333333333333334
LocalAuthorizationSessionBean:0.30333333333333334
AdminEntityDataBean:0.2866666666666667
AdminEntityDataLocal:0.25666666666666665
AdminGroupDataLocal:0.24333333333333335
AdminGroupDataBean:0.18333333333333332
AdminEntityDataLocalHome:0.16
AccessRulesDataLocalHome:0.16
AuthorizationTreeUpdateDataLocalHome:0.16
AccessRulesDataLocal:0.15333333333333332
AdminGroupDataLocalHome:0.14666666666666667
AuthorizationTreeUpdateDataBean:0.13
