AntScript:0.64
AntBuilder:0.5466666666666666
AntBootstrapper:0.21333333333333335
AntScriptTest:0.18333333333333332
