BasicOperationRunner:0.6627777777777778
ProxyServiceImpl:0.6066666666666667
