NotRetainingCountriesFragment:0.34
RetainingCountriesFragment:0.34
CountriesFragment:0.2833333333333333
CountriesLayout:0.26
NestedViewPagerFragment:0.10666666666666667
NestedFragment:0.08
