TagThisDlg:0.53
SizeColumnsDlg:0.49333333333333335
DataTableFolderViewBase:0.43
ManageMenuPopup:0.31666666666666665
