Mongo:0.6666666666666666
DatabaseAdministrationImpl:0.3433333333333333
MongoDatabaseImpl:0.3333333333333333
MongoClient:0.21333333333333335
