DescriptorEngineTest:0.6866666666666666
DescriptorNamesTest:0.5166666666666667
MqsarmolecularTests:0.27366666666666667
