BatchPresentation:0.64
SwimlaneStub:0.41333333333333333
JbpmCommonLogic:0.36
InstancePermissionsHelper:0.2305555555555555
ExecutionServiceDelegateGetSwimlaneExecutorMapTest:0.21666666666666667
ExecutionServiceDelegateStartProcessInstanceWithMapTest:0.20166666666666666
ExecutionServiceDelegateCompleteTaskTest:0.20166666666666666
JbpmExecutionLogic:0.2
ExecutionServiceDelegateGetVariablesTest:0.18666666666666668
DefinitionServiceDelegateGetStartFormTest:0.185
ExecutionServiceDelegateGetSwimlanesTest:0.18333333333333332
DecisionTest:0.18
ExecutionServiceDelegateGetVariableNamesTest:0.16166666666666665
ExecutionServiceDelegateGetStateVariableMapTest:0.16166666666666665
AssignmentHandler:0.15833333333333333
OrganizationFunctionFactoryTest:0.145
OrgFunctionConfiguration:0.14166666666666666
OrganizationFunctionParserTest:0.13833333333333334
ExecutionServiceDelegateGetVariableTest:0.13833333333333334
TableViewSetupFormAction:0.13666666666666666
ProcessInstanceSwimlaneRowBuilder:0.12
ProcessDefinitionEvaluation:0.09333333333333334
