CAAdminSessionBean:0.41
ErrorCode:0.3433333333333333
CANameChangeRenewalException:0.34
RenewCANewSubjectDNTest:0.19333333333333333
