UserExt:0.6138888888888889
Mails:0.4066666666666667
SymphonyServletListener:0.4033333333333333
VerifycodeMgmtService:0.21666666666666667
