ShortestPathFinder:0.5233333333333333
ExcludedRefs:0.38333333333333336
Builder:0.37333333333333335
TestUtil:0.1
ServiceBinderLeakTest:0.05
