Overview:0.6283333333333333
MyLayout:0.5669444444444445
