KnowledgeRepository:0.5166666666666667
ConcordancesEditor:0.4166666666666667
TypedValue:0.38
KnowledgeRepositoryManager:0.36666666666666664
AnnotationType:0.3566666666666667
LocalKnowledgeRepository:0.3433333333333333
SQLKnowledgeRepository:0.23444444444444448
CQPAnnotationManager:0.18333333333333332
KRTreeProvider:0.16
Delete:0.13666666666666666
AnnotationLookUp:0.12
Add:0.10666666666666667
