Encode:0.7033333333333334
LdapAuthenticationProperties:0.4
Query:0.3
Search:0.29333333333333333
Bind:0.28
