TreeSetTest:0.32666666666666666
LinkedHashSetTest:0.2966666666666667
ArrayTest:0.2966666666666667
PriorityQueueTest:0.2966666666666667
VectorTest:0.2966666666666667
HashSetTest:0.27
BitSetTest:0.27
QueueTest:0.27
IteratorTest:0.27
ListTest:0.27
