DatabaseShardManager:0.7609999999999999
ShardPredicate:0.42661111111111105
