CommandThread:0.6466666666666666
FileHandler:0.37666666666666665
HTMLFileHandler:0.21
OOFileHandler:0.15666666666666668
TextFileHandler:0.15333333333333332
XHTMLFileHandler:0.08333333333333333
ResourceBundleFileHandler:0.07333333333333333
