XmlClientConfigBuilder:0.4533333333333333
ClientClusterServiceImpl:0.38
ListenerConfig:0.37666666666666665
ClientConnectionManagerImpl:0.3433333333333333
HazelcastClient:0.255
ClientNetworkConfig:0.25
DescribeInstances:0.23166666666666666
EntryListenerConfig:0.21666666666666667
ItemListenerConfig:0.21
CloudyUtility:0.18333333333333332
ProxyFactoryConfig:0.17333333333333334
CloudyUtilityTest:0.16333333333333333
XmlClientConfigBuilderTest:0.16
NodeHolder:0.15
TcpIpJoinerOverAWS:0.10666666666666667
AWSClient:0.07666666666666666
