DatastreamExternal:0.8233333333333334
DatastreamInternal:0.7447222222222223
