Report:0.76
ReportSameValues:0.24333333333333335
Report4Generations:0.19333333333333333
ReportTinyTafel:0.06833333333333333
