AttributeType:0.44
CollectionSet:0.31
JoeSnmpWalker:0.3
LegacyScheduler:0.25666666666666665
ServiceParameters:0.25666666666666665
CollectdPackage:0.24333333333333335
AbstractServiceDaemon:0.21333333333333335
CollectableService:0.20666666666666667
BasePersister:0.1922222222222222
