ARINCModelFactory:0.6733333333333333
DefPolyLine:0.5304761904761904
