Socks5Transport:0.6733333333333333
DataTransferManager:0.4666666666666667
AdvancedPreferencePage:0.25
