MapStoreConfig:0.4141666666666667
ExecutorServiceTest:0.4033333333333333
TcpIpConfig:0.34
ConnectionTest:0.27
