SpringLoader:0.39666666666666667
OpennmsApplicationContext:0.39
MockFileSystemResourceWithInputStream:0.31333333333333335
