ILibraryDao:0.8733333333333333
IUserDao:0.8733333333333333
IStructureDao:0.8733333333333333
User:0.5766666666666667
Structure:0.5333333333333333
StructuredbInstanceManager:0.39666666666666667
StructuredbInstanceManagerTest:0.18666666666666668
IStructuredbInstanceManager:0.15059523809523812
GenericDaoTest:0.14
LibraryDao:0.06777777777777778
UserDao:0.06
UserDaoTest:0.01138888888888889
LibraryDaoTest:0.01
UserTest:0.009166666666666667
StructureDaoTest:0.006666666666666667
