HazelcastConnectionImpl:0.866111111111111
HazelcastConnection:0.7333333333333333
HazecastConnectionContractTest:0.3333333333333333
