MathematicsTiming:0.6533333333333333
Distance:0.49666666666666665
Primes:0.4866666666666667
