InMemoryLookupCache:0.82
Builder:0.6666666666666666
DBNTest:0.17666666666666667
MnistMultiThreadedExample:0.12
