DefaultJobExecutor:0.5866666666666667
DefaultJobExecutorTests:0.20666666666666667
SimpleJobTests:0.18333333333333332
SimpleStepExecutorFactory:0.11266666666666665
SimpleStepExecutorFactoryTests:0.023333333333333334
