AxisMotor:0.5466666666666666
GenericStepperMotor:0.3566666666666667
NullStepperMotor:0.3333333333333333
Main:0.32416666666666666
GCodeStepperMotor:0.30333333333333334
SNAPExtruder:0.27
SNAPStepperMotor:0.27
Reprap:0.26
GCodeExtruder:0.25083333333333335
Device:0.23333333333333334
StepperPositionJPanel:0.22666666666666666
CartesianGCode:0.20833333333333334
PrintTabFrame:0.19666666666666666
IncomingMessage:0.12
