AnnotationData:0.5333333333333333
MadvocConfig:0.36
ActionMethodParser:0.30333333333333334
ActionAnnotationData:0.28
AnnotationTxAdviceManager:0.23666666666666666
TransactionAnnotationData:0.22333333333333333
JsonAnnotationManager:0.21
JSONAnnotationData:0.11666666666666667
