Dataset:0.6166666666666667
HistogramAdapter:0.45666666666666667
DatasetRef:0.24
Dataseries:0.21
