E:0.6666666666666666
MappedClass:0.37083333333333335
QueryTest:0.31
MappingTest:0.31
GridFSTest:0.29333333333333333
CollectionOfValuesTest:0.18
BSONTypeSerializableTest:0.17
