EhCacheTicketRegistryTests:0.48333333333333334
EhCacheTicketRegistry:0.33666666666666667
LogoutManagerImpl:0.25333333333333335
