Bootstrap:0.5933333333333334
BootstrapCheck:0.31083333333333335
JNANatives:0.29333333333333333
MaxNumberOfThreadsCheck:0.21666666666666667
BootstrapCheckTests:0.12666666666666668
