ConcurrentSessionControllerImpl:0.45
ConcurrentSessionViolationEvent:0.44638888888888884
ConcurrentSessionControllerImplTests:0.39666666666666667
