LogConstants:0.5910000000000001
CliAuthenticationProviderSessionBean:0.36666666666666664
WebAuthenticationProviderSessionBean:0.11333333333333333
