Structure:0.5183333333333333
DirectArgumentsMarshalTest:0.28003968253968253
StructureTest:0.26666666666666666
DirectTestLibrary:0.23666666666666666
