ComponentRecorder:0.5983333333333334
ComponentRecorderTest:0.4633333333333333
AbstractSemanticRecorderTest:0.31333333333333335
MyCode:0.09666666666666666
