UserActions:0.48
InnerVisitor:0.47333333333333333
UserActionsTest:0.22666666666666666
CreateUserAnalyzer:0.11333333333333333
