GridFSUploadStream:0.8111111111111111
GridFSUploadStreamImpl:0.54
GridFSBucketImpl:0.37222222222222223
