ShadowSQLiteDatabase:0.5433333333333333
SQLiteDatabaseTest:0.4066666666666667
SQLiteStatementTest:0.3566666666666667
ShadowSQLiteStatement:0.31
SQLiteOpenHelperTest:0.20666666666666667
ShadowSQLiteOpenHelper:0.2
