VanillaChronicleMap:0.77
CHMUseCasesTest:0.37666666666666665
StatelessChronicleMap:0.3655555555555556
