SelectComputationPage:0.5752777777777778
SelectComputationAction:0.4777777777777777
