BitmapFont:0.49333333333333335
TextField:0.33
BitmapFontData:0.24333333333333335
TextFieldClickListener:0.23222222222222225
Label:0.22555555555555556
Skin:0.1988888888888889
BitmapFontFlipTest:0.16666666666666666
BitmapFontDistanceFieldTest:0.12333333333333334
StagePerformanceTest:0.11
