Content:0.7333333333333333
Table:0.4766666666666667
Scrollpane:0.29
