Person:0.5066666666666667
ExplorerRover:0.4
TransportRover:0.26
Medical:0.22666666666666666
