MultiLayerNetwork:0.6366666666666667
OutputLayer:0.3875
BackPropMLPTest:0.2866666666666667
AutoEncoder:0.27666666666666667
