DATDictionary:0.5133333333333333
Analysis:0.39666666666666667
PersonRecognition:0.2833333333333333
ExtractingTest:0.15
BookRecognition:0.12666666666666668
