DbOomManager:0.4866666666666667
DbEntityDescriptor:0.38
DbEntitySql:0.2866666666666667
DbMetaUtil:0.18
