BaseTest:0.48333333333333334
LeftRecursiveRuleAnalyzer:0.4666666666666667
TestLeftRecursion:0.34
TestCompositeGrammars:0.2633333333333333
GrammarTransformPipeline:0.2
TestPerformance:0.19666666666666666
