WebClient:0.6666666666666666
GWT15Test:0.26666666666666666
WindowConcurrencyTest:0.24666666666666667
WebClientWaitForBackgroundJobsTest:0.23666666666666666
