TicketGrantingTicketResource:0.45666666666666667
TicketGrantingTicketResourceTests:0.23666666666666666
CloseableKryoFactory:0.22
YubiKeyAuthenticationHandler:0.21
SwivelAuthenticationHandler:0.20666666666666667
CasKryoTranscoderTests:0.18333333333333332
U2FAuthenticationHandler:0.16666666666666666
SurrogateAuthenticationException:0.14666666666666667
RadiusTokenAuthenticationHandler:0.13666666666666666
BaseOneTimeTokenRepository:0.13666666666666666
SurrogateAuthenticationPostProcessor:0.12
X509RestHttpRequestCredentialFactoryTests:0.12
GoogleAuthenticatorTokenCredential:0.11
X509RestHttpRequestCredentialFactory:0.02
