AppAction:0.48333333333333334
MLabel:0.37666666666666665
MDialog:0.32666666666666666
MButton:0.27
Main:0.20733333333333334
Mnemonic:0.20333333333333334
Presentation:0.1877777777777778
MToggleButton:0.16166666666666665
