Props:0.9083333333333333
PropsTest:0.32666666666666666
