ProofChecker2Impl:0.4766666666666667
FormulaUtility:0.4766666666666667
ReferenceResolver:0.366984126984127
ProofCheckerImpl:0.24
BasicProofErrors:0.12111111111111111
