ClusterFixture:0.6033333333333334
JsonPoweredCrudTestHelper:0.5216666666666666
CrudTest:0.38666666666666666
