RenderingLayerImpl:0.49
JFXServerDisplay:0.4533333333333333
WidgetTableConstructor:0.25333333333333335
LoaderUtilities:0.24
EditorWidgetTableConstructor:0.21333333333333335
ConnectorRendererTest:0.18444444444444444
EditorOpenDFTest:0.09444444444444446
FrameworkManager:0.09
JFXServerCockpitTest:0.04666666666666667
JFXServerCockpitMultiLayer3Test:0.02
