SoapUtils:0.5566666666666666
AxiomSoapMessage:0.34
SaajSoapMessage:0.2966666666666667
AxiomSoapMessageFactory:0.23333333333333334
SoapUtilsTest:0.05333333333333334
