Qedeq2LatexExecutor:0.6797222222222223
Qedeq2UnicodeVisitor:0.5414444444444444
