FormatError:0.42333333333333334
TypeGraph:0.42
TypeNode:0.38666666666666666
Level2:0.22333333333333333
ResourceModel:0.20666666666666667
RuleModel:0.2
HostModel:0.19
CompositeTypeModel:0.14
Level3:0.11
