State:0.62
StateMachine:0.5433333333333333
NativeStateMachine:0.31666666666666665
SimStateMachine:0.25333333333333335
ChoiceTracker:0.1988888888888889
JPF_gov_nasa_jpf_sc_StateMachine:0.14
