Trigger:0.62
TriggerRouterService:0.36333333333333334
TriggerRouter:0.3333333333333333
AbstractSymmetricEngine:0.23666666666666666
ConfigurationChangedFilter:0.19666666666666666
ITriggerRouterService:0.19416666666666665
