ClassName:0.51
Builder:0.2866666666666667
TypeVariableName:0.2733333333333333
TypeSpec:0.2733333333333333
IntersectionTypeName:0.24333333333333335
JavaWriterTest:0.23666666666666666
WildcardName:0.22666666666666666
CodeWriter:0.22666666666666666
ParameterizedTypeName:0.22333333333333333
TypeSpecTest:0.21
JavaWriter:0.18333333333333332
ArrayTypeName:0.16111111111111112
