AnonymousClassDeclaration:0.43666666666666665
AbstractTypeDeclaration:0.4011111111111111
OuterReferenceResolver:0.325
CommonTypeDeclaration:0.25333333333333335
AnonymousClassConverterTest:0.25
AnonymousClassConverter:0.22666666666666666
