QueryAnalyzerTests:0.6877777777777778
PercolatorQuerySearchIT:0.14333333333333334
