TypeRegistry:0.6566666666666666
RewriteClassAdaptor:0.4230595238095238
