FlatMappingReceivePort:0.5466666666666666
TransformingReceivePort:0.5
Channels:0.42111111111111116
