VanillaChronicleHash:0.5044444444444444
ModificationIterator:0.35
VanillaChronicleMap:0.33
MapEntryStages:0.22666666666666666
