StandardAIPlayer:0.5266666666666666
IndianAIPlayer:0.27666666666666667
EuropeanAIPlayer:0.20666666666666667
IndianSettlementTest:0.20666666666666667
TerrainGenerator:0.20333333333333334
TensionTest:0.10333333333333333
