Path:0.6166666666666667
Parameter:0.31333333333333335
AbstractParameter:0.25
