EmptyNode:0.5583333333333333
RedBlackTree:0.48333333333333334
RedBlackTreeTest:0.2966666666666667
