JCPPage:0.6133333333333333
JCPMultiPageEditorContributor:0.32666666666666666
