TypeRegistry:0.7482777777777778
RTH:0.3258333333333333
