BarnesHutTsne:0.7833333333333333
Tsne:0.5261111111111111
BarnesHutTsneTest:0.2322222222222222
