CompletionContext:0.6883333333333334
CompletionEngine:0.5233333333333333
