Authentication:0.8366666666666667
DefaultAuthentication:0.4766666666666667
DefaultMultifactorAuthenticationProviderBypass:0.4
