HealpixBase:0.5566666666666666
HealpixProc:0.4
HealpixIndex:0.2833333333333333
HealpixBaseTest:0.22333333333333333
HealpixProcTest:0.22
HealpixBasePerfTest:0.21333333333333335
