TestSemPredEvalParser:0.37666666666666665
TestParserExec:0.37666666666666665
TestSets:0.37666666666666665
TestParserErrors:0.37666666666666665
BaseTest:0.3466666666666667
Generator:0.3433333333333333
TestLexerErrors:0.33666666666666667
TestCompositeParsers:0.33666666666666667
TestFullContextParsing:0.33666666666666667
TestLeftRecursion:0.24333333333333335
TestSemPredEvalLexer:0.13
TestLexerExec:0.10666666666666667
TestParseTrees:0.10666666666666667
TestListeners:0.1
TestCompositeLexers:0.025833333333333333
