GwtTeamingMessages:0.481388888888889
ProgressDlg:0.37
DeletePurgeUsersHelper:0.31333333333333335
BinderViewsHelper:0.23333333333333334
GwtRpcServiceImpl:0.21777777777777782
GwtClientHelper:0.21333333333333335
CopyMoveEntriesDlg:0.19111111111111112
GwtViewHelper:0.16
PurgeUsersCmd:0.07
PurgeUserWorkspacesCmd:0.07
