ModuleManager:0.475
IAvailableAction:0.3671666666666667
WorkCostOrderedInvoicesTest:0.30333333333333334
PasteElementsInCollectionAction:0.24333333333333335
