ControlResponseAdapter:0.44916666666666666
ControlResponsePoller:0.43666666666666665
AeronArchive:0.4066666666666667
ArchiveTest:0.2966666666666667
