Dao:0.8533333333333334
NutDao:0.5066666666666667
NutPojoMaker:0.31666666666666665
SimpleDaoTest:0.2833333333333333
PojoMaker:0.17833333333333334
