TestFastJson:0.5466666666666666
Bug_101_for_rongganlin_case3:0.3246825396825397
