MqlDotNode:0.6533333333333333
MqlIdentNode:0.5333333333333333
