BuildingPanel:0.47
BuildingPanelFarming:0.4166666666666667
PopUpUnitMenu:0.1716111111111111
TabPanelCooking:0.11333333333333333
TabPanelScience:0.10166666666666667
InventoryTabPanel:0.09333333333333334
TabPanelCredit:0.09166666666666666
TabPanelGoods:0.09166666666666666
