Options:0.5662222222222223
View:0.49666666666666665
KeyEventWorkaround:0.23
KeyEventTranslator:0.19
InputPane:0.18333333333333332
GeneralOptionPane:0.17
MyFocusManager:0.16666666666666666
Debug:0.09333333333333334
