Jedis:0.5644444444444445
Client:0.44777777777777783
PersistenceControlCommandsTest:0.12333333333333334
