FunctionalTest:0.7280555555555556
EntityWriter:0.62
Derby:0.2833333333333333
