Text:0.5733333333333334
JnetManager:0.5433333333333333
NodeInfoObs:0.38
NodeInfoMaker:0.37666666666666665
