HttpsProtocol:0.52
SSLInputStream:0.4033333333333333
SSLResult:0.3122222222222222
