SpecificitesResult:0.9027777777777777
Subcorpus:0.8033333333333333
