LocalMapStatsImpl:0.38
LocalReplicatedMapStatsImpl:0.37666666666666665
LocalQueueStatsImpl:0.3333333333333333
LocalExecutorStatsImpl:0.31
NearCacheStatsImpl:0.29
NearCacheSizeEstimator:0.2733333333333333
LocalTopicStatsImpl:0.27
