jEdit:0.5072222222222222
TransferHandler:0.45
StandaloneTextArea:0.43333333333333335
