IssueHandlerImpl:0.7
IssueAttachmentDAOImpl:0.2966666666666667
IssueAttachmentDAO:0.2869444444444445
