RecordingWriter:0.6211111111111112
CatalogTool:0.42444444444444446
