CollectionSet:0.35
AttributeType:0.32666666666666666
Attribute:0.30666666666666664
CollectionResource:0.29
SnmpCollector:0.27
DataCollectionConfigFactory:0.2633333333333333
MibObject:0.25333333333333335
MockDataCollectionConfig:0.21333333333333335
CollectionSetVisitor:0.11
AbstractCollectionSetVisitor:0.10666666666666667
AttributeGroup:0.056666666666666664
IfNumberTracker:0.02666666666666667
