ShoppingCartController:0.5733333333333334
ShoppingCartResult:0.4166666666666667
