Counters:0.52
Frontier:0.4033333333333333
InProcessPagesDB:0.34
DocIDServer:0.32666666666666666
