DefaultServerFactory:0.49666666666666665
DefaultLoggingFactory:0.4533333333333333
MetricsFactory:0.36666666666666664
