HeaderFlyweight:0.2866666666666667
AdminThreadTest:0.21666666666666667
AdminThread:0.205
LibraryFacade:0.18416666666666667
MediaDriverFacade:0.18416666666666667
