MapperAnnotationBuilder:0.6416666666666667
CacheTest:0.2866666666666667
BaseTest:0.2633333333333333
