JVertex:0.5966666666666667
JEdge:0.43866666666666665
GraphToTikz:0.42
