SWTFontManager:0.48333333333333334
SWTRenderer:0.45
JChemPaintWidget:0.30666666666666664
JChemPaintEditorWidget:0.2041666666666667
MoleculesEditorLabelProvider:0.20333333333333334
FontTest:0.09333333333333334
