SemanticGedcomModel:0.5088333333333334
Queries:0.37666666666666665
SemanticGedcomUtil:0.31
