AsyncCloseableResolverGroup:0.7664920634920634
AddressResolver:0.5433333333333333
ResolverRegistration:0.21800000000000003
