Task:0.4033333333333333
Resource:0.4
LanderHab:0.3566666666666667
Mission:0.30333333333333334
Maintenance:0.29333333333333333
MissionManager:0.23
DriveGroundVehicle:0.21333333333333335
TaskManager:0.18333333333333332
ExplorerRover:0.18
MaintainGroundVehicleEVA:0.18
Repair:0.15529365079365082
ReserveRover:0.12
LoadVehicle:0.11666666666666667
TravelToSettlement:0.11
EVAOperation:0.10416666666666667
CollectResourcesMission:0.10333333333333333
VehicleTableModel:0.09333333333333334
SettlementTableModel:0.09333333333333334
RepairEmergencyMalfunction:0.07666666666666666
EatMeal:0.07333333333333333
MedicalAssistance:0.07333333333333333
TendGreenhouse:0.07333333333333333
CollectIce:0.06555555555555556
MaintainGroundVehicleGarage:0.056666666666666664
Relax:0.05333333333333334
EnterAirlock:0.05333333333333334
Sleep:0.05333333333333334
RepairEVAMalfunction:0.05
ExitAirlock:0.043333333333333335
RepairMalfunction:0.04
CollectResources:0.03666666666666667
StudyRockSamples:0.03666666666666667
UnloadVehicle:0.03333333333333333
Exploration:0.018333333333333333
