Robolectric:0.5833333333333334
ShadowObjectAnimator:0.2966666666666667
ObjectAnimatorTest:0.17333333333333334
