Rule21:0.22666666666666666
Rule152:0.11
Rule153:0.11
Rule161:0.11
Rule24:0.11
RuleIonicGroups:0.09333333333333334
Rule23:0.09333333333333334
Rule151:0.06333333333333334
Rule154:0.06
Rule171:0.06
