InformationSchemaSplit:0.4033333333333333
InformationSchemaMetadata:0.38
InformationSchemaPageSourceProvider:0.31333333333333335
QualifiedObjectName:0.24
InformationSchemaConnector:0.18666666666666668
InformationSchemaTableLayoutHandle:0.12
InformationSchemaSplitManager:0.04666666666666667
