ITypeInfo:0.7633333333333333
ITypeInfoTest:0.34143650793650787
