DefaultIsoChecker:0.5466666666666666
StoredGrammarView:0.46
StateSet:0.25666666666666665
