HtmlRadioButtonInput:0.5733333333333334
CSSSelectorTest:0.5395555555555556
