CDKCiteTaglet:0.24666666666666667
CDKInChITaglet:0.24666666666666667
CDKSVNTaglet:0.24666666666666667
CDKDictRefTaglet:0.24666666666666667
CDKBugTaglet:0.24666666666666667
CDKModuleTaglet:0.24666666666666667
BibTeXMLFile:0.21333333333333335
