ContentControl:0.6866666666666666
GwtViewHelper:0.6166666666666667
