CDKManager:0.7766666666666666
ICDKManager:0.2833333333333333
CDKManagerTest:0.27
AbstractCDKManagerPluginTest:0.22666666666666666
