FlowExecutorFactoryBean:0.65
FlowRegistryBeanDefinitionParserTests:0.36833333333333335
ConversationSizeTests:0.31666666666666665
