FFmpegFrameFilter:0.6102777777777777
FaceApplet:0.4866666666666667
FaceView:0.41333333333333333
