FirstLine:0.2213003
Anchor:0.20273723
BufferHandler:0.1890517
TextArea:0.18765797
ScrollLineCount:0.18003811
JEditBuffer:0.14895485
ChunkCache:0.12922943
Gutter:0.12643208
TextAreaPainter:0.11594725
ScreenLineManager:0.10998584
SelectionManager:0.074100114
IndentFoldHandler:0.06516059
ElasticTabStopBufferListener:0.05261684
RangeMap:0.041770108
Log:0.037833843
jEdit:0.032925054
BufferPrintable:0.026954377
Debug:0.021700462
