BasePersister:0.66
GroupPersister:0.20333333333333334
OneToOnePersister:0.20333333333333334
