WordVectorSerializer:0.47333333333333333
SequenceVectors:0.21666666666666667
AbstractCoOccurrences:0.19077777777777777
CoOccurrencesCalculatorThread:0.18
AbstractCoOccurrencesTest:0.14333333333333334
GloveCalculationsThread:0.13
