SamlRegisteredService:0.5166666666666667
ClientAction:0.45666666666666667
ChainingMetadataResolverCacheLoader:0.28
RegisteredServiceSamlTypeEditBean:0.22
AbstractCasProtocolValidationSpecification:0.19333333333333333
Pac4jConfiguration:0.16333333333333333
DefaultRegisteredServiceMapper:0.14333333333333334
Pac4jWebflowConfigurer:0.11666666666666667
Pac4jErrorViewResolver:0.08666666666666667
Cas10ProtocolValidationSpecification:0.03333333333333333
Cas20ProtocolValidationSpecification:0.03333333333333333
Cas20WithoutProxyingValidationSpecification:0.03333333333333333
AbstractCasExpirationPolicy:0.0
