CommMessage:0.49666666666666665
ExecutionThread:0.44333333333333336
Execution:0.4033333333333333
Interpreter:0.36333333333333334
InputOperation:0.35
OOITBuilder:0.2966666666666667
SOAPProtocol:0.27
HTTPProtocol:0.23666666666666666
CommCore:0.1830952380952381
InternalLink:0.16666666666666666
RequestResponseProcess:0.16666666666666666
CorrelatedProcess:0.16333333333333333
SolicitResponseProcess:0.1511111111111111
NotificationProcess:0.1511111111111111
DBusCommChannel:0.14333333333333334
JavaCommChannel:0.13666666666666666
CommChannelHandlerRunnable:0.1
OutputPort:0.0911111111111111
CommListener:0.08333333333333333
PipeListener:0.023333333333333334
SocketListener:0.006666666666666667
