EditorPanel:0.6733333333333333
TestFrame:0.44333333333333336
EditorComponent:0.37666666666666665
