DashboardDelegator:0.8866666666666667
RemoveLink:0.20333333333333334
CreateOrEditReportForm:0.17077777777777778
ReportPanel:0.15666666666666668
AddGroupForm:0.11666666666666667
DynamicLinkPanel:0.1
QueuePanel:0.09666666666666666
CreateOrEditReportPage:0.09666666666666666
SystemInfoPanel:0.09666666666666666
FileSystemPanel:0.09666666666666666
