HostGraph:0.5833333333333334
Shape:0.46
RuleLabel:0.4066666666666667
SystemRecord:0.3466666666666667
MergeMap:0.31
HostEdge:0.2866666666666667
CompositeEvent:0.2866666666666667
HostFactory:0.2708333333333333
GraphTest:0.27
DefaultHostGraph:0.26666666666666666
NodeSetEdgeSetGraph:0.2633333333333333
RuleToHostMap:0.23666666666666666
CtrlAut:0.2311111111111111
DefaultGraph:0.22333333333333333
NodeStore:0.2105952380952381
RuleToShapeMap:0.21
ValueNode:0.20809523809523808
GTS:0.20666666666666667
ShapeFactory:0.20666666666666667
GraphGrammar:0.20666666666666667
ShapeMorphism:0.20388888888888887
TypeGraph:0.20333333333333334
ShapeState:0.195
DefaultApplication:0.19333333333333333
AspectGraph:0.18666666666666668
ProductGTS:0.18333333333333332
DeltaHostGraph:0.18333333333333332
HostGraphMorphism:0.15666666666666668
EmptyGraph:0.145
RuleGraph:0.145
AutomatonTest:0.13777777777777778
AGTS:0.13583333333333333
SPOEventCache:0.12333333333333334
RegAutCalculator:0.09666666666666666
StartGraphState:0.09666666666666666
