CarrierTest:0.6594444444444444
MetaElement:0.5533333333333333
SeeDialogInColorAction:0.35
