Segment:0.4766666666666667
SharedSegment:0.17865079365079364
EntryIterator:0.17333333333333334
ModificationIterator:0.17
