TierManagerI:0.8044444444444445
DrawableSeqFeature:0.7366666666666667
