Data:0.5033333333333333
MutateProcessor:0.37
DataTests:0.3333333333333333
MutateProcessorTests:0.23666666666666666
DateProcessor:0.22222222222222218
DateProcessorTests:0.17333333333333334
GeoIpProcessor:0.14333333333333334
