IPMolecularDescriptor:0.46
LengthOverBreadthDescriptor:0.38333333333333336
WHIMDescriptor:0.27666666666666667
MomentOfInertiaDescriptor:0.17
