Fam:0.5566666666666666
Indi:0.5333333333333333
