ERDesignerComponent:0.69
JGraphEditor:0.4766666666666667
MouseNavigationBehavior:0.32666666666666666
ERDesignerGraphUI:0.23
MyMouseHandler:0.14944444444444444
