TimelineView:0.55
Ruler:0.39666666666666667
Commit:0.22083333333333333
TimelineViewSettings:0.18333333333333332
RulerRenderer:0.14666666666666667
