BinderModule:0.8908333333333334
FolderDao:0.615111111111111
FolderDaoImpl:0.2733333333333333
BinderModuleImpl:0.25
ManageFolderEntryTypesController:0.25
ObjectKeys:0.13111111111111112
