Peer:0.51
Wallet:0.45
PeerGroup:0.43333333333333335
WalletTool:0.23444444444444448
PeerGroupTest:0.21666666666666667
SendResult:0.12666666666666668
