ImagePanel:0.6033333333333334
Canvas:0.3566666666666667
SeriesPanel:0.29
SeriesListUpdator:0.2530555555555556
