TypeConverterManagerBean:0.5466666666666666
CalendarConverterTest:0.11333333333333333
ClassConverterTest:0.07333333333333333
JDateTimeConverterTest:0.06333333333333334
