CompilerContext:0.3
ExpressionCompiler:0.2866666666666667
Visitor:0.24666666666666667
QualifiedName:0.23333333333333334
