ProcessingOptimization:0.8083333333333333
FeaturesConfig:0.6
SystemSessionProperties:0.28
RaptorQueryRunner:0.24
ScanFilterAndProjectOperator:0.21
TestFeaturesConfig:0.17666666666666667
FilterAndProjectOperator:0.16666666666666666
