FileModule:0.6633333333333333
FileModuleImpl:0.51
AbstractBinderProcessor:0.3433333333333333
