ValueAttribute:0.42333333333333334
ValueType:0.38333333333333336
StyleInfo:0.3233333333333333
ValueMirrors:0.28065079365079365
Proto:0.21
MetaAnnotated:0.19333333333333333
Protoclass:0.18333333333333332
AbstractDeclaring:0.15333333333333332
