Exploration:0.35
CollectResourcesMission:0.32844444444444443
BuildingConstructionMission:0.264
Mining:0.264
BuildingSalvageMission:0.264
BiologyStudyFieldMission:0.22566666666666668
AreologyStudyFieldMission:0.22566666666666668
CollectIce:0.21444444444444447
CollectRegolith:0.21444444444444447
Driver:0.19777777777777777
