ResourceVisualResource:0.48275396825396827
AnnotationVisualResource:0.4066666666666667
