RequestKey:0.8322222222222222
RequestKeyTests:0.016666666666666666
