MongoDbTicketRegistry:0.4766666666666667
DefaultAuthentication:0.4766666666666667
AbstractTicketRegistryTests:0.4766666666666667
