TypeDescriptor:0.44
ClassDescriptor:0.42
HopParser:0.31
StepFactory:0.2833333333333333
HopSymbolTableWalker:0.23666666666666666
Linker:0.17
DFA44:0.15555555555555556
DFA43:0.13
DFA71:0.13
