CodeGenerator:0.9033333333333333
TestEnhancer:0.36666666666666664
UndeclaredThrowableException:0.16333333333333333
