LotteryNumbers:0.67
LotteryTicket:0.5866666666666667
ConsoleLottery:0.2
LotteryTicketTest:0.18
LotteryModule:0.12
LotteryTestUtils:0.11333333333333333
SampleData:0.10666666666666667
