HTMLParserTest:0.7752777777777778
Version:0.5531666666666666
