DomElement:0.6466666666666666
Element:0.6033333333333334
ElementTest:0.32666666666666666
