Transition:0.5880555555555556
ActionTransition:0.5613888888888888
ParserATNFactory:0.2633333333333333
UseDefAnalyzer:0.25666666666666665
ParserATNSimulator:0.24
ATNSerializer:0.20111111111111113
ATNSimulator:0.19000000000000003
