Thumbnail:0.6533333333333333
ThumbnailWidget:0.39666666666666667
Callback:0.39
All:0.33666666666666667
Del:0.14111111111111113
MediaBean:0.14
Fit:0.13833333333333334
Add:0.13666666666666666
