DBCollection:0.7233333333333334
DB:0.5066666666666667
DBCursor:0.4166666666666667
