HopSymbolTableWalker:0.7
HopVirtualMachine:0.31166666666666665
DFA50:0.17111111111111113
DFA61:0.17111111111111113
DFA4:0.17111111111111113
