JdbcChadoAdapter:0.7116666666666667
GmodNameAdapter:0.5
FlyNameAdapter:0.4166666666666667
