XWorkConverter:0.6016666666666667
DefaultConversionAnnotationProcessor:0.2866666666666667
DefaultTypeConverterCreator:0.2733333333333333
TypeConverterCreator:0.19
