B:0.4533333333333333
DefaultBroadcaster:0.4266666666666667
AtmosphereResourceStateRecovery:0.22
AtmosphereResourceLifecycleInterceptor:0.17333333333333334
FrameworkConfig:0.03333333333333333
