Result:0.92
ResultImpl:0.6033333333333334
LoggerListener:0.18666666666666668
ExplainQuery:0.12666666666666668
