Aggregation:0.51
Context:0.2866666666666667
PlanNodeStreamerVisitorTest:0.19
ProjectionToProjectorVisitorTest:0.14
AggregationCollectorTest:0.13
LocalMergeTaskTest:0.11333333333333333
ImplementationSymbolVisitorTest:0.10333333333333333
GroupProjectionTest:0.09333333333333334
MergeNodeTest:0.09
DistributedMergeTaskTest:0.09
DataTypeVisitor:0.07333333333333333
MergeOperationTest:0.02666666666666667
Planner:0.016666666666666666
PlannerTest:0.016666666666666666
