UIConfig:0.6
MainWindowMenu:0.10833333333333334
NumberCellRenderer:0.09833333333333333
ImageLoader:0.09833333333333333
AnnouncementWindow:0.043333333333333335
