NewDownloadDialog:0.49
CancelBtnListener:0.31255555555555553
OkBtnListener:0.31255555555555553
DownloadConfigDialog:0.17
ResearchService:0.16666666666666666
