AbstractChronicleMapBuilder:0.35
ChronicleMapBuilder:0.32
VanillaChronicleMap:0.31333333333333335
ReplicatedChronicleMap:0.25333333333333335
Segment:0.19333333333333333
OffHeapUpdatableChronicleMapBuilder:0.18666666666666668
EntryCountMapTest:0.12333333333333334
PrepareValueBytesAsWriter:0.09333333333333334
CHMLatencyTestMain:0.09
ZeroOutValueBytes:0.03
