NBrowseApplet:0.36666666666666664
CheckBoxTreeCellRenderer:0.30333333333333334
Jnet:0.27
JnetManager:0.25333333333333335
Edge:0.23
GraphData:0.21
Edge_Control:0.21
NBEdge:0.18333333333333332
EdgeControlModel:0.18
TextLayout:0.14
EdgeSetControlState:0.12666666666666668
JnetPanel:0.12
TextOutput:0.056666666666666664
