PyObject:0.4666666666666667
Visitor:0.38
PyList:0.38
CodeCompiler:0.31
SimpleNode:0.3
PyInstance:0.13666666666666666
