MethodMatchers:0.46
ClassByExtensionBenchmark:0.45142857142857146
ByteBuddyCommons:0.21666666666666667
QuickRunner:0.17333333333333334
MoreOpcodes:0.15666666666666668
