AnonymousAuthenticationFilter:0.7433333333333333
AnonymousAuthenticationFilterTests:0.31
DefaultFilterChainValidator:0.28778571428571426
