HQLTest:0.6877777777777778
SQLTest:0.3407539682539682
