TestDiscoveryRequest:0.6286666666666666
DiscoveryRequest:0.3933333333333333
JUnitPlatform:0.31666666666666665
DiscoveryRequestCreator:0.3
TestDiscoveryRequestBuilder:0.24
LauncherConfigurationParameters:0.03333333333333333
