Mailbox:0.85
MoblogPlugin:0.37166666666666665
MailboxChecker:0.24777777777777782
MoblogPluginUtils:0.14777777777777779
