ConvolutionOutputPostProcessor:0.48833333333333334
ConvolutionInputPreProcessor:0.37233333333333335
CNNProcessorTest:0.31666666666666665
