ReciprocalRank:0.5516666666666666
PrecisionAtN:0.33
ReciprocalRankTests:0.26666666666666666
