WorkflowResponse:0.5766666666666667
FolderModule:0.5233333333333333
WorkflowSupport:0.5166666666666667
WorkflowModule:0.4737857142857143
WorkflowUtils:0.38333333333333336
FolderDaoImpl:0.32
DefinitionUtils:0.24
WorkflowControlledEntry:0.22666666666666666
EntryProcessor:0.22337301587301586
TransitionUtils:0.2
DashboardHelper:0.19666666666666666
WorkflowModuleImpl:0.19333333333333333
FolderModuleImpl:0.18666666666666668
CoreDaoImpl:0.18333333333333332
AbstractFolderCoreProcessor:0.18
ViewController:0.13666666666666666
EditController:0.12
ViewEntryController:0.10333333333333333
AbstractEntryProcessor:0.056666666666666664
