PlaceDemolitionCharge:0.6666666666666666
FireUnits:0.48333333333333334
OrderBuilder:0.17333333333333334
FireDC:0.14
