JBossConnectionTypeDescriptor:0.37
ClassLoaderFactory:0.29
ConnectionTest:0.22
ChildFirstClassloader:0.20666666666666667
LocalVMProvider:0.19777777777777777
LocalVMFinder:0.19777777777777777
