JobExecution:0.63
JobExecutionTests:0.32666666666666666
SimpleJobIdentifier:0.315
JobIdentifier:0.2946666666666667
