Visitor:0.6166666666666667
SubqueryPlanner:0.4866666666666667
RelationPlanner:0.48
