MatrixUtil:0.47
BaseMultiLayerNetwork:0.2833333333333333
Word2VecDataSetIterator:0.24
BaseNeuralNetwork:0.23666666666666666
MnistExampleMultiThreaded:0.16333333333333333
MovingWindowExample:0.11666666666666667
