CachedQueryEntry:0.445
QueryEventFilter:0.44333333333333336
QueryEntryTest:0.13533333333333333
