ISharedProject:0.54
SharedProject:0.38333333333333336
ITransmitter:0.36388888888888893
SessionManager:0.33
XMPPChatTransmitter:0.3
Saros:0.29333333333333333
OutgoingInvitationProcess:0.25333333333333335
EditorAPI:0.25333333333333335
EditorManager:0.21
IncomingInvitationProcess:0.19
SharedDocumentProvider:0.16666666666666666
GiveDriverRoleAction:0.16
OpenInviteInterface:0.16
SessionView:0.145
InviteAction:0.13
PacketExtensions:0.11666666666666667
PreferenceConstants:0.08333333333333333
SessionLabelProvider:0.06833333333333333
AdvancedPreferencePage:0.029166666666666667
PreferenceInitializer:0.016666666666666666
IncomingFile:0.0
