ValueMirrors:0.9333333333333333
StyleInfo:0.5808333333333333
Constitution:0.4533333333333333
Proto:0.24333333333333335
