HelpGenerator:0.89
TestLoadImageUsingClass:0.2833333333333333
SimulationTask:0.19955555555555557
