ExecutionNode:0.7233333333333334
CollectNode:0.5033333333333333
MergeNode:0.3333333333333333
MapSideDataCollectOperation:0.28
AbstractDQLPlanNode:0.22333333333333333
FetchOperationIntegrationTest:0.20666666666666667
FileUriCollectNode:0.20333333333333334
LocalDataCollectTest:0.2
LuceneDocCollectorTest:0.19666666666666666
CountNode:0.19666666666666666
CollectNodeTest:0.19
DocLevelCollectTest:0.14
InnerPreparer:0.09666666666666666
CountNodeTest:0.05
