Distance:0.5333333333333333
ElectricSpringLayout:0.44333333333333336
Element:0.4033333333333333
