ExecuteScriptRequest:0.69
ManagementConsoleService:0.6283333333333333
ConsoleRequestConstants:0.47350000000000014
