Element:0.5166666666666667
ElementTest:0.3233333333333333
AttributeWithValue:0.29444444444444445
Selector:0.2633333333333333
SelectorTest:0.23333333333333334
AttributeWithValueEnding:0.03
AttributeWithValueStarting:0.03
AttributeWithValueContaining:0.03
AttributeWithValueNot:0.03
AttributeKeyPair:0.0
