Frontier:0.7916666666666666
PageFetcher:0.34055555555555556
