Molecule:0.6655555555555556
SaturationChecker:0.5133333333333333
SingleStructureRandomGenerator:0.31666666666666665
XMLTools:0.18333333333333332
