HitBean:0.7233333333333334
DisplayAnnotation:0.38666666666666666
GeneBeanImpl:0.35
NullHitBean:0.32
StorableAnnotationBeanImpl:0.2833333333333333
HitBeanImpl:0.23
StorableHitBeanImpl:0.21666666666666667
HitBeanTests:0.03
