FileModule:0.9033333333333333
FileModuleImpl:0.5433333333333333
ViewFileController:0.13666666666666666
WebKeys:0.02
