DummyDaoImpl:0.37
ModifyAttributesRecordingOperationTest:0.34
ModifyAttributesRollbackOperation:0.29333333333333333
ContextSourceTransactionManagerIntegrationTest:0.22333333333333333
ModifyAttributesRecordingOperation:0.21333333333333335
LdapCompensatingTransactionDataManager:0.20333333333333334
UnbindRecordingOperation:0.20333333333333334
LdapUtils:0.20333333333333334
LdapCompensatingTransactionDataManagerTest:0.13
BindRollbackOperation:0.023333333333333334
ModifyAttributesRollbackOperationTest:0.01
UnbindRecordingOperationTest:0.0044444444444444444
