HazelcastTestSupport:0.51
TestHazelcastInstanceFactory:0.44666666666666666
LocalMapStatsProvider:0.12666666666666668
LocalMapStatsTest:0.07
