Administrator:0.49333333333333335
BatchModify:0.23333333333333334
ObjectEditorFrame:0.23
ConditionsTableModel:0.1897222222222222
ManagementConsole:0.18333333333333332
AccessConsole:0.18333333333333332
BatchBuildGUI:0.18
BatchBuildIngestGUI:0.18
DatastreamsPane:0.18
BatchIngestGUI:0.17666666666666667
ResultFrame:0.16666666666666666
ViewObjectXML:0.165
BatchModifyValidate:0.16
BatchOutput:0.15666666666666668
IngestDialog:0.12333333333333334
Search:0.11
