LineViewer:0.4
TagExceptionServlet:0.37333333333333335
ControllerFilter:0.34
ErrorFilter:0.2866666666666667
TomcatJsp:0.18666666666666668
jspViewer:0.18333333333333332
errorViewer:0.18
