DeleteWarmerRequest:0.7433333333333333
TransportDeleteWarmerAction:0.2733333333333333
RestDeleteWarmerAction:0.25666666666666665
DeleteWarmerRequestBuilder:0.17
LocalGatewayIndicesWarmerTests:0.15
SimpleIndicesWarmerTests:0.043333333333333335
