Options:0.88
GenerationBatch:0.3383333333333333
JavacParser:0.2633333333333333
