RecordStore:0.7453333333333333
MapService:0.3933333333333333
MapStoreWithCounter:0.33
DefaultRecordStore:0.30333333333333334
PutFromLoadAllOperation:0.25333333333333335
LoadAllKeysTask:0.04
