ExecutionException:0.5677777777777778
ResourceInstantiationException:0.5133333333333333
