Deadline:0.4866666666666667
SharedResourceHolder:0.35
TransportSet:0.31666666666666665
ResponseDispatcher:0.25333333333333335
