AdminProcessor:0.38333333333333336
Pointtransfer:0.36
Notification:0.36
NotificationQueryService:0.31
NotificationMgmtService:0.25333333333333335
PointtransferQueryService:0.16333333333333333
