FunctionCall:0.4533333333333333
AstBuilder:0.42
Formatter:0.36333333333333334
DefaultTraversalVisitor:0.30749999999999994
TestStatementBuilder:0.24333333333333335
