PaymentControllerUtils:0.4666666666666667
PayPalPaymentController:0.38666666666666666
WirecardCCPaymentController:0.27
SaferpayPaymentController:0.24333333333333335
WirecardEFTPaymentController:0.21
