ScriptExecutionEngine:0.51
AutoRefreshJob:0.37333333333333335
LogDataColumnProvider:0.3588888888888889
