ArrayWriteBehindQueue:0.44
WriteBehindStore:0.44
WriteBehindQueueTest:0.3566666666666667
BoundedArrayWriteBehindQueue:0.34
EmptyWriteBehindQueue:0.21666666666666667
WriteBehindQueues:0.21
MapDataStores:0.065
