AbstractGroupedAccumulator:0.30333333333333334
GenericAccumulatorFactory:0.29333333333333333
AbstractAccumulator:0.29333333333333333
GenericAggregationFunction:0.22
EvaluateClassifierPredictionsAggregation:0.21333333333333335
EvaluateClassifierPredictionsState:0.13444444444444442
