Parameter:0.7466666666666667
ParameterDefinition:0.4511111111111111
JavaGenerator:0.36
AbstractRoutine:0.3333333333333333
ParameterImpl:0.3333333333333333
DefaultParameterDefinition:0.20333333333333334
PostgresRoutineDefinition:0.18666666666666668
RoutineField:0.14777777777777779
