ReplaySession:0.4666666666666667
ArchiveConductor:0.30333333333333334
ControlSession:0.25666666666666665
ControlRequestListener:0.24166666666666667
ResponseListener:0.23166666666666666
ListRecordingsSession:0.20944444444444443
ArchiveClient:0.16333333333333333
Recorder:0.15666666666666668
FailResponseListener:0.15
ControlSessionProxy:0.13
ControlRequestAdapter:0.11333333333333333
ReplaySessionTest:0.10333333333333333
