ANTLRErrorStrategy:0.55
Parser:0.45
ParserRuleContext:0.3433333333333333
RuleContext:0.31888888888888883
TreeViewer:0.29
Trees:0.28
RecognitionException:0.24
DefaultErrorStrategy:0.21666666666666667
TreePostScriptGenerator:0.2
v2ParserATNSimulator:0.185
DiagnosticErrorStrategy:0.17333333333333334
BailErrorStrategy:0.08333333333333333
InputMismatchException:0.08333333333333333
DefaultTreeTextProvider:0.06666666666666667
NoViableAltException:0.056666666666666664
FailedPredicateException:0.043333333333333335
ParserATNPathFinder:0.019166666666666665
