DepositRateHelper:0.43
Index:0.42
TimeSeries:0.37666666666666665
IndexManager:0.25666666666666665
BootstrapHelper:0.23666666666666666
BaseDate:0.22
InterestRateIndex:0.02
RelativeDateRateHelper:0.01
IborIndex:0.0033333333333333335
SwapRateHelper:0.0033333333333333335
