Grammar:0.4944444444444444
GrammarAST:0.42
Tool:0.28
ErrorManager:0.27666666666666667
ActionTranslator:0.27
TestActionTranslation:0.2633333333333333
SymbolCollector:0.25
BaseTest:0.18444444444444444
BasicSemanticChecks:0.18
TestCompositeGrammars:0.11333333333333333
