jdbcPreparedStatement:0.41039756
jdbcResultSet:0.3676028
jdbcUtil:0.1520394
