NetworkedImage:0.7366666666666667
DataPacketDispatcher:0.4066666666666667
Receiver:0.30666666666666664
ReceiverProxy:0.24333333333333335
