Binder:0.96
FolderUtils:0.47333333333333333
AddEntryController:0.24333333333333335
