ECKey:0.44333333333333336
DeterministicKey:0.39
DeterministicKeyChain:0.31333333333333335
HDKeyDerivation:0.26666666666666666
