OOITBuilder:0.6711111111111111
CommandLineParser:0.39666666666666667
