Kernel32:0.89
Kernel32Util:0.41333333333333333
Kernel32UtilTest:0.41333333333333333
Kernel32Test:0.33
