EventConstants:0.5669444444444445
Poller:0.56
BroadcastEventProcessor:0.5166666666666667
OpennmsServerConfigManager:0.23
