LandingPageEditor:0.7266666666666667
GwtClientHelper:0.39666666666666667
ModifyBinderController:0.29
