EditorScriptHelper:0.58
EditorScriptConfiguration:0.4766666666666667
PropertySetterDialog:0.28
ScriptFileDialog:0.21333333333333335
