Attribute:0.31666666666666665
ISO19139CHEtoGM03:0.2733333333333333
ValidateTransformationTest:0.25333333333333335
Exists:0.2111111111111111
Email:0.19666666666666668
WebDavRetriever:0.19666666666666666
ISO19139CHEtoGM03small:0.19333333333333336
TransformationTestSupport:0.16666666666666666
ISO19139CHEtoGM03Base:0.13333333333333333
