TransportSQLActionTest:0.5166666666666667
PartitionName:0.3233333333333333
Planner:0.30916666666666665
CopyAnalysis:0.23333333333333334
RefreshTableAnalyzer:0.17333333333333334
CopyAnalyzerTest:0.14
CopyStatementAnalyzer:0.13333333333333333
