GraphWidget:0.57
Content:0.27666666666666667
DnDIdle:0.25
DnDResizeNode:0.23333333333333334
DnDMoveNode:0.22666666666666666
ActionSetNodeShape:0.21666666666666667
ActionDeleteNode:0.21065656565656565
DnDCreateArc:0.19333333333333333
ActionNodeLayoutMethod:0.18833333333333332
NodeImpl:0.18333333333333332
DnD:0.17333333333333334
GraphRenderer:0.16333333333333333
ActionSetNodeContent:0.13938888888888887
ActionCreateNode:0.1325
ActionCreateArc:0.10666666666666667
