SearchComboBoxModel:0.42
SearchChangeEvent:0.35
SearchContainerChangeListener:0.31666666666666665
SearchChangeListener:0.31666666666666665
SearchListChangeListener:0.24
SharedFilesChangeListener:0.05333333333333334
