IPMolecularLearningDescriptor:0.7733333333333333
KappaShapeIndicesDescriptor:0.5766666666666667
