IntermediateRenderer:0.5833333333333334
TransformingDrawVisitor:0.5277777777777777
AbstractAWTRenderingVisitor:0.29
