DatabaseLib:0.5627777777777778
DbLib:0.39666666666666667
