ResultObjectBasedEventFactory:0.5233333333333333
DefaultFlowArtifactFactory:0.3466666666666667
