DataProvider:0.6182222222222222
DataProviderParserHandler:0.47
EmbedClient:0.39
ARINCStarter:0.23666666666666666
ScriptBind:0.23
EmbedGUI:0.18833333333333332
DefaultHandler:0.14333333333333334
EmbedClientGUI:0.13666666666666666
ServerStarter:0.09333333333333334
