EntityReferenceInitializerImpl:0.4266666666666667
FetchStyleLoadPlanBuildingAssociationVisitationStrategy:0.39
EntityLoaderRowReader:0.20305555555555557
LoadPlanStructureAssertionTest:0.18
CompositeIdTest:0.17333333333333334
EntityIdentifierDefinitionHelper:0.15
Channel:0.12666666666666668
OneToOneWithDerivedIdentityTest:0.056666666666666664
CompositeDerivedIdentityTest:0.02666666666666667
