Frame:0.5033333333333333
Location:0.30666666666666664
AbstractGraphState:0.29333333333333333
GrammarProperties:0.2633333333333333
MultiLabel:0.2611111111111111
StateMatches:0.24333333333333335
Properties:0.24
PolicyMapParser:0.2
Step:0.2
ActionPolicyChecker:0.14
