BSONEncoder:0.57
BSON:0.4033333333333333
DBMessage:0.3611111111111111
BSONDecoder:0.2733333333333333
Bytes:0.26055555555555554
