HazelcastClientTest:0.32666666666666666
HazelcastClientTopicTest:0.2833333333333333
HazelcastClientQueueTest:0.2833333333333333
HazelcastClientListTest:0.26666666666666666
HazelcastClientSetTest:0.26666666666666666
HazelcastClientMultiMapTest:0.25666666666666665
HazelcastClientExecutorServiceTest:0.25333333333333335
HazelcastClientMapTest:0.25333333333333335
HazelcastClientIdGeneratorTest:0.13666666666666666
