PropertyAge:0.7933333333333333
ActionUpdate:0.23444444444444448
AgeBean:0.23
