KeyFrames:0.4955951
KeyTimes:0.16319229
PropertyInterpolator:0.02041439
