Timeline:0.10490159
TridentConfig:0.031316712
