MPPSScp:0.41
QueryRetrieveScpService:0.36666666666666664
PPSOrder:0.2733333333333333
StudyStatusService:0.25333333333333335
GPWLScpService:0.21333333333333335
PPSScp:0.12
PPSScuService:0.04
