PagingIterator:0.6066666666666667
QueryThenFetchIntegrationTest:0.25333333333333335
ShardCollectService:0.22333333333333333
ShardProjectorChain:0.2
PlainSortedMergeIterator:0.19
LuceneDocCollectorTest:0.17666666666666667
ShardCollectSource:0.16333333333333333
SortedPagingIterator:0.16
PassThroughPagingIteratorTest:0.15333333333333332
SortedMergeIterator:0.15333333333333332
IteratorPageDownstream:0.14682539682539683
PassThroughPagingIterator:0.13666666666666666
IteratorPageDownstreamTest:0.10666666666666667
SortedPagingIteratorTest:0.05
NumberedPeekingIterator:0.013333333333333334
