Style:0.8266666666666667
GAMEAdapter:0.4266666666666667
MovementPanel:0.3138888888888889
