Instance:0.6933333333333334
Series:0.35
GPSPS:0.30666666666666664
Study:0.25666666666666665
