FTPDestination:0.5923333333333333
Settings:0.5733333333333334
FtpSender:0.39666666666666667
TestFtpSender:0.23
SenderFactory:0.11333333333333333
