Batch:0.6533333333333333
RestService:0.42333333333333334
MultiBatchStagingWriter:0.24666666666666667
StructureDataWriter:0.18
BatchResult:0.14666666666666667
PullDataResults:0.14333333333333334
BatchResults:0.09666666666666666
