RecoveryRetryCallback:0.5533333333333333
StatefulRetryOperationsInterceptorTests:0.21866666666666665
ItemRecovererCallback:0.21
