Util:0.6966666666666667
ProjectTest:0.6133333333333333
UtilTest:0.15
