InvocationMonitor:0.3616666666666667
HazelcastClientInstanceImpl:0.3566666666666667
NodeEngineImpl:0.32
ProcessOperationControlTask:0.3044444444444444
SingleLineDiagnosticsLogWriter:0.26666666666666666
OnMemberLeftTask:0.18555555555555558
