BufferedHttpResponse:0.49616666666666664
Forward:0.45
ExampleFormController:0.27666666666666667
KIASServlet:0.24666666666666667
