MLabeledTextField:0.62
PropertiesDialog:0.31
NewFolderDialog:0.30666666666666664
MountPanel:0.25333333333333335
NewFileDialog:0.15333333333333332
