ItemOrientedStep:0.7669444444444444
LimitCheckingItemSkipPolicy:0.41833333333333333
