AssertArrayEquals:0.3466666666666667
AssertTimeout:0.24666666666666667
AssertIterableEquals:0.24666666666666667
AssertTrue:0.22166666666666668
AssertLinesMatch:0.22166666666666668
AssertFalse:0.22166666666666668
AssertEquals:0.20083333333333334
AssertNotEquals:0.16166666666666665
AssertNotSame:0.16166666666666665
AssertAll:0.16166666666666665
AssertNotNull:0.16166666666666665
AssertNull:0.16166666666666665
AssertSame:0.16166666666666665
AssertThrows:0.11
AnnotationConsumerInitializer:0.04
TestRuleAnnotatedMemberFactory:0.0
LauncherFactory:0.0
