PreBuiltAnalyzerProviderFactory:0.25333333333333335
PreBuiltTokenFilterFactoryFactory:0.17333333333333334
PreBuiltTokenizerFactoryFactory:0.17333333333333334
PreBuiltCharFilterFactoryFactory:0.17333333333333334
PreBuiltAnalyzerIntegrationTests:0.14333333333333334
