OperationExecutor:0.735
OperationServiceImpl:0.6133333333333333
OuterOperation:0.19666666666666666
InnerOperation:0.19666666666666666
Invocation_NestedAbstractTest:0.14
