MultiLabel:0.43
Options:0.4166666666666667
GraphJEdge:0.35333333333333333
Simulator:0.34
Line:0.3333333333333333
GraphJGraph:0.27
VisualMap:0.25666666666666665
GraphTab:0.2
LabelValue:0.19
MyEdgeRenderer:0.18333333333333332
RefreshListener:0.18
GraphJModel:0.16666666666666666
AspectJObject:0.11333333333333333
PatternLabelValue:0.11
LTSGraphPanel:0.09
StateGraphPanel:0.05
EdgeEndShapeValue:0.028333333333333332
ShowFonts:0.01
EdgeEndLabelValue:0.0
