MapReduceTest:0.53
ReducerTask:0.4266666666666667
ListResultingCombinerFactory:0.27202380952380945
ListBasedReducerFactory:0.27202380952380945
MapReduceDataSerializerHook:0.23666666666666666
ModIdMapper:0.2134126984126984
IdReducerFactory:0.2134126984126984
RangeIdCombinerFactory:0.1298015873015873
CollectingCombinerFactory:0.08666666666666667
EmployeeCollator:0.006666666666666667
