LocalComponentMetadataTest:0.6566666666666666
BeanMetadataElementFactory:0.42
ValueFactory:0.2833333333333333
