Driver:0.8483333333333334
JtdsDataSource:0.23666666666666666
