CollectionUtilTest:0.45388888888888884
MultiMapTest:0.41083333333333333
ScheduledExecutorConfigTest:0.2997222222222222
