MColorChooser:0.51
ColorEditor:0.48333333333333334
MColorButton:0.22666666666666666
ConsoleConfig:0.16333333333333333
