Action:0.63
ExecutionStep:0.4455555555555556
MoveAction:0.16786507936507938
MoveStep:0.15666666666666668
AuditoryListener:0.15
SodbeansSoundMap:0.12
SoundMap:0.09
