TestSuite:0.565
TestClass:0.3933333333333333
FruitTest:0.30333333333333334
