TermStructure:0.6666666666666666
UnitedStatesCalendarTest2:0.3333333333333333
UnitedStatesCalendarTest:0.27
EuropeanOptionTest:0.27
PositiveConstraintTest:0.24666666666666667
SaudiArabiaCalendarTest:0.23333333333333334
AmericanOptionTest:0.20666666666666667
AnalyticBarrierOptionEngine:0.1675
USSettlementCalendar:0.11333333333333333
TermStructuresTest:0.07666666666666666
BarrierOptionTest:0.03
AsianOptionTest:0.02666666666666667
