AnnotationEnsJAdapter:0.6666666666666666
AnnotationEnsJAdapterGUI:0.5166666666666667
