EventCodec:0.38
Flyweight:0.31333333333333335
CountersManager:0.26
AtomicBuffer:0.24
PublicationReadyFlyweight:0.22444444444444447
ConnectionReadyFlyweight:0.22444444444444447
ConnectionMessageFlyweight:0.1927777777777778
