WhiteRectangleDetector:0.42
ITFReader:0.3933333333333333
CameraConfigurationManager:0.35800000000000004
