CommonUtils:0.6366666666666667
ColumnUtils:0.41333333333333333
ModelGenerator:0.3
EnumUtils:0.11333333333333333
