StoreScp:0.45666666666666667
CompressCmd:0.41333333333333333
CodecCmd:0.3433333333333333
DcmServerService:0.33
AbstractScpService:0.27666666666666667
FileDataSource:0.12
DecompressCmd:0.11
