P11Slot:0.41
OCSPServletStandAlone:0.31666666666666665
OcspKeyRenewalProxySessionRemote:0.27051984126984113
CryptoTokenAndChain:0.21666666666666667
StandaloneOcspKeyRenewalSessionBean:0.1
KeyRenewalFailedException:0.06
CesecoreException_Exception:0.04
OcspKeyRenewalProxySessionBean:0.016666666666666666
StandaloneOcspKeyRenewalSessionLocal:0.006666666666666667
OcspKeyRenewalTest:0.0
StandaloneOcspKeyRenewalSessionRemote:0.0
