SQL92SQLGenerator:0.5133333333333333
MyRenderer:0.2833333333333333
TableComponent:0.2833333333333333
UsageDataEditorView:0.19
PlatformConfig:0.18805555555555556
