MethodConstant:0.4166666666666667
OriginBinderTest:0.3233333333333333
ForMethod:0.25333333333333335
ForConstructor:0.25333333333333335
InvocationHandlerAdapter:0.22444444444444447
MethodTypeConstant:0.16333333333333333
MethodHandleConstant:0.16
MethodConstantTest:0.12833333333333333
MethodHandleConstantTest:0.11083333333333334
MethodTypeConstantTest:0.006666666666666667
