ElementMatchers:0.5166666666666667
MethodSortMatcher:0.4033333333333333
ElementMatchersTest:0.25333333333333335
