CassandraMetadata:0.5233333333333333
CassandraSplitManager:0.5033333333333333
TestCassandraConnector:0.39666666666666667
CassandraClientModule:0.36333333333333334
CassandraHandleResolver:0.24666666666666667
