VisitContextTest:0.6327777777777777
Native:0.3433333333333333
RowOverlapsCondition:0.3333333333333333
IsDistinctFrom:0.2977777777777778
