JedisClusterConnectionHandler:0.6833333333333333
JedisSlotBasedConnectionHandler:0.3466666666666667
JedisClusterCommand:0.26666666666666666
