IssueDAO:0.6466666666666666
IssueDAOImpl:0.46
ProjectDAOImpl:0.4172222222222222
