SpecialObjectNode:0.6466666666666666
SpecialRootNode:0.4033333333333333
SpecialChildrenTopComponent:0.2733333333333333
SpecialRelationshipsTopComponent:0.2733333333333333
LabelNode:0.20111111111111113
