MongoCollectionImpl:0.49
JsonPoweredCrudTestHelper:0.35
FindOneAndUpdateOptions:0.22666666666666666
UpdateOptions:0.21
CrudTest:0.20777777777777778
