ModifierFilter:0.32666666666666666
EnhancerGenerator:0.31666666666666665
VisibilityFilter:0.31666666666666665
MetaClass:0.28833333333333333
Enhancer:0.23666666666666666
MethodFilter:0.013333333333333334
