CruiseControlController:0.6027777777777779
ParsingConfigMutex:0.3233333333333333
