ClientConnection:0.5666666666666667
ClientConnectionManagerImpl:0.38
ClientCallFuture:0.31
HeartBeat:0.30666666666666664
ConnectionProcessor:0.12444444444444443
ReSendTask:0.03666666666666667
