CommandLineOptions:0.6866666666666666
JOptSimpleCommandLineOptionsParserTests:0.34
DiscoveryRequestCreatorTests:0.23333333333333334
AvailableOptions:0.21333333333333335
DiscoveryRequestCreator:0.18
