QueryCmd:0.3742063492063492
InstanceBean:0.2833333333333333
StudyQueryCmd:0.27285714285714285
SeriesQueryCmd:0.27285714285714285
ImageQueryCmd:0.27285714285714285
StudyBean:0.26
SeriesBean:0.22666666666666666
StorageBean:0.21666666666666667
