ConsistencyWatchdogHandler:0.5432380952380953
ConsistencyWatchdogServer:0.47333333333333333
