PublicLinkInfo:0.49333333333333335
GwtMenuHelper:0.4033333333333333
PublicLinksRpcResponseData:0.2966666666666667
MailToPublicLinkInfo:0.23
GwtShareHelper:0.22333333333333333
MailToMultiplePublicLinksSelectDlg:0.18611111111111112
CopyPublicLinkDlg:0.16333333333333333
