ClusterTest:0.5991666666666666
DistributedLock:0.37833333333333335
PartitionManager:0.35833333333333334
