OutageResolvedController:0.26666666666666666
OutageAllController:0.26666666666666666
OutageSuppressedController:0.26666666666666666
OutageCurrentController:0.26666666666666666
