ConcurrentMapManager:0.4633333333333333
ThreadContext:0.3566666666666667
RequestHandler:0.3272804232804233
ClusterService:0.30666666666666664
BlockingQueueManager:0.26916666666666667
LoadStoreFork:0.22333333333333333
BaseManager:0.21333333333333335
DefaultPacketProcessor:0.18833333333333332
ResponseQueueCall:0.18666666666666668
BufferUtil:0.1761111111111111
MPut:0.14
TargetAwareOp:0.13
Serializer:0.12333333333333334
MPutMulti:0.11333333333333333
MRemove:0.10333333333333333
MBackup:0.1
MRemoveItem:0.09333333333333334
MGet:0.07
AbstractOperationHandler:0.043333333333333335
BackupPacketProcessor:0.03333333333333333
PutMultiOperationHandler:0.03333333333333333
RemoveOperationHandler:0.03333333333333333
PutOperationHandler:0.03333333333333333
RemoveItemOperationHandler:0.03333333333333333
LockAwareOperationHandler:0.016666666666666666
GetOperationHandler:0.016666666666666666
