MoblogPlugin:0.51
CachingFetcher:0.45666666666666667
SimpleBlojsomEventBroadcaster:0.42333333333333334
