AntBuilder:0.8466666666666667
AntBuilderTest:0.3233333333333333
