DataExtractorService:0.6266666666666667
FileSyncService:0.5133333333333333
IDataExtractorService:0.20083333333333334
BatchUriHandler:0.14
