Datenuebernahme:0.47877777777777775
UDFSupport:0.11333333333333333
