RestAssured:0.64
ResponseSpecBuilder:0.32666666666666666
LoggingITest:0.23666666666666666
ValidatableResponseOptionsImpl:0.23
JSONPostITest:0.22
AuthenticationITest:0.20666666666666667
SpecificationBuilderITest:0.19666666666666666
ProxyITest:0.19666666666666666
LogIfValidationFailsITest:0.18333333333333332
ValidatableMockMvcResponseImpl:0.14333333333333334
RequestSpecMergingITest:0.12333333333333334
