KernelServices:0.6955555555555556
KernelContext:0.58
DefaultInternalKernelServices:0.38333333333333336
KernelState:0.273
KernelFacade:0.24666666666666667
QedeqMainFrame:0.2377777777777778
