RequestImpl:0.5266666666666666
AsyncProvidersBasicTest:0.44666666666666666
RequestBuilderBase:0.26666666666666666
FancyClientBuilder:0.13599999999999998
TestFancyClientBuilder:0.02666666666666667
