TypeUtility:0.4866666666666667
ObjectProfile:0.47904761904761906
DefaultAccess:0.3433333333333333
ProfileSerializerThread:0.19666666666666666
