APIUtil:0.43666666666666665
CLPlatform:0.4266666666666667
CLObjectRegistry:0.28733333333333333
CLObjectRegistryGlobal:0.17333333333333334
CLContext:0.165
FastLongMap:0.11
