Gedcom:0.5866666666666667
Indi:0.29
Model:0.29
ReportImportDatabase:0.20666666666666667
PropertyBlob:0.20333333333333334
ReportAppletDetails:0.16666666666666666
Bookmark:0.16
CreateRelationship:0.11666666666666667
CreateEntity:0.11
GedcomException:0.1
