XContentParserUtils:0.39666666666666667
XContentParserUtilsTests:0.3358333333333333
SearchIT:0.3333333333333333
SearchHitTests:0.14333333333333334
