CtrlParser:0.33
QualName:0.3233333333333333
CtrlHelper:0.31333333333333335
CtrlChecker:0.25666666666666665
CtrlTree:0.25333333333333335
RecipeTreeNode:0.22444444444444447
CallTerm:0.2127777777777778
RuleTreeNode:0.21
