HtmlElement:0.72
XMLHttpRequestTest:0.36666666666666664
XmlUtil:0.25
XMLElement:0.20666666666666667
XMLElementTest:0.13333333333333333
