HTMLElementTest:0.5694444444444444
HTMLDocumentWrite2Test:0.30333333333333334
