AssetOrNothingPayoff:0.52
Calculator:0.34
BlackCalculator:0.29
TypePayoff:0.18
PlainVanillaPayoff:0.16444444444444445
GapPayoff:0.12666666666666668
CashOrNothingPayoff:0.1
Payoff:0.05
