Builder:0.455
SimpleStringMappingTests:0.24666666666666667
TextFieldMapperTests:0.17333333333333334
