ColumnIdent:0.45
Visitor:0.37666666666666665
Executor:0.34444444444444444
TransportExecutor:0.3433333333333333
TransportExecutorTest:0.24
TransportExecutorModule:0.21
FakeJobExecutor:0.04666666666666667
