HtmlUnitDOMBuilder:0.5616666666666666
HTMLHtmlElement:0.3213888888888889
HTMLHtmlElementTest:0.19333333333333333
