ServiceManager:0.5733333333333334
Cfg:0.4866666666666667
HostAddress:0.4866666666666667
XJBAlternateLocation:0.4583333333333333
Logger:0.4533333333333333
URN:0.4166666666666667
AlternateLocation:0.35333333333333333
IPUtils:0.35
SWDownloadFile:0.33
Host:0.30333333333333334
MsgManager:0.3
SWDownloadWorker:0.2733333333333333
Environment:0.2633333333333333
StatusChangedListener:0.25333333333333335
IOUtil:0.25333333333333335
SwarmingManager:0.25
QueryRoutingTable:0.24333333333333335
SearchFilterContainer:0.23333333333333334
CaughtHostsContainer:0.23333333333333334
FileAdministration:0.23333333333333334
GWebCacheContainer:0.23
NetworkHostsContainer:0.23
MonitorTab:0.22333333333333333
UploadManager:0.22
PartialShareFile:0.21666666666666667
HostManager:0.21
ShareFile:0.20666666666666667
DownloadEngine:0.20666666666666667
XJBAlternateLocationImpl:0.20333333333333334
AlternateLocationContainer:0.1988888888888889
UploadFilesChangeListener:0.19333333333333333
AbortUploadAction:0.19
ConnectionEngine:0.19
MainFrame:0.18333333333333332
Unmarshaller:0.18
UploadEngine:0.16333333333333333
UploadFilesListener:0.16166666666666665
SaveDownloadListJob:0.16111111111111112
QueryHistoryMonitor:0.16
UpdateNotificationDialog:0.16
TestAlternateLocation:0.15666666666666668
DlgConfigInvalid:0.15333333333333332
DlgConfigFilter:0.15333333333333332
DlgConfigIgnore:0.15333333333333332
RemoveUploadAction:0.13666666666666666
SendEngine:0.12
GGEPParser:0.11666666666666667
RouteTableUpdateMsg:0.11666666666666667
DateCellRenderer:0.11333333333333333
TestQueryRoutingTable:0.11
UploadStateChangeHandler:0.11
UploadConstants:0.10666666666666667
EnvironmentConstants:0.1
NetworkTableModel:0.09916666666666667
FilterHostAction:0.09666666666666666
IgnoreHostAction:0.09666666666666666
IPCellRenderer:0.08333333333333333
UpdateChecker:0.07444444444444444
QRResetTableMsg:0.06666666666666667
TestMsgQueryResponse:0.06
TestHostAddress:0.04666666666666667
TestUpdateChecker:0.04
PhexTestSuite:0.03666666666666667
TestIOUtil:0.035
Main:0.03333333333333333
TestDownload:0.03305555555555555
UpdateCheckRunner:0.02666666666666667
QRPatchTableMsg:0.025
AccessUtils:0.013333333333333334
InvalidMessageException:0.0025
EnableMonitorActionListener:0.0025
