DataStoreRegister:0.43
Factory:0.2966666666666667
DatabaseAnnotationSetImpl:0.27666666666666667
DatabaseDocumentImpl:0.2733333333333333
NewDSAction:0.17333333333333334
OpenDSAction:0.17333333333333334
