SequenceToolDialog:0.4266666666666667
SequenceToolResultsDialog:0.4066666666666667
SequenceToolAction:0.4066666666666667
SequenceData:0.24166666666666667
