Gaussian03Reader:0.5433333333333333
Gaussian98Reader:0.5316666666666666
