A:0.69
Obj:0.38333333333333336
MetaClass:0.33666666666666667
TestMetaClass:0.31666666666666665
MetaClassReflectImpl:0.23666666666666666
