Builder:0.5533333333333333
ProxyServer:0.41333333333333333
ProxyUtils:0.22
BasicHttpTest:0.21
AuthenticatorUtils:0.20666666666666667
HttpProtocol:0.20333333333333334
ProxyTest:0.19666666666666666
ProxyTunnellingTest:0.13666666666666666
NTLMProxyTest:0.11666666666666667
ProxyUtilsTest:0.09
