FieldValueFactorFunction:0.5033333333333333
AbstractDistanceScoreFunction:0.2833333333333333
ScriptScoreFunction:0.2833333333333333
RandomScoreFunction:0.28
CustomBoostFactorWeight:0.2755555555555555
