TimeoutDemoFragment:0.7033333333333334
PlaygroundFragment:0.32
MainActivity:0.29515873015873023
