TxmI18N:0.31666666666666665
ConcordanceForm:0.31
ContextTab:0.3
TreeContextMenu:0.3
FunctionsToolbar:0.25666666666666665
CooccurenceForm:0.15666666666666668
TextTable:0.15
BiblioTab:0.13666666666666666
