HistoryCache:0.46866666666666673
IndexDatabase:0.35333333333333333
FileHistoryCache:0.25333333333333335
HistoryGuru:0.25
