ExecutorServiceProxy:0.3433333333333333
LatchRunnable:0.3395589225589225
SleepLatchRunnable:0.3395589225589225
BaseCallableTaskOperation:0.31666666666666665
CallableTaskOperation:0.26
ExecutorServiceTest:0.23666666666666666
PartitionCallableRequest:0.20333333333333334
MemberCallableTaskOperation:0.14333333333333334
TargetCallableRequest:0.13
HazelcastInstanceAwareRunnable:0.06376984126984127
EmptyRunnable:0.045
