ActionExecutor:0.6733333333333333
ActionList:0.37666666666666665
