GridRange:0.5466666666666666
GridGeometry:0.2886111111111111
