GoogleAuthenticatorAuthenticationHandler:0.2866666666666667
GoogleAuthenticatorTokenCredential:0.2833333333333333
GoogleAuthentiacatorConfiguration:0.25666666666666665
DefaultAccountStateHandler:0.22333333333333333
Beans:0.17333333333333334
GoogleAccountSaveRegistrationAction:0.1
GoogleAccountCheckRegistrationAction:0.09333333333333334
