Win32Display:0.8077777777777778
Win32ContextImplementation:0.4777777777777778
