ScrollPane:0.7988888888888889
ScrollPaneScrollBarsTest:0.3566666666666667
