TestCase:0.45
ReportEntry:0.17
TestSuite:0.15833333333333333
Runner:0.15666666666666668
ToleranceModifiers:0.15
SwingFrame:0.11333333333333333
SwingTableModel:0.08666666666666667
ImplementationManifest:0.08666666666666667
SwingPanelBuilder:0.07333333333333333
Main:0.016666666666666666
