GeometryTools:0.47333333333333333
Atom:0.45666666666666667
LoggingTool:0.42333333333333334
Renderer2DModel:0.41333333333333333
Renderer2D:0.41333333333333333
JChemPaintModel:0.41
AbstractController2D:0.2733333333333333
MFAnalyser:0.23333333333333334
AtomTypeFactory:0.22
MFAnalyserTest:0.21666666666666667
MoleculeViewer2D:0.21333333333333335
BondTools:0.21333333333333335
JChemPaintEditorPanel:0.20666666666666667
FingerprinterTest:0.20333333333333334
AbstractRenderer2D:0.20333333333333334
ChemFileCDO:0.2
JExternalFrame:0.19666666666666666
DrawingPanel:0.17666666666666667
RandomStructureGeneratorTest:0.16666666666666666
JChemPaintPanel:0.16333333333333333
TemplateHandler3D:0.16
BondChangeEdit:0.16
SVGWriter:0.15666666666666668
JChemPaintAbstractApplet:0.14666666666666667
AddAtomsAndBondsEdit:0.14333333333333334
LicenseDialog:0.14
SaveAsAction:0.13666666666666666
JChemPaintEditorApplet:0.13666666666666666
Renderer2DTest:0.12333333333333334
CleanupAction:0.11666666666666667
HelpDialog:0.115
AddHydrogenAction:0.11
EditAction:0.10333333333333333
AppletCanvas:0.09666666666666666
MoleculeListViewer:0.08666666666666667
JChemPaintViewerOnlyApplet:0.08666666666666667
HelpAction:0.08333333333333333
ZoomAction:0.07666666666666666
FlipAction:0.07
MergeMoleculesEdit:0.051666666666666666
ClearAllEdit:0.05
MoveAtomEdit:0.05
SimpleRenderer2D:0.04666666666666667
