ComponentRecorderTest:0.5133333333333333
ComponentTester:0.49833333333333335
ComponentRecorder:0.3433333333333333
EventRecorder:0.24666666666666667
WindowTester:0.135
