ProfileModuleImpl:0.5283333333333333
AbstractFolderModule:0.31
BinderModuleImpl:0.31
WorkspaceModuleImpl:0.29333333333333333
