Address:0.4766666666666667
AddressPicker:0.36333333333333334
Joiner:0.3555555555555555
Node:0.33666666666666667
ClusterManager:0.22166666666666668
ClientHandlerService:0.21916666666666668
AbstractJoiner:0.21
TcpIpJoiner:0.2
MulticastJoiner:0.19
AddressUtil:0.17333333333333334
InterfaceDefinition:0.07
AddressDefinition:0.0033333333333333335
