ControlSession:0.75
ArchiveConductor:0.42333333333333334
ControlSessionTest:0.3333333333333333
