SerializeWriter:0.49333333333333335
TypeUtils:0.41
SerializeBeanInfo:0.2633333333333333
JavaBeanDeserializer:0.24
DefaultJSONParser:0.21666666666666667
JavaBeanInfo:0.21444444444444447
JSONSerializer:0.21
JavaBeanSerializer:0.2
ASMSerializerFactory:0.18666666666666668
JSONToken:0.12
ObjectArrayCodec:0.10666666666666667
Issue1083:0.09333333333333334
DefaultFieldDeserializer:0.09
