ContentEditService:0.5533333333333333
ContentEditBean:0.45
PatientUpdateBean:0.39666666666666667
