Config:0.63
FlexibleFeatureTierManager:0.39
StrandedZoomableApolloPanel:0.2866666666666667
FeatureView:0.21666666666666667
ResultView:0.14944444444444444
