Context:0.5980555555555556
Lang:0.51
SimpleContext:0.27666666666666667
LinkedCharArray:0.23
AbstractContext:0.19666666666666666
EntityObjectContext:0.19333333333333333
