ApproximatePercentileGroupedAccumulator:0.32666666666666666
ApproximatePercentileAccumulator:0.32666666666666666
ApproximatePercentileWeightedGroupedAccumulator:0.30333333333333334
ApproximatePercentileWeightedAccumulator:0.30333333333333334
AbstractTestAggregationFunction:0.24666666666666667
EvaluatePredictionsGroupedAccumulator:0.23666666666666666
CountGroupedAccumulator:0.23
EvaluatePredictionsAccumulator:0.21666666666666667
ApproximatePercentileAggregation:0.21333333333333335
CountAccumulator:0.21333333333333335
ApproximatePercentileWeightedAggregation:0.21333333333333335
LearnAccumulator:0.20333333333333334
ApproximateCountGroupedAccumulator:0.19666666666666666
TestLearnAggregations:0.16333333333333333
