NBrowseApplet:0.8066666666666666
MouseManager:0.34
StepExpansionThread:0.24333333333333335
