GwtClientHelper:0.6033333333333334
GwtMainPage:0.37333333333333335
EventHelper:0.36333333333333334
TaskDueDateDlg:0.33666666666666667
TZDateBox:0.25666666666666665
