Map:0.61
HashMap:0.32466666666666666
TreeMap:0.32466666666666666
AbstractMapTest:0.25666666666666665
LinkedHashMap:0.23053968253968254
SortedMap:0.19416666666666665
