Actor:0.49
TextField:0.3566666666666667
Matrix3:0.3
MeshBuilder:0.3
JglfwApplication:0.29455555555555557
ParticleEmitter:0.2833333333333333
PixmapPacker:0.26
UBJsonReader:0.225
Skin:0.22333333333333333
IOSMusic:0.21822222222222223
FileHandle:0.21333333333333335
Window:0.20666666666666667
SelectBox:0.20166666666666666
AndroidMusic:0.19
AnimationDesc:0.11333333333333333
UBJsonTest:0.10333333333333333
VehicleTest:0.10333333333333333
PixmapPackerTest:0.03666666666666667
