ScalarFunctionModule:0.5352777777777779
SelectStatementAnalyzerTest:0.43666666666666665
InnerExpressionAnalyzer:0.4
