Tag:0.7383333333333333
Attribute:0.6576666666666667
