Navigator:0.7952777777777779
HopDebugger:0.5384444444444444
