Script:0.5816666666666667
FileComparator:0.30777777777777776
Preferences:0.3
