PresenterManagerFragment:0.45666666666666667
PresenterManager:0.4
FragmentMviDelegateImpl:0.35
ViewGroupMviDelegateImpl:0.26666666666666666
ActivityMviDelegateImpl:0.19666666666666666
