IfCondition:0.68
TernaryInsn:0.29
SimplifyVisitor:0.24
ConditionGen:0.20666666666666667
IfMakerHelper:0.16333333333333333
