Resolver:0.76
Strings:0.57
ScriptEditor:0.4166666666666667
Script:0.36666666666666664
ArgumentParser:0.3233333333333333
Annotation:0.2511111111111111
Sample:0.24166666666666667
ScriptModel:0.22944444444444448
XMLConstants:0.0
