Block:0.4266666666666667
Script:0.4
Transaction:0.39
TransactionOutput:0.32666666666666666
BlockChain:0.2225
IrcDiscovery:0.20666666666666667
TransactionInput:0.19666666666666666
NetworkParameters:0.19
TransactionOutPoint:0.15166666666666667
FetchBlock:0.09666666666666666
BlockChainTest:0.09
