GeneralPreferencePage:0.36
XMPPAccount:0.3433333333333333
XMPPAccountStore:0.29
RosterView:0.27666666666666667
SarosUI:0.21666666666666667
ChangeXMPPAccountAction:0.19333333333333333
AccountPage:0.15666666666666668
CreateNewAccountWizard:0.14333333333333334
DeleteHandler:0.0025
AddAccountHandler:0.0025
ActiveAccountChangeListener:0.0025
AccountChangeListener:0.0025
ChangeWizard:0.0
