RemoteTask:0.71
HttpRemoteTask:0.5733333333333334
MockRemoteTask:0.39666666666666667
HttpRemoteTaskFactory:0.2733333333333333
SqlStageExecution:0.18
