HtmlChoiceWriter:0.49666666666666665
FormTagBase:0.37333333333333335
choiceEditor:0.3333333333333333
InputTag:0.32666666666666666
RecordEditor:0.16666666666666666
RecordFormatter:0.13
FormResponder:0.10333333333333333
