IndentationState:0.5066666666666667
Indents:0.35833333333333334
OldCodeFormatter:0.2866666666666667
AbstractBlockMarker:0.2377777777777778
NeutralMarker:0.21555555555555558
FixLengthMarker:0.2061111111111111
NoFormattingMarker:0.09
