HiveClientConfig:0.5
Transport:0.23333333333333334
HiveMetastoreClientFactory:0.20666666666666667
TestingHiveCluster:0.19777777777777777
TestHiveClientConfig:0.12666666666666668
MockHiveMetastoreClientFactory:0.11333333333333333
