ArrayHashCodeOperator:0.5933333333333334
FunctionRegistry:0.4988888888888889
TestMapOperators:0.24
