LinkerI:0.5569880952380951
GameSynteny:0.4533333333333333
LinkConfig:0.43333333333333335
TierPopupMenu:0.31
PeptideLinker:0.09333333333333334
LocationLinker:0.05333333333333334
FgeneshGFFParser:0.05
AbstractLinker:0.013333333333333334
