QueueFile:0.4666666666666667
InMemoryObjectQueue:0.36666666666666664
ObjectQueue:0.27
ElementIterator:0.18333333333333332
EntryIterator:0.17666666666666667
Converter:0.03
