Commentator:0.8144444444444445
FeatureEditorDialog:0.6566666666666666
