DFListener:0.9166666666666666
LayerListener:0.3433333333333333
