NinePatch:0.61
JsonReader:0.32
Skin:0.31666666666666665
TableLayout:0.20666666666666667
