BSONWriter:0.73
BSONBinaryWriter:0.32666666666666666
Fixture:0.31666666666666665
BSONCallbackAdapter:0.29
BSONBinaryReader:0.26666666666666666
JSONWriter:0.2633333333333333
AbstractBSONWriter:0.26
BsonDocumentWriter:0.21666666666666667
DBPointerCodec:0.19
JSONWriterTest:0.17
BSONBinaryWriterTest:0.10333333333333333
