IProgressView:0.6766666666666666
IContextMenusInBuddiesArea:0.605
IPEView:0.5816666666666667
PEView:0.5733333333333334
IContextMenusInSessionArea:0.5616666666666666
IWindowM:0.5616666666666666
IContextMenusInPEView:0.5616666666666666
ISarosPreferences:0.5616666666666666
ITeamC:0.5533333333333333
INewC:0.5533333333333333
ISarosM:0.5533333333333333
NewC:0.5233333333333333
SarosPreferences:0.5166666666666667
TeamC:0.5133333333333333
ContextMenusInPEView:0.38333333333333336
IContextMenusInSarosView:0.27051984126984113
STFController:0.21666666666666667
WindowM:0.21333333333333335
ContextMenusInSessionArea:0.21
Views:0.21
ProgressView:0.20333333333333334
RefactorC:0.18666666666666668
ShareWithC:0.18333333333333332
IConsoleView:0.16333333333333333
ConsoleView:0.13666666666666666
SarosM:0.13333333333333333
WorkTogetherOnC:0.12666666666666668
ContextMenusInBuddiesArea:0.09666666666666666
IShareWithC:0.006666666666666667
IRefactorC:0.006666666666666667
IWorkTogetherOnC:0.006666666666666667
ContextMenusInSarosView:0.006666666666666667
