Login:0.6833333333333333
AddUrl:0.23666666666666666
DisplayAssignedTasks:0.19333333333333333
