ServerTransportProtocol:0.54
RPCServerTransport:0.33666666666666667
BaseCometTransport:0.32
WebSocketCometTransport:0.2866666666666667
