QueueProxyImpl:0.6333333333333333
ConditionTest:0.26
QueueStatisticsTest:0.25333333333333335
BasicQueueTest:0.22333333333333333
