TC_RubyRuntime:0.42333333333333334
TC_RubyInterpreter:0.37333333333333335
TS_Launching:0.23
TS_RdtAllTests:0.22333333333333333
