CtrlTree:0.7383333333333333
Namespace:0.6576666666666667
