X509AuthenticationToken:0.7733333333333333
X509TestUtils:0.3
X509AuthenticationProvider:0.17333333333333334
X509AuthenticationTokenTests:0.043333333333333335
X509AuthenticationProviderTests:0.04
X509ProcessingFilter:0.0
