Coordinates:0.8005555555555556
TestCoordinates:0.38666666666666666
