OkHeaders:0.49
HttpEngine:0.4066666666666667
HttpResponseCache:0.38
OkResponseCache:0.21388888888888885
AbstractOkResponseCache:0.19583333333333333
ResponseCacheAdapter:0.14916666666666667
