MethodInterceptor:0.595
EnhancerGenerator:0.56
Enhancer:0.46
NoOpInterceptor:0.19333333333333333
EnhancerKey:0.1162777777777778
ClassFileConstants:0.0
