IJingleFileTransferConnection:0.5008888888888888
XMPPChatTransmitter:0.45666666666666667
FileTransferSession:0.27666666666666667
FileTransferMediaManager:0.26
FileTransferTCPReceiver:0.26
FileTransferTCPTransmitter:0.19
JingleSessionException:0.1688888888888889
JingleFileTransferManager:0.12594444444444447
JingleFileTransferData:0.02666666666666667
IJingleFileTransferListener:0.013333333333333334
