XKMSInvoker:0.43333333333333335
UserDataVO:0.37666666666666665
XKMSEncTest:0.2733333333333333
X509CATest:0.23
XKMSProvider:0.20333333333333334
