MetaEditor:0.5933333333333334
EditorsParser:0.2966666666666667
WebEditors:0.24333333333333335
EditorTag:0.14
MemoFormatter:0.05
XmlElementsNames:0.0
