PageFilter:0.4044444444444445
FeedFilter:0.4044444444444445
SkipEntriesFilter:0.3075
PermalinkFilter:0.24333333333333335
