BeanUtilBean:0.5672222222222222
BeanProperty:0.3233333333333333
BeanUtilTest:0.21666666666666667
