JConsole:0.6283333333333333
FeedbackDialog:0.355
FunctionBrowserManager:0.34833333333333333
