JSON:0.61
SerialWriterStringEncoder:0.39
ASMSerializerFactory:0.26555555555555554
FastJsonJsonView:0.24666666666666667
FastJsonProvider:0.20333333333333334
SerializeWriterTest_1:0.19666666666666666
FastJsonHttpMessageConverter:0.19666666666666666
SerialWriterStringEncoderTest:0.13
ThreadLocalCacheTest:0.12333333333333334
SerialWriterStringEncoderTest2:0.1
