TrackerPlugin:0.49666666666666665
GedcomTracker:0.3333333333333333
TrackerView:0.17
TrackerViewFactory:0.16
About:0.09333333333333334
EnableDisable:0.07666666666666666
TrackerPluginFactory:0.07333333333333333
