AnnotationSpec:0.45666666666666667
TypeSpecTest:0.37333333333333335
CodeWriter:0.37
Builder:0.32666666666666666
