TreeConverter:0.7066666666666667
DefaultMethodsTest:0.29333333333333333
ImplementationImportCollectorTest:0.285
