ConcurrentMapManager:0.6797222222222223
AddIndexHandler:0.3258333333333333
