SqlType:0.37
ServletUtil:0.35333333333333333
DbOrmTest:0.29333333333333333
DbEntityColumnDescriptor:0.25333333333333335
SqlTypeManager:0.21833333333333332
DefaultResultSetMapper:0.19666666666666666
