GetTermVectorsIT:0.4066666666666667
SearchQueryIT:0.33666666666666667
AbstractTermVectorsTestCase:0.30333333333333334
SuggestSearchIT:0.3
AnalysisModuleTests:0.27666666666666667
AnalysisFactoryTestCase:0.27666666666666667
CommonAnalysisFactoryTests:0.11
TermVectorsServiceTests:0.08
