EquipmentCollection:0.5333333333333333
VehicleCollection:0.5333333333333333
SettlementCollection:0.38333333333333336
PersonCollection:0.36666666666666664
UnitCollection:0.36333333333333334
