CalibrateImage:0.5166666666666667
Main:0.37333333333333335
PointPairMatch:0.26666666666666666
CalibrateCamera:0.23333333333333334
Testing:0.23222222222222225
