TreeMapTester:0.7066666666666667
TreeSetTester:0.5458333333333333
