EntityIndexUtils:0.6166666666666667
AbstractBinderProcessor:0.5066666666666667
ViewFileController:0.42
