ReferenceFinder:0.5099444444444445
Qedeq2Utf8:0.5066666666666667
Latex2Utf8Parser:0.42
LatexTextParser:0.31333333333333335
Qedeq2Utf8Plugin:0.13666666666666666
