PopularityWalker:0.5766666666666667
RandomWalker:0.32666666666666666
PopularityWalkerTest:0.15333333333333332
