SubclassImplementationTarget:0.5966666666666667
RebaseImplementationTarget:0.33
Factory:0.19666666666666666
