AbstractProcessor:0.7005555555555555
ActionFiltersProcessor:0.3433333333333333
