Jerry:0.5666666666666667
CacheValuesIterator:0.24333333333333335
DbListIterator:0.24
CollectionUtil:0.21666666666666667
TypeConverterTestHelper:0.21666666666666667
