Multiplicity:0.41
TypeGraph:0.34
Match:0.2966666666666667
Matcher:0.2733333333333333
Util:0.26666666666666666
PreMatch:0.1811111111111111
Search:0.18
PatternSearchPlan:0.16666666666666666
PatternShape:0.14333333333333334
MatcherFactory:0.11333333333333333
PatternGraphMatchSetCollector:0.11
NodeEquivClass:0.08
TestMatching:0.05
