IndexWriterCountBatchIterator:0.3433333333333333
NodeStatsIterator:0.3433333333333333
DistributingConsumerTest:0.2733333333333333
CollectingBatchIterator:0.26
AsyncOperationBatchIterator:0.25666666666666665
BatchPagingIterator:0.24333333333333335
AsyncCompositeBatchIterator:0.23666666666666666
CompositeBatchIterator:0.21
BatchIteratorTester:0.19666666666666666
LeftJoinBatchIterator:0.14
