MapReplicationRemove:0.24666666666666667
WanReplicationServiceImpl:0.21333333333333335
MapReplicationUpdate:0.19333333333333333
LocalWanPublisherStatsImpl:0.17666666666666667
LocalWanPublisherStats:0.15833333333333333
WanReplicationService:0.14416666666666667
ReplicationEventObject:0.013333333333333334
