EnsJAdapter:0.6766666666666666
EnsJSequence:0.42833333333333334
