View:0.7633333333333333
ApplicantTest:0.26666666666666666
InvoiceDetailsWithSectionsTest:0.16666666666666666
EditInvoiceDetailWithSectionsAction:0.04
