CommunicationsStub:0.7733333333333333
ViewBuilder:0.37333333333333335
