WindowTracker:0.33
WindowTrackerTest:0.31333333333333335
ComponentRecorder:0.2966666666666667
ArgumentParser:0.2675
ComponentRecorderTest:0.2633333333333333
ComponentTestFixture:0.24666666666666667
EventNormalizer:0.24
ArgumentParserTest:0.215
AllTests:0.18666666666666668
UnitTestSuite:0.17333333333333334
ContextTracker:0.14666666666666667
SimpleApplet:0.14666666666666667
WindowWatcher:0.08666666666666667
