TreeView:0.5566666666666666
BiojavaResourceTransfer:0.43333333333333335
BiojavaDropAdapter:0.2783333333333333
BiojavaSaveAsDialog:0.13333333333333333
GeneralReader:0.08666666666666667
BiojavaResourceDragListener:0.0033333333333333335
PasteOrDropBiojava:0.0033333333333333335
