TagQueryService:0.2866666666666667
Articles:0.2
UserRepositoryImplTestCase:0.08666666666666667
