ColorTest:0.5033333333333333
AJAXTest:0.26666666666666666
SeeMessageSelectedColorsAction:0.2
InvoiceTest:0.11333333333333333
DeliveryTest:0.1
HumanTest:0.02
