KerasLayer:0.5866666666666667
KerasLstm:0.30333333333333334
KerasDense:0.2
KerasConvolution2D:0.19
KerasActivation:0.14666666666666667
KerasConvolution1D:0.14666666666666667
KerasEmbedding:0.14333333333333334
