HazelcastTestSupport:0.4666666666666667
AbstractMessageTask:0.36
AbstractMultiTargetMessageTask:0.29333333333333333
ClientEngineImpl:0.2633333333333333
DummySerializableCallable:0.06333333333333334
