HierarchyTestCase:0.18666666666666668
SecondLevelTestContext:0.18666666666666668
InterfaceWithTestCases:0.18
WhenNew:0.18
ClassTestExecutionNode:0.17666666666666667
SampleTestCase:0.17
SucceedingTestCase:0.15
TestingAStack:0.14
LocalTestCase:0.13
