SimpleCitation:0.32
NetcdfCRS:0.31666666666666665
Projected:0.2683333333333333
NetcdfIdentifiedObject:0.23
SimpleGeographicBoundingBox:0.23
SimpleDatum:0.23
Greenwich:0.22666666666666666
NetcdfProjection:0.18666666666666668
Geographic:0.17666666666666667
SimpleParameterGroup:0.17666666666666667
SimpleDirectPosition:0.15
SimplePrimeMeridian:0.10666666666666667
SimpleMatrix:0.09333333333333334
SimpleGridCoordinates:0.04
