ConsoleProcess:0.5366666666666666
SystemShell:0.44
ConsoleState:0.38333333333333336
kill:0.1577777777777778
