Evaluation:0.4988888888888889
Builder:0.4666666666666667
ROCBinary:0.3933333333333333
ClassificationScoreCalculator:0.25666666666666665
ROCMultiClass:0.17
