List:0.7033333333333334
IndexedSeq:0.4066666666666667
