Image:0.64
Main:0.37333333333333335
CalibrateImage:0.3075
CalibrationBundleAdjustment:0.2633333333333333
LMCameraCalibrationAdjustment:0.165
