LocalAttributeMetadata:0.6877777777777778
Constants:0.25594227994228
