DummyVertxMetrics:0.5366666666666666
VertxImpl:0.3
MetricsTest:0.29
FakeVertxMetrics:0.2327777777777778
MetricsOptionsTest:0.2
CustomMetricsFactory:0.12
