ResourceLoader:0.7666666666666667
dimen:0.5766666666666667
ShadowResources:0.29333333333333333
