Article:0.6466666666666666
MetaWeblogAPI:0.36666666666666664
ArticleReceiver:0.26
