MaterialCalendarView:0.7866666666666666
TitleChanger:0.26
DynamicSettersActivity:0.22666666666666666
SavedState:0.18666666666666668
CustomizeCodeActivity:0.07333333333333333
