JChemPaintMenuHelper:0.7266666666666667
ZoomAction:0.39416666666666667
