TedConfig:0.7066666666666667
TedIO:0.38
GeneralPanel:0.30666666666666664
TedParser:0.26916666666666667
StandardStructure:0.23333333333333334
DailyDate:0.17
TedMainMacListener:0.16333333333333333
SeasonEpisode:0.16
