MainFrame:0.5966666666666667
ResourcesTreeCellEditor:0.4666666666666667
