ExternalEventRecipient:0.5533333333333333
XmlRpcNotifier:0.47333333333333333
SpringBoardMBean:0.39166666666666666
Provisioner:0.365
SpringBoardMBeanTest:0.24666666666666667
ServiceConfigFactory:0.22333333333333333
XmlRpcWebServerFactoryBean:0.15
XmlRpcServiceExporter:0.10666666666666667
SpringBoardTest:0.1
SpringBoard:0.07766666666666668
XmlRpcTest:0.016666666666666666
XmlRpcProxyFactoryBean:0.0033333333333333335
XmlRpcClientInterceptor:0.0033333333333333335
