JSONScanner:0.615
CalendarCodec:0.24666666666666667
DateDeserializer:0.16333333333333333
DateTest3:0.12333333333333334
