CoreWsSecuritySecurityTokenServiceConfiguration:0.7033333333333334
WSFederationConstants:0.5077777777777778
WSFederationMetadataWriter:0.15666666666666668
SamlAssertionRealmCodec:0.09666666666666666
