StructureDiagramGenerator:0.5366666666666666
AtomContainer:0.47333333333333333
StructureDiagramGeneratorTest:0.2658333333333333
ControllerTest:0.2658333333333333
MoleculeViewer2D:0.18666666666666668
AtomPlacer:0.16
PathTools:0.05333333333333334
CDKConstants:0.0
