SimulationListener:0.6233333333333333
GenericSystemStore:0.5616666666666666
GrammarView:0.51
RuleName:0.4666666666666667
AspectualRuleView:0.4666666666666667
Simulator:0.41333333333333333
SPORule:0.4033333333333333
FileGps:0.3333333333333333
DefaultGrammarView:0.33
EditorDialog:0.31666666666666665
AbstractEvent:0.31333333333333335
RenameRuleAction:0.3011111111111111
RulePanel:0.2866666666666667
SPOEvent:0.2866666666666667
LTSPanel:0.27666666666666667
CompositeEvent:0.2733333333333333
Generator:0.26166666666666666
AutomatonBuilder:0.26
ModelChecking:0.25666666666666665
CTLModelChecker:0.24666666666666667
StrategiesTest:0.24333333333333335
ScenarioMenu:0.24
AspectualViewGps:0.23666666666666666
AbstractCondition:0.23666666666666666
AbstractModelCheckingStrategy:0.23
RuleSystem:0.23
RuleAspect:0.22142857142857145
BoundedNestedDFSStrategy:0.21666666666666667
ExplorationTest:0.21666666666666667
SimulationAdapter:0.215
StateJList:0.21142857142857144
RuleJTree:0.21
RuleDependencies:0.20833333333333334
DefaultFileSystemStore:0.2
TypeDiscoverer:0.2
BoundedModelCheckingDialog:0.19666666666666666
Imager:0.195
NewGraphAction:0.19444444444444445
CopyRuleAction:0.19444444444444445
DeleteRuleAction:0.19444444444444445
AspectualView:0.19333333333333333
StatePanel:0.19333333333333333
NewRuleAction:0.17944444444444446
RuleTreeNode:0.175
EditRuleAction:0.1728888888888889
ExplorationDialog:0.16666666666666666
UndoHistory:0.16142857142857145
NACTest:0.16
Validator:0.15833333333333333
EditGraphAction:0.15666666666666668
SaveGraphAction:0.14666666666666667
ForallCondition:0.13333333333333333
EditStateAction:0.13166666666666665
CAPanel:0.13142857142857142
TypePanel:0.13142857142857142
PositiveCondition:0.12333333333333334
Namespace:0.12
ArchiveGps:0.12
CTLTransitionMarker:0.12
RuleContentParser:0.10666666666666667
AspectJGraph:0.1
RuleAspectValue:0.07
ExistsCondition:0.05333333333333334
DirectoryTreeNode:0.043333333333333335
SystemStore:0.0
