DomNode:0.5983333333333334
HtmlUnitXPath:0.38333333333333336
DomCharacterData:0.3283333333333333
