RenderState:0.5133333333333333
Superformula:0.35
GLSLVolumeBuilder:0.3433333333333333
VolumeBuilder:0.30333333333333334
WireframeCanvas:0.24666666666666667
GLDisplay:0.23666666666666666
Attributes:0.21666666666666667
GL20DisplayVisitor:0.14416666666666667
