AsciiArtUtils:0.6233333333333333
DefaultCasEventListener:0.36666666666666664
AcceptUsersAuthenticationEventExecutionPlanConfiguration:0.17666666666666667
