CodeWriter:0.48
AccessInfo:0.28
FieldNode:0.2733333333333333
MethodNode:0.27
Decompiler:0.24666666666666667
ClassGen:0.24
InsnGen:0.23
RegionGen:0.21916666666666668
MethodGen:0.21333333333333335
DebugInfoParser:0.15333333333333332
JavaClass:0.13333333333333333
FieldInfo:0.13333333333333333
DotGraphVisitor:0.12
CodeGen:0.05
