JSONLexer:0.6759444444444445
JSONLexerBase:0.44333333333333336
JavaBeanDeserializer:0.30666666666666664
ASMDeserializerFactory:0.2544444444444445
JSONScanner:0.17333333333333334
DoubleBenchmark_arrayMapping:0.13666666666666666
BeanToArrayTest_date:0.07333333333333333
DateBenchmark:0.06666666666666667
BigDecimalBenchmark:0.06666666666666667
