ReportStarter:0.51
JasperReportViewer:0.25666666666666665
JasperViewer:0.24666666666666667
SendByEmailListener:0.19777777777777777
