AbstractTestQueries:0.5077777777777777
RelationPlanner:0.44666666666666666
TupleAnalyzer:0.4266666666666667
Analysis:0.27666666666666667
