Record:0.48333333333333334
CMap:0.33
TransactionalMap:0.2812222222222222
Node:0.24333333333333335
ThreadBoundInvocationHandler:0.2
TransactionTest:0.14666666666666667
