AbstractSuggestionBuilderTestCase:0.5833333333333334
PhraseSuggestionBuilderTests:0.3175
CompletionSuggesterBuilderTests:0.3175
TermSuggestionBuilderTests:0.12666666666666668
