FolderService:0.596388888888889
ProfileService:0.4885952380952381
TeamingServiceEndpoint:0.43666666666666665
ProfileServiceImpl:0.33
FolderServiceImpl:0.13
