DiscoveryNodes:0.7566666666666667
GatewayService:0.32
VerifyNodeRepositoryAction:0.29333333333333333
