HierarchyProvider:0.5364444444444445
WebserviceBean:0.39666666666666667
UtilProcess:0.36
ApplicationEntityManagerImpl:0.32666666666666666
NewProcessInstanceView:0.26666666666666666
TreeWrapper:0.23666666666666666
MainView:0.23333333333333334
ObjectHierarchyProvider:0.21
RemoteArtifactDefinition:0.15333333333333332
ApplicationView:0.11333333333333333
RemoteArtifact:0.1
FormRenderer:0.06333333333333334
ProcessInstancesView:0.023333333333333334
ArtifactView:0.0
