TableWriterNode:0.5233333333333333
Visitor:0.27
Rewriter:0.25333333333333335
RewritingVisitor:0.21555555555555553
LogicalPlanner:0.15666666666666668
TableCommitNode:0.15
WriterTarget:0.11666666666666667
LocalExecutionPlanner:0.03666666666666667
CreateName:0.028333333333333332
CreateHandle:0.02
