PreAuthenticatedAuthenticationProvider:0.6916666666666667
PreAuthenticatedAuthenticationProviderTests:0.5633333333333334
