CDKResource:0.6133333333333333
CDKResourcePropertySource:0.5266666666666666
