Peer:0.6666666666666666
PeerGroup:0.41333333333333333
PeerTest:0.2866666666666667
BlockImporter:0.16666666666666666
