OcspJunitHelper:0.5933333333333334
ProtocolOcspHttpStandaloneTest:0.52
ProtocolOcspTestBase:0.4266666666666667
