ConnectionString:0.5866666666666667
ClusterFixture:0.4166666666666667
ConnectionStringTest:0.16333333333333333
MongoConfigurationException:0.15
