RenderingParameters:0.44333333333333336
JCPEditorAppletMenuTest:0.4266666666666667
JCPPropertyHandler:0.38
PropertiesModelEditor:0.36
ControllerHub:0.27
SaveAsAction:0.18666666666666668
AbstractAppletTest:0.17
JChemPaintMenuHelper:0.16666666666666666
FieldTablePanel:0.14666666666666667
ModifyRenderOptionsDialog:0.1311111111111111
OpenAction:0.09333333333333334
AtomContainerEditor:0.07
JCPEditorAppletBugsTest:0.06333333333333334
