Caffeine:0.52
CacheContext:0.43666666666666665
EvictionTest:0.4033333333333333
CacheGenerator:0.38666666666666666
