HttpResponseHeaders:0.48
NettyResponseFuture:0.47
NettyAsyncResponseTest:0.2633333333333333
UpgradeCallback:0.15666666666666668
ResponseBuilder:0.15
