HttpRequest:0.8433333333333334
HttpBase:0.43333333333333335
HttpTunnelConnection:0.27
