ElasticsearchIntegrationTest:0.43666666666666665
SearchQueryTests:0.3933333333333333
TypeFieldMapper:0.3894444444444445
ContextSuggestSearchTests:0.28
SimpleAllMapperTests:0.27666666666666667
CountQueryTests:0.25
TypeParser:0.21666666666666667
