MappedAttribute:0.53
AbstractBasicBindingTests:0.3933333333333333
EntityBinder:0.38666666666666666
RootEntityBinder:0.18666666666666668
BasicAnnotationBindingTests:0.18333333333333332
