ToolbarButton:0.63
Team:0.5966666666666667
PEView:0.5666666666666667
Table:0.5533333333333333
PEViewImp:0.39
Tester:0.3466666666666667
TeamImp:0.3433333333333333
SessionViewImp:0.2833333333333333
TestSVNStateUpdates:0.26
TestPackageExplorerViewComponent:0.24666666666666667
TestSVNStateInitialization:0.23
EclipsePart:0.22337301587301586
TableImp:0.21666666666666667
RosterViewImp:0.21527777777777782
TestBasicComponentByAlice:0.21333333333333335
TestBasicComponentByAliceAndBob:0.17166666666666666
ToolbarButtonImp:0.13444444444444442
STFController:0.13
ExistsContextMenuOfTableItem:0.11
