Credentials:0.5916666666666667
AbstractUserAction:0.5533333333333333
