SarosRmiSWTWorkbenchBot:0.7283333333333334
TestHandleContacts:0.39666666666666667
