ServerXMLDFHandler:0.5044444444444445
ServerDFHandler:0.33938888888888885
ServerBinaryDFHandler:0.26666666666666666
