StatementGenerator:0.44
TranslationUtil:0.43666666666666665
ObjectiveCImplementationGeneratorTest:0.3
MetadataGenerator:0.3
UnitTreeVisitor:0.24666666666666667
AnnotationRewriter:0.19666666666666666
TreeConverterTest:0.15
MetadataWriter:0.15
TranslationEnvironment:0.11555555555555558
