ProbeJobs:0.37666666666666665
Job:0.23777777777777775
Probes:0.19333333333333333
GaConsoleOutputer:0.16333333333333333
GreysAnatomyClassFileTransformer:0.16
GaSession:0.14666666666666667
ConsoleServerHandler:0.13333333333333333
JLS:0.13
RespResult:0.1
Info:0.07666666666666666
SessionJobsHolder:0.07666666666666666
GreysAnatomyConsole:0.06833333333333333
TransformResult:0.03666666666666667
ReqGetResult:0.03666666666666667
ReqKillJob:0.02666666666666667
