SoftwareManagerTopComponent:0.5133333333333333
SoftwareManagerService:0.14
CreateSoftwareAssetAction:0.07666666666666666
SoftwareAssetNode:0.0
