LeafSearchScript:0.72
AbstractSearchScript:0.18333333333333332
JavaScriptSearchScript:0.18333333333333332
GroovyScript:0.18333333333333332
PythonSearchScript:0.18333333333333332
ScriptImpl:0.18333333333333332
FakeSearchScript:0.18333333333333332
ExtractFieldScriptEngine:0.12666666666666668
FieldValueScriptEngine:0.12666666666666668
ExpressionSearchScript:0.11
ScriptScoreFunctionTests:0.09333333333333334
AbstractLongSearchScript:0.08333333333333333
AbstractDoubleSearchScript:0.08333333333333333
