FolderPermissionsPropertyFactory:0.38666666666666666
FolderSubmitCtrl:0.3
DummyPermissionFactory:0.2961111111111111
Dcm4cheeFormController:0.27666666666666667
FolderPermissionsFactory:0.15333333333333332
StudyFilterModel:0.11
