Pbuffer:0.6566666666666666
PbufferTest:0.2966666666666667
