GreenLabPropertyFileReader:0.71
DoubleNumberField:0.5166666666666667
IntegerNumberField:0.49333333333333335
GreenLabAtributes:0.25666666666666665
GreenLabGrowthSinkPanel:0.18833333333333332
GreenLabBooleanCheckBox:0.17333333333333334
GreenLabTopologyPanel:0.15
GreenLabGrowthSourcePanel:0.14333333333333334
GreenLabOutputPanel:0.13666666666666666
GreenLabEnvironmentPanel:0.125
GreenLabGeometryPanel:0.11833333333333333
GreenLabColorBox:0.11666666666666667
GreenLabGlobalPanel:0.10333333333333333
GreenLabGrowthAllometryPanel:0.10333333333333333
GreenLabTooltipPanel:0.07666666666666666
GreenLabAgeComboBox:0.058333333333333334
GreenLabConstComboBox:0.011666666666666667
GreenLabTextField:0.006666666666666667
