TsQueryService:0.8766666666666667
TsQueryForm:0.36
TsQueryServiceImpl:0.3
TsQueryServiceAsync:0.25166666666666665
UIServiceImpl:0.235
ConcordanceServiceImpl:0.17166666666666666
TsQueryTab:0.02666666666666667
