PhysicalCondition:0.4533333333333333
Cooking:0.41
MakingSoy:0.31
ManufacturePanel:0.24944444444444444
ResourceProcessPanel:0.20666666666666667
ManufactureSelectionListCellRenderer:0.14
