RunAsyncCreateDlgParams:0.5666666666666667
AdminControl:0.39
EditLdapConfigDlg:0.3566666666666667
EditLdapSearchDlg:0.27666666666666667
LdapSyncResultsDlg:0.26666666666666666
EditLdapServerConfigDlg:0.23333333333333334
RunAsyncInitAndShowParams:0.09333333333333334
LdapSyncResultsDlgInitAndShowParams:0.09333333333333334
RunAsyncCmd:0.08333333333333333
EditLdapSearchDlgInitAndShowParams:0.07666666666666666
EditLdapServerDlgInitAndShowParams:0.07666666666666666
RunAsyncParams:0.0
