HtmlUnitScriptable:0.5533333333333333
Window:0.5066666666666667
SimpleScriptable:0.44
JavaScriptEngine:0.31
ClassConfiguration:0.24333333333333335
XMLDocument:0.2377777777777778
Intl:0.13333333333333333
AbstractJavaScriptConfiguration:0.12333333333333334
