Model:0.7933333333333333
PropertyTableWidget:0.36666666666666664
DateSG:0.2833333333333333
