HazelcastCache:0.4533333333333333
HazelcastCacheRegionFactory:0.33666666666666667
HazelcastCacheProvider:0.27666666666666667
AbstractHazelcastRegion:0.23333333333333334
AbstractGeneralRegion:0.13666666666666666
HazelcastEntityRegion:0.04416666666666667
HazelcastCollectionRegion:0.04416666666666667
AbstractTransactionalDataRegion:0.03
HazelcastTimestampsRegion:0.0275
HazelcastQueryResultsRegion:0.0275
