ReplacementStrategy:0.46972222222222226
Utils:0.38333333333333336
ReusableObjManager:0.31083333333333335
ContactsStrategy:0.2866666666666667
ExtentsStrategy:0.2833333333333333
KeywordsStrategy:0.25
FormatsStrategy:0.21
