Cache:0.6166666666666667
ClassMetadataNode:0.3933333333333333
ClassMetadataNodeProperty:0.23666666666666666
RootClassMetadataNode:0.11333333333333333
CreateClassAction:0.08666666666666667
DeleteAttributeAction:0.07333333333333333
CreateAttributeAction:0.013333333333333334
DeleteClassAction:0.013333333333333334
