HistoryAction:0.6733333333333333
HistoryManager:0.63
WikiPanel:0.4633333333333333
WikipediaInternetSearchPlugin:0.25
ForwardAction:0.02666666666666667
Viewer:0.02666666666666667
BackAction:0.02666666666666667
Cache:0.01
URICache:0.0
