ChronicleMapBuilder:0.85
ChronicleSetBuilder:0.38666666666666666
ChronicleHashBuilder:0.37583333333333335
TimeBasedReplicationTest:0.27666666666666667
