JavaMethodTestDescriptorTests:0.4066666666666667
TestDescriptor:0.3
JavaClassTestDescriptor:0.20333333333333334
JavaMethodTestDescriptor:0.20333333333333334
EngineDescriptor:0.14
