AbstractBase:0.2733333333333333
Forwarding:0.24444444444444446
ForNamedField:0.24444444444444446
ByteBuddyCommonsTest:0.22
DefaultFieldValueTarget:0.205
DefaultMethodAnnotationTarget:0.19611111111111112
DefaultMatchedMethodInterception:0.17444444444444446
DefaultOptionalMatchedMethodInterception:0.1741111111111111
TypeExtractor:0.16333333333333333
ByteBuddyCommons:0.12
