ClientCacheHelper:0.5866666666666667
HazelcastClientCacheManager:0.37666666666666665
ClientCacheHelperTest:0.32
ClientCacheProxyFactory:0.21333333333333335
