Response:0.4633333333333333
Request:0.4166666666666667
CacheStrategy:0.2325
HeaderParser:0.17944444444444443
ParsedHeaders:0.11
