AuthValueFactoryProvider:0.46
ProtectedResourceTest:0.4166666666666667
Binder:0.35
HelloWorldApplication:0.2866666666666667
PrincipalClassProvider:0.04
