NameTable:0.68
TypeImplementationGenerator:0.4266666666666667
TypeDeclarationGenerator:0.24550000000000002
TypeGenerator:0.17666666666666667
