H2Plugin:0.49666666666666665
H2DataStoreDriver:0.4766666666666667
H2Extension:0.09666666666666666
