VocabularyEditor:0.4
ViewPropertySelectionDialog:0.38333333333333336
PropertiesSelector:0.3433333333333333
