Variable:0.6633333333333333
Operation:0.31666666666666665
SOAPProtocol:0.27
OperationWSDLInfo:0.22666666666666666
CommChannel:0.15333333333333332
SolicitResponseProcess:0.15
NotificationProcess:0.15
Location:0.06
