ChooseIdWizardPage:0.8066666666666666
ChooseBibtexWizardPage:0.22666666666666666
