Action2:0.5633333333333334
MenuHelper:0.39
Editor:0.33533333333333337
ViewContext:0.3233333333333333
ExtendContextMenu:0.29277777777777775
ControlCenter:0.25
TreeView:0.22
EditView:0.21333333333333335
ExtendToolbar:0.18333333333333332
EditViewPlugin:0.18333333333333332
ExtendMenubar:0.16333333333333333
ViewPlugin:0.14666666666666667
ButtonHelper:0.13333333333333333
ContextSelectionEvent:0.13
BasicEditor:0.09666666666666666
AdvancedEditor:0.09
UpdateActions:0.06666666666666667
