AbstractZoneModule:0.67
AccessControlController:0.36333333333333334
GwtNetFolderHelper:0.31
ObjectKeys:0.28977777777777775
