InvalidParameterValueException:0.30333333333333334
InvalidParameterTypeException:0.13333333333333333
InvalidParameterCardinalityException:0.13333333333333333
InvalidParameterNameException:0.13333333333333333
