DetailInfo:0.8433333333333334
FeatureEditPanel:0.29333333333333333
