JVertex:0.5233333333333333
LabelList:0.47333333333333333
MyMouseListener:0.35444444444444445
JModel:0.35
JGraph:0.3283333333333333
FilterAction:0.24333333333333335
EditableJEdge:0.24
EditableJVertex:0.23333333333333334
GraphJVertex:0.22666666666666666
GraphJEdge:0.22333333333333333
RealCellEditor:0.22
ShowHideMenu:0.18333333333333332
MyCellRenderer:0.16
LabelMenu:0.12
LabelAction:0.09
RefreshListener:0.02666666666666667
