MongoConnector:0.4266666666666667
MongoMetadata:0.4
MongoClientModule:0.22
MongoHandleResolver:0.21333333333333335
TestMongoPlugin:0.18
MongoPlugin:0.13361111111111112
MongoPageSinkProvider:0.08333333333333333
MongoPageSourceProvider:0.07333333333333333
MongoSplitManager:0.07333333333333333
