Native:0.57
Pointer:0.43333333333333335
NativeLibrary:0.326984126984127
Memory:0.31
WindowUtilsTest:0.19222222222222224
Function:0.18333333333333332
NativeString:0.1738888888888889
Structure:0.16666666666666666
StdCallFunctionMapper:0.12666666666666668
