BioResource:0.6533333333333333
BioResourcePropertySource:0.29277777777777775
BioResourceView:0.245
CDKResource:0.24472222222222223
CMLResource:0.23
FileResource:0.22416666666666665
