MainScene:0.59
SleepMeta:0.23333333333333334
TabPanelActivity:0.21
PlayHoloGameMeta:0.20333333333333334
RelaxMeta:0.20333333333333334
WriteReportMeta:0.16333333333333333
ListenToMusicMeta:0.16333333333333333
HaveConversationMeta:0.16333333333333333
ReadMeta:0.16333333333333333
WorkoutMeta:0.16333333333333333
ConnectWithEarthMeta:0.16333333333333333
YogaMeta:0.16333333333333333
