DataStore:0.6933333333333334
ScheduleItem:0.4766666666666667
SystemDataRes:0.2966666666666667
TimerThread:0.15666666666666668
