Invocation:0.49333333333333335
InvocationUtil:0.33
ReturnPointLink:0.32
JSR:0.28
RETURN:0.25338888888888894
ClassUtil:0.25333333333333335
JSR_W:0.17666666666666667
RET:0.16
FRETURN:0.1313888888888889
IRETURN:0.1313888888888889
LRETURN:0.1313888888888889
ARETURN:0.1313888888888889
DRETURN:0.1313888888888889
MULTIANEWARRAY:0.08333333333333333
GOTO:0.06666666666666667
GOTO_W:0.06666666666666667
RUNSTART:0.066
DUP2_X2:0.06
ASTORE:0.056666666666666664
POP2:0.056666666666666664
MONITORENTER:0.056666666666666664
FSTORE:0.056666666666666664
LSTORE:0.056666666666666664
POP:0.056666666666666664
DSTORE:0.056666666666666664
ISTORE:0.056666666666666664
MONITOREXIT:0.056666666666666664
ACONST_NULL:0.056666666666666664
DUP:0.056666666666666664
ICONST:0.056666666666666664
NOP:0.043333333333333335
IFNONNULL:0.03
IFNULL:0.03
SWAP:0.03
AASTORE:0.03
DUP_X1:0.03
DUP2:0.02666666666666667
TABLESWITCH:0.02666666666666667
LASTORE:0.023333333333333334
BASTORE:0.023333333333333334
DCONST:0.023333333333333334
BIPUSH:0.023333333333333334
DASTORE:0.023333333333333334
SIPUSH:0.023333333333333334
CASTORE:0.023333333333333334
DUP2_X1:0.023333333333333334
IASTORE:0.023333333333333334
LOOKUPSWITCH:0.023333333333333334
DUP_X2:0.023333333333333334
LCONST:0.023333333333333334
FCONST:0.023333333333333334
SASTORE:0.023333333333333334
FASTORE:0.023333333333333334
