AsyncHttpClientConfig:0.4533333333333333
AsyncProvidersBasicTest:0.4033333333333333
Builder:0.34
NettyAsyncHttpProvider:0.32
