RunaOrgStructureImporter:0.6533333333333333
FormNode:0.33222222222222225
TreeViewSelectionDialog:0.29111111111111115
SQLServerSettingsPage:0.29
SwimlaneRunaOrgStructureElement:0.25333333333333335
MoveVariableSelectionListener:0.21
