OneLinkField:0.6475
Log4jLogAdapter:0.5114285714285715
NutDaoRunner:0.22277777777777777
