ChemObjectEditor:0.44963888888888887
AtomEditor:0.4266666666666667
PseudoAtomEditor:0.31
