AbstractMethodInvokingDelegator:0.33666666666666667
JdbcCursorItemReaderCommonTests:0.25333333333333335
AbstractDelegatorTests:0.23333333333333334
ItemReaderAdapterTests:0.12
JdbcCursorItemReaderIntegrationTests:0.09
