MBOEConfirm:0.9866666666666667
Doc_Payment:0.36666666666666664
