Realm:0.63
RealmBuilder:0.3333333333333333
NettyAsyncHttpProvider:0.30666666666666664
AuthenticatorUtils:0.1827777777777778
