SessionManager:0.585
InviteAction:0.4066666666666667
GeneralNewSessionAction:0.24833333333333332
