Context:0.7133333333333334
ArchivingMediaDriver:0.26666666666666666
