CallEditor:0.6066666666666667
ExtendedComparatorTest:0.39666666666666667
ExtendedComparator:0.30333333333333334
