ObjectKeys:0.7801666666666667
User:0.4533333333333333
ProfileModuleImpl:0.3233333333333333
AbstractZoneModule:0.25666666666666665
MiscUtil:0.225
ProfileDaoImpl:0.21
