SetLiteral:0.5933333333333334
EqOperatorTest:0.4066666666666667
CmpOperator:0.28
