Rescorer:0.6833333333333333
SearchContext:0.6666666666666666
QueryRescorer:0.37333333333333335
PercolateContext:0.27
SearchSourceBuilder:0.26666666666666666
DefaultSearchContext:0.22666666666666666
SearchRequestBuilder:0.21333333333333335
TestSearchContext:0.20583333333333334
RescoreBuilder:0.17
QueryRescorerTests:0.16333333333333333
TransportExplainAction:0.16
QueryPhase:0.13666666666666666
ExplainFetchSubPhase:0.12333333333333334
RescorePhase:0.1
RescoreParseElement:0.01
TopDocsFilter:0.006666666666666667
