AutoCreate:0.4266666666666667
AutoCreateIndex:0.38
TransportMasterNodeReadAction:0.35333333333333333
