InternalHotRestartService:0.6952777777777778
NoopInternalHotRestartService:0.6635555555555557
ClusterJoinManager:0.43333333333333335
NoopHotRestartServicesTest:0.28
ClusterDataSerializerHook:0.21
