AbstractAdminApplicationTest:0.5033333333333333
AdminApplicationTest:0.19333333333333333
AdminApplicationHazelcastTest:0.17666666666666667
AdminServerImportSelector:0.16
