State:0.6166666666666667
ActionExecutor:0.38
TransitionableState:0.2833333333333333
ActionState:0.23666666666666666
