WebSocketProcessor:0.4666666666666667
GrizzlyWebSocket:0.33166666666666667
WebSocketAdapter:0.30309523809523803
Jetty8WebSocket:0.29
TomcatWebSocket:0.29
