UtilGUI:0.45
Scope:0.37333333333333335
UtilFile:0.36
UtilList:0.35333333333333333
Document:0.35
ResultDocument:0.28944444444444445
DocFetcher:0.25333333333333335
IndexingTab:0.24333333333333335
ScopeRegistry:0.21
Const:0.20333333333333334
Indexable:0.2
ScopeGroup:0.18
IndexingDialog:0.17333333333333334
PrefDialog:0.16666666666666666
Modifiable:0.13666666666666666
ListDocumentsAction:0.051666666666666666
