BondsToAtomDescriptor:0.21
IsProtonInAromaticSystemDescriptor:0.21
IsProtonInConjugatedPiSystemDescriptor:0.21
DistanceToAtomDescriptor:0.21
PartialSigmaChargeDescriptor:0.21
InductiveAtomicHardnessDescriptor:0.19666666666666666
InductiveAtomicSoftnessDescriptor:0.19666666666666666
EffectiveAtomPolarizabilityDescriptor:0.19666666666666666
ProtonTotalPartialChargeDescriptor:0.19666666666666666
VdWRadiusDescriptor:0.19666666666666666
CovalentRadiusDescriptor:0.19666666666666666
PeriodicTablePositionDescriptor:0.19666666666666666
