StringUtil:0.8766666666666667
ArrayConverter:0.71
ShortArrayConverter:0.17666666666666667
FloatArrayConverter:0.17666666666666667
BooleanArrayConverter:0.17666666666666667
DoubleArrayConverter:0.17666666666666667
ByteArrayConverter:0.14
IntegerArrayConverter:0.14
LongArrayConverter:0.14
ByteArrayConverterTest:0.11333333333333333
DoubleArrayConverterTest:0.06333333333333334
FloatArrayConverterTest:0.06333333333333334
ClassArrayConverterTest:0.06333333333333334
ShortArrayConverterTest:0.06333333333333334
BooleanArrayConverterTest:0.06333333333333334
