StoredPaymentChannelServerStates:0.5716666666666667
ProtobufParser:0.45666666666666667
PaymentChannelServerState:0.445
