RegisterFactory:0.45
BytecodeToQuad:0.37333333333333335
ControlFlowGraph:0.35333333333333333
CHACallGraph:0.19333333333333333
