JPPFNodeAdmin:0.5066666666666667
NodeExecutionManagerImpl:0.38
JPPFNodeState:0.37666666666666665
NodeTreeTableMouseListener:0.23
NodeTaskWrapper:0.13133333333333333
