TestLibrary:0.5722222222222222
VarArgsTest:0.3744444444444444
Function:0.36333333333333334
ArgumentsMarshalTest:0.32
