BinderHelper:0.6133333333333333
WsDomTreeBuilder:0.29800000000000004
TemplateModuleImpl:0.22666666666666666
ConfigureConfigurationController:0.15333333333333332
AbstractBinderController:0.14666666666666667
ManageBinderQuotaController:0.13
