Result:0.8933333333333333
TypeChecker:0.36
AssignmentStep:0.2966666666666667
AssignmentLocalStep:0.15333333333333332
AssignmentCustomLocalStep:0.04
AssignmentCustomStep:0.04
