CatalogEntry:0.5208333333333334
MetadataEntity:0.3416666666666667
QueryDefinition:0.26344444444444437
QueryResult:0.19
