NoOpServerRequestCache:0.5
ServerRequestCache:0.495
WebSessionServerRequestCacheTests:0.30333333333333334
WebSessionServerCsrfTokenRepository:0.27666666666666667
WebSessionServerRequestCache:0.18166666666666667
