ComputedCSSStyleDeclaration:0.5366666666666666
HTMLElementTest:0.47583333333333333
HTMLElement2Test:0.3566666666666667
