MeshBuilder:0.57
ModelBuilder:0.49333333333333335
BaseBulletTest:0.26
BasicShapesTest:0.16333333333333333
