ApolloPanel:0.5966666666666667
DragViewI:0.4063730158730159
FeatureView:0.24666666666666667
ColumnApolloLayout:0.17111111111111113
ScaleView:0.1
