Path:0.8522222222222222
PathTest:0.36666666666666664
