Builder:0.6569444444444443
Layer:0.41
DefaultLayerFactory:0.32
WeightInitUtil:0.24666666666666667
