ShadowSystemProperties:0.36
ShadowSystem:0.33
ShadowSettingsTest:0.31666666666666665
ShadowUserManagerTest:0.2866666666666667
ShadowPowerManager:0.28
ShadowPowerManagerTest:0.23666666666666666
ShadowUserManager:0.17666666666666667
ShadowSystemPropertiesTest:0.11333333333333333
