INVOKESTATIC:0.38166666666666665
INVOKESPECIAL:0.38166666666666665
INVOKEVIRTUAL:0.38166666666666665
