TagPath:0.7766666666666666
MetaProperty:0.57
PropertyEvent:0.2966666666666667
TableViewSettings:0.24066666666666667
ActionInsert:0.24
