Animation:0.5133333333333333
PolygonSpriteBatch:0.4422222222222223
SimpleAnimationTest:0.23
AnimationTest:0.15
SuperKoalio:0.15
