TestCheckoutControllerConfiguration:0.49666666666666665
TestOrder:0.43833333333333335
TestCheckoutControllerResult:0.37333333333333335
