Document:0.7266666666666667
Jsoup:0.44333333333333336
CleanerTest:0.21333333333333335
