MappedRawLog:0.6033333333333334
PublicationTest:0.3566666666666667
LogBufferDescriptor:0.27
RawLogFactory:0.23333333333333334
