Aligner:0.42
GeonetParams:0.3433333333333333
LocalFilesystemHarvester:0.27666666666666667
Geonet20Harvester:0.23666666666666666
Harvester:0.2
