Simulator:0.4866666666666667
EditorJModel:0.31
JVertex:0.2966666666666667
PositiveCondition:0.27
