SyncUtil:0.4033333333333333
TableCreator:0.34
MplsSyncProvider:0.29
BridgeDomainSyncProvider:0.22333333333333333
EndToEndViewScene:0.19666666666666666
ViewModule:0.19333333333333333
MplsSyncDefaultParserNew:0.13333333333333333
BridgeDomainsASR1002Parser:0.09666666666666666
BridgeDomainsASR920Parser:0.09666666666666666
BridgeDomainsME3600Parser:0.09666666666666666
