Reserved:0.5506785714285714
Walker:0.44333333333333336
FunctionReserved:0.34
FactoryTests:0.18
MainMethodReserved:0.15
