Hierarchy:0.7933333333333333
Resolver:0.6966666666666667
ComponentReference:0.5066666666666667
Robot:0.5066666666666667
Step:0.4666666666666667
AWT:0.4633333333333333
Event:0.4033333333333333
Script:0.39
ComponentTester:0.36
MultiMatcher:0.3272804232804233
AWTHierarchy:0.31666666666666665
StepRunner:0.29333333333333333
ScriptEditor:0.2833333333333333
Recorder:0.26
ComponentBrowser:0.26
ArgumentParserTest:0.25333333333333335
RobotTest:0.25
ComponentNode:0.24666666666666667
ComponentReferenceTest:0.23666666666666666
CallTest:0.22
SemanticRecorder:0.22
JComboBoxTester:0.21666666666666667
InputState:0.21444444444444444
Annotation:0.21
ForkedStepRunner:0.20666666666666667
StepRunnerTest:0.20333333333333334
ScriptTableTest:0.2
EventRecorderTest:0.2
CallEditorTest:0.19666666666666666
ScriptTest:0.19666666666666666
ActionEditorTest:0.19666666666666666
ComponentTestFixture:0.19333333333333333
ComponentTesterTest:0.19333333333333333
ActionTest:0.19
AnnotationTest:0.19
EventEditorTest:0.18666666666666668
RobotAppletTest:0.18333333333333332
ComponentRecorder:0.18333333333333332
ArgumentParser:0.18
NoExitSecurityManager:0.18
DefaultStep:0.17833333333333334
ForkedStepRunnerTest:0.17666666666666667
MultipleComponentsFoundException:0.17333333333333334
StepEditorTest:0.16666666666666666
AbstractButtonTesterTest:0.16333333333333333
ScriptModelTest:0.16333333333333333
LaunchTest:0.16333333333333333
JComboBoxRecorderTest:0.16333333333333333
Matcher:0.1569047619047619
WindowRecorder:0.15666666666666668
HierarchyWriterTest:0.15666666666666668
SampleTest:0.15333333333333332
BasicFinder:0.15
ScriptEditorTest:0.13333333333333333
ScriptFixture:0.12333333333333334
MyCodeStressTest:0.12333333333333334
Condition:0.1175
RefModel:0.11666666666666667
AssertEditorTest:0.11666666666666667
ComponentNotFoundException:0.11551587301587302
JSpinnerTester:0.11
HierarchyWriter:0.09
TestHierarchy:0.07666666666666666
TestStepRunner:0.07333333333333333
ExitException:0.06333333333333334
NoSuchReferenceException:0.06
ComponentSearchException:0.056666666666666664
AWTTest:0.05111111111111111
SlaveStepRunner:0.05
WindowMatcher:0.03
ClassMatcher:0.02666666666666667
SplashScreen:0.02
MyCode:0.016666666666666666
NameMatcher:0.0033333333333333335
MenuItemMatcher:0.0
AbstractMatcher:0.0
