Shapefile:0.56
ShapefileWriter:0.2688888888888889
ShapeHandler:0.18116666666666667
PointHandler:0.16777777777777778
ShapefileReader:0.16222222222222224
PolygonHandler:0.16
MultiPointHandler:0.155
MultiLineHandler:0.15
