JFXFillTransition:0.37666666666666665
JFXTextArea:0.37
JFXTextField:0.37
JFXPasswordField:0.37
ValidationFacade:0.27666666666666667
