Builder:0.42333333333333334
Version:0.33666666666666667
ShardRouting:0.27666666666666667
StringFieldMapper:0.2
PercolatorService:0.17333333333333334
TypeParsers:0.16666666666666666
AnalysisServiceTests:0.16666666666666666
AnalysisService:0.15666666666666668
DateFieldMapper:0.12
LongFieldMapper:0.12
ShortFieldMapper:0.12
IntegerFieldMapper:0.12
ByteFieldMapper:0.12
FloatFieldMapper:0.12
DoubleFieldMapper:0.12
TypeParser:0.11666666666666667
SpanNearQueryBuilderTests:0.10666666666666667
