GrammarModel:0.38
CompositeTypeModel:0.35333333333333333
RuleModel:0.33
ResourceModel:0.3
StateTab:0.29
ResourceDisplay:0.23333333333333334
ExploreThread:0.1461111111111111
