CommunicationsStub:0.7133333333333334
NewSyncDataSourceConfigurationAction:0.2733333333333333
RunSynchronizationProcessAction:0.24666666666666667
SyncGroupNode:0.24
SyncGroupRootNode:0.2277777777777778
NewSyncGroupAction:0.18
SyncManagerActionFactory:0.08
