Future:0.6533333333333333
FutureTest:0.64
FutureImpl:0.3233333333333333
Concurrent:0.14333333333333334
