BasicActor:0.46
ActorTest:0.33666666666666667
SelectiveReceiveHelper:0.25333333333333335
TypedReceiveA:0.04
TypedReceiveB:0.04
