DescriptionsListTag:0.7533333333333333
ProductsEvaluationTest:0.31666666666666665
ProductsEvaluationDetailsReadOnlyTest:0.208
