Configuration:0.5233333333333333
JsonReader:0.3333333333333333
ConfigurationBuilder:0.27
EvaluationContextImpl:0.20444444444444443
CompiledPath:0.13
ReadContext:0.12666666666666668
FoundResultImpl:0.11
