Comparison:0.44333333333333336
SelectAnalyzerTest:0.39666666666666667
ExpressionAnalyzer:0.31
InnerExpressionAnalyzer:0.2791666666666667
FunctionIdent:0.24666666666666667
UpdateAnalyzerTest:0.21666666666666667
