ThumbnailWidget:0.7866666666666666
EventHandler:0.32
Add:0.31
FileBean:0.18666666666666668
