BlogCategory:0.7683333333333333
BlojsomXMLRPCServlet:0.44333333333333336
