FetchMARC:0.5
FetchAgricolaID:0.4666666666666667
Marc2Med:0.33476190476190476
