TokenBasedRememberMeServices:0.46
HttpSecurityBeanDefinitionParserTests:0.3466666666666667
PersistentTokenBasedRememberMeServices:0.34
TokenBasedRememberMeServicesTests:0.27666666666666667
AbstractRememberMeServices:0.27166666666666667
RememberMeBeanDefinitionParser:0.11666666666666667
