JPPFDriver:0.49
ClientContext:0.47
ClientMessage:0.31
ClientNioServer:0.2633333333333333
SendingResultsState:0.1125
WaitingJobState:0.07833333333333334
IdleState:0.05333333333333334
ClientServerFactory:0.043333333333333335
CompletionListener:0.016666666666666666
ClientServerState:0.006666666666666667
