BuildingManager:0.6366666666666667
CollectRockSamplesMission:0.53
TravelToSettlement:0.31666666666666665
