HOSECodeGeneratorTest:0.7933333333333333
MstandardTests:0.16666666666666666
