FedoraAccessServlet:0.7383333333333333
DatastreamResolverServlet:0.6576666666666667
