LayerTreeEditor:0.5966666666666667
DeleteWidgetEdit:0.35
WidgetDefaultsHandler:0.26666666666666666
EditorWidgetTableConstructor:0.21666666666666667
TreeEditorHelper:0.20055555555555554
EditorEngine:0.19
MoveWidgetEdit:0.06666666666666667
AbstractMoveWidgetEdit:0.03666666666666667
