Call:0.84
EmptyCall:0.22666666666666666
Calls:0.19333333333333333
BehaviorCall:0.17333333333333334
OkHttpCall:0.17333333333333334
ExecutorCallbackCall:0.17333333333333334
CallTest:0.15333333333333332
