ISharedProject:0.6433333333333333
SharedProject:0.45666666666666667
User:0.36333333333333334
SessionManager:0.3466666666666667
ISessionManager:0.312
DriverDocumentManager:0.26666666666666666
OutgoingInvitationProcess:0.24333333333333335
XMPPChatTransmitter:0.23583333333333334
IncomingInvitationProcess:0.23333333333333334
ConcurrentDocumentManager:0.23
EditorAPI:0.22
PacketExtensions:0.21
InvitationDialog:0.19666666666666666
SessionLabelProvider:0.19666666666666666
SessionContentProvider:0.15666666666666668
