Buffer:0.75
RealBufferedSource:0.4166666666666667
ReadUtf8LineTest:0.29333333333333333
