ExportHelper:0.48833333333333334
FileModuleImpl:0.41
KablinkFileSystemLibrary:0.39666666666666667
ReadFileController:0.15666666666666668
