TypeUtils:0.77
ReflectUtils:0.4533333333333333
EnhancerEmitter:0.31
AbstractClassGenerator:0.20666666666666667
VisibilityPredicate:0.19666666666666666
NamingPolicy:0.11922222222222222
Source:0.03666666666666667
