DocumentEditor:0.4533333333333333
SerialControllerEditor:0.41
Scratch:0.2816666666666667
EventsHandler:0.24
