Character:0.7133333333333334
ByExampleRunner:0.6916666666666667
CharacterRepository:0.6586666666666667
Application:0.23
CrudRunner:0.15833333333333333
