Configuration:0.8112698412698413
DriverConductor:0.64
UdpChannelTransport:0.25333333333333335
