ObjectiveCImplementationGeneratorTest:0.5633333333333334
ObjectiveCImplementationGenerator:0.5066666666666667
NoEquals:0.2875
ReflectionTest:0.15
