Heritrix:0.5505555555555556
UURIFactory:0.44333333333333336
UnsupportedUriScheme:0.08666666666666667
