MultiMapTransactionLog:0.43
TransactionImpl:0.41333333333333333
MapTransactionLog:0.39666666666666667
TxnPrepareOperation:0.3433333333333333
CollectionTransactionLog:0.19277777777777777
TxBackupLog:0.056111111111111105
