ClientMapProxy:0.3566666666666667
CacheRecord:0.32
ClientReplicatedMapProxy:0.23
ClientNearCache:0.22666666666666666
ClientCallFuture:0.21333333333333335
ClientCompletableFuture:0.19555555555555554
ClientMultiMapProxy:0.19
