MapService:0.5933333333333334
SecondsBasedEntryTaskScheduler:0.3016666666666667
Merger:0.25088888888888883
