FoldedWriter:0.5766666666666667
MTextField:0.4533333333333333
PIMData:0.4
