AspectEdge:0.38666666666666666
AspectNode:0.32
ProcedurePar:0.2783333333333333
Signature:0.23
Level2:0.22
UnitPar:0.21
