ResponseSubmissionEvent:0.5066666666666667
CommentPlugin:0.30666666666666664
TrackbackPlugin:0.30666666666666664
CommentResponseSubmissionEvent:0.09333333333333334
TrackbackResponseSubmissionEvent:0.09333333333333334
