AbstractPathImpl:0.5366666666666666
StandardDialectResolver:0.26
ProxyTest:0.17533333333333334
