CumulativeNormalDistributionTest:0.46
NormalDistributionTest:0.13
BrentSolver1dTest:0.12333333333333334
BinomialDistributionTest:0.12
GammaDistributionTest:0.10333333333333333
