EmbedClient:0.7166666666666667
EmbedGUI:0.43213888888888885
EmbedClientGUI:0.24666666666666667
