TypeSpecTest:0.55
NameAllocatorTest:0.3566666666666667
CodeBlockTest:0.31333333333333335
MethodSpecTest:0.26666666666666666
FileReadingTest:0.20333333333333334
