AbstractRememberMeServices:0.5766666666666667
PersistentTokenBasedRememberMeServices:0.38666666666666666
TokenBasedRememberMeServices:0.3644444444444444
MockRememberMeServices:0.18333333333333332
