FullTextSearchEntry:0.6433333333333333
FullTextSearch:0.43333333333333335
FullTextSearchConfiguration:0.16333333333333333
FullTextKeywordAnalyzer:0.12333333333333334
FullTextSearchEventListener:0.1
ConfigurableBoostStrategy:0.08
Boost:0.03333333333333333
FullTextSearchIntegrator:0.023333333333333334
FullTextEntryBase:0.016666666666666666
LocaleDiscriminator:0.01
