Utils:0.45
List:0.36333333333333334
ExtentsStrategy:0.36
MetadataRecord:0.31
Reject:0.1811111111111111
