ProtectionStringBuilder:0.5833333333333334
CertificateData:0.26
ApprovalData:0.25
AccessRuleData:0.24166666666666667
AccessUserAspectData:0.215
RoleData:0.21333333333333335
CAData:0.21
CertificateProfileData:0.21
CRLData:0.21
PublisherData:0.20666666666666667
AuditRecordData:0.18666666666666668
AccessTreeUpdateData:0.18333333333333332
