ErrorCode:0.5380952380952382
ObjectFactory:0.5333333333333333
CreateCryptoToken:0.24333333333333335
UnsupportedCryptoTokenTypeException:0.2164345839345839
EjbcaWS:0.20083333333333334
IEjbcaWS:0.20083333333333334
EJBCAWSRACommandFactory:0.19777777777777777
CreateCryptoTokenCommand:0.16333333333333333
ejbcawsracli:0.07
PKCS11SlotDataInvalidException:0.006666666666666667
PKCS11LibraryFileNotFoundException:0.006666666666666667
CreateCryptoTokenResponse:0.0033333333333333335
PKCS11SlotDataInvalidException_Exception:0.0
PKCS11LibraryFileNotFoundException_Exception:0.0
UnsupportedCryptoTokenTypeException_Exception:0.0
