XmlFlowBuilder:0.5033333333333333
ActionResultExposer:0.31
SubflowState:0.2966666666666667
ViewState:0.2633333333333333
AbstractAction:0.25
SubflowAttributeMapper:0.21333333333333335
SubflowStateTests:0.18666666666666668
AbstractSubflowAttributeMapper:0.17
ActionResultExposerTests:0.15666666666666668
SetActionTests:0.14
EvaluateActionTests:0.14
FlowArtifactFactory:0.13777777777777775
EndStateTests:0.13
TransitionCriteriaChain:0.11
SetAction:0.1
RenderAction:0.08333333333333333
SubflowExpression:0.04
RenderActionTests:0.03
EvaluateAction:0.023333333333333334
GenericSubflowAttributeMapper:0.016666666666666666
TestSubflowAttributeMapper:0.009166666666666667
