StringUtils:0.4483333333333333
MockSnmpAgent:0.33666666666666667
MockSnmpAgentTest:0.30333333333333334
LocationMonitorRulesTest:0.27666666666666667
JRobinRrdStrategy:0.25666666666666665
SpecFile:0.25333333333333335
ModelImporterTest:0.24333333333333335
UserDaoImpl:0.22
NotificationWizardServlet:0.21333333333333335
DependencyCheckingContextListener:0.19
JRobinRrdStrategyTest:0.07333333333333333
