AnnotationEditor:0.6866666666666666
ApolloNameAdapterI:0.40277777777777773
DefaultNameAdapter:0.31
FlyNameAdapter:0.30333333333333334
FeatureTypeItemListener:0.3
