ErrorControllerHandler:0.19
ResponseControllerHandler:0.1
FilterConditionControllerHandler:0.09666666666666666
AttributesControllerHandler:0.09666666666666666
ControllerHandler:0.08333333333333333
DatabaseConnectionControllerHandler:0.06333333333333334
