Request:0.7866666666666666
RequestImpl:0.37
AsyncProvidersBasicTest:0.3333333333333333
ResumableAsyncHandler:0.23
RequestBuilderTest:0.20333333333333334
NettyConnectListener:0.15
ProxyFilter:0.13333333333333333
