SetOfReactions:0.9233333333333333
NewAction:0.41333333333333333
