AbstractTicketRegistry:0.5066666666666667
CouchbaseTicketRegistry:0.4633333333333333
MemCacheTicketRegistry:0.35333333333333333
