MongoCollection:0.6466666666666666
MongoDatabase:0.52
MongoDatabaseImpl:0.49333333333333335
MongoCollectionImpl:0.37333333333333335
MongoClient:0.25333333333333335
FindFluentImpl:0.23666666666666666
CollectionAcceptanceTest:0.20666666666666667
FindAndReplaceAcceptanceTest:0.16
MongoClientImpl:0.14333333333333334
QueryAcceptanceTest:0.14333333333333334
FindAndUpdateAcceptanceTest:0.13666666666666666
MongoCollectionTest:0.12333333333333334
