MethodDescriptor:0.51
ClassDescriptor:0.4666666666666667
Methods:0.43666666666666665
BeanUtilTest:0.25333333333333335
PetiteBeans:0.19
ScopeDataResolver:0.17333333333333334
AutomagicMadvocConfigurator:0.14
MethodResolver:0.09333333333333334
InitMethodResolver:0.09333333333333334
IntrospectorGenericsTest:0.09
ProviderResolver:0.08333333333333333
