Language:0.57
MConversionType:0.33
MCurrency:0.32
VBoeGen:0.2833333333333333
MCountry:0.26916666666666667
CurrencyExchangeDialog:0.18333333333333332
ALogin:0.18
