JUnit5:0.43666666666666665
JUnit4TestEngineDiscoveryTests:0.31333333333333335
LauncherTests:0.2633333333333333
TestPlanSpecificationCreator:0.25333333333333335
StandardTestClassTests:0.23333333333333334
AbstractJUnit5TestEngineTests:0.23
DiscoveryTests:0.22333333333333333
ReportingTest:0.2171565656565657
ExceptionHandlingTests:0.21666666666666667
TestCaseWithInheritanceTests:0.21333333333333335
NestedTestClassesTests:0.20333333333333334
DisabledTests:0.20333333333333334
JUnitGen5Provider:0.19666666666666666
PackageTestPlanSpecificationElementBuilder:0.13666666666666666
MethodLevelCallbackTests:0.12
InstancePostProcessorTests:0.12
ClassLevelCallbackTests:0.12
JUnit5TestEngine:0.09666666666666666
