CommunicationsStub:0.77
ObjectNode:0.36666666666666664
PoolNode:0.3566666666666667
ShowMoreInformationAction:0.30333333333333334
CreateBusinessObjectAction:0.2633333333333333
SubMenuDialog:0.22333333333333333
EditObjectAction:0.19
ServicePoolNode:0.17905555555555555
CustomerPoolNode:0.17099999999999999
ClassMetadataWidgetMenu:0.14666666666666667
CustomerNode:0.14266666666666666
ListTypeItemNode:0.12666666666666668
DeleteAttributeAction:0.12333333333333334
ContractNode:0.12
ServiceNode:0.115
RootObjectNode:0.115
SwitchClassNodeWidgetFilterAction:0.09666666666666666
ReleaseFromContractAction:0.09666666666666666
RefreshObjectAction:0.09666666666666666
GenericObjectNodeAction:0.09555555555555555
ReleaseEndPointFromIPAddresAction:0.09333333333333334
CreateServicePoolAction:0.09333333333333334
RemoveObjectFromFavoritesFolder:0.09333333333333334
CreateBusinessObjectFromTemplateAction:0.09
SpecialObjectNode:0.08666666666666667
NewPoolItemAction:0.056666666666666664
DeleteCustomerPoolAction:0.05333333333333334
CreateCustomerAction:0.04666666666666667
AddParameterToReportAction:0.043333333333333335
DeleteListTypeAction:0.043333333333333335
CreateInventoryLevelReportAction:0.043333333333333335
DeleteReportAction:0.043333333333333335
CreateClassLevelReportAction:0.043333333333333335
DeletePoolAction:0.043333333333333335
RemoveParameterFromReportAction:0.04
DeleteServiceAction:0.03333333333333333
DeleteServicePoolAction:0.03333333333333333
DeleteCustomerAction:0.03333333333333333
ShowSDHContainersInTransportLink:0.03
ExecuteInventoryLevelReportAction:0.03
SubscribeUserAction:0.03
DeleteTaskAction:0.03
RemoveParameterFromTaskAction:0.03
RemoveSDHBusinessObjectFromView:0.03
UnsubscribeUserAction:0.03
ExecuteTaskAction:0.03
CreateCustomerPoolAction:0.03
DeleteSDHTransportLink:0.03
AddParameterToTaskAction:0.03
CreateTaskAction:0.03
NewPoolAction:0.023333333333333334
