EntityEntry:0.6733333333333333
StatefulPersistenceContext:0.45666666666666667
EntityEntryContext:0.25333333333333335
EnhancerTestUtils:0.19333333333333336
EntityEntryTest:0.19
StandardSessionFactoryServiceInitiators:0.17
