Transport:0.39666666666666667
Weapon:0.3466666666666667
VehicularMG:0.29333333333333333
VehicularGun:0.23333333333333334
