LongestAliphaticChainDescriptor:0.41
LargestPiSystemDescriptor:0.4
LargestChainDescriptor:0.37666666666666665
LengthOverBreadthDescriptor:0.27666666666666667
