DataMapProxy:0.4166666666666667
MapProxySupport:0.38333333333333336
MapTest:0.3233333333333333
RemoveOperation:0.2866666666666667
