DSLContext:0.6613333333333333
DSL:0.5433333333333333
DDLTests:0.32666666666666666
DefaultDSLContext:0.3
jOOQAbstractTest:0.22333333333333333
VisitContextTest:0.21666666666666667
