DBCollection:0.79
QueryResultIterator:0.2833333333333333
DBCollectionImpl:0.2733333333333333
DBCollectionTest:0.11666666666666667
