WorkflowProcessUtils:0.7366666666666667
WorkflowSupport:0.6983333333333334
WorkflowControlledEntry:0.31
WorkflowModuleImpl:0.24
