AuditTrailMigration:0.6270555555555556
AbstractZoneModule:0.46
AuditTrailMigrationUtil:0.45133333333333336
DefaultAuditTrailMigration:0.23666666666666666
SSStatefulJob:0.20333333333333334
