MediaCreationMgtScpService:0.5666666666666667
FilesetBuilder:0.5566666666666666
MediaComposerService:0.4066666666666667
AbstractMediaWriterService:0.2633333333333333
CDRecordService:0.04
