NettyConnectListener:0.39
NettyRequestSender:0.37222222222222223
NettyChannelConnector:0.33666666666666667
