OutputFilePopup:0.49
FileInputAction:0.42333333333333334
FileOutputAction:0.23666666666666666
URLPopup:0.17333333333333334
SaveAlignFileAction:0.09333333333333334
