StringCriteria:0.45666666666666667
DummyDo:0.37333333333333335
DummyApp:0.08333333333333333
LongCriteria:0.016666666666666666
