Relationship:0.49333333333333335
ConfigurationItem:0.42
AmazonConfigAsyncClient:0.33666666666666667
AmazonConfigClient:0.3233333333333333
AmazonServiceException:0.30666666666666664
ConfigurationItemJsonUnmarshaller:0.20944444444444446
AmazonConfig:0.2
AmazonConfigAsync:0.19416666666666665
RelationshipJsonUnmarshaller:0.19
