LuceneSearcher:0.6566666666666666
XslUtil:0.23325396825396827
