NodeHostnameExpression:0.5366666666666666
NodeIdExpression:0.48
TestModule:0.33666666666666667
