QualifiedName:0.8333333333333334
NameGenerator:0.37444444444444447
IterableUtils:0.31666666666666665
