ClientMessage:0.6566666666666666
WriteHandler:0.27
Flyweight:0.24666666666666667
AbstractMessageTask:0.23333333333333334
ParameterFlyweight:0.20583333333333334
MapPutParameters:0.20333333333333334
ExceptionResultParameters:0.20333333333333334
GenericResultParameters:0.20333333333333334
AuthenticationResultParameters:0.2
ClientMessageTest:0.17333333333333334
ReadHandler:0.14666666666666667
AuthenticationParameters:0.14333333333333334
AuthenticationBaseMessageTask:0.14333333333333334
AuthenticationCustomCredentialsParameters:0.14333333333333334
MapMessageEncodeDecodeTest:0.12222222222222222
ClientMessageBuilder:0.11333333333333333
AbstractCallableMessageTask:0.11333333333333333
CallbackImpl:0.09666666666666666
