ApplicationView:0.6766666666666666
ConversationRedirect:0.35333333333333333
EndState:0.30333333333333334
ViewState:0.28
ResponseInstruction:0.24
AbstractFlowExecutionTests:0.21666666666666667
ApplicationViewSelector:0.21
FlowTests:0.20666666666666667
TextToViewSelector:0.18
StateTests:0.18
FlowNavigationHandler:0.17
PortletFlowController:0.16666666666666666
FlowController:0.16666666666666666
FlowExecutionTests:0.16666666666666666
FlowAction:0.15666666666666668
TextToViewSelectorTests:0.10333333333333333
NullViewSelector:0.04666666666666667
