Model:0.5933333333333334
TableEditor:0.44666666666666666
ERDesignerBundle:0.03
