Tab:0.5733333333333334
Chart:0.5566666666666666
Charts:0.20666666666666667
RemoveChartColumnAction:0.20333333333333334
OnChangeChartBaseAction:0.18666666666666668
Invoice2Test:0.18333333333333332
OnChangeChartColumnBaseAction:0.145
SelectChartTypeAction:0.12333333333333334
