ClearCaseRepository:0.48
SCCSRepository:0.3333333333333333
RazorHistoryParser:0.25633333333333336
ClearCaseHistoryParser:0.21777777777777776
DirectoryHistoryParser:0.18
FileHistoryCache:0.15333333333333332
GitHistoryParser:0.15
BazaarHistoryParser:0.15
