TransportMessage:0.5
InternalException:0.4166666666666667
HeadersCopyClientTests:0.39
InternalTransportService:0.22666666666666666
InternalTransportAction:0.14333333333333334
