HttpClientBuilder:0.5966666666666667
JerseyClientBuilderTest:0.5
JerseyClientBuilder:0.43333333333333335
