InternalEngine:0.5333333333333333
TransportReplicationActionTests:0.4577777777777778
VersionValue:0.39
DeleteVersionValue:0.17916666666666667
