SessionImpl:0.47333333333333333
AbstractProducedQuery:0.31333333333333335
QueryTest:0.30333333333333334
LockOptions:0.2733333333333333
NativeQueryImpl:0.25
EntityGraphQueryHint:0.14777777777777776
