HopCompilerVariable:0.64
HopCompilerArrayVariable:0.36333333333333334
HopDataManager:0.27666666666666667
HopCompilerObjectVariable:0.2644444444444444
