AbstractFlowExecutionTests:0.7251111111111112
SearchPersonFlowTests:0.40444444444444444
