Params:0.7633333333333333
Lib:0.61
DataManager:0.5266666666666666
ServiceRequestFactory:0.24
Update:0.09327777777777778
ChangeLogo:0.07377777777777778
Get:0.06227777777777778
MassiveChangeLogo:0.037222222222222226
Remove:0.034166666666666665
SourcesLib:0.02
List:0.013333333333333334
