RoleResult:0.6
RoleEditorController:0.38666666666666666
DeleteRoleRequestBean:0.2966666666666667
RoleCommandURLGenerator:0.28
