DefaultDOManager:0.6766666666666666
DefaultManagement:0.5988888888888888
