ProfileModule:0.6751111111111112
AbstractEntryProcessor:0.43
ProfileModuleImpl:0.3933333333333333
AbstractFolderCoreProcessor:0.24666666666666667
EntryProcessor:0.15833333333333333
AjaxController:0.11333333333333333
DefaultProfileCoreProcessor:0.07666666666666666
