DeterministicKeyChain:0.58
MarriedKeyChain:0.36
WalletTest:0.24333333333333335
KeyChainGroupTest:0.21666666666666667
KeyChainGroup:0.1575
DefaultKeyChainFactory:0.12588888888888888
