TypeLiteral:0.9566666666666667
TypeLiteralTest:0.056666666666666664
