AbstractReferenceConfig:0.4633333333333333
ConfigTest:0.38166666666666665
ServiceConfig:0.35
AbstractConfig:0.23666666666666666
InvokerSideConfigUrlTest:0.22333333333333333
