NaturalIdHelper:0.86
BaseNaturalIdLoadAccessImpl:0.44666666666666666
DefaultEvictEventListener:0.29
MutableNaturalIdTest:0.09333333333333334
