XsdSchema:0.7736111111111111
AbstractXsdSchemaTestCase:0.5633333333333334
