Constants:0.7016825396825397
CommunicationsStub:0.6333333333333333
