TriggerRouterService:0.4766666666666667
DataToRouteReader:0.34600000000000003
RouterServiceTest:0.31333333333333335
BshDataRouter:0.19
AbstractCsvData:0.08666666666666667
