Factory:0.6933333333333334
AssetLocationFactory:0.41
StpNode:0.33
ExtendedNetworkElementFactory:0.27
Manager:0.19
Saver:0.16666666666666666
TextHandler:0.15333333333333332
InventoryFactory:0.11666666666666667
