CoordinateReferenceSystem:0.81
CompoundCRS:0.30046031746031737
CRSAuthorityFactory:0.2999444444444444
LatLonAlt:0.27666666666666667
UTM:0.27666666666666667
RangeBearing:0.26
Pixel:0.26
XYZ:0.23333333333333334
XY:0.22388888888888886
CoordinateReferenceSystemType:0.18
