Person:0.5166666666666667
UnitManager:0.44333333333333336
PersonConfig:0.3566666666666667
PersonWindow:0.23
Resupply:0.17333333333333334
Teach:0.17222222222222225
GeneralTabPanel:0.04
