SpecMolTableComposite:0.6166666666666667
SpecMolDrawingComposite:0.5133333333333333
NewSpecMolWizard:0.2816666666666667
