WADOCache:0.6566666666666666
WADOCacheImpl:0.5433333333333333
WADORequestObjectImpl:0.34
WADOSupport:0.34
RIDSupport:0.28
WADORequestObject:0.2
WADOService:0.18
RIDService:0.18
