CompareDialog:0.6366666666666667
CompareAction:0.382
CompareEditorConfiguration:0.36333333333333334
