QueryMonitor:0.4633333333333333
QueryCreatedEvent:0.46
QueryCompletionEvent:0.3958333333333333
