Upgrader:0.9333333333333333
UpgraderTest:0.06333333333333334
