BindingUtil:0.8666666666666667
DeadCodeEliminator:0.30366666666666664
DeadCodeEliminatorTest:0.29333333333333333
