SimpleRange:0.7033333333333334
Range:0.5233333333333333
