EntityBinding:0.56
EntitySource:0.49666666666666665
Binder:0.43
Helper:0.2866666666666667
TestAnnotationsBindingContextImpl:0.25333333333333335
ManyToOneAttributeBinding:0.25
HbmSourceProcessorImpl:0.21
EntityBinder:0.21
MetadataImpl:0.20277777777777778
ValueSourcesAdapter:0.15666666666666668
HierarchyBuilder:0.14666666666666667
SimpleValueBindingTests:0.11
SubclassEntityContainer:0.03666666666666667
ExtendsQueueEntry:0.02
