MapContainer:0.7566666666666667
AddInterceptorOperation:0.2633333333333333
AbstractMapServiceContextSupport:0.25333333333333335
MapAddInterceptorRequest:0.20777777777777776
MapServiceContextInterceptorSupport:0.2
MapProxySupport:0.15333333333333332
AddInterceptorOperationFactory:0.10044444444444446
MapProxyImpl:0.08333333333333333
PostJoinMapOperation:0.03166666666666667
