Setting:0.64
IndexSettings:0.43
DefaultSearchContext:0.37666666666666665
SimpleSearchIT:0.25333333333333335
