ProjectFrame:0.5483333333333333
SpellChecker:0.42333333333333334
GlossaryTextArea:0.3416666666666667
