CommunicationsStub:0.64
LocalPool:0.41333333333333333
CreateContractAction:0.29333333333333333
DeleteContractAction:0.17666666666666667
ServiceManagerRootNode:0.15
CreateContractPoolAction:0.12966666666666665
CreateCustomerPoolAction:0.12333333333333334
ShowObjectIdAction:0.12
ContractNode:0.11666666666666667
ContractManagerActionFactory:0.11333333333333333
ContractManagerRootNode:0.11333333333333333
ContractPoolNode:0.11
CustomerChildren:0.1
DeleteContractPoolAction:0.095
ContractManagerTopComponent:0.08333333333333333
ContractsFrame:0.07666666666666666
ContractManagerModuleService:0.0
