ClientEngine:0.7653333333333333
ClientEndpoint:0.49
ClientEngineImpl:0.37666666666666665
ClientPacketProcessor:0.28777777777777774
SerializableCollection:0.16666666666666666
