SelectRasterImageFilesPanel:0.40888888888888886
RasterImageIO:0.39666666666666667
TiffUtils:0.35333333333333333
RasterImageLayerPropertiesPlugIn:0.25
AddRasterImageLayerWizard:0.2138888888888889
