ToggleResourceProcess:0.5633333333333334
ToggleFuelPowerSource:0.38666666666666666
FuelPowerSource:0.2833333333333333
PowerGeneration:0.24
Technician:0.12333333333333334
