DynamicSortedList:0.5866666666666667
OsgiServiceSortedList:0.3233333333333333
AbstractOsgiCollectionTest:0.28
OsgiServiceSortedListTest:0.043333333333333335
