CmpTcpService:0.5
CrmfRARequestTest:0.3433333333333333
CrmfMessageHandler:0.318
CrmfRATcpRequestTest:0.16
CmpMessageDispatcher:0.1507777777777778
CmpTcpCommandHandler:0.15
