Connection:0.37
ConnectionManager:0.31666666666666665
AddressUtil:0.31
LifecycleServiceClientImpl:0.26
CMap:0.24333333333333335
ClientConfig:0.23
AddressPicker:0.2127777777777778
ProxyHelper:0.20666666666666667
Node:0.19666666666666666
HazelcastClient:0.17333333333333334
SocketConnector:0.15666666666666668
AddressHolder:0.05333333333333334
