RenderPanel:0.63
JChemPaintPanel:0.5266666666666666
JCPAction:0.36333333333333334
EnterElementSwingModule:0.23444444444444448
JCPToolBar:0.21
ChangeModeAction:0.1411111111111111
RedoAction:0.11333333333333333
UndoAction:0.11333333333333333
