OptionGroup:0.21469663
OptionsDialog:0.16684014
EditPlugin:0.09941398
PluginManager:0.08199556
jEdit:0.050794456
AbstractOptionPane:0.040844854
Log:0.01165383
MirrorListHandler:0.0053702076
