AtomicDescriptorTest:0.40244444444444444
BondDescriptorTest:0.40244444444444444
