SelectAnalyzerTest:0.6466666666666666
AbstractDataAnalysis:0.4266666666666667
TestMetaDataModule:0.29
TransportExecutorTest:0.25333333333333335
BaseAnalyzerTest:0.135
