Aggregation:0.6366666666666667
AbstractTestQueries:0.6177777777777778
SimplifyCountOverConstant:0.2
SingleMarkDistinctToGroupBy:0.2
