GwtServerHelper:0.5266666666666666
GwtRpcServiceImpl:0.37333333333333335
GwtMainPage:0.31333333333333335
GwtViewHelper:0.27
ContentControl:0.25666666666666665
ViewInfo:0.23333333333333334
