InitializationNormalizer:0.4033333333333333
AnonymousClassConverter:0.37
J2ObjC:0.33
AnonymousClassConverterTest:0.21333333333333335
InitializationNormalizerTest:0.14666666666666667
AnonymousClassRenamer:0.09333333333333334
