NativeDecimalFormat:0.48
AutoboxerTest:0.39
RewriterTest:0.2866666666666667
Autoboxer:0.27666666666666667
Rewriter:0.27666666666666667
StreamTokenizerTest:0.19
