SVGPanel:0.49333333333333335
Messages:0.47350000000000014
SpecificitiesTableEditor:0.455
