ShardUpdateRequest:0.45
UpdateByIdNode:0.4166666666666667
TransportShardUpdateAction:0.3
TransportExecutorTest:0.20666666666666667
UpdateByIdTask:0.15716666666666665
