GwtClientHelper:0.6933333333333334
UIData:0.41333333333333333
TaskTable:0.3
HelpData:0.25333333333333335
ProfileAttributeWidget:0.19666666666666666
