IReactionManager:0.5578333333333333
ReactionEditor:0.5066666666666667
ReactionMultiPageEditor:0.3233333333333333
CDKReactionScheme:0.2833333333333333
