Data:0.5266666666666666
Packet:0.48
BufferUtil:0.44666666666666666
WriteHandler:0.21
