JpaFinderInterceptor:0.5516666666666666
ClassLevelManagedLocalTransactionsTest:0.2633333333333333
JpaLocalTxnInterceptor:0.19333333333333333
PersistenceFilter:0.19333333333333333
