AdminsListRulesCommand:0.21666666666666667
AdminsRemoveAdminCommand:0.10333333333333333
AdminsChangeRuleCommand:0.10333333333333333
AdminsListAdminsCommand:0.10333333333333333
AdminsRemoveGroupCommand:0.10333333333333333
AdminsAddAdminCommand:0.10333333333333333
