LocalExchange:0.5933333333333334
LocalExchangeFactory:0.36666666666666664
LocalExchangeSinkOperatorFactory:0.31666666666666665
LocalExchangeSourceOperatorFactory:0.3
TestLocalExchange:0.25
DriverFactoryParameters:0.1
LocalExchangeSinkFactoryId:0.013055555555555556
