CreatePNGWith2DStructures:0.32666666666666666
CreatePDFWith2DStructures:0.32666666666666666
CreateJPGWith2DStructures:0.32666666666666666
CreateSVGWith2DStructures:0.32666666666666666
