AbstractEventBusTest:0.47
BackgroundPoster:0.37083333333333335
EventBusMainThreadRacingTest:0.2833333333333333
