HopParser:0.6366666666666667
HopSymbolTableWalker:0.54
DFA33:0.14333333333333334
DFA19:0.14333333333333334
