Variable:0.38333333333333336
RubyParser:0.38333333333333336
RubyModelManager:0.37333333333333335
RubyLintVisitor:0.30333333333333334
MarkerUtility:0.2966666666666667
DOMFinder:0.29333333333333333
TC_IndexUpdater:0.28
DefaultTypeInferrer:0.27666666666666667
RubyRuntime:0.27666666666666667
RubyCompletionProcessor:0.27666666666666667
ViewContentProvider:0.2733333333333333
ASTUtil:0.2633333333333333
OffsetNodeLocator:0.25333333333333335
InOrderVisitor:0.24666666666666667
DataFlowTypeInferrer:0.24666666666666667
AstUtility:0.235
TypeInferenceVisitor:0.23333333333333334
AstView:0.21666666666666667
RubyScriptStructureBuilder:0.19666666666666666
CompletionEngine:0.19333333333333333
TreeParent:0.19
CreateMethodOperation:0.18333333333333332
MethodInvocationLocator:0.18
DefaultOccurrencesFinder:0.17666666666666667
MethodDefinitionLocator:0.17333333333333334
TC_RubyWordFinder:0.16666666666666666
ScopingVisitor:0.16666666666666666
DefaultReferenceFinder:0.16333333333333333
PerProjectInfo:0.16
TypeInferenceHelper:0.15
TS_InternalCore:0.14833333333333334
TS_CoreSymbols:0.14833333333333334
TS_InternalFormatter:0.14833333333333334
TS_Util:0.14833333333333334
TC_BlockingSymbolFinder:0.14333333333333334
NodeLocator:0.13666666666666666
AstViewerPreferencePage:0.11333333333333333
TS_InternalCoreParser:0.1075
TS_InternalCoreBuilder:0.1075
PreferenceConstants:0.10666666666666667
PreferenceInitializer:0.08333333333333333
TS_Core:0.03333333333333333
TS_TypeInference:0.02
TestRubyParser:0.013333333333333334
ShamDefaultRubyParser:0.006666666666666667
