FileMImp:0.51
FileM:0.4080952380952381
TestEditorByAlice:0.37
TestMenuFile:0.26666666666666666
TestMenuEdit:0.255
TestParallelInvitationWithTerminationByInvitees:0.25333333333333335
TestRosterView:0.25333333333333335
TestMenuRefactor:0.24
TestBasicSarosElements:0.23833333333333334
TestPackageExplorerView:0.23333333333333334
TestContextMenuOpen:0.21333333333333335
TestEditorByAliceAndBob:0.21333333333333335
TestCreatingNewFile:0.21
STFTest:0.17333333333333334
TestConcurrentEditing:0.13666666666666666
TestStrictSequentialInvitationWithoutTermination:0.12666666666666668
