ShareManager:0.38333333333333336
RemoteFile:0.29333333333333333
SWDownloadWorker:0.2775
ProxyPane:0.24777777777777782
UploadEngine:0.24666666666666667
SWDownloadTab:0.24416666666666667
QueryRoutingTable:0.2313888888888889
XMLBuilder:0.15666666666666668
