ImagePainter:0.66
TextureElement:0.3244444444444444
TextureKey:0.2966666666666667
PropertyGenerator:0.27
TableGenerator:0.21333333333333335
SynthWriter:0.18333333333333332
