Seq:0.49666666666666665
IndexedSeq:0.38
AbstractSeqTest:0.27
LinearSeq:0.1952222222222222
Search:0.006666666666666667
