SelectionWindow:0.5033333333333333
TutorialTopComponent:0.30333333333333334
Tutorial:0.22
MainWindow:0.20666666666666667
SelectionWindowSingleton:0.14666666666666667
TutorialLoader:0.10333333333333333
