Store:0.76
IndexShardGateway:0.31333333333333335
CorruptedFileTest:0.3
StoreTest:0.15666666666666668
