AbstractEntryProcessor:0.4266666666666667
FileConduit:0.33166666666666667
TempFileUtil:0.31
DocConverterHandler:0.2
FileConduitFactory:0.14333333333333334
FileDocSink:0.13799999999999998
