TermBean:0.6283333333333333
UpdateTerm:0.5
TermBeanFactory:0.14333333333333334
TermAliasTable:0.13666666666666666
