DisplayArea:0.5
ClassySharkPanel:0.3566666666666667
PanelUtils:0.22111111111111115
Toolbar:0.22
