ConvolutionLayer:0.6433333333333333
CudnnConvolutionHelper:0.4633333333333333
CuDNNGradientChecks:0.23333333333333334
