Add:0.53
SubstFree:0.5005555555555556
Rename:0.48555555555555563
RenameVo:0.3466666666666667
SubstFreeVo:0.3333333333333333
Universal:0.27051984126984113
Existential:0.27051984126984113
AddVo:0.22
KernelDtoModuleTestSuite:0.17
SubstPred:0.16333333333333333
SubstFunc:0.16333333333333333
AddVoTest:0.04666666666666667
SubstFreeVoTest:0.04666666666666667
RenameVoTest:0.04666666666666667
