FeatureView:0.7716666666666666
AnnotationView:0.39666666666666667
