CallTest:0.6266666666666667
StreamAllocation:0.43333333333333335
HttpEngine:0.36
HttpURLConnectionImpl:0.30666666666666664
RealCall:0.2833333333333333
