Robot:0.49333333333333335
FrameRecorder:0.31666666666666665
DialogRecorder:0.2833333333333333
FileDialogRecorderTest:0.24333333333333335
FrameRecorderTest:0.24
AbstractSemanticRecorderTest:0.21
WindowTester:0.20666666666666667
FileDialogRecorder:0.19
DialogRecorderTest:0.18666666666666668
AllTests:0.056666666666666664
