ScoreFlatMapFunction:0.08666666666666667
ScoreExamplesWithKeyFunction:0.08666666666666667
ScoreFlatMapFunctionCGMultiDataSet:0.08666666666666667
ScoreExamplesFunction:0.08666666666666667
ScoreFlatMapFunctionCGDataSet:0.08666666666666667
