RegistrationService:0.47333333333333333
RestService:0.46
IRegistrationService:0.41002777777777777
Constants:0.23325396825396832
RegistrationInfo:0.06333333333333334
BatchResult:0.0
BatchResults:0.0
