JCPMultiPageEditor:0.8083333333333333
Bc_jchempaintPlugin:0.3233333333333333
