OperatorNode:0.4633333333333333
RuleLabel:0.4533333333333333
Rule:0.4533333333333333
RuleEdge:0.43
TypeGraph:0.33666666666666667
Condition:0.31333333333333335
Anchor:0.26
AspectEdge:0.24333333333333335
AbstractGraph:0.22333333333333333
RuleDependencies:0.21333333333333335
Edge2SearchItem:0.20666666666666667
GraphToTikz:0.20666666666666667
ReteStaticMapping:0.1880952380952381
RuleFactory:0.18333333333333332
Matcher:0.17666666666666667
RegExprEdgeSearchItem:0.17666666666666667
ReteNetwork:0.17
AbstractNode:0.16333333333333333
Level2:0.13
VarEdgeSearchItem:0.11753968253968256
DefaultAnchorFactory:0.11333333333333333
DataOperatorChecker:0.09
ItemTypeComparator:0.08333333333333333
OperatorNodeSearchItem:0.043333333333333335
