DataManager:0.645
Download:0.33555555555555555
GetRelated:0.06333333333333334
