Tuple2:0.3894444444444444
Tuple3:0.3894444444444444
Tuple4:0.38611111111111107
Tuple5:0.38611111111111107
Tuple6:0.38611111111111107
Tuple7:0.38611111111111107
Tuple8:0.38611111111111107
Tuple1:0.3407063492063492
