JpaCompliance:0.7466666666666667
AbstractEntityPersister:0.56
SingleTableEntityPersister:0.24333333333333335
JpaComplianceImpl:0.21666666666666667
JoinedSubclassEntityPersister:0.2
JpaComplianceTestingImpl:0.1888888888888889
SessionFactoryOptionsBuilder:0.17
AvailableSettings:0.016666666666666666
