BasicResolver:0.52
ShadowResources:0.5
XResourceLoader:0.29
ResourcesTest:0.24333333333333335
PackageResourceLoader:0.21666666666666667
IntegerResolver:0.18666666666666668
BooleanResolver:0.18666666666666668
Resolver:0.12666666666666668
OverlayResourceLoader:0.11666666666666667
