SysShardsTableInfo:0.29
SysShardsTest:0.28
InformationSchemaTest:0.25333333333333335
RegexpIntegrationTest:0.23666666666666666
SysShardsExpressionsTest:0.20666666666666667
Columns:0.20333333333333334
BlobShardExpressionModule:0.07333333333333333
UnassignedShardsExpressionFactories:0.07333333333333333
SysShardExpressionModule:0.056666666666666664
TestModule:0.04
ReferenceIdents:0.0033333333333333335
