StaxEventXmlReader:0.33
StaxStreamXmlReader:0.30333333333333334
CopyingContentHandler:0.3016666666666667
AbstractXmlReader:0.21
AbstractStaxXmlReaderTestCase:0.20333333333333334
SaxArgumentMatcher:0.19
AbstractStaxXmlReader:0.10611111111111111
StaxStreamXmlReaderTest:0.023333333333333334
StaxEventXmlReaderTest:0.023333333333333334
