BatchPresentation:0.8416666666666667
ExecutionLogic:0.27666666666666667
