Response:0.37
Request:0.32666666666666666
Body:0.2866666666666667
Job:0.27
Dispatcher:0.21666666666666667
OkHttpClient:0.21
HttpURLConnectionImpl:0.21
FixedLengthInputStream:0.2
RealResponseBody:0.19666666666666666
ResponseHeaders:0.19
RecordingReceiver:0.12166666666666667
Builder:0.08333333333333333
AsyncApiTest:0.06
