HttpWebConnection:0.5483333333333333
HtmlFileInputTest:0.29
Upload2Servlet:0.23
ServletContentWrapper:0.18666666666666668
Upload1Servlet:0.12
