MessageSizePattern:0.36666666666666664
RateController:0.32
PubSubOptions:0.2833333333333333
MessageSizePatternTest:0.2833333333333333
ThwackerOptionsTest:0.2733333333333333
MediaDriverOptionsTest:0.18
ThwackerTool:0.18
MediaDriverOptions:0.17
ThwackerOptions:0.16333333333333333
PublisherTool:0.11083333333333334
PubSubOptionsTest:0.07666666666666666
MediaDriverTool:0.06583333333333333
SubscriberTool:0.05333333333333334
RateReporter:0.05
ChannelDescriptor:0.03
