RxToast:0.7633333333333333
RxLocationUtils:0.30333333333333334
ActivityLocation:0.30333333333333334
RxUtils:0.2611111111111111
ActivityMain:0.23333333333333334
