JdkESLogger:0.66
Log4jESLogger:0.43333333333333335
Slf4jESLogger:0.4166666666666667
JdkESLoggerFactory:0.14
