FunctionRegistry:0.6
MetadataManager:0.4666666666666667
TestFunctionRegistry:0.25
TestExpressionOptimizer:0.15666666666666668
AbstractTestAggregationFunction:0.14416666666666667
TestNumericHistogramAggregation:0.13
