Token:0.5266666666666666
TaskStub:0.33
NodeModel:0.29
TokenImpl:0.25
DrawProperties:0.23222222222222225
JbpmExecutionLogic:0.23
DBPatchRunner:0.22
JbpmCommonLogic:0.17666666666666667
GraphConverter:0.16666666666666666
ValidationException:0.13333333333333333
CancelTimerActionHandler:0.13
CreateTimerActionHandler:0.13
TaskClassPresentation:0.08
MSSQLAddDeadlineFieldDDLPatch:0.0
