JEditTextArea:0.5333333333333333
TokenMarker:0.3677777777777778
TextAreaOptionPane:0.35
