CMap:0.6733333333333333
BaseManager:0.33
ConcurrentMapManager:0.27
PutMultiOperationHandler:0.1811111111111111
