ControlSession:0.5333333333333333
ReplaySession:0.31666666666666665
ControlResponsePoller:0.2733333333333333
AeronArchive:0.24666666666666667
ReplaySessionTest:0.24333333333333335
ArchiveConductor:0.22333333333333333
ControlRequestListener:0.22166666666666668
ControlSessionDemuxer:0.18666666666666668
BasicArchiveTest:0.13666666666666666
ArchiveProxy:0.12238095238095238
ControlRequestAdapter:0.11333333333333333
