ConnectionManager:0.632
MasterSlaveConnectionManager:0.41333333333333333
Redisson:0.3838888888888889
ClusterConnectionManager:0.36
RedissonReactive:0.21666666666666667
