TwoSumSortedArray:0.7216666666666667
ValidAnagram:0.10666666666666667
