JsEditorConfiguration:0.4866666666666667
JsEditorConstants:0.38333333333333336
JsQuotationmarkScanner:0.26133333333333336
JsDefaultScanner:0.25666666666666665
JsPartitionScanner:0.16333333333333333
