FirstPersonCameraController:0.5466666666666666
TextureUnpacker:0.38666666666666666
