CrawlURI:0.5733333333333334
Queue:0.5033333333333333
Frontier:0.43
ReplayCharSequence:0.24666666666666667
NullOutputStream:0.24333333333333335
CandidateURI:0.21333333333333335
SimpleStore:0.20666666666666667
RecordingOutputStream:0.2
ReplayInputStream:0.19666666666666666
IAGZIPOutputStream:0.18666666666666668
CrawlServer:0.16
StatisticsTracker:0.1575
ProcessedCrawlURIRecord:0.09821428571428571
FixedSizeList:0.08333333333333333
RecordingInputStream:0.08
DiskBackedByteQueue:0.05333333333333334
FlipFileOutputStream:0.04666666666666667
FlipFileInputStream:0.043333333333333335
MemQueue:0.033650793650793646
TimedFixedSizeList:0.016666666666666666
ARCReader:0.006666666666666667
FencedInputStream:0.006666666666666667
ARCResource:0.0
