Doc_Allocation:0.4266666666666667
Doc_Invoice:0.4266666666666667
Doc_BOEStatement:0.2833333333333333
Doc_Movement:0.12666666666666668
Doc_GLJournal:0.12666666666666668
Doc_InOut:0.12666666666666668
