Execution:0.47888888888888886
ExecutionStep:0.44666666666666666
AntlrCharStream:0.32666666666666666
StepFactory:0.30333333333333334
HopSymbolTableWalker:0.2633333333333333
OmniscientStack:0.24694444444444447
DataEnvironment:0.21
BreakpointManager:0.19666666666666666
Linker:0.16666666666666666
