CountDownLatchService:0.7233333333333334
CountDownLatchProxy:0.22666666666666666
CountDownLatchReplicationOperation:0.2086111111111111
CountDownOperation:0.18861111111111112
CountDownLatchPortableHook:0.15
BackupAwareCountDownLatchOperation:0.11
