CollectionType:0.38333333333333336
AnyType:0.3566666666666667
AbstractStandardBasicType:0.28
ComponentType:0.2783333333333333
ArrayType:0.23333333333333334
EnhancerTest:0.23277777777777775
TypeHelper:0.19
