PubMedArticle:0.5913333333333334
BulkArticleLoader:0.345
PubMedSaxHandler:0.26
BulkLoadArticles:0.17666666666666667
