JFontChooser:0.7666666666666667
TestPersist:0.4683333333333333
TestCorpus:0.32
