GeoServerRest:0.7333333333333333
Do:0.4166666666666667
GeoFile:0.3466666666666667
