UserProcessor:0.5866666666666667
Emotion:0.5541666666666668
EmotionRepository:0.36
EmotionMgmtService:0.20333333333333334
EmotionQueryService:0.1413888888888889
