AccessInfo:0.43
WhoHasAccessInfoRpcResponseData:0.3466666666666667
GwtTeamingMessages:0.3466666666666667
WhoHasAccessDlg:0.2733333333333333
GwtViewHelper:0.24444444444444446
GwtTeamingMainMenuImageBundle:0.23666666666666666
