ProtocolScepHttpTest:0.8833333333333333
RACAProcess:0.42333333333333334
