LifecycleService:0.45
TransactionTest:0.42333333333333334
LifecycleServiceClientImpl:0.30666666666666664
LifecycleServiceImpl:0.23666666666666666
BQ:0.23
ClusterManager:0.22694444444444448
BlockingQueueManager:0.22333333333333333
FactoryImpl:0.19666666666666666
ClusterQueueTest:0.12
