Advapi32Util:0.5933333333333334
Advapi32UtilTest:0.44666666666666666
