ByteSizeValue:0.82
IndicesFilterCache:0.26666666666666666
IndicesFieldDataCache:0.24666666666666667
