Actor:0.5333333333333333
Table:0.5
Stage:0.48
Group:0.22
ViewportTest1:0.14666666666666667
Scene2dTest:0.14
TableTest:0.13666666666666666
ImageTest:0.13666666666666666
TableLayoutTest:0.13333333333333333
ScrollPane2Test:0.13333333333333333
ContainerTest:0.13333333333333333
LabelScaleTest:0.13333333333333333
LabelTest:0.13333333333333333
