GOBrowser:0.5555555555555555
DataReader:0.44666666666666666
GoView:0.3011111111111111
