HighlighterSearchTests:0.6719444444444443
FetchPhase:0.4161111111111111
FastVectorHighlighter:0.19
