X509CA:0.8433333333333334
CAsTest:0.31333333333333335
CrmfMessageHandler:0.18666666666666668
