GUIRegistry:0.49666666666666665
Localizer:0.47
LookAndFeelUtils:0.22805555555555557
ExitPhexAction:0.22
Main:0.21066666666666667
PhexTestSuite:0.17
