RecordStore:0.6533333333333333
MapService:0.4533333333333333
MapContainer:0.3933333333333333
PartitionRecordStore:0.38333333333333336
MapStoreTest:0.23333333333333334
PutAllOperation:0.20733333333333334
MapLoadAllTask:0.12333333333333334
MapReplicationOperation:0.12
