GraphElementPresentation:0.79
DefinitionService:0.57
ExecutionService:0.56
DefinitionServiceDelegate:0.44345238095238093
GraphElementPresentationVisitor:0.3817857142857143
JbpmDefinitionServiceBean:0.29
JbpmExecutionServiceBean:0.29
InstanceGraphFormTag:0.27
GraphConverter:0.26666666666666666
ExecutionServiceDelegate:0.2500396825396825
DefinitionServiceDelegateRemoteImpl:0.18333333333333332
ExecutionServiceDelegateLocalImpl:0.18333333333333332
DefinitionServiceDelegateLocalImpl:0.18333333333333332
ExecutionServiceDelegateRemoteImpl:0.18333333333333332
JbpmCommonLogic:0.18
DefinitionGraphFormTag:0.17666666666666667
JbpmExecutionLogic:0.17333333333333334
JbpmDefinitionLogic:0.17333333333333334
InstanceGraphElementPresentationVisitor:0.10333333333333333
DefinitionGraphElementPresentationVisitor:0.08666666666666667
SubprocessGraphElementPresentation:0.051666666666666666
MultiinstanceGraphElementPresentation:0.051666666666666666
SubprocessPermissionVisitor:0.03
StartedSubprocessesVisitor:0.03
TaskGraphElementPresentation:0.02
BaseGraphElementPresentation:0.006666666666666667
