TreeConverter:0.2733333333333333
GeneratedMethodBinding:0.25666666666666665
SourceBuilder:0.25333333333333335
TreeNode:0.21333333333333335
Initializer:0.18
EnumConstantDeclaration:0.15666666666666668
ThisExpression:0.15666666666666668
SuperFieldAccess:0.15666666666666668
SuperConstructorInvocation:0.15666666666666668
ArrayCreation:0.14333333333333334
