AptanaRDTPlugin:0.94
LintOptions:0.43666666666666665
LocalVariablePossibleAttributeAccess:0.42
RubyRedLint:0.27666666666666667
