ListDataSetIterator:0.4766666666666667
ExistingDataSetIterator:0.4766666666666667
IteratorDataSetIterator:0.4766666666666667
