StringUtils:0.5433333333333333
Tools:0.44
DefaultRenderContext:0.28
MockFileDatabase:0.24333333333333335
DefaultBinding:0.2313888888888889
LoggerListener:0.17
