NodeExtension:0.7166666666666667
SecurityContext:0.41
Node:0.39
NodeEngineImpl:0.29333333333333333
HttpPostCommandProcessor:0.25333333333333335
HTTPCommunicator:0.23
DefaultNodeExtension:0.22833333333333333
RestTest:0.21666666666666667
SamplingNodeExtension:0.17166666666666666
IPermissionPolicy:0.11
DynamicConfigurationAwareConfig:0.10333333333333333
HttpCommandProcessor:0.04816666666666666
DummyPermissionPolicy:0.04
ManagementDataSerializerHook:0.0
