VDate:0.6544444444444444
LP:0.29333333333333333
StorageValidate:0.21333333333333335
