CORBAAdapter:0.7966666666666666
FileMenu:0.3541269841269841
