GwtServerHelper:0.4066666666666667
GwtRpcServiceImpl:0.29
BinderInfo:0.2866666666666667
DescriptionPanel:0.26666666666666666
GwtViewHelper:0.25666666666666665
GwtActivityStreamHelper:0.18333333333333332
