Convert:0.6133333333333333
ConvertBean:0.45
BooleanArrayConverter:0.19
TransactionAnnotation:0.14666666666666667
TypeConverterManagerBean:0.14
AssertTrueConstraint:0.11333333333333333
AssertFalseConstraint:0.11333333333333333
CharacterEncodingFilter:0.11333333333333333
ConvertTest:0.11333333333333333
IfElseTag:0.11333333333333333
IfTag:0.09333333333333334
