CertificateCache:0.38333333333333336
OCSPServletStandAlone:0.2833333333333333
CertificateStoreOnlyDataSessionBean:0.25333333333333335
OCSPServletBase:0.24666666666666667
OCSPServlet:0.23
CrlSession:0.22983333333333333
ProtocolOcspHttpStandaloneTest:0.19933333333333333
EjbLocalHelper:0.17
SigningEntityContainer:0.16666666666666666
CRLCache:0.16666666666666666
CrlStandAloneSessionBean:0.13666666666666666
StoreServletBase:0.12166666666666667
CertificateCacheFactory:0.1
CRLCacheFactory:0.075
CertStoreServlet:0.05333333333333334
OCSPData:0.043333333333333335
OCSPHealthServlet:0.04
HealthCheckServlet:0.04
CRLStoreServlet:0.04
HtmlPrintWriter:0.01
