Suggester:0.5933333333333334
FuzzyOptions:0.48
RegexOptions:0.47
CompletionSuggestionBuilder:0.4666666666666667
SearchService:0.27
DirectCandidateGenerator:0.25333333333333335
Suggesters:0.21666666666666667
AbstractSuggestionBuilderTestCase:0.16777777777777778
SuggestPhase:0.14444444444444446
DirectCandidateGeneratorTests:0.14333333333333334
PhraseSuggester:0.14
CustomSuggester:0.09916666666666667
CompletionSuggesterBuilderTests:0.09055555555555554
TermSuggestionBuilderTests:0.08666666666666667
CompletionSuggester:0.08333333333333333
TermSuggester:0.02666666666666667
PhraseSuggestionBuilderTests:0.023333333333333334
CustomSuggestionsContext:0.013333333333333334
InnerBuilder:0.0033333333333333335
