MBOE:0.8266666666666667
VBoeGen:0.2833333333333333
BOERenovation:0.19
