IoBridge:0.5933333333333334
RandomAccessFileTest:0.2733333333333333
OldFileTest:0.2733333333333333
InetSocketAddressTest:0.25333333333333335
