Configuration:0.665
Context:0.4633333333333333
CncFileDescriptor:0.45
DriverConductor:0.35
CommonContext:0.3333333333333333
Aeron:0.21622222222222226
AeronStat:0.14666666666666667
DirectPublicationTest:0.14333333333333334
