DefaultContext:0.6333333333333333
DefaultVertx:0.4066666666666667
WrappedVertx:0.35
Vertx:0.33916666666666667
