ForInstrumentedMethod:0.61
Appender:0.6066666666666667
MethodAttributeAppenderForInstrumentedMethodTest:0.37666666666666665
Factory:0.07611111111111112
