CursorImpl:0.5333333333333333
AbstractResultQuery:0.33
JDBCUtils:0.2813333333333334
RowBetweenCondition:0.27666666666666667
BetweenCondition:0.2
RowSubqueryCondition:0.19
IsDistinctFrom:0.14666666666666667
CursorIterator:0.13166666666666665
