RegistryProtocol:0.53
ServiceBean:0.37666666666666665
DestroyableExporter:0.3333333333333333
RegistryProtocolTest:0.23
ReferenceBean:0.14583333333333334
