JUnit5TestEngineTests:0.51
ClassTestExecutionNode:0.49666666666666665
MethodTestExecutionNode:0.27666666666666667
ContextTestExecutionNode:0.22
EngineExecutionContext:0.06333333333333334
