JCPEditorAppletDrawingTest:0.6494444444444444
EnterElementOrGroupDialog:0.47333333333333333
EnterElementSwingModule:0.236
