Event:0.75
Constants:0.275
SearchUtils:0.18666666666666668
FieldBuilderEvent:0.14166666666666666
