SearchModule:0.611111111111111
SearchPlugin:0.33416666666666667
SearchPhaseController:0.3333333333333333
SearchModuleTests:0.21416666666666667
