UURI:0.7633333333333333
TextUtils:0.5333333333333333
ExtractorHTML:0.30666666666666664
