SearchSourceBuilder:0.8033333333333333
RestSearchAction:0.3566666666666667
TransportSearchTemplateAction:0.30666666666666664
SearchSourceBuilderTests:0.23583333333333334
