BaseFrame:0.6233333333333333
BaseFrameElement:0.6166666666666667
HtmlPage:0.3933333333333333
WebClient:0.32666666666666666
Document:0.31
FrameWindow:0.20666666666666667
HTMLDocument:0.19666666666666666
HTMLIFrameElement:0.18333333333333332
HTMLFrameElement:0.18333333333333332
HTMLCollectionFrames:0.15333333333333332
XmlSerializer:0.14333333333333334
CurrentWindowTracker:0.12666666666666668
BaseFrameElementTest:0.08333333333333333
