DefaultNetServer:0.4866666666666667
WrappedVertx:0.41
DefaultPlatformManager:0.35
VertxInternal:0.25666666666666665
