ClientMapProxy:0.6402777777777778
ClusterListenerThread:0.47144444444444444
ClientClusterServiceImpl:0.4633333333333333
