Default:0.55
Loaded:0.2733333333333333
Initialized:0.22
Explicit:0.22
Unloaded:0.18666666666666668
