BuildServiceTest:0.35
BuildDetailControllerTest:0.2833333333333333
TestCaseExtractor:0.23666666666666666
BuildDetailTest:0.17
SAXBasedExtractor:0.09
