IDataService:0.35
SymmetricManagementService:0.3466666666666667
DataService:0.17666666666666667
