BitmapFont:0.68
GdxFont:0.43
BitmapFontCache:0.30666666666666664
VBOVATest:0.19666666666666666
JavaSoundAudioDevice:0.17
