TableManager:0.6966666666666667
Table:0.4533333333333333
DataHolder:0.24
