Response:0.73
DefaultDecoderTest:0.23666666666666666
GsonModuleTest:0.23666666666666666
JacksonModuleTest:0.23666666666666666
SAXDecoderTest:0.21666666666666667
DefaultErrorDecoderTest:0.21333333333333335
