DataEnvironment:0.83
HopVirtualMachine:0.29333333333333333
MathTester:0.2633333333333333
