TestListenerRegistry:0.5733333333333334
Launcher:0.47333333333333333
ConsoleRunner:0.23
