CAAdminSessionBean:0.8233333333333334
CAImportExportTest:0.36833333333333335
