AriaManager:0.5366666666666666
Configuration:0.29
DownloadActivity:0.25666666666666665
DownloadModule:0.25416666666666665
DownloadFragment:0.2527777777777778
DownloadSchedulers:0.20333333333333334
IDownloadCmd:0.20333333333333334
SingleTaskActivity:0.19472222222222224
DownloadPopupWindow:0.15333333333333332
DownloadDialog:0.15333333333333332
MultiTaskActivity:0.12666666666666668
SSLContextUtil:0.08333333333333333
