Exceptions:0.5166666666666667
ParameterContext:0.2966666666666667
Session:0.29
TransportSQLActionSingleNodeTest:0.24666666666666667
ReadOnlyNodeIntegrationTest:0.23
InnerExpressionAnalyzer:0.23
PostgresITest:0.21666666666666667
SimplePortal:0.19666666666666666
ConnectionContext:0.18333333333333332
BatchPortal:0.15833333333333333
BulkPortal:0.15833333333333333
TransportSQLBulkAction:0.15333333333333332
TransportSQLAction:0.15
SQLOperations:0.13666666666666666
ExpressionAnalyzerTest:0.13333333333333333
TableStatsServiceTest:0.11666666666666667
ResultReceiverRetryWrapper:0.11333333333333333
SessionData:0.10333333333333333
ResultSetReceiver:0.04666666666666667
AbstractPortal:0.04
RowCountReceiver:0.03333333333333333
