ReportModule:0.5922777777777778
FolderService:0.4144722222222222
TeamingServiceEndpoint:0.3433333333333333
TeamingServiceClientWithCall:0.3333333333333333
NullReportModule:0.2966666666666667
FolderServiceImpl:0.23
ReportModuleImpl:0.23
