AbstractHarvester:0.5716666666666667
Executor:0.49166666666666664
