RuntimeEnvironment:0.7566666666666667
ProjectMessage:0.3744444444444444
ProjectTest:0.18666666666666668
ProjectMessageTest:0.11
