AbstractTraversableTest:0.4266666666666667
Iterator:0.3333333333333333
OptionTest:0.22333333333333333
TryTest:0.22333333333333333
Traversable:0.22
EitherTest:0.20666666666666667
Gen:0.20333333333333334
Impl:0.2
IteratorTest:0.15
