PageBuffer:0.5633333333333334
TestRaptorMetadata:0.43666666666666665
RaptorPageSink:0.36666666666666664
PageStore:0.18666666666666668
RaptorPageSinkProvider:0.18
TestRaptorDistributedQueries:0.17666666666666667
BucketedPageWriter:0.03333333333333333
