SimpleScriptable:0.5466666666666666
Document:0.4666666666666667
Style:0.325
StyleTest:0.22
