Graph:0.686888888888889
VertexSequence:0.5415714285714286
EdgeLineProcessor:0.5415714285714286
SimpleGraph:0.2733333333333333
Edge:0.25
Vertex:0.14333333333333334
DeepWalk:0.11
TestGraphHuffman:0.09844444444444445
DelimitedEdgeLineProcessor:0.09333333333333334
ParseException:0.07333333333333333
GraphHuffman:0.06333333333333334
NoEdgesException:0.023333333333333334
RandomWalkIterator:0.014444444444444447
GraphLoader:0.013333333333333334
TestGraphLoading:0.01
BaseGraph:0.0
