Throwables:0.69
TextListener:0.35333333333333333
StackFilterTest:0.32666666666666666
Failure:0.17333333333333334
