OptionDefinition:0.7033333333333334
InstallOptions:0.6533333333333333
ClassLoaderDistribution:0.20666666666666667
OptionDefinitionTest:0.07666666666666666
MockDistribution:0.03333333333333333
