Types:0.6066666666666667
NameTable:0.34
GeneratedMethodBinding:0.3233333333333333
StatementGenerator:0.3233333333333333
JavaToIOSMethodTranslator:0.25666666666666665
InitializationNormalizer:0.24
ASTFactory:0.22
RewriterTest:0.20666666666666667
InitializationNormalizerTest:0.2
DestructorGenerator:0.17666666666666667
Rewriter:0.16666666666666666
