PagingPredicate:0.5233333333333333
MapTransactionTest:0.2833333333333333
ClientSortLimitTest:0.22333333333333333
SortLimitTest:0.16333333333333333
ClientMapIssueTest:0.15666666666666668
TestComparator:0.08333333333333333
