PyObject:0.6433333333333333
PyList:0.30666666666666664
codecs:0.24916666666666668
imp:0.23
WrappedIterIterator:0.21666666666666667
Coercions:0.20333333333333334
PyIterator:0.09666666666666666
