Ssh:0.6966666666666667
SshMonitor:0.27666666666666667
SshPlugin:0.17
JschSshPlugin:0.14
JschSshMonitor:0.13
TcpSshPlugin:0.016666666666666666
TcpSshMonitor:0.006666666666666667
