PropertyScheme:0.66
TierProperty:0.6466666666666666
GameSynteny:0.3466666666666667
SyntenyLinkMenu:0.23333333333333334
