TaskListing:0.5766666666666667
TaskGraphsPanel:0.49333333333333335
TaskFolderView:0.39666666666666667
