InstanceBean:0.5666666666666667
FileSystemMgtBean:0.44333333333333336
DeleteStudyService:0.25666666666666665
ConsistenceCheckService:0.25
FileSystemMgt2Bean:0.22666666666666666
ConsistencyCheckBean:0.07
