EditUtils:0.48333333333333334
Update:0.355
Aligner:0.29
UpdateAdminOper:0.21
Create:0.14666666666666667
Delete:0.13666666666666666
GetAdminOper:0.13333333333333333
AddAttribute:0.09
GetEditableData:0.09
AddElement:0.09
DeleteAttribute:0.09
MoveElement:0.09
DeleteElement:0.09
Show:0.07666666666666666
