IAminoAcid:0.6541666666666667
AminoAcid:0.6366666666666667
DefaultChemObjectBuilderTest:0.41
AminoAcidTest:0.34
AminoAcidManipulator:0.17333333333333334
SubstructureFingerprinterTest:0.17111111111111113
AminoAcidCountDescriptor:0.12333333333333334
