XMPPTransmitter:0.39666666666666667
OutgoingInvitationProcess:0.36666666666666664
SarosPacketCollector:0.23666666666666666
IncomingInvitationProcess:0.23666666666666666
SessionManager:0.23583333333333334
ITransmitter:0.19416666666666665
LocalCancellationException:0.07666666666666666
InvitationAcknowledgementExtensionProvider:0.0
