Logging:0.6066666666666667
Logging2Test:0.43666666666666665
DebugLoggerStream:0.34833333333333333
