HardCodedTarget:0.6133333333333333
FeignInvocationHandler:0.38666666666666666
LoadBalancingTarget:0.35
FeignTest:0.2633333333333333
