ExportAction:0.6933333333333334
ImportAction:0.47333333333333333
