EdgeWidget:0.5266666666666666
Edge:0.41333333333333333
SrvEdgeWidget:0.32
SrvNodeWidget:0.29333333333333333
LienzoDropWrapper:0.27666666666666667
