SimpleFeatureMapImpl:0.56
NoSuchClosureTypeException:0.37666666666666665
InvalidFormatException:0.2633333333333333
OntologyEditor:0.24666666666666667
