binaryEditor:0.6766666666666666
textEditor:0.4666666666666667
RecordEditor:0.27
