PlannerTest:0.4533333333333333
CollectPhase:0.4266666666666667
FileUriCollectPhase:0.29333333333333333
PlanNodeBuilder:0.21666666666666667
DocLevelCollectTest:0.16333333333333333
