RestoreSnapshotRequest:0.5233333333333333
CreateSnapshotRequest:0.4926111111111111
SnapshotRequestsTests:0.22
