ScriptHelper:0.49666666666666665
GroovyScript:0.43666666666666665
ApplyScriptAction:0.36333333333333334
ScriptContent:0.32666666666666666
