Simulator:0.4666666666666667
Exploration:0.4533333333333333
LaunchThread:0.32
ExplorationDialog:0.23666666666666666
Documented:0.19333333333333333
