Disseminator:0.5533333333333333
DigitalObject:0.22833333333333333
Datastream:0.014071428571428572
