TedTable:0.4766666666666667
AddShowPage:0.39666666666666667
AddShowPageController:0.30666666666666664
