MonitorWindow:0.48
TradeTab:0.2633333333333333
MissionTab:0.15666666666666668
EventTab:0.15
TableTab:0.11
UnitTab:0.05
