SimplifyExpressions:0.46
DesugarAtTimeZone:0.44333333333333336
DesugarLambdaExpression:0.30333333333333334
