CertTools:0.7433333333333333
ProtectedLogSessionBean:0.34
ProtectedLogDevice:0.31666666666666665
