Request:0.66
RequestTests:0.31666666666666665
IndicesClientIT:0.24
IndicesClient:0.15833333333333333
IndicesClientDocumentationIT:0.14333333333333334
CloseIndexResponse:0.09666666666666666
