CrawlController:0.43666666666666665
SimpleHandler:0.29
Heritrix:0.2833333333333333
User:0.2733333333333333
ToeThread:0.26
ComplexType:0.22194444444444447
CrawlServer:0.15666666666666668
ExtractorJS:0.13666666666666666
ExtractorHTML:0.13666666666666666
ServerCache:0.06333333333333334
Login:0.06055555555555555
