Formatter:0.43666666666666665
AstVisitor:0.35333333333333333
LocalQueryRunner:0.2733333333333333
DropTable:0.1761111111111111
TestStatementBuilder:0.11666666666666667
