DbStpInterfaceEntry:0.47333333333333333
DbIpRouteInterfaceEntry:0.4166666666666667
DbAtInterfaceEntry:0.38666666666666666
DiscoveryLink:0.34
RouterInterface:0.27
