TXM_RIA:0.5283333333333333
LoginForm:0.3333333333333333
HelpTab:0.32666666666666666
ContactTab:0.32666666666666666
EditionServiceImpl:0.21333333333333335
HelloServiceImpl:0.19333333333333333
TxmMenuBar:0.18
TxmHTMLPane:0.18
ServerInfos:0.16
HomeTab:0.13
DoubleHtmlTab:0.11666666666666667
InscriptionButton:0.07
AdminButton:0.06333333333333334
ProfileButton:0.06333333333333334
DeconnexionButton:0.05333333333333334
ContactButton:0.04
HelpButton:0.04
ConnexionButton:0.03
ClientVariable:0.02
