GwtViewHelper:0.5233333333333333
CoreDaoImpl:0.35
SelfResource:0.3433333333333333
MobileDeviceModuleImpl:0.30666666666666664
GwtMobileDeviceHelper:0.21
