ISharedProject:0.77
SharedProject:0.54
GiveDriverRoleAction:0.19666666666666666
GiveExclusiveDriverRoleAction:0.18666666666666668
RoleManager:0.14
RemoveDriverRoleAction:0.11666666666666667
RemoveAllDriverRoleAction:0.10333333333333333
SessionContentProvider:0.1
HostSideProjectListener:0.09333333333333334
ISharedProjectListener:0.07666666666666666
AbstractSharedProjectListener:0.06444444444444446
ClientSideProjectListener:0.05333333333333334
