RedirectEvent:0.6133333333333333
CheckoutController:0.44333333333333336
ServiceRequestImpl:0.24666666666666667
RedirectionProcessor:0.22444444444444447
AbstractContentDisplayer:0.16666666666666666
RuleBasedRedirector:0.14444444444444446
