SimpleIndexQueryParserTests:0.5808333333333333
RangeFilterParser:0.5066666666666667
RangeFilterBuilder:0.37333333333333335
SimpleQueryTests:0.3566666666666667
