SemanticGedcomModel:0.5833333333333334
Queries:0.43333333333333335
SemanticGedcomUtil:0.38666666666666666
