WebKeys:0.5910000000000001
AjaxController:0.4266666666666667
BuildDefinitionDivs:0.39
