ProcessDefinition:0.5366666666666666
Localization:0.4866666666666667
IFileDataProvider:0.412
ApplicationContextFactory:0.34
SystemService:0.2773333333333333
JpdlXmlReader:0.19916666666666666
InitializerLogic:0.17666666666666667
JpdlArchiveParser:0.13
VariableDefinitionParser:0.07333333333333333
SystemServiceDelegate:0.06666666666666667
CommonLogic:0.04666666666666667
LocalizationParser:0.016666666666666666
SystemServiceBean:0.006666666666666667
LocalizationDAO:0.0033333333333333335
