RubyScript:0.6066666666666667
IndexManager:0.49
InternalSearchDocument:0.43899999999999995
SourceIndexer:0.2511111111111111
RubyParserCmd:0.21000000000000002
IndexAllProject:0.20111111111111113
AddFolderToIndex:0.19
DeltaProcessor:0.165
ExternalRubyScript:0.14333333333333334
