ObjectFactory:0.54
Shape:0.5333333333333333
ModelLayoutScene:0.48333333333333334
SharedContentLookup:0.3272804232804233
LabelShape:0.26666666666666666
KuwaibaService:0.2535396825396825
ModelLayoutTopComponent:0.23666666666666666
UpdateListTypeItemRelatedViewResponse:0.2063968253968254
CommunicationsStub:0.20333333333333334
ShapeNode:0.18333333333333332
SharedContent:0.18
TemplatesTopComponent:0.17333333333333334
GroupCopyShapeAction:0.13333333333333333
CopyShapeAction:0.13333333333333333
TemplateActionsFactory:0.13
UpdateListTypeItemRelatedView:0.11333333333333333
CreateListTypeItemRelateView:0.11333333333333333
ShowModelLayoutTopComponent:0.11333333333333333
ModelLayoutService:0.0975
CategoryChildren:0.09666666666666666
MoveShapeProvider:0.07
ShapeSelectProvider:0.06333333333333334
CategoryNode:0.06333333333333334
GroupShapesAction:0.06
GetListTypeItemRelatedView:0.058333333333333334
GetListTypeItemRelatedViews:0.058333333333333334
DeleteShapeAction:0.05
RectangleShape:0.05
ResizeShapeProvider:0.04666666666666667
PasteShapeAction:0.043333333333333335
AssociateLayoutAction:0.04
TemplatesService:0.03666666666666667
GetListTypeItemRelatedViewsResponse:0.03333333333333333
SelectableShapeWidget:0.03305555555555555
ShapeWidgetMenu:0.02
LabelShapeWidget:0.014444444444444447
ShapeGeneralProperty:0.011666666666666667
ModelLayoutAcceptProvider:0.011666666666666667
ShapeChildren:0.0033333333333333335
CreateListTypeItemRelateViewResponse:0.0
RectangleShapeWidget:0.0
GetListTypeItemRelatedViewResponse:0.0
