CoolLabel:0.8733333333333333
TaskComparator:0.32
TaskSummary:0.2866666666666667
