Qedeq2Utf8Visitor:0.74
Qedeq2Utf8Executor:0.2633333333333333
Qedeq2Utf8TextExecutor:0.2633333333333333
