RegExpBasedFilterInvocationDefinitionMap:0.5736666666666667
PathBasedFilterInvocationDefinitionMap:0.5736666666666667
