DecorationsTester:0.5866666666666667
ShellTester:0.58
CanvasTester:0.29888888888888887
