Planner:0.5666666666666667
Visitor:0.36666666666666664
TransportExecutor:0.2866666666666667
PlanVisitor:0.28
TransportExecutorTest:0.13666666666666666
PlannerTest:0.10666666666666667
