SerialControllerEditor:0.5066666666666667
DocumentEditor:0.3333333333333333
CorefListModel:0.26
ParameterDisjunction:0.2013888888888889
MemberPRsTableModel:0.19444444444444445
AddPRAction:0.14444444444444443
RunAction:0.14444444444444443
RemovePRAction:0.14444444444444443
ParameterValueEditor:0.11
CorefComboModel:0.09333333333333334
