TaskExecutor:0.6666666666666666
SqlTaskManager:0.41333333333333333
TestSqlTaskManager:0.20666666666666667
TaskExecutorSimulator:0.19666666666666666
TaskExecutorTest:0.18
ServerMainModule:0.08666666666666667
