Convertor:0.5133333333333333
AtomTest:0.51
CoreClassesTests:0.37333333333333335
CDKTests:0.31333333333333335
