AnalyzerGuru:0.36333333333333334
Results:0.32
Search:0.24333333333333335
DirectoryHistoryReader:0.24
Summarizer:0.20333333333333334
JFlexTokenizer:0.13666666666666666
