CatalinaAcegiUserRealmTests:0.5483333333333333
ResinAcegiAuthenticatorTests:0.42333333333333334
JbossIntegrationFilterTests:0.355
