Exporter:0.6133333333333333
Visitor:0.29333333333333333
Sources:0.23
MEFVisitor:0.14
MEFConstants:0.011111111111111112
