ProxyObject:0.68
COMBindingBaseObject:0.45777777777777773
Application:0.2568888888888889
