LoggingConfigController:0.3466666666666667
CasSecurityContextConfiguration:0.32666666666666666
CasCoreAuditConfiguration:0.22666666666666666
CasReportsConfiguration:0.20333333333333334
CasAdminPagesSecurityInterceptor:0.1512777777777778
CasAdminStatusInterceptor:0.13933333333333334
CasSupportJdbcAuditConfiguration:0.11
TerminateSessionAction:0.11
