ParserRuleContext:0.45
BaseTest:0.39
ParseTreePatternMatcher:0.2633333333333333
TestParseTreeMatcher:0.22333333333333333
ParseTreePatternErrorStrategy:0.20333333333333334
