SyncRunnable:0.5866666666666667
RunSynchronizationProcessAction:0.3233333333333333
