SetSEOContentRequestBean:0.6091666666666666
SitemapNodeContentEditor:0.4066666666666667
AbstractBasicContentEditorController:0.37666666666666665
