DynamicList:0.5666666666666667
DynamicCollection:0.4766666666666667
OsgiServiceCollection:0.38666666666666666
