Citation:0.5833333333333334
VerticalExtent:0.33166666666666667
ApplicationSchemaInformation:0.20333333333333334
Identifier:0.18333333333333332
