MainWindow:0.4166666666666667
MarsTheme:0.23666666666666666
PersonDialog:0.22666666666666666
UnitButton:0.22444444444444447
SearchWindow:0.22333333333333333
UnitDialog:0.21666666666666667
MarsProject:0.17222222222222225
NavigatorWindow:0.14333333333333334
