AjaxController:0.455
AbstractEntryProcessor:0.4008333333333333
AbstractBinderProcessor:0.4008333333333333
