MBeanConsoleController:0.53
NoDeadLinkTest:0.4
MBeanConsoleControllerTest:0.36666666666666664
MBeanConsoleTest:0.16333333333333333
