CertReqHistoryData:0.45666666666666667
UserAdminSessionBean:0.39
RSASignSessionBean:0.33666666666666667
CertificateStoreSessionBean:0.33
