Express:0.84
TimeTunnelCommand:0.38666666666666666
DefaultTimeFragmentManager:0.36
GroovyExpress:0.16666666666666666
PathTraceCommand:0.13666666666666666
SearchDO:0.0
