QuerySpec:0.43333333333333335
RelationNormalizer:0.33
RelationNormalizerTest:0.26666666666666666
Lists2:0.23666666666666666
SubSelectIntegrationTest:0.23333333333333334
