Manager:0.5
Socket:0.36666666666666664
Encoder:0.23333333333333334
Decoder:0.22277777777777777
IO:0.1757777777777778
