PropertyMappingResult:0.58
MessageContextErrors:0.3566666666666667
DefaultValidationContext:0.33
PropertyErrorMappingResult:0.2866666666666667
