Dashboard:0.7033333333333334
GlobalDashboardNode:0.42333333333333334
OpenDashboardAction:0.2833333333333333
GlobalDashboardChildren:0.27
DashboardTopComponent:0.175
