DataDefinition:0.6866666666666666
MqlQueryAnalysis:0.4
Node:0.38333333333333336
MqlSqlWalker:0.3333333333333333
QueryAnalysisProvider:0.32666666666666666
QueryFragmentFunction:0.31666666666666665
ASTUtil:0.31
MqlNode:0.26
HqlParser:0.25777777777777783
MDDNode:0.24333333333333335
FunctionCall:0.23333333333333334
FunctionInliner:0.23
Configuration:0.21333333333333335
RecordParser:0.21
RecordInfo:0.21
QueryContext:0.20142857142857143
DataDefinitionImpl:0.17
MqlAritmeticNode:0.16666666666666666
RecordEditor:0.16
MDDAnalyzeWalker:0.15333333333333332
MDDParser:0.135
MqlTreePrinter:0.13333333333333333
JSPRelationMiner:0.12666666666666668
MqlBinaryOperator:0.12333333333333334
ComparisonValidationRule:0.11333333333333333
MDDParserTest:0.09
MDDPostProcessorWalker:0.06666666666666667
MqlQueryAnalysisProvider:0.05333333333333334
FunctionNode:0.04
