AstBuilder:0.6797222222222223
StartTransactionTask:0.40388888888888885
