URL:0.7566666666666667
Constants:0.45359523809523816
SimpleMonitorService:0.23444444444444443
MonitorFilter:0.21466666666666667
MonitorFilterTest:0.17333333333333334
