SimpleHandler:0.6566666666666666
SaxDefaultHandler:0.5066666666666667
SaxEntityResolver:0.36666666666666664
SaxParser:0.26666666666666666
