OrderedFilterBeanDefinitionDecorator:0.49
HttpSecurityBeanDefinitionParserTests:0.47333333333333333
ConfigUtils:0.20333333333333334
