PyType:0.57
PyArray:0.44888888888888884
PyJavaType:0.38333333333333336
