AsMap:0.3933333333333333
LinkedListMultimap:0.37666666666666665
MapMultimap:0.26666666666666666
FilteredEntryNavigableMap:0.23666666666666666
ImmutableArrayMap:0.20555555555555555
TransformedEntriesMap:0.20555555555555555
AbstractIdleService:0.14416666666666667
Escaper:0.013333333333333334
