SecurityExpressionRoot:0.8866666666666667
DefaultMethodSecurityExpressionHandler:0.27666666666666667
DefaultWebSecurityExpressionHandler:0.15
