ExecutionContextImpl:0.31666666666666665
ForkContext:0.26048809523809524
ForkHandlersTest:0.2306666666666667
DefaultForkHandler:0.21866666666666665
ActionExecutionTest:0.21666666666666667
TestForkContextInvocationHandler:0.18211111111111114
CustomFork:0.13666666666666666
