TaskExecutor:0.7433333333333333
SqlTaskExecution:0.42
SimulationTask:0.20111111111111113
TaskExecutorTest:0.13666666666666666
