ExpressionInterpreter:0.6094444444444445
TestCanonicalizeExpressionRewriter:0.4033333333333333
CanonicalizeExpressions:0.3113888888888889
