Blog:0.9266666666666666
LDAPAuthorizationProvider:0.22
ForgottenPasswordPlugin:0.16333333333333333
PropertiesAuthorizationProvider:0.15666666666666668
EncryptedPasswordConversion:0.11777777777777776
