IndexShard:0.65
TestCluster:0.5483333333333333
Request:0.4066666666666667
ReplicationPhase:0.37
IndicesService:0.31666666666666665
ElasticsearchIntegrationTest:0.30666666666666664
Action:0.29333333333333333
ShardReplicationOperationTests:0.23
Bootstrap:0.22666666666666666
PrimaryPhase:0.20666666666666667
AnalysisModuleTests:0.20333333333333334
InternalTestCluster:0.2
TransportShardReplicationOperationAction:0.17333333333333334
AsyncReplicaAction:0.14666666666666667
AbstractRefCounted:0.14
ActionWithExceptions:0.11333333333333333
IndexShardReference:0.06
IndexShardTests:0.03
IndexShardOperationCounter:0.023333333333333334
ActionWithDelay:0.016666666666666666
