User:0.45
SecurityConfig:0.25333333333333335
FilterInvocation:0.23666666666666666
NamedEntityObjectIdentity:0.22
NamedEntityObjectIdentityTests:0.19
FilterInvocationTests:0.19
FilterInvocationDefinitionSourceEditorWithPathsTests:0.19
FilterInvocationDefinitionSourceEditorTests:0.17333333333333334
InterceptorStatusToken:0.155
TicketResponse:0.15
AbstractAdapterAuthenticationTokenTests:0.14666666666666667
PrincipalAcegiUserToken:0.12333333333333334
MockDecisionManagerImpl:0.11333333333333333
UserTests:0.11333333333333333
TicketResponseTests:0.10333333333333333
SecurityConfigTests:0.09333333333333334
PrincipalAcegiUserTokenTests:0.08666666666666667
InterceptorStatusTokenTests:0.08666666666666667
