SteepestDescentsMethod:0.4577777777777778
GeometricMinimizer:0.44166666666666665
TestPotentialFunction:0.13666666666666666
ForceFieldTests:0.05
