AbstractTestQueries:0.6577777777777777
AstBuilder:0.33
QueryUtil:0.26
Visitor:0.25333333333333335
QueryExplainer:0.14
