TestTupleDomain:0.6229444444444444
RaptorSplitManager:0.3933333333333333
