ChronicleMap:0.6532777777777777
VanillaChronicleMap:0.3566666666666667
StatelessClientTest:0.35
ReplicationCheckingMap:0.32
SingleCloseMap:0.32
StatelessChronicleMap:0.20333333333333334
