DefaultBroadcaster:0.4
AtmosphereRequest:0.38333333333333336
AtmosphereFramework:0.30333333333333334
AtmosphereResourceImpl:0.27666666666666667
Filter:0.2306666666666667
GlassFishWebSocketHandler:0.14666666666666667
