RecordImporter:0.4766666666666667
FieldImporter:0.29333333333333333
ObjectToRecord:0.25
ComposedQuery:0.25
HtmlTableImporter:0.21333333333333335
mddViewer:0.2
RecordFormatter:0.13
