AwsConfig:0.32666666666666666
QueueConfig:0.31666666666666665
NetworkConfig:0.29333333333333333
SemaphoreConfig:0.29333333333333333
SymmetricEncryptionConfig:0.24666666666666667
SerializationConfig:0.22
MapIndexConfig:0.19666666666666666
ServiceConfig:0.18
NearCacheConfig:0.16333333333333333
TypeSerializerConfig:0.12
ServicesConfig:0.11333333333333333
MemberGroupConfig:0.1
GlobalSerializerConfig:0.08333333333333333
JoinConfig:0.08333333333333333
