ApolloPanel:0.6355555555555555
TreeMenu:0.5533333333333333
FeatureTreePanel:0.4766666666666667
