AnnotationUtil:0.79
AtmosphereHandlerServiceProcessor:0.14666666666666667
AtmosphereServiceProcessor:0.14666666666666667
WebSocketHandlerServiceProcessor:0.14666666666666667
ManagedServiceProcessor:0.14666666666666667
MeteorServiceProcessor:0.14666666666666667
