ConfigDialog:0.5666666666666667
SelectionListener:0.3466666666666667
