TerminateSessionAction:0.5966666666666667
CasSupportActionsConfiguration:0.39
BaseStringCipherExecutor:0.3233333333333333
