SimpleSortTests:0.41333333333333333
IndexLookupTests:0.38333333333333336
ScriptService:0.27666666666666667
TopHitsTests:0.22666666666666666
