BlockJUnit4ClassRunner:0.5466666666666666
TestRule:0.49666666666666665
ParentRunner:0.41
