If:0.78
ElseIf:0.30333333333333334
Else:0.24333333333333335
