Robolectric:0.5941666666666666
TestWindow:0.42333333333333334
ShadowWindow:0.28
