AbstractTopologyAction:0.15666666666666668
ShutdownNodeAction:0.10333333333333333
ToggleNodeActiveAction:0.10333333333333333
RestartNodeAction:0.10333333333333333
ResetTaskCounterAction:0.10333333333333333
NodeThreadsAction:0.09666666666666666
