P12toPEM:0.6133333333333333
BatchCreateTool:0.36333333333333334
XKMSSigTest:0.34
