ConfigValidator:0.5566666666666666
ConfigValidatorTest:0.5366666666666666
DefaultClientExtension:0.20333333333333334
MapRemoteService:0.09
