Utils:0.6066666666666667
jOOQAbstractTest:0.3433333333333333
AbstractRecord:0.28
UpdatableRecordImpl:0.25333333333333335
DefaultDSLContext:0.24333333333333335
AbstractRoutine:0.20666666666666667
AbstractStoreQuery:0.18666666666666668
DefaultBindContext:0.14166666666666666
SimpleRecordListener:0.12
CursorIterator:0.11
RecordListenerTests:0.04
