ComponentTester:0.4866666666666667
JComboBoxTester:0.2733333333333333
JListTester:0.26666666666666666
JListLocation:0.21666666666666667
GetIndexForItem:0.16333333333333336
JComboBoxTesterTest:0.11333333333333333
TemporarySelectionListener:0.04083333333333333
