Summary:0.78
TaskSummary:0.41
TaskPanel:0.2377777777777778
TaskInfoButton:0.20666666666666667
