LSTM:0.36666666666666664
BaseLayer:0.32
AutoEncoder:0.31
ConvolutionLayer:0.30333333333333334
GravesLSTM:0.2833333333333333
RecursiveAutoEncoder:0.24
OutputLayer:0.22666666666666666
SubsamplingLayer:0.21666666666666667
RBM:0.18666666666666668
