FunctionScoreTests:0.5865555555555556
DecayFunctionScoreIT:0.5755555555555555
