RubyParser:0.8483333333333334
RubyScriptProblemFinder:0.2633333333333333
