AdviceTest:0.4111111111111111
GenericSignatureResolutionTest:0.31666666666666665
TypeWriterDefaultTest:0.27666666666666667
AbstractDynamicTypeBuilderTest:0.27666666666666667
AbstractDynamicTypeBuilderForInliningTest:0.2633333333333333
AdviceTypeTest:0.22333333333333333
AnnotationDescriptionForLoadedAnnotationTest:0.19666666666666666
ClassLoadingStrategyForBootstrapInjectionTest:0.15333333333333332
AdviceSuppressionTest:0.15
