Array:0.6166666666666667
AndroidLiveWallpaper:0.25
Preloader:0.2488888888888889
ArrayIterator:0.23333333333333334
HttpResponse:0.15833333333333333
ArrayIterable:0.14333333333333334
HttpClientResponse:0.056666666666666664
IosHttpResponse:0.056666666666666664
