Builder:0.55
FastResultSetHandler:0.5233333333333333
UnknownObjectTest:0.26666666666666666
