InformationMemory:0.5433333333333333
UserView:0.44666666666666666
RAInterfaceBean:0.43666666666666665
EjbcaWebBean:0.34
TestSignSession:0.2966666666666667
ProtocolHttpTest:0.28488888888888897
TestPublisher:0.2833333333333333
TestUserData:0.2733333333333333
TestCertificateRetrival:0.27
TestCertificateData:0.2643888888888889
TestAuthenticationSession:0.24666666666666667
TestHardToken:0.22333333333333333
LogInterfaceBean:0.22
TestAddLotsofUsers:0.19666666666666666
TestCAs:0.19666666666666666
AdminCertReqServlet:0.14
