ProcessLog:0.45
VariableLog:0.27
VariableUpdateLog:0.27
VariableCreateLog:0.23333333333333334
ActionLog:0.14666666666666667
