OrcFileWriter:0.49
TestHiveFileFormats:0.4066666666666667
HiveTestUtils:0.33666666666666667
OrcFileWriterFactory:0.33666666666666667
HiveClientModule:0.24
