EntryMenuPanel:0.8466666666666667
VibeDataTableResources:0.4928809523809524
VibeDataTable:0.3333333333333333
