TemporaryDatabaseTestCaseTest:0.6733333333333333
InstallerDBTest:0.49111111111111116
TriggerTest:0.4266666666666667
TemporaryDatabaseTestCase:0.36333333333333334
DbTest:0.17666666666666667
PopulatedTemporaryDatabaseTestCase:0.16
PopulatedTemporaryDatabaseTestCaseTest:0.0011111111111111111
