DB:0.5966666666666667
Mongo:0.44333333333333336
JavaClientTest:0.3333333333333333
MongoURI:0.29533333333333334
AuthenticationCredentials:0.26666666666666666
DBApiLayer:0.13333333333333333
MongoTest:0.11666666666666667
