ReplicatedChronicleMap:0.5383333333333333
ReplicatedMapEntryStages:0.38
ReplicatedMapAbsentDelegating:0.2866666666666667
ReplicatedMapAbsentDelegatingForIteration:0.24333333333333335
ReplicatedMapAbsent:0.2
DefaultValue:0.0
