VertxImpl:0.5966666666666667
DNSTest:0.4505595238095238
