RunRhinoScriptAction:0.5133333333333333
RhinoResource:0.47333333333333333
RhinoEditor:0.44
Bc_rhinoPlugin:0.08333333333333333
ShowBcMsgBox:0.006666666666666667
