UnicodeFont:0.5166666666666667
Mesh:0.38666666666666666
TextField:0.2966666666666667
ParallelAction:0.25
RunnableAction:0.2
SequenceAction:0.2
UnicodeFontTest:0.17555555555555558
