EventBuilder:0.7133333333333334
DefaultPollContext:0.37666666666666665
PollContextTest:0.35
EventBuilderTest:0.02
