PseudoFunction:0.71
PseudoFunctionSelector:0.37666666666666665
CSSellyTest:0.2833333333333333
CONTAINS:0.06333333333333334
NTH_LAST_OF_TYPE:0.042222222222222223
NTH_CHILD:0.02666666666666667
NTH_OF_TYPE:0.02666666666666667
NTH_LAST_CHILD:0.02666666666666667
LT:0.02
EQ:0.02
GT:0.02
