Pool:0.5133333333333333
HttpClientImpl:0.3466666666666667
Http1xTest:0.32
FakeConnectionManager:0.25666666666666665
FakeConnection:0.23
ConnectionPoolTest:0.2
ConnectionManager:0.19661111111111113
FakeConnectionProvider:0.056666666666666664
