KuwaibaService:0.6089722222222222
ObjectFactory:0.5866666666666667
CommunicationsStub:0.19666666666666666
GetContainersBetweenObjects:0.15
CopySpecialObjects:0.09666666666666666
MoveSpecialObjects:0.056666666666666664
MoveSpecialObjectsResponse:0.043055555555555555
GetContainersBetweenObjectsResponse:0.024722222222222222
CopySpecialObjectsResponse:0.024722222222222222
