MinMaxNormConstraint:0.43
MaxNormConstraint:0.4266666666666667
UnitNormConstraint:0.31
TestConstraints:0.24
BaseConstraint:0.22333333333333333
