J2ObjC:0.7733333333333333
RewriterTest:0.2733333333333333
GenerationTest:0.25333333333333335
