SimpleQueryStringBuilderTests:0.7666666666666667
SimpleQueryStringIT:0.33666666666666667
