HtmlUnitRegExpProxyTest:0.5783333333333334
SimpleScriptableTest:0.3466666666666667
GWTSourceTest:0.3388888888888889
