FileSource:0.2683333333333333
DirectorySource:0.23833333333333334
JavaClassSource:0.23833333333333334
JavaMethodSource:0.23833333333333334
JavaPackageSource:0.23833333333333334
FilePosition:0.22833333333333333
