Engine:0.54
InternalEngine:0.38
GetResult:0.29533333333333334
EngineSearcher:0.2
MockEngineSupport:0.15666666666666668
MockInternalEngine:0.1
