Caffeine:0.58
Synthetic:0.46777777777777774
Node:0.3933333333333333
PolicyBuilder:0.24333333333333335
GuavaCache:0.21333333333333335
PolicyActor:0.19666666666666666
PolicyStats:0.18
