LTSJModel:0.5266666666666666
LTSDisplay:0.42333333333333334
GraphJModel:0.32
LayoutAction:0.3
PatternJModel:0.2733333333333333
ShapeJModel:0.25666666666666665
