Importer:0.53
RegisterXsl:0.49
Format:0.4166666666666667
Format2:0.02666666666666667
