TopNNode:0.5133333333333333
TopNOperator:0.26666666666666666
TopNIterator:0.24666666666666667
RewritingVisitor:0.21
Visitor:0.19666666666666666
Rewriter:0.18666666666666668
QueryPlanner:0.18333333333333332
Top100Benchmark:0.15
TestTopNOperator:0.14333333333333334
