TransferRequestIntegrationTest:0.3997777777777778
Context:0.3433333333333333
