ObjectInputValue:0.45
UIRepeatListComponent:0.45
CreateObjectComponent:0.33666666666666667
MakumbaELResolver:0.17
MakumbaDataHandler:0.13
MakumbaCreateELResolver:0.12333333333333334
MakListDataModel:0.08666666666666667
ReferenceInputValue:0.08333333333333333
Util:0.07333333333333333
DataHandler:0.06
UpdateInputValue:0.03333333333333333
PointerInputValue:0.03333333333333333
CreateInputValue:0.01
AddInputValue:0.0
