WfVariable:0.53
WfTask:0.39
Group:0.21666666666666667
StartProcess:0.11333333333333333
UpdateProcessVariables:0.11
