SendChannelEndpoint:0.5266666666666666
RetransmitHandler:0.5066666666666667
RetransmitAction:0.41333333333333333
