FlowPropertyResolverTests:0.7233333333333334
FlowVariableResolverTests:0.29333333333333333
