Filler:0.5816666666666667
LoginProcessor:0.37
CommentQueryService:0.3566666666666667
