Input:0.76
JoglInputMultiplexer:0.4666666666666667
JoglInput:0.32666666666666666
JoglPanel:0.2733333333333333
AndroidInput:0.23
Keys:0.10838095238095237
