FlowRegistryImpl:0.6966666666666667
FlowAssembler:0.5583333333333333
