Configuration:0.6166666666666667
Starter:0.39
ConfigurationPanel:0.2866666666666667
ConfigurationWindow:0.15333333333333332
LayoutTab:0.05
