CommunicationsStub:0.4633333333333333
LocalPrivilege:0.3433333333333333
LocalConfigurationVariable:0.2733333333333333
RemoveObjectFromFavoritesFolderAction:0.11666666666666667
