GwtRpcServiceAsync:0.39161111111111113
GwtTaskHelper:0.3466666666666667
GwtTeamingMessages:0.31333333333333335
TaskLink:0.27666666666666667
TaskLinkage:0.26
GwtRpcService:0.258984126984127
GwtRpcServiceImpl:0.20666666666666667
TaskListing:0.19444444444444445
TaskListItem:0.15
