AbsFileer:0.6138333333333333
AbsSchedulers:0.37801587301587297
