LazyNonGenericReceiverType:0.5633333333333334
LazyMethodDescription:0.3433333333333333
TypeDescriptionForLoadedTypeTest:0.14666666666666667
TypeDescriptionArrayProjectionTest:0.14666666666666667
AbstractTypeDescriptionGenericVariableDefiningTest:0.06
