Logger:0.7
LogDelegate:0.31666666666666665
SLF4JLogDelegate:0.26
Log4j2LogDelegate:0.26
Log4jLogDelegate:0.23333333333333334
JULLogDelegate:0.23333333333333334
JULLogDelegateTest:0.18666666666666668
Log4J2LogDelegateTest:0.12333333333333334
SLF4JLogDelegateTest:0.12333333333333334
