JInternalFrameRecorder:0.45805555555555555
JInternalFrameRecorderTest:0.4533333333333333
InternalFrameWatcher:0.3233333333333333
AbstractInternalFrameWatcher:0.07
