FlowModelFlowBuilder:0.6211111111111111
FlowDefinitionRegistryImpl:0.32
FlowRegistryFactoryBean:0.29333333333333333
