PortRangeValidatorTest:0.54
OneOfValidatorTest:0.36666666666666664
DurationValidatorTest:0.22333333333333333
SizeValidatorTest:0.22333333333333333
