MiscUtil:0.8166666666666667
WebKeys:0.416984126984127
SendMailController:0.31666666666666665
SendEntryMailController:0.20666666666666667
