Dispatcher:0.6433333333333333
DefaultConfiguration:0.4766666666666667
FormTagTest:0.37
RuntimeConfigurationImpl:0.23333333333333334
DispatcherTest:0.14666666666666667
