BuildingPanel:0.5166666666666667
ManufactureBuildingPanel:0.48333333333333334
BuildingsTabPanel:0.31666666666666665
ManufacturePanel:0.20666666666666667
