Util:0.7066666666666667
DataTransferManager:0.3928888888888889
JingleFileTransferManager:0.23333333333333334
IBBTransferListener:0.18666666666666668
ReceiverThread:0.07
