UUIDProperty:0.19
StringProperty:0.19
ArrayProperty:0.17333333333333334
MapProperty:0.16333333333333333
ObjectProperty:0.05333333333333334
IntegerProperty:0.05333333333333334
DateProperty:0.05333333333333334
BooleanProperty:0.05333333333333334
DateTimeProperty:0.05333333333333334
DecimalProperty:0.05333333333333334
LongProperty:0.05333333333333334
DoubleProperty:0.05333333333333334
FloatProperty:0.05333333333333334
FileProperty:0.043333333333333335
