DataFetcher:0.32
OptionsPanel:0.31
View:0.27
EnsJConnectionUtil:0.26
EnsJAdapter:0.25
EnsJAdapterGUI:0.23666666666666666
LocationPanel:0.21333333333333335
DatabasePanel:0.19333333333333333
UpdateWorkRoundComboBox:0.14
ShowGeneCountsByTypeHandler:0.12666666666666668
OptionsModel:0.11666666666666667
StateInformation:0.11
EnsJFeatureSetBuilder:0.06666666666666667
UpdateWorkRoundComboBoxUI:0.017388888888888888
