FiberSocketChannel:0.5333333333333333
ChannelGroup:0.4166666666666667
FiberServerSocketChannel:0.36666666666666664
FiberAsyncIO:0.24444444444444444
