BoundedLocalCache:0.53
Node:0.31666666666666665
IsValidBoundedLocalCache:0.31666666666666665
AddMaximum:0.25333333333333335
NodeRule:0.24666666666666667
FrequencySketch:0.225
UpdateTask:0.21666666666666667
EvictionTest:0.21333333333333335
IsCacheReserializable:0.19
BoundedLocalCacheTest:0.18333333333333332
CacheContext:0.1486111111111111
AddDeques:0.13666666666666666
CacheValidationListener:0.11666666666666667
RemovalTask:0.11333333333333333
MultiThreadedTest:0.11
