ManagedChannelBuilder:0.5933333333333334
InProcessClientTransportFactory:0.5133333333333333
InProcessChannelBuilder:0.38
