StateInformation:0.7766666666666666
EnsJAdapterGUI:0.5766666666666667
