TestExecutionSummary:0.74
MutableTestExecutionSummary:0.5833333333333334
SummaryGeneratingListener:0.33666666666666667
SummaryGenerationTests:0.3233333333333333
