AIObject:0.4766666666666667
AIUnit:0.475
GoodsWish:0.3433333333333333
AIColony:0.30333333333333334
IndianBringGiftMission:0.2866666666666667
ScoutingMission:0.27666666666666667
TileImprovementPlan:0.256
WorkerWish:0.2511111111111111
WorkLocationPlan:0.24583333333333332
IndianDemandMission:0.24333333333333335
EuropeanAIPlayer:0.22
TransportMission:0.22
NativeAIPlayer:0.17666666666666667
