XMLBoundedAttribute:0.56
BoundedAttribute:0.47
XMLObject:0.45666666666666667
XMLObjectAttribute:0.39
WidgetAttr:0.36
ARINCModelFactory:0.255
ClientBoundedAttribute:0.25
DefaultServerBinaryDFHandler:0.21333333333333335
DefaultARINCUtils:0.21
EditorWidgetTableConstructor:0.20666666666666667
WidgetsRefHandler:0.20333333333333334
TreeEditorHelper:0.20333333333333334
ClientWidgetsRefHandler:0.2
DefaultClientBinaryDFHandler:0.19666666666666666
DefaultClientXMLDFHandler:0.19333333333333333
DefaultServerXMLDFHandler:0.19333333333333333
AbstractXMLDFHandler:0.18666666666666668
NumericReadoutTextRenderer:0.18666666666666668
AbstractWidgetRefHandler:0.18333333333333332
AbstractWidgetFactory:0.18333333333333332
WidgetListener:0.18
ObjectGenerator:0.17666666666666667
ComputedSizeValue:0.16
Extension6Test:0.15333333333333332
NewTypes:0.1437301587301587
ARINCDefinitionVerifier:0.14
LabelTextRenderer:0.11
RendererUtils:0.08166666666666667
NewDefaultUtils:0.02
