Analysis:0.4144722222222222
AnalyzerTest:0.35333333333333333
TransportExecutor:0.33
InsertStatementAnalyzer:0.31
PlanVisitor:0.30666666666666664
TestMetaDataModule:0.2922222222222222
InsertAnalysis:0.19
Visitor:0.1525
TransportExecutorTest:0.13
