CommentAPIServlet:0.5588888888888889
CommentPlugin:0.5166666666666667
