Scope:0.5133333333333333
ContinuationFlowExecutionRepository:0.37666666666666665
ConversationScopeEnabledFlowExecution:0.32666666666666666
FlowExecutionImpl:0.26666666666666666
Conversation:0.14666666666666667
FlowExecutionContext:0.09166666666666666
