GwtMenuHelper:0.3466666666666667
GwtRpcServiceImpl:0.29333333333333333
ActionMenuCell:0.2833333333333333
EventHelper:0.27666666666666667
ManageUsersDlg:0.26666666666666666
DataTableFolderViewBase:0.22333333333333333
InvokeManageUserDlgEvent:0.14666666666666667
GetEntityActionToolbarItemsCmd:0.14333333333333334
ActionMenuColumn:0.056666666666666664
