ExecutionServiceDelegateAssignTaskTest:0.7633333333333333
ExecutionServiceDelegateSubstitutionAssignTaskTest:0.6833333333333333
