RDFProtonDescriptor:0.3933333333333333
RotatableBondsCountDescriptor:0.3
ProtonTotalPartialChargeDescriptor:0.2966666666666667
SigmaElectronegativityDescriptor:0.2966666666666667
RuleOfFiveDescriptor:0.2866666666666667
