AbstractFlowBuilder:0.44333333333333336
XmlFlowBuilder:0.44
XmlFlowRegistrar:0.37666666666666665
BaseFlowBuilder:0.31666666666666665
AbstractFlowRegistryFactoryBean:0.23666666666666666
XmlFlowRegistryFactoryBean:0.15666666666666668
