IdentifierGeneratorFactory:0.4302777777777778
SessionFactoryImpl:0.41
SimpleAttributeBinding:0.36666666666666664
EntityIdentifier:0.36
MetadataImpl:0.3
IdGenerator:0.24333333333333335
DefaultIdentifierGeneratorFactory:0.08666666666666667
