UdpChannel:0.6166666666666667
UdpChannelTransport:0.45
UdpChannelTest:0.26666666666666666
