SMSParsedResult:0.45
ResultParser:0.31666666666666665
ParsedReaderResultTestCase:0.2966666666666667
GeoResultParser:0.19777777777777777
GeoParsedResult:0.19333333333333333
SMSResultHandler:0.19
GeoParsedResultTestCase:0.10666666666666667
SMSMMSResultParser:0.08333333333333333
SMSMMSParsedResultTestCase:0.01
