ArticleListChannel:0.5266666666666666
Common:0.5239047619047619
ArticleChannel:0.31333333333333335
CommentNotifier:0.19333333333333333
