ActivityScanerCode:0.42333333333333334
ActivityVonPhoto:0.31133333333333335
ActivityTextUtils:0.28
ActivityWheelHorizontal:0.27
AdapterRecyclerViewMain:0.25666666666666665
ActivityCreateQRCode:0.25166666666666665
ActivityDialog:0.25166666666666665
ActivityProgressBar:0.24666666666666667
ActivitySplash:0.22333333333333333
ActivityAutoImageView:0.22
ActivitySlidingDrawerSingle:0.22
ActivityMain:0.21333333333333335
ApplicationVon:0.09
