ParserRuleSet:0.13865109
TokenMarker:0.13032526
XModeHandler:0.0963043
Token:0.03584976
