ParserRule:0.21396556
ParserRuleSet:0.16624205
DefaultTokenHandler:0.1290908
XModeHandler:0.09939479
TokenHandler:0.08870673
DummyTokenHandler:0.084450215
RegexpIndentRule:0.07945934
BracketIndentRule:0.07664069
DeepIndentRule:0.076179296
JEditBuffer:0.07512272
DisplayTokenHandler:0.056309722
LineManager:0.053231675
TextUtilities:0.050697565
ChunkCache:0.040486217
Token:0.022260675
Mode:0.019679671
KeywordMap:0.017460354
StandardUtilities:0.016437786
StandaloneTextArea:0.015191326
jEdit:0.015064529
SyntaxUtilities:0.010143553
SegmentCharSequence:0.0088977935
ModeProvider:0.006581045
