Builder:0.6766666666666666
Default:0.57
AbstractDynamicTypeBuilderTest:0.2833333333333333
WithFlexibleName:0.22166666666666668
