Item:0.72
Mapper:0.5405555555555556
NestedResultHandlerTest:0.35333333333333333
Person:0.3433333333333333
