SimpleCrawlerHandler:0.58
TestFileAccessor:0.5033333333333333
ApertureTestBase:0.17333333333333334
