BitSetTest:0.2833333333333333
LinkedHashSetTest:0.2833333333333333
QueueTest:0.2833333333333333
ArrayTest:0.2833333333333333
PriorityQueueTest:0.2833333333333333
ListTest:0.2833333333333333
HashSetTest:0.25333333333333335
IteratorTest:0.25333333333333335
StreamTest:0.25333333333333335
TreeTest:0.25333333333333335
