ControllerHub:0.6797222222222223
SelectionGenerator:0.3708333333333333
