Settings:0.6066666666666667
Environment:0.5628730158730161
Nullability:0.47
SettingsFactory:0.26
