SpdyConnection:0.5433333333333333
SpdyConnectionTest:0.49666666666666665
Reader:0.32
SpdySocketHandler:0.19
Builder:0.12944444444444442
ExternalHttp2Example:0.08333333333333333
