Suite:0.528888888888889
FormsOQLTest:0.38666666666666666
ListOQLTest:0.3333333333333333
MakumbaJspTestCase:0.2833333333333333
ListHQLTest:0.22333333333333333
FormsHQLTest:0.21
ExceptionTest:0.2
MakumbaTestSetup:0.17666666666666667
MakumbaCommonTagsTest:0.13
