WxMpPayCallback:0.37666666666666665
WxMpServiceImpl:0.3433333333333333
WxCpUser:0.30833333333333335
WxMpXmlOutMessage:0.2633333333333333
WxCpUserGsonAdapter:0.21666666666666667
WxError:0.17
WxConsts:0.07333333333333333
