ConvolutionLayer:0.48333333333333334
SubsamplingLayer:0.41333333333333333
ConvolutionUtils:0.30333333333333334
InputTypeUtil:0.28277777777777774
CNNGradientCheckTest:0.052222222222222225
TestConvolutionModes:0.03333333333333333
