FSM:0.38
BasicPatternElement:0.2966666666666667
Transition:0.27666666666666667
RightHandSide:0.27666666666666667
Constraint:0.26
State:0.19
TestFSM:0.13333333333333333
