Tag:0.7533333333333333
ParsedTag:0.41
TagWriter:0.33
LagartoParser2:0.2960555555555555
LagartoParserTest:0.21777777777777782
