BinderModule:0.8333333333333334
BinderModuleImpl:0.32666666666666666
MyFilesResource:0.24
WorkspaceResource:0.23
FolderResource:0.21166666666666667
BinderResource:0.21
ContainerResource:0.10666666666666667
