CustomAnnotationEditDialog:0.7033333333333334
EditAnnotationAction:0.37333333333333335
