InternalAggregationTestCase:0.5266666666666666
ParsedAggregation:0.36666666666666664
ParsedAggregationTests:0.09277777777777778
InternalCardinalityTests:0.07
