Response:0.6033333333333334
Default:0.2388888888888889
Logger:0.19666666666666666
DefaultClientTest:0.17666666666666667
ApacheHttpClientTest:0.11
OkHttpClientTest:0.11
ReasonPhraseOptional:0.02
