OpenSarosPreferencesHandler:0.3122222222222222
CreateXMPPAccountHandler:0.043333333333333335
