FunctionAssertions:0.37333333333333335
TestArrayOperators:0.31333333333333335
AbstractTestFunctions:0.28
TestMapOperators:0.27
PageProcessor:0.21166666666666667
TestMapTransformValueFunction:0.20333333333333334
TestMapTransformKeyFunction:0.17666666666666667
