AWTGLCanvas:0.5833333333333334
OpenGL:0.29333333333333333
LinuxCanvasImplementation:0.1922222222222222
AppletLoaderTest:0.19
MacOSXCanvasImplementation:0.17555555555555555
WindowsCanvasImplementation:0.17555555555555555
AWTCanvasImplementation:0.08738888888888888
