Euler:0.84
SEMLibrary:0.38333333333333336
EulerRunner:0.2733333333333333
