Pointer:0.55
Structure:0.49
Function:0.4866666666666667
Native:0.32666666666666666
Memory:0.2866666666666667
NativeString:0.28
TestStructure:0.20806349206349206
StructField:0.2063968253968254
InnerStructure:0.2063968253968254
Handler:0.10333333333333333
StructureTest:0.10333333333333333
SharedMemory:0.05333333333333334
