MySQLDialect:0.64
HQLTest:0.41
FooBarTest:0.33666666666666667
PooledHiLoSequenceIdentifierTest:0.23
MasterDetailTest:0.20666666666666667
PersistentMapTest:0.18666666666666668
LongByteArrayTest:0.18333333333333332
ToManyFetchAndJoinTest:0.11666666666666667
MapTest:0.10666666666666667
