ObjectiveCHeaderGenerator:0.37333333333333335
ObjectiveCImplementationGenerator:0.35
ObjectiveCImplementationGeneratorTest:0.32666666666666666
ObjectiveCSourceFileGeneratorTest:0.3
ObjectiveCHeaderGeneratorTest:0.27666666666666667
