Asset:0.5733333333333334
ShadowResourcesTest:0.4266666666666667
ParallelUniverse:0.22666666666666666
