ControlCenter:0.8066666666666666
ActionSave:0.3433333333333333
ActionClose:0.2733333333333333
