Script:0.71
PipedExecBuilder:0.4166666666666667
Resolver:0.23333333333333334
PipedExecBuilderTest:0.15333333333333332
