State:0.7216666666666667
InjectorImpl:0.41
OptionalBinderTest:0.31
MultibinderTest:0.29333333333333333
MapBinderTest:0.29333333333333333
WeakKeySet:0.28
InheritingState:0.22
AbstractBindingProcessor:0.12666666666666668
AllTests:0.11
