XmlUtil:0.45666666666666667
ConstructorView:0.38666666666666666
ChangeListener:0.27051984126984113
HighlightTextStyling:0.26666666666666666
JpdlVersionRegistry:0.23666666666666666
SQLQueryParameterModel:0.22
XmlContentView:0.19333333333333333
GpdXmlContentProvider:0.19333333333333333
DesignerEditor:0.19
BSHEditorDialog:0.18333333333333332
NewProcessDefinitionWizard:0.18333333333333332
AuxContentProvider:0.18
TabSelectionHandler:0.17333333333333334
SQLActionHandlerConfigDialog:0.15666666666666668
FormsXmlContentProvider:0.13666666666666666
SwimlaneGUIContentProvider:0.13666666666666666
VariablesXmlContentProvider:0.13666666666666666
SQLTaskModel:0.12083333333333333
SQLQueryModel:0.12
SQLTasksModel:0.0575
JavaHighlightTextStyling:0.04666666666666667
RegexpHighlight:0.04
XmlHighlightTextStyling:0.04
