CacheBasicAbstractTest:0.5666666666666667
AbstractClientInternalCacheProxy:0.43666666666666665
ClientCacheProxy:0.36333333333333334
MaliciousClassLoader:0.33349999999999996
AbstractInternalCacheProxy:0.31
