RegisteredServiceContact:0.6153333333333333
DefaultRegisteredServiceContact:0.44
AbstractResourceBasedServiceRegistryDaoTests:0.31333333333333335
