TcpTransport:0.51
RemoteClusterConnection:0.44666666666666666
SearchTransportService:0.33666666666666667
RemoteClusterService:0.23666666666666666
AffixSetting:0.22
SettingTests:0.19416666666666665
RemoteClusterServiceTests:0.03333333333333333
