WebClientTest:0.3933333333333333
MimeTypeTest:0.22333333333333333
Geolocation:0.22133333333333335
WindowConcurrencyTest:0.21
DisabledElementTest:0.18333333333333332
HtmlUnitRegExpProxy3Test:0.14333333333333334
DebugFrameImplTest:0.14333333333333334
