EulerRunner:0.615
jThrow:0.21666666666666667
ProofEngine:0.19333333333333333
