ArrayUtilsTest:0.8094444444444445
VisitorUtilsTest:0.43666666666666665
