ITimed:0.6133333333333333
State:0.5166666666666667
TimerDuration:0.36333333333333334
WaitState:0.30333333333333334
TimerAction:0.30333333333333334
JpdlSerializer_3_2:0.25666666666666665
TransitionGraphicalEditPart:0.22
ImportParWizardPage:0.19
BSHEditorDialog:0.16333333333333333
BSHTypeSupport:0.11333333333333333
TimerActionPropertyDescriptor:0.11
TaskState:0.08666666666666667
DateVariablePropertyDescriptor:0.08333333333333333
UserInputDialog:0.08333333333333333
DurationEditDialog:0.08
TimerActionEditDialog:0.07333333333333333
ChooseDateVariableDialogCellEditor:0.04
NumberInputDialog:0.023333333333333334
TimeInputDialog:0.016666666666666666
DateInputDialog:0.016666666666666666
NumberType:0.013333333333333334
RegexInputDialog:0.006666666666666667
DurationPropertyDescriptor:0.0033333333333333335
NotificationMessages:0.0
