LocalBoundedObject:0.605
Mission:0.49666666666666665
LocalAreaUtil:0.49
Vehicle:0.48
LifeSupport:0.4
ConstructionSite:0.3933333333333333
Building:0.36666666666666664
Mind:0.35888888888888887
Rover:0.3566666666666667
BuildingManager:0.30333333333333334
VehicleMaintenance:0.26266666666666666
MedicalCare:0.24666666666666667
RoverMission:0.2377777777777778
ConstructionManager:0.23333333333333334
BuildingConstructionMission:0.2
Trade:0.19333333333333333
BuildingSalvageMission:0.18666666666666668
MineSite:0.18333333333333332
SalvageBuilding:0.16
ConstructBuilding:0.16
VehicleAirlock:0.15666666666666668
BuildingAirlock:0.14666666666666667
