MatrixMlpLayer:0.5733333333333334
ConvolutionNeuralNetworkTest:0.4
ConvolutionLayerTest:0.3933333333333333
PoolingLayer:0.31666666666666665
