Structure:0.66
TestLibrary:0.5478333333333333
ArgumentsMarshalTest:0.43333333333333335
Function:0.3233333333333333
