MapDisplay:0.5966666666666667
USGSMarsMap:0.36666666666666664
CannedMarsMap:0.22666666666666666
PDSConnectionManager:0.10333333333333333
