CouchbaseAuthenticationProperties:0.43333333333333335
CouchbaseServiceRegistryProperties:0.4033333333333333
CouchbaseTicketRegistryProperties:0.33666666666666667
CouchbaseAuthenticationHandler:0.3
