ISqlTemplate:0.7666666666666667
IDbDialect:0.7366666666666667
SqlScript:0.3308333333333333
TableCopy:0.32666666666666666
SQLiteDbDialect:0.2733333333333333
AbstractJdbcDbDialect:0.26
SqlDataWriter:0.2575
SqlDataWriterTest:0.18
AbstractDatabaseTest:0.17333333333333334
AbstractDbDialect:0.16666666666666666
SqlTableDataReader:0.15666666666666668
SQLiteSqlReadCursor:0.14333333333333334
SymmetricClient:0.14333333333333334
AbstractSqlTemplate:0.14
JdbcSqlTransactionTest:0.13666666666666666
ColumnMapper:0.056666666666666664
TableCopyTest:0.015833333333333335
StringMapper:0.0
SqlConstants:0.0
