Rule:0.2866666666666667
LinePlacement:0.20333333333333334
FeatureTypeStyle:0.20333333333333334
PointPlacement:0.10333333333333333
