IRSView:0.6766666666666666
IProgressView:0.6766666666666666
ISarosM:0.6766666666666666
IRemoteBot:0.6333333333333333
IRemoteBotShell:0.6233333333333333
RemoteBot:0.5933333333333334
IRemoteBotEditor:0.5816666666666667
IPEView:0.5816666666666667
ISessionView:0.5816666666666667
IRemoteBotTree:0.5625
IRemoteBotButton:0.5616666666666666
IWindowM:0.5616666666666666
IRemoteBotToggleButton:0.5616666666666666
ISarosPreferences:0.5616666666666666
IRemoteBotTableItem:0.5616666666666666
IRemoteBotRadio:0.5616666666666666
IContextMenuWrapper:0.5616666666666666
IBuddiesView:0.5616666666666666
IChatView:0.5616666666666666
ISarosContextMenuWrapper:0.5616666666666666
IRemoteBotToolbarToggleButton:0.5616666666666666
IRemoteBotList:0.5616666666666666
IRemoteBotToolbarRadioButton:0.5616666666666666
IRemoteBotCheckBox:0.5616666666666666
IRemoteBotCCombo:0.5616666666666666
IRemoteBotText:0.5533333333333333
IRemoteBotStyledText:0.5533333333333333
IRemoteBotToolbarPushButton:0.5533333333333333
INewC:0.5533333333333333
IViews:0.5533333333333333
ITeamC:0.5533333333333333
IRemoteBotLabel:0.5533333333333333
RemoteBotShell:0.5233333333333333
IRemoteBotView:0.49
RemoteBotTable:0.41333333333333333
IRemoteBotViewMenu:0.41305555555555556
RemoteBotView:0.4122222222222222
RemoteBotMenu:0.3933333333333333
IRemoteBotTable:0.37976190476190474
IRemoteWorkbenchBot:0.37976190476190474
RemoteBotTree:0.3655555555555556
SessionView:0.36333333333333334
RemoteWorkbenchBot:0.3588888888888889
IRemoteBotCombo:0.35642857142857143
ISuperBot:0.35642857142857143
IRemoteBotToolbarDropDownButton:0.35642857142857143
IRemoteBotToolbarButton:0.34365079365079365
ContextMenuWrapper:0.33555555555555555
IRemoteBotTreeItem:0.3323412698412698
RemoteBotCombo:0.32666666666666666
IRemoteBotMenu:0.3190079365079365
PEView:0.3155555555555556
RemoteBotList:0.30666666666666664
RemoteBotEditor:0.3
ChatView:0.3
RemoteBotToolbarButton:0.2966666666666667
RemoteBotTreeItem:0.2922222222222222
SarosContextMenuWrapper:0.2922222222222222
SuperBot:0.29
TeamC:0.2888888888888889
SarosPreferences:0.2888888888888889
NewC:0.2888888888888889
BuddiesView:0.28222222222222226
RemoteBotCheckBox:0.28
RemoteBotButton:0.28
RemoteBotRadio:0.28
RemoteBotText:0.2733333333333333
RemoteBotCCombo:0.2733333333333333
RemoteBotTableItem:0.25666666666666665
RemoteBotToolbarDropDownButton:0.25555555555555554
WindowM:0.25555555555555554
SarosConditions:0.24333333333333335
RemoteBotToggleButton:0.24
RemoteBotToolbarToggleButton:0.23666666666666666
RemoteBotToolbarRadioButton:0.23666666666666666
RemoteBotToolbarPushButton:0.23666666666666666
STFController:0.23333333333333334
TestBasicWidgetTree:0.22333333333333333
TestSarosPreferences:0.21333333333333335
Views:0.1988888888888889
Component:0.19333333333333333
RemoteBotStyledText:0.19
RemoteBotLabel:0.19
RSView:0.18666666666666668
TestBasicWidgetsTable:0.18666666666666668
ProgressView:0.18333333333333332
SarosM:0.17666666666666667
RemoteBotViewMenu:0.17555555555555555
ConsoleView:0.16666666666666666
IConsoleView:0.16333333333333333
IRemoteBotPerspective:0.16333333333333333
RealTester:0.15666666666666668
RemoteBotPerspective:0.15666666666666668
TestHandleContacts:0.14666666666666667
TestBuddiesView:0.14666666666666667
ShareWithC:0.14333333333333334
TestMenuSaros:0.12666666666666668
RefactorC:0.10888888888888891
TestParallelInvitationWithTerminationByInvitees:0.09666666666666666
MenuBar:0.09222222222222222
ExistsChatMessage:0.056666666666666664
ExistsTableItem:0.03333333333333333
IRefactorC:0.006666666666666667
IMenuBar:0.006666666666666667
IShareWithC:0.006666666666666667
AbstractRmoteWidget:0.0
