Callback:0.7566666666666667
LinkWidget:0.31333333333333335
