IndexShard:0.6433333333333333
SequenceNumbersService:0.3233333333333333
RecoveryTarget:0.31
GlobalCheckpointTracker:0.2966666666666667
PeerRecoveryTargetService:0.21166666666666667
BlockingTarget:0.19666666666666666
RecoverySourceHandler:0.18333333333333332
BlockingEngineFactory:0.17666666666666667
RemoteRecoveryTargetHandler:0.14
PeerRecoveryTargetServiceTests:0.1
RecoveryDuringReplicationTests:0.06833333333333333
SendSnapshotResult:0.03333333333333333
