HopParser:0.4033333333333333
StepFactory:0.29333333333333333
HopSymbolTableWalker:0.2733333333333333
CommandLineInput:0.17444444444444446
SpeechTalk:0.15444444444444444
DFA29:0.1311111111111111
InputStep:0.09
SpeakStep:0.06333333333333334
DFA41:0.03666666666666667
