HtmlElement:0.44666666666666666
HtmlPage:0.36666666666666664
Window:0.35333333333333333
HtmlTable:0.31833333333333336
DomElement:0.23666666666666666
HtmlPageTest:0.23
HTMLDocument:0.21666666666666667
HtmlImage:0.20666666666666667
WebTestCase:0.2
HtmlFormTest:0.2
HtmlSelect:0.19666666666666666
CSSStyleSheetTest:0.19666666666666666
TableRowGroup:0.14
JQueryTestBase:0.11666666666666667
Dojo102Test:0.06
ChildElementsIterator:0.05
