ValidatorContainer:0.6972222222222222
RootValidator:0.5533333333333333
NetcdfMetadataTest:0.45
