RegistryFactory:0.6166666666666667
CooperatingRegistriesDaoTest:0.47333333333333333
CooperatingRegistriesDao:0.3333333333333333
