XmlUtil:0.8533333333333334
BotTask:0.38666666666666666
BotTaskUtils:0.22333333333333333
SwimlaneAssignerCellEditorProvider:0.16
