ElasticsearchException:0.48
StreamOutput:0.37666666666666665
WithRestHeadersException:0.25333333333333335
NamedException:0.21666666666666667
