TestBundleContext:0.38333333333333336
OSGiScriptEngineManager:0.36333333333333334
TestBundle:0.2733333333333333
HazelcastOSGiServiceImpl:0.23666666666666666
RegisterDeregisterListener:0.2353333333333333
HazelcastOSGiInstanceTest:0.20333333333333334
Activator:0.17033333333333334
ScriptEngineActivator:0.14
HazelcastOSGiServiceTest:0.11
ScriptEngineManagerInfo:0.025555555555555557
TestBundleRegisterDeregisterListener:0.016666666666666666
