IOService:0.49366666666666664
WriteHandler:0.4166666666666667
TcpIpConnectionManager:0.3433333333333333
ReadHandler:0.24
TcpIpConnection:0.22666666666666666
NodeIOService:0.22
GroupProperties:0.10333333333333333
