DataLoaderTest:0.6372222222222222
DataLoaderServiceTest:0.4716666666666667
DataServiceTest:0.3433333333333333
