RunaWFEPortlet:0.5266666666666666
DefaultExceptionHandler:0.38
Loader:0.27416666666666667
