RequestBeanInfo:0.5533333333333333
Authentication:0.36333333333333334
ControllerMethodConfiguration:0.3566666666666667
