JChemPaintEditorPanel:0.5533333333333333
ToolBarMaker:0.43666666666666665
AbstractController2D:0.39
ElementAction:0.2866666666666667
AtomContainerManipulator:0.2
ChemAction:0.19833333333333333
AdjustBondOrdersAction:0.11
