Editor:0.47
MainFrame:0.39
FeaturesTableModel:0.25333333333333335
CustomObjectRenderer:0.19777777777777777
NewResourceDialog:0.14
CustomEditor:0.12444444444444443
FeaturesEditor:0.11333333333333333
CartoonMinder:0.07
