ReplicaShardAllocator:0.5544444444444444
UnassignedInfoTests:0.42333333333333334
MatchingNodes:0.3466666666666667
GatewayAllocator:0.32
ReplicaShardAllocatorTests:0.13
