UpdateDownloader:0.6
MagmaParser:0.5022222222222222
UpdateNotificationDialog:0.3933333333333333
