EndMatcherSupport:0.5466666666666666
HopEndMatcher:0.42333333333333334
