RecursiveAutoEncoder:0.5383333333333333
SubsamplingLayer:0.43333333333333335
RecursiveParamInitializer:0.3
RecursiveAutoEncoderTest:0.20333333333333334
OutputLayerTest:0.15333333333333332
