PersistentTaskInProgress:0.41333333333333333
PersistentTasksInProgress:0.39666666666666667
Builder:0.35
PersistentTaskClusterServiceTests:0.31
Assignment:0.25333333333333335
TransportPersistentAction:0.23115079365079366
PersistentTasksInProgressTests:0.18666666666666668
PersistentActionCoordinatorTests:0.17
PersistentTaskClusterService:0.17
TaskBuilder:0.16666666666666666
TransportTestPersistentAction:0.05
ExecutorNodeDecider:0.025833333333333333
