SiteView:0.8233333333333334
StrandedZoomableApolloPanel:0.5566666666666666
