StepFactory:0.6933333333333334
HopSymbolTableWalker:0.45666666666666667
