OpenIDAuthenticationProcessingFilter:0.49333333333333335
OpenIDConsumer:0.4745
MockOpenIDConsumer:0.31666666666666665
OpenID4JavaConsumer:0.2633333333333333
OpenIDAuthenticationProcessingFilterTests:0.04666666666666667
