ValencyHybridChecker:0.8033333333333333
ValencyHybridCheckerTest:0.5914999999999999
