Builder:0.6733333333333333
JobContextService:0.4533333333333333
JobContextServiceTest:0.4166666666666667
