MqsarTests:0.4877222222222222
MwekaTests:0.4877222222222222
