UnversionedOptimisticLockingField:0.2633333333333333
DefaultTrackingEntitiesTest:0.24
ValidityAuditStrategyRevEndTestCustomRevEnt:0.18333333333333332
ValidityAuditStrategyRevEndTsTest:0.18333333333333332
ValidityAuditStrategyManyToManyTest:0.14333333333333334
TrackingEntitiesMultipleChangesTest:0.13
SchemaExportTest:0.10666666666666667
VersionsProperties:0.06666666666666667
StoreDeletedData:0.06
ManualFlushAutoCommitDisabled:0.03333333333333333
AnnotatedTrackingEntitiesTest:0.02666666666666667
ExtendedRevisionEntityTest:0.013333333333333334
GloballyConfiguredRevListenerTest:0.013333333333333334
