SingleChannelMongoClient:0.5583333333333333
SingleServerMongoClient:0.5433333333333333
