EventBus:0.5633333333333334
PendingPost:0.33666666666666667
PostViaHandler:0.3
BackgroundPoster:0.19
