Json:0.6466666666666666
FileHandle:0.5733333333333334
