ClientMapReadWriteQuorumTest:0.4166666666666667
ClientMapWriteQuorumTest:0.25666666666666665
ClientCacheReadWriteQuorumTest:0.25666666666666665
ClientCacheWriteQuorumTest:0.25666666666666665
ClientTransactionalMapQuorumTest:0.22333333333333333
ClientMapReadQuorumTest:0.22333333333333333
ClientCacheReadQuorumTest:0.19666666666666666
