Constants:0.8566666666666667
Authorization:0.6033333333333334
PolicyEnforcementPoint:0.21666666666666667
DefaultAuthorization:0.21666666666666667
ContextAttributeFinderModule:0.20666666666666667
AttributeFinderModule:0.16444444444444445
FedoraPolicyActionNamespace:0.08333333333333333
ResourceAttributeFinderModule:0.07666666666666666
FedoraPolicyEnvironmentNamespace:0.043333333333333335
FedoraModelNamespace:0.01
FedoraPolicyResourceNamespace:0.0
