PartitionInfo:0.3983333333333333
CMap:0.36
MigrationRequestTask:0.29
PartitionServiceImpl:0.24666666666666667
PartitionManager:0.23166666666666666
ResponseQueueCall:0.19555555555555557
PartitionStateGeneratorImpl:0.18666666666666668
Migrator:0.13
PartitionStateGeneratorTest:0.08666666666666667
