XMPPChatTransmitter:0.6433333333333333
JingleFileTransferSession:0.4533333333333333
JingleFileTransferManager:0.33
OutgoingInvitationProcess:0.22166666666666668
FileMediaManager:0.18666666666666668
IJingleFileTransferListener:0.04666666666666667
ReceiveUDP:0.043111111111111114
ReceiveTCP:0.024722222222222222
JingleSessionException:0.013333333333333334
