Node:0.6433333333333333
GraphEltSet:0.3933333333333333
NBrowseApplet:0.33
ImmutableGraphEltSet:0.2874444444444444
TextOutput:0.25166666666666665
GraphInputParser:0.23833333333333334
XMLio:0.19666666666666666
