ServerAuthenticationConfig:0.625
AuthenticationPluginLoader:0.5266666666666666
MasterParser:0.3
AuthenticationPluginLoaderTest:0.25666666666666665
