ThreadPool:0.43333333333333335
ActionRunnable:0.37
AbstractRunnable:0.23
LocalTransport:0.21666666666666667
MockTransportService:0.21
RequestHandler:0.13666666666666666
AsyncShardOperationAction:0.12333333333333334
MetaDataCreateIndexService:0.12333333333333334
ExecutorHolder:0.11
EsExecutorsTests:0.10666666666666667
AsyncAction:0.1
EsThreadPoolExecutor:0.09333333333333334
