FindScp:0.40166666666666667
AbstractScpService:0.35333333333333333
QueryRetrieveScpService:0.32666666666666666
MoveTask:0.2925
ExportManagerService:0.2833333333333333
StoreScpService:0.2733333333333333
GPWLScpService:0.17
MWLFindScp:0.14
GPWLFindScp:0.1325
