AzureSnapshotRestoreITest:0.29277777777777775
AbstractAzureComputeServiceTest:0.1
AzureMinimumMasterNodesTest:0.09666666666666666
AbstractAzureTest:0.07666666666666666
