JavassistLazyInitializer:0.6133333333333333
JavassistProxyFactory:0.4066666666666667
BasicLazyInitializer:0.30333333333333334
