TestDateTimeFunctions:0.46
TestTimestampWithTimeZone:0.3433333333333333
TestTimestamp:0.33666666666666667
TestDate:0.33666666666666667
TestDateTimeOperators:0.33
TestTimeWithTimeZone:0.33
TestTime:0.32
