Corpus:0.47
QueryResult:0.35
Query:0.30333333333333334
Partition:0.22333333333333333
