Task:0.57
Person:0.5233333333333333
PhysicalCondition:0.28
TaskManager:0.24666666666666667
UnloadVehicle:0.21
Mind:0.17583333333333334
