CrawlDatum:0.5666666666666667
Fetcher:0.5066666666666667
BreadthCrawler:0.37666666666666665
DbUpdater:0.37
SegmentWriter:0.29333333333333333
Injector:0.26666666666666666
StandardGenerator:0.24333333333333335
BreadthCrawlerUI:0.20111111111111113
HttpRequest:0.16277777777777777
FetcherThread:0.14722222222222223
CollectionFetcher:0.1
DbReader:0.1
TestStandardGenerator:0.08
