Assert:0.8466666666666667
ComparisonFailure:0.5053333333333333
AssertTest:0.37666666666666665
