ChemFileCDO:0.44666666666666666
CMLCoreModule:0.3566666666666667
CML2Test:0.35
Convertor:0.33666666666666667
PDBConvention:0.25666666666666665
CMLWriter:0.187
