Gate:0.7533333333333333
ModulesTableModel:0.38
MainFrame:0.30666666666666664
Nerc:0.21
SystemData:0.16666666666666666
NewApplicationAction:0.13666666666666666
Scratch:0.11
