OkHttpClient:0.5533333333333333
CallTest:0.42333333333333334
HttpEngine:0.38333333333333336
OkUrlFactoryTest:0.23666666666666666
HttpURLConnectionImpl:0.22888888888888886
