ResourceDriverManager:0.7
RepositoryUtil:0.44333333333333336
AbstractBinderProcessor:0.43666666666666665
FileModuleImpl:0.4
NullResourceDriverManager:0.25
AbstractRepositoryDataSource:0.21
NullFIRepositorySessionFactoryAdapter:0.16333333333333333
RepositorySessionFactoryUtil:0.10666666666666667
FIRepositorySessionFactoryAdapter:0.10666666666666667
AbstractFIRepositoryDataSource:0.013333333333333334
AbstractExclusiveRepositoryDataSource:0.006666666666666667
