HitContainer:0.7566666666666667
ListContentPvider:0.27666666666666667
ResultsDialog:0.27
ListLabelProvider:0.23
EGrokPreferencePage:0.13904761904761906
