AnalysableElement:0.6333333333333333
SourceSyntaxPoints:0.5433333333333333
AnalysisInitControllerHandler:0.39
