UnitOfWorkApplicationListenerTest:0.5766666666666667
ChainedAuthFactory:0.55
HttpsConnectorFactoryTest:0.20333333333333334
CacheControlledResponseFeature:0.17333333333333334
