BrowserContextOptionPane:0.63
AbstractContextOptionPane:0.4
ContextAddDialog:0.33666666666666667
ContextOptionPane:0.26666666666666666
GlobalOptions:0.18
ActionHandler:0.15333333333333332
BrowserCommandsMenu:0.14
