EXT_direct_state_access:0.31333333333333335
ContextCapabilitiesGenerator:0.26
JavaMethodsGenerator:0.25666666666666665
GL32:0.21333333333333335
NV_geometry_program4:0.06
