CtrlSchedule:0.5666666666666667
MatchCollector:0.5583333333333333
StateCache:0.4
ShapeMatchSetCollector:0.19
