CacheStateMachine:0.58
SystemProperties:0.4844444444444444
TestLazyCacheCtrl:0.21666666666666667
