JPPFJobManager:0.31333333333333335
PeerNodeResultSender:0.18333333333333332
RemoteNodeIO:0.18333333333333332
WaitingJobState:0.17
WaitingResultsState:0.17
AndroidNodeTaskWrapper:0.17
NodeTaskWrapper:0.16666666666666666
LocalNodeIO:0.14666666666666667
AndroidNodeIO:0.13666666666666666
