GwtTeamingMessages:0.47
AddFilesHtml5Popup:0.42333333333333334
ProgressBar:0.25666666666666665
