AzureUnicastHostsProvider:0.44333333333333336
Discovery:0.33546031746031746
AzureDiscoveryPlugin:0.3233333333333333
AzureComputeServiceImpl:0.31
Management:0.14622222222222223
AzureComputeService:0.11333333333333333
