InvitationWizard:0.5816666666666667
ShowDescriptionPage:0.40222222222222226
InviteAction:0.3566666666666667
