WebKeys:0.45359523809523816
EventsViewHelper:0.4266666666666667
AjaxController:0.36333333333333334
ModifyEntryController:0.16
SearchFiltersBuilder:0.09333333333333334
