WebSocket:0.43
Draft:0.39666666666666667
ChatServer:0.31666666666666665
WebSocketServer:0.27666666666666667
WebSocketClient:0.27
WebSocketListener:0.21661111111111112
WebSocketAdapter:0.21583333333333332
ChatClient:0.13333333333333333
