FreeFormText:0.31666666666666665
ServiceBindingTest:0.25666666666666665
ServiceTest:0.25666666666666665
SpecificationLinkTest:0.25666666666666665
SpecificationLinkFactory:0.23
ServiceBindingFactory:0.21333333333333335
ServiceFactory:0.10666666666666667
