SyncGroupRootNode:0.51
SyncResultsList:0.3466666666666667
SyncRunnable:0.30333333333333334
SyncResultsFrame:0.21333333333333335
