SiteView:0.3333333333333333
MovementPanel:0.3233333333333333
StrandedZoomableApolloPanel:0.28
RestrictionEnzymeSelector:0.23
AnnotationView:0.23
FeatureTreePanel:0.2288888888888889
GraphView:0.21333333333333335
ClearOutDataListener:0.17
CollapsedFeatureTierManager:0.145
