ServerDebug:0.4766666666666667
ClientNioServer:0.3333333333333333
SSLEngineManager:0.28
ClientClassNioServer:0.23333333333333334
SSLNioObject:0.20333333333333334
ServerDebugMBean:0.198
ProfilingRunner:0.18
StateTransitionManager:0.13666666666666666
