ElementMatchers:0.4066666666666667
ShadowingTypeVariableType:0.3021624579124578
LazyMethodDescription:0.2966666666666667
AbstractGenericTypeDescriptionTest:0.26666666666666666
TypePoolDefaultTypeDescriptionTest:0.23666666666666666
Latent:0.1877777777777778
TypeDescriptionForLoadedTypeTest:0.043333333333333335
TypeDescriptionArrayProjectionTest:0.023333333333333334
NestedTypeVariableType:0.006666666666666667
Foo:0.006666666666666667
GenericArrayType:0.006666666666666667
SingleUpperBoundTypeVariableType:0.006666666666666667
InterfaceOnlyMultipleUpperBoundTypeVariableType:0.006666666666666667
Bar:0.006666666666666667
SimpleTypeVariableType:0.006666666666666667
MultipleUpperBoundTypeVariableType:0.006666666666666667
NestedSpecifiedTypeVariableType:0.0
