UrlFetchClient:0.5066666666666667
UrlFetchClientTest:0.3
TestingUtils:0.21666666666666667
MimeHelper:0.19333333333333333
