CreateAlterTableStatementAnalyzerTest:0.36
AlterTableOperation:0.3
AnalyzedTableElements:0.27666666666666667
AddColumnAnalyzedStatement:0.2633333333333333
AlterTableAddColumnAnalyzerTest:0.21333333333333335
AlterTableAddColumnAnalyzer:0.17333333333333334
DDLIntegrationTest:0.10666666666666667
