AdminModule:0.8633333333333333
LdapModuleImpl:0.30833333333333335
LdapModule:0.20722222222222222
AdminModuleImpl:0.2
ConfigureNotifyController:0.18
ConfigureLdapController:0.14
ConfigureRolesController:0.14
