IndexShard:0.7366666666666667
IndexService:0.3933333333333333
TransportShardBulkAction:0.21333333333333335
IndexShardTests:0.18333333333333332
TransportUpdateAction:0.17333333333333334
