TestQsarManager:0.5966666666666667
DummyCalculator:0.21666666666666667
