Text:0.8866666666666667
JUTestText:0.08666666666666667
