AjaxTilesView:0.6355555555555557
AjaxRedirectView:0.4666666666666667
AjaxUrlBasedViewResolver:0.1
FlowAjaxTilesView:0.023333333333333334
