GwtClientHelper:0.9033333333333333
MastHead:0.2833333333333333
ContentControl:0.28
FilrActionsCtrl:0.25
