BuildSummary:0.55
DiscontinuedProjectTest:0.39666666666666667
BuildLoopQueryServiceStub:0.24666666666666667
BuildCommandTest:0.21666666666666667
CCDateFormatter:0.21333333333333335
GetProjectBuildStatusControllerTest:0.14666666666666667
LatestBuildSummariesServiceTest:0.12666666666666668
BuildSummaryTest:0.10333333333333333
TooltipTest:0.09666666666666666
LatestBuildSummariesService:0.08666666666666667
CCDateFormatterTest:0.02
