Session:0.4033333333333333
TestingPrestoServer:0.31333333333333335
TestDriver:0.29
TestDateTimeFunctions:0.21333333333333335
TestTime:0.19333333333333333
TestTimeWithTimeZone:0.19333333333333333
TestTimestamp:0.19333333333333333
TestDate:0.19333333333333333
TestTimestampWithTimeZone:0.19333333333333333
TestDistributedQueries:0.19333333333333333
TestDateTimeOperators:0.14333333333333334
TestInterpretedFilterFunction:0.14333333333333334
TestInterpretedProjectionFunction:0.13666666666666666
TestExecuteResource:0.11333333333333333
