AnnotationObject:0.5633333333333334
GateFormatXmlDocumentHandler:0.42333333333333334
