TCEditableObject:0.6033333333333334
SaveResult:0.5666666666666667
ITCViewDialogCloseCallback:0.30822222222222223
TCViewDialog:0.2733333333333333
TCPanel:0.16777777777777778
