jq_Class:0.5
BytecodeToQuad:0.35333333333333333
Reflection:0.3433333333333333
jq_Array:0.2677777777777778
jq_Field:0.25833333333333336
Operator:0.24666666666666667
jq_Method:0.2277777777777778
