CacheGetAllRequest:0.4666666666666667
ClientCacheProxy:0.4
CacheProxy:0.34444444444444444
HazelcastCachingProvider:0.2041111111111111
HazelcastClientCacheManager:0.16
CachePortableHook:0.1487777777777778
