SnmpWalker:0.44666666666666666
CollectableService:0.38
SnmpCollectionSet:0.35333333333333333
SnmpCollector:0.28
DefaultCollectdInstrumentation:0.2633333333333333
CollectionException:0.216
CollectionTracker:0.19444444444444445
CollectdInstrumentation:0.13916666666666666
CollectionTimedOut:0.13143783068783071
CollectionFailed:0.06
