TestIcalCrawler:0.44
ApertureTestBase:0.36333333333333334
TestFileSystemCrawler:0.25
ThunderbirdCrawlerTest:0.24666666666666667
