Context:0.6966666666666667
ArchiveConductor:0.36333333333333334
Archiver:0.24
LightweightArchivingMediaDriver:0.13
