Internal:0.7046666666666667
Connection:0.34
RealWebSocket:0.33
RealWebSocketTest:0.31333333333333335
WebSocketReader:0.30666666666666664
WebSocketWriterTest:0.28
WebSocketWriter:0.24277777777777776
HttpConnection:0.23
WebSocketCall:0.13
