Cell:0.5533333333333333
NestedBlockLayout:0.36
Block:0.30666666666666664
DateWidget:0.25
DescriptorHandler:0.14
