RobolectricGradleTestRunner:0.6033333333333334
GradleManifestFactory:0.4533333333333333
RobolectricGradleTestRunnerTest:0.41444444444444445
