MakumbaTestData:0.7133333333333334
ExternalSetAPITest:0.5866666666666667
