Transaction:0.65
Wallet:0.42333333333333334
WalletTool:0.25333333333333335
AbstractBlockChain:0.25
BlockChainTest:0.23333333333333334
