Config:0.5933333333333334
SyntenyLinkPanel:0.4066666666666667
EnsJAdapterGUI:0.3466666666666667
StrandedZoomableApolloPanel:0.30333333333333334
FlexibleFeatureTierManager:0.2916666666666667
DrawableAnnotatedFeatureSet:0.28
Exon:0.26777777777777784
AnnotationView:0.25333333333333335
EnsJAdapter:0.24
SyntenyPanel:0.21333333333333335
ApolloFrame:0.20666666666666667
EnsCGISequence:0.20666666666666667
EvidencePanel:0.2
GenericAnnotation:0.19
EvidenceSelectionSet:0.18333333333333332
FullSyntenyPanel:0.13666666666666666
FeatureSetBuilder:0.11333333333333333
EnsJSequence:0.08333333333333333
SliderWindow:0.06333333333333334
ChromosomeAdapter:0.051666666666666666
SyntenyMenu:0.041666666666666664
SyntenyViewMenu:0.023333333333333334
SyntenyMenuManager:0.015
