Preferences:0.47333333333333333
STLObject:0.37
STLSlice:0.2225
Variable:0.21666666666666667
RrHalfPlane:0.21416666666666667
Panel3D:0.19605555555555554
TableRow:0.19333333333333333
RepRapBuild:0.13333333333333333
