TextToSpeech:0.74
BlockSpeakingThread:0.51
TextToSpeechImpl:0.35333333333333333
GlobalListener:0.26666666666666666
