DatabaseSchemaConfigFactory:0.3933333333333333
ThreshdTest:0.36333333333333334
ThresholdingConfigFactory:0.3433333333333333
Threshd:0.33
RrdUtils:0.26
FiberThreadImpl:0.19666666666666666
RrdConfig:0.11333333333333333
PollOutagesConfigFactory:0.10333333333333333
MockRrdStrategy:0.02666666666666667
