JCPController2D:0.6833333333333333
Renderer2D:0.6333333333333333
