TypeDeclarationGenerator:0.5722222222222222
TypePrivateDeclarationGenerator:0.5333333333333333
TypeDeclarationGeneratorTest:0.2866666666666667
