UnassignedShards:0.5666666666666667
RoutingNodes:0.5633333333333334
AllocationService:0.35333333333333333
ClusterRebalanceAllocationDecider:0.2251111111111111
UnassignedInfoTests:0.22
Balancer:0.19
DelayedAllocationIT:0.16666666666666666
RoutingServiceTests:0.16
BalanceConfigurationTests:0.14333333333333334
ShardStateAction:0.13666666666666666
ClusterRebalanceRoutingTests:0.06666666666666667
