Function:0.58
NullabilityUtil:0.37666666666666665
NullAway:0.3233333333333333
AccessPathNullnessPropagation:0.31333333333333335
MethodContainerSub:0.3
MyFunction:0.27051984126984113
NullableSecondParamFunction:0.27051984126984113
NullAwayJava8NegativeCases:0.19333333333333333
NullAwayJava8PositiveCases:0.04666666666666667
MethodContainer:0.02666666666666667
NullableParamFunction:0.006944444444444445
ConstructorRefs:0.006666666666666667
