CAAdminSession:0.56
CADataHandler:0.38
CAAdminSessionBean:0.36
XKMSCAServiceInfo:0.11333333333333333
CmsCAServiceInfo:0.10666666666666667
BaseSigningCAServiceInfo:0.08
