ConsoleLauncher:0.5933333333333334
Runner:0.39
ConsoleDetailsTests:0.2966666666666667
ConsoleLauncherWrapper:0.25666666666666665
