StreamInput:0.5008333333333334
StreamOutput:0.48800000000000004
BytesStreamsTests:0.34
