LabelTree:0.5188888888888888
CollapseAllAction:0.49222222222222217
RuleDisplay:0.38
