Stats:0.54
ShardIndexingService:0.31333333333333335
IndexStatsIT:0.2
StatsHolder:0.1688888888888889
Fields:0.15833333333333333
RestNodesAction:0.1
RestShardsAction:0.09333333333333334
RestIndicesAction:0.08
