ImagePanel:0.5033333333333333
Canvas:0.3146666666666667
WindowingImagePanel:0.31
TextOverlay:0.2866666666666667
ServerTableModel:0.25
PresetTableModel:0.25
WindowingLayeredCanvas:0.23333333333333334
SeriesListModel:0.21666666666666667
WindowingTextOverlay:0.2
AEManagementDialog:0.18666666666666668
