AbstractStep:0.45666666666666667
EventTrackingListener:0.30333333333333334
AbstractStepTests:0.27666666666666667
JobRepositoryStub:0.023333333333333334
