LifecycleTestCase:0.49
ParameterizedTestIntegrationTests:0.4066666666666667
ParameterizedTestDemo:0.4033333333333333
ParameterizedTestParameterResolver:0.23666666666666666
