HiveUtil:0.6846666666666666
OrcPageSource:0.4166666666666667
