DatastreamDef:0.47333333333333333
TypeUtility:0.43888888888888894
DefaultAccess:0.27
