Property:0.42833333333333334
DefaultPrinter:0.23
Matcher:0.14583333333333334
DefaultMatcher:0.14583333333333334
PatternVisitor:0.14583333333333334
