ResourceDriverManager:0.6532777777777777
AbstractBinderProcessor:0.61
AbstractFolderCoreProcessor:0.31666666666666665
NullResourceDriverManager:0.21
ModifyBinderController:0.14
ResourceDriverManagerUtil:0.11666666666666667
