SkinRenderer:0.37
Filler:0.3
SymphonyServletListener:0.24666666666666667
IndexProcessor:0.23666666666666666
LoginProcessor:0.22666666666666666
ErrorProcessor:0.18
