IndicesService:0.7266666666666667
IndexSettingsModule:0.4066666666666667
IndexWithShadowReplicasIT:0.34
IndicesServiceTests:0.23666666666666666
