ByteBufUtils:0.4633333333333333
NettyWebSocket:0.44888888888888884
ByteBufUtilsTest:0.33
