ProcPipes:0.46
IoSchemata:0.3466666666666667
IoSchemataPipes:0.20777777777777778
IXmppItem:0.18944444444444442
IFunction:0.13444444444444442
IProcess:0.13444444444444442
IService:0.03
