RedisConnection:0.5533333333333333
RedissonExecutorService:0.4866666666666667
CommandDecoder:0.36333333333333334
