Model:0.5403333333333333
UnaryModel:0.4633333333333333
QedeqConfig:0.3933333333333333
DynamicModel:0.28
HeuristicCheckerPluginTest:0.25
Qedeq2LatexPlugin:0.2
Qedeq2Utf8Plugin:0.2
ConfigAccess:0.14333333333333334
CalculateTruthZeroModelTest:0.13666666666666666
ThreeModel:0.12666666666666668
