ParcelableGenerator:0.49666666666666665
ListReadWriteGenerator:0.44333333333333336
ConverterTarget:0.4
ParcelsGenerator:0.15666666666666668
