RAMConduit:0.44
FileConduit:0.4033333333333333
AbstractDocHandler:0.11666666666666667
FileConduitFactory:0.08
RAMConduitFactory:0.03
TempFileUtil:0.0
