SoapBody:0.7666666666666667
SoapFault:0.6633333333333333
SoapVersion:0.5866666666666667
Soap12Fault:0.5133333333333333
SaajSoapMessage:0.47333333333333333
Soap12Body:0.40552380952380945
AxiomSoapMessage:0.4
QNameUtils:0.37666666666666665
AbstractSoapMessageContextFactoryTestCase:0.37333333333333335
SaajUtils:0.2966666666666667
MockTransportRequest:0.29444444444444445
Soap11Fault:0.27666666666666667
SaajAttachment:0.26166666666666666
StaxEventContentHandler:0.25666666666666665
Saaj13Soap12Fault:0.25333333333333335
AxiomSoapFault:0.2475
PayloadValidatingInterceptor:0.22333333333333333
Saaj13Soap12Body:0.2211111111111111
Saaj12Soap11Body:0.21333333333333335
Soap12Header:0.20916666666666667
SoapFaultDefinition:0.20333333333333334
Saaj13Soap11Body:0.2
AxiomAttachmentIterator:0.18333333333333332
SoapFaultMappingExceptionResolver:0.17333333333333334
PayloadValidatingInterceptorTest:0.17333333333333334
SoapMessageDispatcherTest:0.17
AxiomUtilsTest:0.16666666666666666
SoapFaultDefinitionEditorTest:0.16166666666666665
AbstractSoapBodyTestCase:0.16
StaxStreamContentHandler:0.16
SoapFaultMappingExceptionResolverTest:0.15666666666666668
AxiomUtils:0.15
AbstractWsSecurityInterceptor:0.14666666666666667
Saaj13Soap12Header:0.14333333333333334
SaajSoapMessageContextFactory:0.13722222222222222
SaajUtilsTest:0.13666666666666666
AbstractSoap12BodyTestCase:0.13
SimpleSoapExceptionResolverTest:0.12333333333333334
AbstractSoap11BodyTestCase:0.12333333333333334
SaajSoap11MessageTest:0.12
SaajSoap12MessageTest:0.12
QNameEditor:0.12
SoapFaultDefinitionEditor:0.1185952380952381
AxiomSoapHeader:0.11666666666666667
Saaj13Soap11Fault:0.11333333333333333
Soap11Body:0.11
SoapMessageDispatcher:0.10666666666666667
AbstractSoap11MessageContextFactoryTestCase:0.1025
AxiomSoap12Body:0.09333333333333334
AxiomSoap11BodyTest:0.08916666666666667
AxiomSoap12MessageContextFactoryTest:0.08666666666666667
AxiomSoap11MessageContextFactoryTest:0.08666666666666667
AxiomSoap11Fault:0.08333333333333333
AxiomSoapFaultDetailElement:0.08166666666666667
Saaj12SoapFaultDetailElement:0.07
Saaj12SoapHeader:0.06666666666666667
AxiomSoapHeaderElement:0.06333333333333334
Saaj12Soap11Fault:0.06333333333333334
Saaj12SoapFaultDetail:0.05861111111111112
Saaj13SoapHeader:0.05333333333333334
AxiomSoap11Body:0.05333333333333334
AxiomSoap12Fault:0.051666666666666666
Saaj12SoapHeaderElement:0.051666666666666666
SimpleSoapExceptionResolver:0.05
AxiomSoapEnvelope:0.04833333333333333
AxiomContentHandler:0.04666666666666667
AbstractSoap12MessageContextFactoryTestCase:0.043055555555555555
AbstractSoap12HeaderTestCase:0.04027777777777778
Saaj13SoapFaultDetail:0.04
AxiomSoapFaultDetail:0.03861111111111111
SaajSoap12BodyTest:0.0375
Saaj12SoapEnvelope:0.03333333333333333
Saaj13SoapEnvelope:0.03333333333333333
AxiomSoapBody:0.03333333333333333
Saaj13SoapHeaderElement:0.03166666666666667
AxiomSoap12Header:0.023333333333333334
AxiomSoap12MessageTest:0.01
AxiomSoap11MessageTest:0.01
SaajSoap11BodyTest:0.008333333333333333
SaajSoap11EnvelopeTest:0.006666666666666667
SaajSoap12EnvelopeTest:0.006666666666666667
SaajSoap11HeaderTest:0.006666666666666667
SaajSoap12HeaderTest:0.006666666666666667
TransportContext:0.006666666666666667
AxiomSoap12EnvelopeTest:0.0033333333333333335
AxiomSoap11EnvelopeTest:0.0033333333333333335
AxiomSoap12BodyTest:0.0
AxiomSoap11HeaderTest:0.0
SaajSoap11MessageContextFactoryTest:0.0
SaajSoap12MessageContextFactoryTest:0.0
AxiomSoap12HeaderTest:0.0
