OAuth20AuthorizeEndpointController:0.48333333333333334
OAuth20Validator:0.4552619047619048
OAuth20AuthenticationServiceSelectionStrategy:0.2866666666666667
CasOAuthConfiguration:0.2833333333333333
OAuth20AccessTokenControllerTests:0.2733333333333333
OidcConfiguration:0.25666666666666665
AuthenticationAuditSummary:0.16333333333333333
OidcAuthorizeEndpointController:0.11222222222222224
