OutgoingBatches:0.4166666666666667
DataExtractorService:0.30333333333333334
ThresholdFileWriter:0.28
OutgoingBatchService:0.2633333333333333
ExtractStreamHandler:0.26
