VCardResultParser:0.54
AddressBookParsedResultTestCase:0.42333333333333334
CalendarParsedResultTestCase:0.3566666666666667
