DataHeaderFlyweight:0.7366666666666667
RecordingWriter:0.5933333333333334
