Node:0.5866666666666667
LocalCacheSelectorCode:0.31666666666666665
LocalCacheFactoryGenerator:0.31333333333333335
NodeFactoryGenerator:0.25666666666666665
NodeSelectorCode:0.21733333333333335
Specifications:0.16666666666666666
AddSubtype:0.14
