EntityIdentityInsertAction:0.38666666666666666
EntityInsertAction:0.35333333333333333
EntityUpdateAction:0.35
EntityDeleteAction:0.2866666666666667
