MvcBaseTest:0.5266666666666666
UrlMapImpl:0.51
NemberTwoModule:0.35366666666666663
