AtomContainer:0.6333333333333333
Atom:0.4533333333333333
