Cache:0.5566666666666666
DiskLruCache:0.5033333333333333
DiskLruCacheTest:0.32666666666666666
