RGeo:0.596388888888889
GeoMapReplayDecoder:0.5157777777777778
RedissonGeo:0.24
RGeoAsync:0.2275
RedissonGeoTest:0.11
