ListFolderController:0.4166666666666667
AbstractEntryProcessor:0.30333333333333334
WebKeys:0.2911111111111111
AjaxController:0.2633333333333333
CalendarViewRangeDates:0.22
Timepicker:0.19666666666666666
EventsViewHelper:0.17333333333333334
ConfigureConfigurationController:0.11
AddEntryController:0.04666666666666667
