SellerTest:0.7163333333333335
ViewBaseAction:0.5333333333333333
