IHistory:0.6626428571428572
History:0.61
ActionHistoryView:0.25222222222222224
