TriangleFoldPainter:0.50544184
ShapedFoldPainter:0.48978838
Gutter:0.26519626
TextArea:0.12133528
JEditTextArea:0.04266626
JEditBuffer:0.032818682
