RubyInvoker:0.515
RIView:0.36333333333333334
RiDocHoverProvider:0.17666666666666667
