Rule:0.6066666666666667
Sym:0.5055555555555556
Util:0.4533333333333333
RuleFilterManager:0.33
InstructionSym:0.18
SymbolHashTyping:0.16666666666666666
InvocationNameSym:0.15666666666666668
ImmutableSym:0.15666666666666668
StringSym:0.15666666666666668
RuleGenerator:0.155
RuleVariable:0.15
RuleFilter:0.11666666666666667
InstructionNameSym:0.10666666666666667
ClassNameSym:0.10666666666666667
NullObject:0.10666666666666667
Marker:0.10666666666666667
ClinitWasCalledSym:0.10666666666666667
GenericMethodNameSym:0.10666666666666667
TemplateRuleManager:0.08333333333333333
Other:0.06
