Table:0.5788888888888889
jOOQAbstractTest:0.39
AbstractTable:0.3233333333333333
ExoticTests:0.30666666666666664
