JChemPaintPanel:0.7057777777777778
PTDialogChangeListener:0.3255317460317461
