ModelCheckingScenario:0.44
Exploration:0.44
Simulator:0.4166666666666667
ModelChecking:0.37
ExplorationStatistics:0.30883333333333335
DefaultGraphCalculator:0.2966666666666667
AbstractModelCheckingStrategy:0.23333333333333334
Generator:0.23333333333333334
LTLBenchmarker:0.23
StrategyEnumerator:0.22
ExplorationTest:0.18666666666666668
NestedDFSStrategy:0.18333333333333332
AcceptorEnumerator:0.16666666666666666
ExplorationDialog:0.16666666666666666
GeneratorScenarioFactory:0.16333333333333333
GTSComparator:0.15333333333333332
AntWorld:0.11
TemplateList:0.11
ScenarioFactory:0.10333333333333333
ControlVariablesTest:0.08333333333333333
EncodedFixedEnumeratedType:0.06
EncodedRuleFormula:0.056666666666666664
Template0:0.05
EncodedType:0.04666666666666667
Template1:0.03666666666666667
Template2:0.02666666666666667
EncodedEdgeMap:0.02
EncodedEnabledRule:0.013333333333333334
EncodedInt:0.01
