Pointer:0.7333333333333333
Function:0.34
Structure:0.2521666666666667
X11AlphaMaskTest:0.23
