NetworkPublication:0.5066666666666667
PublicationImage:0.45666666666666667
MappedRawLog:0.2866666666666667
LogBufferHelper:0.25
DirectPublication:0.19
