NamedAnalyzer:0.5283333333333333
FieldNameAnalyzer:0.25333333333333335
SmartIndexNameSearchAnalyzer:0.13666666666666666
SmartIndexNameSearchQuoteAnalyzer:0.13666666666666666
