AbstractDAVServlet:0.5566666666666666
PropFindRequest:0.54
HttpDAVServletRequest:0.32666666666666666
WebDAVFilter:0.03
