ISO19139Service:0.6233333333333333
ISO19139InsertionServiceTest:0.41333333333333333
ISO191392ebRIMTransformationTest:0.31333333333333335
