CertificateProfileSessionTest:0.5016666666666667
UpgradeableDataHashMap:0.34
CertificateProfileTest:0.2833333333333333
