RelationNormalizerTest:0.3566666666666667
QueriedSelectRelation:0.34
RelationNormalizer:0.3233333333333333
OrderBy:0.2966666666666667
AggregateFunctionReferenceFinder:0.23333333333333334
Context:0.23
NormalizerVisitor:0.07833333333333334
SubselectRewriter:0.07
