JMController:0.57
JSPUtils:0.53
EncodeTag:0.23
EditServlet:0.19333333333333333
LockListServlet:0.14
DecodeTag:0.11333333333333333
RSSServlet:0.10333333333333333
PrintableServlet:0.10333333333333333
AttachServlet:0.09333333333333334
DiffServlet:0.09333333333333334
HistoryServlet:0.09333333333333334
