JavaConfigApplicationContext:0.5333333333333333
ReflectiveConfigurationParser:0.29333333333333333
DeclaringClassInclusionPolicy:0.16
