FluxLightBuilder:0.42
FluxScene:0.4033333333333333
JOCLDevice:0.28
FluxSceneSerializer:0.25
FluxJOCLScene:0.20666666666666667
