MultiLayerNetwork:0.56
VariationalAutoencoder:0.44666666666666666
Model:0.3559999999999999
ComputationGraph:0.3433333333333333
BaseLayer:0.3333333333333333
BarnesHutTsne:0.29
SimpleOptimizableModel:0.29
RastriginFunctionModel:0.25333333333333335
RosenbrockFunctionModel:0.25333333333333335
BasePretrainNetwork:0.18333333333333332
SphereFunctionModel:0.17333333333333334
TestPlayUI:0.042222222222222223
