ManageUserTab:0.45666666666666667
TxmI18N:0.3222222222222222
AuthenticationServiceImpl:0.22111111111111115
AdminTab:0.18333333333333332
ManageCorpusTab:0.056666666666666664
