KerasLayer:0.5166666666666667
KerasModel:0.42
KerasSequentialModel:0.36333333333333334
ModelBuilder:0.31
KerasModelImport:0.2025
TensorFlowCnnToFeedForwardPreProcessor:0.07611111111111112
