BasicDBObject:0.42333333333333334
BasicBSONObject:0.4
BasicDBList:0.2833333333333333
GridFSFile:0.26666666666666666
BasicDBObjectTest:0.25333333333333335
