JdbcChadoAdapter:0.7533333333333333
FlybaseChadoInstance:0.33666666666666667
FlyDisplayPrefs:0.3
ChadoCds:0.17777777777777778
