AccessPath:0.5333333333333333
AccessPathNullnessPropagation:0.37
NullnessStore:0.28
RxNullabilityPropagator:0.23
StreamModelBuilder:0.22
NullAway:0.21333333333333335
AbstractConfig:0.21
CombinedLibraryModels:0.20333333333333334
ErrorProneCLIFlagsConfig:0.17333333333333334
LibraryModelsHandler:0.16333333333333333
Handlers:0.11666666666666667
