RrCSGPolygon:0.4766666666666667
RrPolygon:0.44666666666666666
Preferences:0.44333333333333336
RrHalfPlane:0.4266666666666667
Rr2Point:0.38666666666666666
RrBox:0.36333333333333334
RrInterval:0.36
RrPolygonList:0.3566666666666667
RrCSG:0.3333333333333333
Main:0.2733333333333333
RrGraphics:0.26666666666666666
BooleanExpression:0.26
STLSlice:0.24666666666666667
SNAPCommunicator:0.245
RrLine:0.24333333333333335
StatusMessage:0.24
FunctionTable:0.21666666666666667
Debug:0.2
LineSegment:0.13333333333333333
RrCSGPolygonList:0.13111111111111112
trackPolygon:0.11666666666666667
CodeGenerator:0.1
LayerProducer:0.08
TestMain:0.07666666666666666
variable:0.06
lineIntersection:0.006666666666666667
