TypeCastingHandler:0.4666666666666667
Appender:0.43333333333333335
GenericBaz:0.34291269841269834
MethodDelegationSuperTest:0.31333333333333335
ArgumentLoadingStackManipulation:0.2966666666666667
Bar:0.18555555555555558
ForBridgeTarget:0.09
GenericBase:0.006666666666666667
