MultiLayerNetwork:0.41
MathUtils:0.35
NeuralNetConfiguration:0.31666666666666665
Viterbi:0.30333333333333334
BasePretrainNetwork:0.27466666666666667
ImageLSTM:0.21444444444444447
LoadAndDraw:0.14333333333333334
