Impl:0.48
MultilineUI:0.4
DialogUI:0.26666666666666666
FontUI:0.24300000000000002
ColorUI:0.16666666666666666
GraphicsHelper:0.15333333333333332
