LwjglInput:0.5866666666666667
Buttons:0.4700555555555556
AndroidMultiTouchHandler:0.3
InputTest:0.27
GlfwInputProcessor:0.18
