TableTab:0.39142857142857146
MonitorWindow:0.39
MDRSTerrain:0.2866666666666667
MissionTab:0.164
FoodInventoryTab:0.154
EventTab:0.154
TradeTab:0.154
UnitTab:0.11
ImageLoader:0.03
