HtmlPage:0.6466666666666666
Node:0.4
BaseFrame:0.30333333333333334
