METSFedoraExt1_1DODeserializer:0.5486666666666666
METSFedoraExt1_0DODeserializer:0.5255555555555557
