TriggerRouterService:0.5733333333333334
DataService:0.32083333333333336
ITriggerRouterService:0.28753968253968254
RouterServiceTest:0.25
DataExtractorService:0.2361111111111111
TriggerRouterServiceTest:0.23
DataExtractorServiceTest:0.19666666666666666
CsvLoader:0.1877222222222222
