ArrayUtil:0.3933333333333333
ComplexNDArray:0.3466666666666667
NDArray:0.3433333333333333
NDArrayBlas:0.18333333333333332
NDArrayTests:0.17333333333333334
ArrayUtilTest:0.013333333333333334
