SwaggerSerializers:0.72
ApiListingResource:0.36
WebXMLReader:0.23666666666666666
DefaultJaxrsScanner:0.19333333333333333
