Type:0.5224444444444445
ConfigurationClass:0.40388888888888885
AutoBeanMethod:0.35
ReflectiveType:0.33666666666666667
ReflectiveConfigurationParser:0.2733333333333333
ConfigurationModelBeanDefinitionReader:0.21666666666666667
AutoBeanTests:0.14333333333333334
AutoBeanMethodTests:0.03
