ClusterImpl:0.3933333333333333
CMap:0.3566666666666667
ClusterTest:0.35
UnresolvedIssues:0.31
BaseManager:0.28
