ProjectUtilities:0.4
Scheduler:0.38666666666666666
SystemConfigurationImpl:0.2833333333333333
ProjectHandlerImpl:0.25666666666666665
Convert:0.25333333333333335
ReportTableModel:0.2225
SchedulerThread:0.22166666666666668
ReportHandlerImpl:0.22
ProjectTableModel:0.21333333333333335
UserFactoryImpl:0.19666666666666666
NotificationUtilities:0.19666666666666666
SearchIssuesFormAction:0.11333333333333333
EditCustomFieldFormAction:0.11333333333333333
EditUserFormAction:0.11333333333333333
IssueTableModel:0.11
EditProjectAction:0.09333333333333334
EditIssueFormAction:0.09
CreateIssueFormAction:0.09
