SenderChannel:0.5455555555555556
UnicastSenderTest:0.5051111111111111
