AdjectiveImpl:0.6994444444444444
VerbImpl:0.33755555555555555
