Callability:0.4166666666666667
BermudanSwaption:0.22333333333333333
ConvertibleBonds:0.18666666666666668
Bond:0.14666666666666667
ConvertibleBond:0.13
Price:0.02666666666666667
Dividend:0.006666666666666667
SoftCallability:0.0033333333333333335
ConvertibleFixedCouponBond:0.0
ConvertibleFloatingRateBond:0.0
ConvertibleZeroCouponBond:0.0
