LdapTemplateListITest:0.35
ContextSourceTransactionManagerIntegrationTest:0.31666666666666665
LdapTemplateSearchResultITest:0.29333333333333333
LdapTemplateLookupITest:0.27666666666666667
ContextSourceAndDataSourceTransactionManagerIntegrationTest:0.26
DnParsePerformanceITest:0.25333333333333335
LdapTemplateContextExecutorTest:0.24666666666666667
LdapTemplateBindUnbindITest:0.22333333333333333
LdapTemplateObjectBindIntegrationTest:0.21333333333333335
BaseLdapPathBeanPostprocessorITest:0.2
LdapTemplateModifyITest:0.18
DistinguishedNameEditorITest:0.16333333333333333
SupportedControlsITest:0.16333333333333333
LdapContextSourcelMultiServerITest:0.16333333333333333
LdapTemplateRecursiveDeleteITest:0.16
LdapTemplateRenameITest:0.15
LdapTemplateNoBaseSuffixITest:0.11666666666666667
SimpleLdapTemplateITest:0.11666666666666667
LdapContextSourcelITest:0.08666666666666667
LdapTemplateContextMapperITest:0.08666666666666667
LdapTemplateAttributesMapperITest:0.08666666666666667
AbstractLdapTemplateIntegrationTest:0.0
