UPSBean:0.44333333333333336
UPSManagementBean:0.33666666666666667
UPSScpService:0.31666666666666665
UPSFeedService:0.26666666666666666
