WebServiceTemplate:0.6633333333333333
DestinationProvider:0.583111111111111
WebServiceTemplateTest:0.22666666666666666
