Servlet:0.4266666666666667
Customer:0.33
CheckoutController:0.31666666666666665
Order:0.30666666666666664
FastStringWriter:0.30333333333333334
TestingServiceRequest:0.28
TestingHttpServletResponse:0.28
TestingHttpServletRequest:0.26666666666666666
MockRequest:0.25
ServiceRequest:0.22777777777777777
ShoppingCartController:0.21666666666666667
PayPalPaymentController:0.20833333333333334
CustomerBuilder:0.20333333333333334
WirecardCCPaymentController:0.19833333333333333
OrderMetaData:0.19333333333333333
OrderDetails:0.19
XSLTOutputter:0.19
ServiceRequestImplConfig:0.18666666666666668
ServiceRequestImpl:0.18
WirecardEFTPaymentController:0.18
AbstractBasicContentConfig:0.14333333333333334
PaymentControllerUtils:0.13
VFSServlet:0.11666666666666667
InvoicePaymentController:0.11666666666666667
IteratorEnumerationBridge:0.095
IntelliCache:0.08
OrderPosition:0.08
OrderContents:0.04
