MetaAggregateBean:0.6833333333333333
AggregateReferencePG:0.3466666666666667
HibernatePG:0.16722222222222224
EJBeanPG:0.15583333333333332
PojoPG:0.14444444444444446
POJOPropertiesContainerAdapter:0.13333333333333333
HCodeGenerator:0.08333333333333333
