TemporalCompactionSetCreator:0.4533333333333333
TestCompactionSetCreator:0.3933333333333333
FileCompactionSetCreator:0.35333333333333333
