ElementUpload:0.5
ProcessInstanceView:0.4066666666666667
ComponentComboBox:0.23
ComponentUpload:0.22333333333333333
