Project:0.87
ProjectTest:0.18666666666666668
TestProject:0.13833333333333334
