QueueChannel:0.3466666666666667
TransferChannel:0.3333333333333333
Topic:0.3
ArrayQueue:0.28
Consumer:0.22
CircularBuffer:0.20405555555555555
BoxQueue:0.14666666666666667
BasicQueue:0.09166666666666666
