HistoryGuru:0.43
MercurialRepository:0.39666666666666667
SubversionRepository:0.35
MercurialHistoryParser:0.11777777777777776
SubversionHistoryParser:0.08333333333333333
