OutputPreProcessor:0.30666666666666664
InputPreProcessor:0.30666666666666664
BaseInputPreProcessor:0.12333333333333334
BaseOutputPreProcessor:0.12333333333333334
