HiveWriteUtils:0.44666666666666666
HivePartitionManager:0.31166666666666665
MetastoreUtil:0.25166666666666665
