QuasarInstrumentor:0.54
MethodDatabase:0.49666666666666665
WorkListEntry:0.20666666666666667
BlockingTest:0.19777777777777777
JavaAgent:0.17777777777777778
Retransform:0.17666666666666667
Transformer:0.14444444444444443
InstrumentationTask:0.135
QuasarURLClassLoaderHelper:0.12
QuasarURLClassLoader:0.11666666666666667
