Base64PutHashMap:0.47
Base64GetHashMap:0.47
CAData:0.43666666666666665
HashMapTest:0.2
CertifiedKeyPair:0.1988888888888889
CATokenTestBase:0.18333333333333332
XmlSerializer:0.16333333333333333
CertificateProfileTest:0.13666666666666666
