ExecutionPlanner:0.4266666666666667
QueryTaskManager:0.38266666666666665
SimpleQueryManager:0.2586111111111111
QueryFragmentRequest:0.25
TestQueries:0.22666666666666666
QueryTaskResource:0.20944444444444443
SqlQueryTask:0.16
TestHttpQueryProvider:0.15666666666666668
HttpQueryClient:0.14333333333333334
SimpleQueryTaskManager:0.14333333333333334
TaskScheduler:0.13666666666666666
SplitWorker:0.13333333333333333
Partition:0.11666666666666667
AbstractSqlBenchmark:0.07666666666666666
SqlQueryTaskManager:0.05
