TransportShardBulkAction:0.6766666666666666
ESIndexLevelReplicationTestCase:0.4633333333333333
ConcreteMappingUpdatePerformer:0.2866666666666667
