RubyTokenScanner:0.6433333333333333
TC_RubyTokenScanner:0.26666666666666666
