MTGRoot:0.6833333333333333
MTGVoxel:0.32666666666666666
MTGError:0.2720555555555556
MTGGraphBuilderBodyData:0.21333333333333335
MTGTranslator:0.14333333333333334
MTGSquares:0.14277777777777778
