AbstractSymmetricEngine:0.5833333333333334
RouterService:0.56
IRouterService:0.35605555555555557
