SwipeToDismissTouchListener:0.5733333333333334
UltimateRecyclerView:0.4666666666666667
UltimateViewAdapter:0.23
