AbstractAuthenticationToken:0.43
AnonymousAuthenticationToken:0.34
CasAuthenticationToken:0.30333333333333334
X509AuthenticationToken:0.2866666666666667
UsernamePasswordAuthenticationToken:0.27666666666666667
RememberMeAuthenticationToken:0.23
RunAsUserToken:0.18666666666666668
NtlmAuthenticationToken:0.18666666666666668
MockAuthenticationImpl:0.16333333333333333
MockRunAsAuthenticationToken:0.10666666666666667
TestingAuthenticationToken:0.10666666666666667
