GradientAscent:0.455
RBMTests:0.36666666666666664
TestSerialization:0.17
TestSparkLayer:0.14
RecursiveAutoEncoderTest:0.14
OutputLayerTest:0.12666666666666668
TestRenders:0.12666666666666668
Solver:0.10333333333333333
