OffHeapRecord:0.6733333333333333
Storage:0.4
GroupProperties:0.15333333333333332
