CacheValidationListener:0.5566666666666666
CacheEventTest:0.32777777777777783
