SeqFeatureI:0.5866666666666667
Config:0.42333333333333334
SiteView:0.38
SeqFeature:0.31666666666666665
ApolloPanel:0.30333333333333334
DrawableSeqFeature:0.29333333333333333
DataLoader:0.29
CurationSet:0.27666666666666667
ApolloFrame:0.25666666666666665
SequenceView:0.255
FeatureView:0.24333333333333335
ResultView:0.23666666666666666
DrawableTerminalCodon:0.23166666666666666
AnnotationView:0.22666666666666666
FileMenu:0.21333333333333335
StrandedZoomableApolloPanel:0.21
MovementPanel:0.21
FineApolloPanel:0.20666666666666667
LoadUtil:0.19333333333333333
TierMenu:0.17
FastaActionListener:0.15
