Materialisation:0.63
SingulariseNode:0.26
PullOutNode:0.17444444444444443
MaterialiseNode:0.14555555555555558
MaterialiseEdge:0.14555555555555558
TestMaterialisation:0.11333333333333333
