UTFUtil:0.5933333333333334
ByteArrayObjectDataInput:0.2088888888888889
ByteBufferObjectDataInput:0.2088888888888889
ByteArrayObjectDataOutput:0.2088888888888889
ByteBufferObjectDataOutput:0.2088888888888889
ObjectDataOutputStream:0.18666666666666668
ObjectDataInputStream:0.18666666666666668
UTFUtilTest:0.17
FastStringCreator:0.13666666666666666
