GwtUIHelper:0.39666666666666667
GwtServerHelper:0.3433333333333333
GwtClientHelper:0.31
LicenseChecker:0.2833333333333333
RequestInfo:0.26470634920634917
GwtActivityStreamHelper:0.20111111111111113
