JUnit5TestableFactory:0.5166666666666667
IsNestedTestClass:0.355
IsTestClassWithTests:0.17666666666666667
