CeSecoreNameStyle:0.5530396825396825
CommonEjbcaWS:0.48333333333333334
CertToolsTest:0.4066666666666667
DnComponentsTest:0.32
DnFieldExtractorTest:0.16
