BlockNode:0.5833333333333334
BlockUtils:0.36333333333333334
BlockFinallyExtract:0.26
BlockProcessor:0.25583333333333336
SimplifyVisitor:0.14
TestFinallyExtract:0.11
