ElementGrid:0.7166666666666667
ProcessInstanceView:0.42333333333333334
ProcessManagerModule:0.37111111111111117
Property:0.016666666666666666
