ComponentFinder:0.5566666666666666
ComponentTester:0.44666666666666666
ScriptEditor:0.31
DefaultComponentFinder:0.30666666666666664
Step:0.26
SendEvent:0.23222222222222225
AbbotHelper:0.18
