InformationSchemaTest:0.6466666666666666
RowContextReferenceResolver:0.4583333333333333
TableSettingsTest:0.20333333333333334
SysSchemaInfo:0.18666666666666668
SystemCollectSource:0.15
