ProviderMethod:0.5433333333333333
ProviderMethodsModule:0.45666666666666667
ProviderMethodsTest:0.37333333333333335
