Node:0.5466666666666666
Config:0.5433333333333333
ClusterManager:0.31
MulticastService:0.2
MulticastConfig:0.17333333333333334
ExecutorConfig:0.15833333333333333
TopicConfig:0.04
