SquirrelMogwaiPlugin:0.5533333333333333
ERDesignerComponent:0.4266666666666667
TableEditorView:0.37
JungLayouter:0.24
MyRenderer:0.20666666666666667
ZestLayouter:0.20333333333333334
ReverseEngineerView:0.2
CellEditorFactory:0.16333333333333333
