HopParser:0.42
HopSymbolTableWalker:0.4066666666666667
handle_clause_return:0.3021624579124578
selector_return:0.3021624579124578
try_statement_return:0.3021624579124578
handle_return:0.3021624579124578
error_statement_return:0.3021624579124578
HopLexer:0.3
DFA16:0.17876767676767677
DFA4:0.14444444444444446
DFA34:0.11
DFA46:0.10333333333333333
DFA33:0.06666666666666667
DFA29:0.06666666666666667
DFA58:0.06666666666666667
AntlrTokenReader:0.03666666666666667
