JoglMusic:0.3433333333333333
LwjglMusic:0.3433333333333333
TWL:0.27
LwjglSound:0.15
JoglSound:0.15
