UserExt:0.5866666666666667
UserMgmtService:0.35
InitProcessor:0.24333333333333335
