RunLengthEncodedCursor:0.55
TestRunLengthEncodedCursor:0.29333333333333333
AbstractTestUncompressedSliceCursor:0.29
TestUncompressedDoubleCursor:0.27666666666666667
TestUncompressedLongCursor:0.27666666666666667
