ElementDecl:0.7066666666666667
XmlActions:0.4033333333333333
GeneralOptionPane:0.23666666666666666
ActionHandler:0.21333333333333335
XmlListCellRenderer:0.15
IDDecl:0.14
XmlTag:0.06333333333333334
XmlSideKickParser:0.03
EntityDecl:0.02666666666666667
SAXParserImpl:0.019166666666666665
SwingHTMLParserImpl:0.0025
