Trace:0.33
HsqlStringBuffer:0.32666666666666666
BaseHashMap:0.29
HashMap:0.26166666666666666
UnifiedTable:0.25666666666666665
IntKeyIntValueHashMap:0.25333333333333335
KeySet:0.22666666666666666
Values:0.22333333333333333
Parser:0.22333333333333333
IntValueHashMap:0.21333333333333335
Tokenizer:0.21333333333333335
HashSet:0.19666666666666666
IntKeyHashMap:0.19
DefaultStringComparator:0.14833333333333334
TraceCallerException:0.016666666666666666
TraceException:0.016666666666666666
