ClassInstrumentor:0.38505555555555554
InvokeDynamicClassInstrumentor:0.29333333333333333
OldClassInstrumentor:0.17666666666666667
ShadowDecorator:0.056666666666666664
