RankEvalSpec:0.6866666666666666
RankEvalResponse:0.54
RankEvalRequestTests:0.03333333333333333
RankEvalSpecTests:0.023333333333333334
TransportRankEvalAction:0.01861111111111111
RankEvalResponseTests:0.0
