BlockUtils:0.84
RegionUtils:0.41
BlockSplitter:0.25666666666666665
TryCatchRegion:0.22666666666666666
BlockExceptionHandler:0.22333333333333333
DebugUtils:0.22333333333333333
ProcessTryCatchRegions:0.22
BlockFinish:0.10333333333333333
