MethodHandle:0.5066666666666667
MethodType:0.44333333333333336
ForStaticField:0.35
InvokeDynamic:0.22083333333333333
JavaInstanceMethodHandleTest:0.22
InvokeDynamicTest:0.22
FixedValue:0.20333333333333334
JavaInstanceMethodTypeTest:0.19666666666666666
FixedValueTest:0.19666666666666666
MethodCallTest:0.16666666666666666
LambdaInstanceFactory:0.09333333333333334
