AttributeMetadata:0.6494444444444444
MetadataEntityManagerImpl:0.5433333333333333
Util:0.25333333333333335
ResultRecord:0.24666666666666667
ConnectionManagerImpl:0.22666666666666666
BusinessEntityManagerImpl:0.22333333333333333
RemoteObjectLight:0.2
ObjectNotFoundException:0.09777777777777777
RemoteObject:0.05888888888888888
BEMHelper:0.0
