Constants:0.5058333333333334
AbstractDatabaseTest:0.3566666666666667
RouterServiceTest:0.34
DataToRouteReader:0.3133888888888889
CrossCatalogSyncTest:0.14666666666666667
