TableUtils:0.53
Condition:0.4166666666666667
StringUtils:0.3933333333333333
AdfUtils:0.17666666666666667
