LoadDatasetPlugIn:0.5233333333333333
JUMPConfiguration:0.37333333333333335
LoadDatasetFromFilePlugIn:0.35333333333333333
AbstractLoadDatasetPlugIn:0.27
