FolderModule:0.8633333333333333
AbstractFolderModule:0.43
ListFolderHelper:0.33666666666666667
BaseFolderModule:0.2866666666666667
WebKeys:0.16722222222222222
MirroredFolderSynchronizationController:0.08
DefaultMirroredFolderSynchronization:0.06
MirroredFolderSynchronization:0.04666666666666667
