SymbolTable:0.5733333333333334
HopSymbolTableWalker:0.48
DFA18:0.12666666666666668
DFA29:0.12666666666666668
