Order:0.5733333333333334
Cash:0.55
Invoice:0.5266666666666666
Payment:0.5
PosPanel:0.39666666666666667
Transaction:0.38
Row:0.32
PayDialog:0.2866666666666667
OrderItem:0.2633333333333333
OrderLine:0.25666666666666665
ProductThread:0.19333333333333333
Replication:0.16333333333333333
PosModel:0.16
AboutBox:0.12666666666666668
lRowTotal:0.07333333333333333
CashLine:0.07111111111111111
PosTicketFormatter:0.05
