Platform:0.5766666666666667
Robot:0.49
ComponentRecorderTest:0.24666666666666667
AbbotHelper:0.23333333333333334
