Logger:0.6766666666666666
MainActivity:0.35333333333333333
LoggerTest:0.3333333333333333
