RoutingAllocation:0.42333333333333334
AllocationDeciders:0.3333333333333333
DiskThresholdDecider:0.28
AwarenessAllocationDecider:0.25333333333333335
SnapshotInProgressAllocationDecider:0.23333333333333334
EnableAllocationDecider:0.21666666666666667
DiscoveryNodeFilters:0.21
ShardsLimitAllocationDecider:0.18666666666666668
FilterAllocationDecider:0.15333333333333332
ClusterRebalanceAllocationDecider:0.15
SameShardAllocationDecider:0.15
ConcurrentRebalanceAllocationDecider:0.15
AllocationService:0.14666666666666667
RebalanceOnlyWhenActiveAllocationDecider:0.14333333333333334
ThrottlingAllocationDecider:0.14
TransportClusterRerouteAction:0.11
DisableAllocationDecider:0.10333333333333333
ReplicaAfterPrimaryActiveAllocationDecider:0.1
NodeVersionAllocationDecider:0.09
