TierMenu:0.6188888888888889
AnnotationMenu:0.6188888888888888
