SeqFeature:0.5366666666666666
Range:0.3179444444444444
guiTabPanel:0.30333333333333334
GAMEAdapter:0.29333333333333333
StrandedZoomableApolloPanel:0.27666666666666667
GAMESave:0.25
GAMEPanel:0.16
