DomNode:0.53
HtmlScript:0.4766666666666667
Document:0.39666666666666667
