Interval:0.41333333333333333
RuleContext:0.3566666666666667
ParserRuleContext:0.30666666666666664
IntervalSet:0.2966666666666667
