JsonObject:0.5833333333333334
JsonArray:0.43
JsonElement:0.3333333333333333
JavaJsonTest:0.25666666666666665
