QueryStats:0.5733333333333334
StatusPrinter:0.5533333333333333
SqlQueryExecution:0.47
