ESIntegTestCase:0.4633333333333333
Node:0.44
ESSingleNodeTestCase:0.25333333333333335
TribeServiceTests:0.17666666666666667
TribeUnitTests:0.17333333333333334
UnicastZen:0.16666666666666666
TransportClientIT:0.15333333333333332
