LocalLuceneSession:0.5822222222222222
SearchObject:0.5433333333333333
QueryBuilder:0.39
