GAMEAdapter:0.5433333333333333
CompositeApolloFrame:0.22333333333333333
LinkConfig:0.21333333333333335
MenuManager:0.2
GameSynteny:0.14333333333333334
Linker:0.0011111111111111111
