FTPClientWrapper:0.25666666666666665
FTPTask:0.15333333333333332
FTPServerStartup:0.13333333333333333
FTPRunner:0.03666666666666667
CommandLineExt:0.006666666666666667
