FindControlBrowserPopup:0.3933333333333333
GwtTeamingMessages:0.31666666666666665
GetDefaultStorageIdCmd:0.22333333333333333
GwtRpcServiceImpl:0.19666666666666666
GwtServerHelper:0.18066666666666667
FindTreeNode:0.16333333333333333
FindNodeWidgets:0.14
