Id:0.6033333333333334
InsertFromValuesAnalyzerTest:0.39
InsertFromValuesAnalyzer:0.19333333333333333
MultiGetJobContext:0.15
IdTest:0.15
RowShardResolver:0.13333333333333333
WherePKIntegrationTest:0.09666666666666666
