VanillaChronicleMap:0.6638888888888889
EntryCountMapTest:0.35333333333333333
ChronicleHashErrorListeners:0.25333333333333335
StatelessClientTest:0.25333333333333335
KeyValueSerializer:0.19666666666666666
