FlatObjectInspector:0.4683333333333333
ObjectInspectorManager:0.43666666666666665
ObjectInspector:0.39
