Administrator:0.5966666666666667
FedoraClient:0.5233333333333333
Downloader:0.18
DatastreamsPane:0.17
DisseminatorsPane:0.14333333333333334
LoginDialog:0.13888888888888887
DatastreamPane:0.13865079365079364
ExportActionListener:0.09333333333333334
