BinderModule:0.6613333333333333
AbstractEntryProcessor:0.33
BinderModuleImpl:0.31
DashboardHelper:0.30666666666666664
FilterHelper:0.23
BinderHelper:0.21
