Context2SimpleXPath:0.36333333333333334
SimpleXPath:0.3566666666666667
ModuleContext:0.3466666666666667
Qedeq2Latex:0.2633333333333333
XPathLocationParser:0.22
