Vector:0.54
Renderer:0.38666666666666666
Vector2f:0.2833333333333333
Matrix:0.2733333333333333
ReadableVector3f:0.27051984126984113
ReadableVector4f:0.27051984126984113
Vector4f:0.23
Vector3f:0.23
Matrix4f:0.21333333333333335
ReadableVector:0.16333333333333333
Matrix2f:0.15666666666666668
Matrix3f:0.12333333333333334
ReadableVector2f:0.006666666666666667
