BuildInfo:0.6872222222222222
BuildInfoTest:0.4066666666666667
