ServerDescription:0.7066666666666667
Builder:0.33666666666666667
ServerDescriptionTest:0.28
TestClusterableServerFactory:0.23
MultiServerCluster:0.21666666666666667
DescriptionHelper:0.17666666666666667
