ClientConnection:0.5266666666666666
HttpMetricsTest:0.3433333333333333
Http2ClientStream:0.27
HttpClientMetrics:0.2
DummyHttpClientMetrics:0.19416666666666665
FakeHttpClientMetrics:0.18333333333333332
HttpClientMetric:0.0716111111111111
