TransitionActivity:0.7399444444444446
TitleHolder:0.5357380952380953
