FeatureSetI:0.6633333333333333
OrganismAdapterI:0.5533333333333333
CurationSet:0.42333333333333334
AnnotationEditor:0.38666666666666666
ApolloNameAdapterI:0.34365079365079365
FeatureSet:0.3233333333333333
Config:0.30333333333333334
Transcript:0.28122222222222226
Style:0.27666666666666667
GAMEAdapter:0.24333333333333335
DrawableFeatureSet:0.24
ApolloFrame:0.21666666666666667
FlyNameAdapter:0.21666666666666667
GenbankValidator:0.20666666666666667
GenbankAdapter:0.20333333333333334
FlyIdValidator:0.20333333333333334
DataLoader:0.17666666666666667
DefaultNameAdapter:0.17333333333333334
WashingLine:0.15333333333333332
PeptideValidator:0.11333333333333333
OverlapI:0.11146031746031748
HumanOverlap:0.10666666666666667
FlyOverlap:0.10583333333333333
PeptideNote:0.058333333333333334
OrganismAdapter:0.04111111111111111
SimpleOverlap:0.035833333333333335
