ApplyScriptActionKO2Test:0.48333333333333334
MessageDecoderActionTest:0.41
ServerGraphicsConfigKOHandlerTest:0.3433333333333333
JFXServerGraphicsConfigKOHandlerTest:0.3433333333333333
JFXMaskRenderer3Test:0.31
EngineConfiguratorTest:0.24666666666666667
