GraphicFactory:0.6633333333333333
JFXPainterUtils:0.36
WatchDogRenderer:0.33666666666666667
LayerTreeEditorCreate1Test:0.25333333333333335
EditorOpenDFTest:0.25
EditorPanelTest:0.23833333333333334
MapItemPaints:0.2347222222222222
SwingFactory:0.23
LineContext:0.22777777777777777
FrameworkManager:0.22333333333333333
LayerTreeEditorCopyPaste2Test:0.22166666666666668
LayerTreeEditorCopyPaste5Test:0.22166666666666668
LayerTreeEditorCopyPaste1Test:0.22166666666666668
CursorOverRenderer:0.22
AbstractServerEngine:0.21666666666666667
MutuExclRenderer:0.21
MapVertRenderer:0.20666666666666667
JFXFactory:0.20666666666666667
MapItemsUIHandler:0.205
LayerTreeEditorCreate2Test:0.19666666666666666
UIDefinitionParserTest:0.16166666666666665
UIDefinitionHandler:0.13
MapHorzRenderer:0.10666666666666667
RendererUtils:0.09666666666666666
CursorPosRenderer:0.08
AbstractMapRenderer:0.07666666666666666
JFXUIDefinition:0.07666666666666666
FilledPolyStartRenderer:0.07333333333333333
JFXFilledPolyStartRenderer:0.07333333333333333
JFXLayerPainterTest:0.06333333333333334
MapLegacyRenderer:0.05333333333333334
SizeToFitContainerRenderer:0.05333333333333334
JFXRendererUITest:0.04666666666666667
JFXRendererTest:0.04
PictureToggleButtonRenderer:0.03333333333333333
JFXWrapper:0.016666666666666666
NumericFormatter:0.0
