Shader:0.5713333333333334
TestShader:0.24333333333333335
RenderInstance:0.23666666666666666
BlendingAttribute:0.18
ExclusiveTextures:0.14333333333333334
BatchRenderTest:0.12666666666666668
RenderBatch:0.1
OldBatchRendererGLES20:0.07333333333333333
ColorAttribute:0.056666666666666664
Light:0.023333333333333334
RenderBatchAdapter:0.013333333333333334
OldBatchRendererGLES11:0.0011111111111111111
DefaultShader:0.0
