ClassLocation:0.4266666666666667
ClassDescriptor:0.42333333333333334
MethodDescriptor:0.39
Linker:0.36666666666666664
MethodLocation:0.25666666666666665
