Selector:0.5633333333333334
TreeInfo:0.45359523809523816
GwtRpcServiceImpl:0.23555555555555552
GwtServerHelper:0.23333333333333334
OnSelectBinderInfo:0.15666666666666668
