ItemOrientedStep:0.56
SkipLimitStepFactoryBean:0.39666666666666667
AbstractStepFactoryBean:0.3566666666666667
SkipLimitStepFactoryBeanTests:0.24
