QsarPackage:0.7533333333333333
DescriptorvalueType:0.55
QsarFactory:0.52
QsarType:0.52
DescriptorresultType:0.51
QsarPackageImpl:0.4
TestWrite:0.27666666666666667
DescriptorvalueTypeImpl:0.27
QsarTypeImpl:0.25333333333333335
DescriptorresultTypeImpl:0.25
QsarAdapterFactory:0.23333333333333334
Literals:0.20777777777777776
DescriptorresultTypeItemProvider:0.18666666666666668
QsarTypeItemProvider:0.16
QsarSwitch:0.15333333333333332
QsarItemProviderAdapterFactory:0.14833333333333334
QsarFactoryImpl:0.13666666666666666
DescriptorresultlistsType:0.10333333333333333
DescriptorresultlistsTypeImpl:0.09277777777777779
DescriptorvalueTypeItemProvider:0.06777777777777777
DescriptorresultlistsTypeItemProvider:0.06166666666666667
