SystemConfigurationUtilities:0.7136666666666667
ForgotPasswordTest:0.6677777777777778
