TableView:0.35
PosPanel:0.2966666666666667
InfoBPartner:0.2966666666666667
Row:0.2833333333333333
VLookup:0.28
X_I_BoE:0.24333333333333335
VNumber:0.22359523809523807
ProductThread:0.17
X_C_BoE:0.15333333333333332
ImportBillOfExchange:0.05333333333333334
MBoE:0.04666666666666667
MyTableCellEditor:0.0033333333333333335
