TreeNode:0.47333333333333333
RedBlackTree:0.39388888888888884
EmptyNode:0.36
RedBlackTreeTest:0.31333333333333335
