ErikSearchDao:0.6633333333333333
ProvenanceSearchDaoTest:0.2966666666666667
ErikSearchDaoTest:0.25666666666666665
ProvenanceSearchDao:0.24666666666666667
