Editor:0.4033333333333333
JGraphPanel:0.35333333333333333
GraphJVertex:0.3333333333333333
AspectJEdge:0.33
GraphJEdge:0.27666666666666667
VariableNode:0.27111111111111114
LTSJGraph:0.26
AspectJModel:0.23333333333333334
LTSPanel:0.21666666666666667
Imager:0.21666666666666667
AspectJVertex:0.21666666666666667
GraphJModel:0.21
TypePanel:0.15666666666666668
CtrlPreviewAction:0.12333333333333334
KthFormat:0.12333333333333334
CtrlJGraph:0.10166666666666667
EditorJGraph:0.1
AspectJGraph:0.06
ReteJGraph:0.016666666666666666
