Position:0.49599999999999983
Term:0.35
LabelValue:0.25333333333333335
Location:0.24111111111111114
CtrlJVertex:0.18333333333333332
CtrlJEdge:0.16494444444444445
PreviewControlAction:0.14333333333333334
Values:0.0
