InternalAwsS3Service:0.33
HttpServerTransport:0.3175
S3BlobStore:0.29333333333333333
AbstractS3SnapshotRestoreTest:0.14333333333333334
