JListTester:0.5858333333333333
JTabbedPaneTester:0.25666666666666665
JComboBoxTester:0.25666666666666665
AbstractButtonTester:0.18666666666666668
