MapFormat:0.7833333333333333
ViewUtil:0.6033333333333334
VariableLogic:0.24333333333333335
FileTag:0.15
DisplayLinkedMapsTag:0.10333333333333333
