ShareRights:0.5666666666666667
EditShareWidget:0.42
ShareExpirationValue:0.21666666666666667
