TypeUtils:0.46
DeserializeBeanInfo:0.42
FieldSerializer:0.22
FieldDeserializer:0.21666666666666667
FontSerializer:0.20065079365079366
RectangleSerializer:0.20065079365079366
PointSerializer:0.20065079365079366
SerializeWriterTest_8:0.09333333333333334
