Comment:0.5275
Article:0.44666666666666666
ArticleMgmtService:0.32666666666666666
CommentMgmtService:0.31666666666666665
ArticleProcessor:0.24666666666666667
CommentProcessor:0.09666666666666666
