IAtomicReference:0.7366666666666667
ClientAtomicReferenceProxy:0.28
AtomicReferenceWrapper:0.27666666666666667
AtomicReferenceProxy:0.23
ClientAtomicReferenceTest:0.19
AtomicReferencePortableHook:0.18
AtomicReferenceTest:0.17666666666666667
AtomicReferenceClientRequestTest:0.06
