CasEmbeddedContainerConfiguration:0.9166666666666666
CasWebApplicationServletInitializer:0.41333333333333333
