RuleFunction:0.62
RuleSempredFunction:0.3466666666666667
LeftRecursiveRuleFunction:0.10666666666666667
