AuthorityUtils:0.5733333333333334
JdbcUserDetailsManager:0.32161111111111107
UserAttributeEditorTests:0.3
MapBasedAttributes2GrantedAuthoritiesMapper:0.23333333333333334
UserAttribute:0.21
UserDetailsServiceInjectionBeanPostProcessor:0.19666666666666666
SecurityExpressionRoot:0.19333333333333333
LdapUserServiceBeanDefinitionParserTests:0.16
RememberMeServicesInjectionBeanPostProcessor:0.14333333333333334
SpringSecurityAuthenticationSourceTests:0.13666666666666666
AuthorityUtilsTests:0.12666666666666668
JdbcUserServiceBeanDefinitionParserTests:0.12
LdapUserDetailsServiceTests:0.11
UserServiceBeanDefinitionParser:0.10666666666666667
X509BeanDefinitionParser:0.09333333333333334
