Airlock:0.6433333333333333
Settlement:0.46
EnterAirlock:0.43
ExitAirlock:0.30666666666666664
