ClientCalls:0.49333333333333335
TestServiceFutureStub:0.3
ClientCallsTest:0.2866666666666667
GreeterFutureStub:0.26666666666666666
RouteGuideFutureStub:0.26666666666666666
