Resolver:0.43666666666666665
Predicate:0.3333333333333333
NFAContext:0.26666666666666666
DOTGenerator:0.23
DFAState:0.23
DFA:0.23
NFAConfig:0.19666666666666666
Edge:0.06333333333333334
AnalysisPipeline:0.056666666666666664
