AnnotationConfiguration:0.47
BeanValidationEventListener:0.3933333333333333
TypeSafeActivator:0.3433333333333333
BeanValidationActivator:0.26666666666666666
