FWSortedTableModel:0.7866666666666666
FWTable:0.4633333333333333
