InstanceMBean:0.4166666666666667
PartitionServiceMBean:0.23111111111111116
NodeMBean:0.19
ManagementService:0.18333333333333332
ManagedExecutorServiceMBean:0.17777777777777778
OperationServiceMBean:0.17666666666666667
EventServiceMBean:0.17666666666666667
ConnectionManagerMBean:0.17333333333333334
ClientEngineMBean:0.16
ProxyServiceMBean:0.16
Main:0.15
