BaseOAuthWrapperController:0.4266666666666667
OAuth20AccessTokenControllerTests:0.30666666666666664
OAuth20AccessTokenController:0.2966666666666667
