DataFrameHandler:0.5583333333333333
ControlFrameHandler:0.45
Receiver:0.36666666666666664
