ManagedTypeImpl:0.5366666666666666
House:0.49
MetadataTest:0.15666666666666668
