TestPositionLinks:0.37333333333333335
PagesHash:0.31333333333333335
ArrayPositionLinks:0.17333333333333334
JoinHashSupplier:0.16333333333333333
SortedPositionLinks:0.15833333333333333
FactoryBuilder:0.14833333333333334
