PhraseSuggestionBuilder:0.52
StreamInput:0.44666666666666666
StreamOutput:0.24333333333333335
