CalendarFolderView:0.36333333333333334
GwtTeamingMessages:0.31666666666666665
ShowCalendarFolderEvent:0.26666666666666666
EventHelper:0.234
ContentControl:0.18333333333333332
VibeCalendar:0.050833333333333335
