FlakeIdGeneratorProxy:0.5466666666666666
FlakeIdGenerator:0.5108888888888888
FlakeIdGeneratorProxyTest:0.3
FlakeIdGenerator_ClientIntegrationTest:0.18666666666666668
ClientFlakeIdGeneratorProxy:0.14666666666666667
