PKPDBuilder:0.6483333333333333
ToggleNatureAction:0.28111111111111114
