SimpleStepFactoryBean:0.5116666666666667
SkipLimitStepFactoryBean:0.47333333333333333
RepeatOperationsStepFactoryBean:0.4
