SarosRmiSWTWorkbenchBot:0.45
ISarosState:0.4233333333333333
ISarosRmiSWTWorkbenchBot:0.3838888888888889
Musician:0.32666666666666666
TestShare3UsersSequentially:0.26
MakeOperationConcurrently:0.24
TestShare2UsersSequentially:0.23333333333333334
SarosConditions:0.22
TestShareProjectUsingExistingProject:0.20666666666666667
TestShare3UsersConcurrently:0.14666666666666667
SarosState:0.14
TestShareProjectConcurrently:0.06333333333333334
ExistNoParticipants:0.04
