MapFacade:0.42
MetaModel:0.40888888888888886
MetaEntityEjb:0.37
MetaAggregateEjb:0.33
MapFacadeBean:0.3233333333333333
HibernateMapFacadeImpl:0.3
ModelParser:0.2966666666666667
IMetaEjb:0.2678730158730158
MapFacadeEJB:0.07333333333333333
