ReportConfiguration:0.5233333333333333
ChooseFileToSavePanel:0.475
ChooseFileToOpenPanel:0.32666666666666666
ButtonsPanel:0.16555555555555557
