PaginatedList:0.5266666666666666
Dao:0.305
DaoHibernate:0.24
IntrospectionManagerHibernate:0.19666666666666666
PaginatedListIterator:0.16922222222222222
ValidationAdvisor:0.16333333333333333
CollectionUtils:0.15666666666666668
ValidationRegistryManagerImpl:0.15666666666666668
ValidationInterceptor:0.13333333333333333
ValidationManagerImpl:0.13
PersistableEntityInteger:0.12333333333333334
PersistableEntityLong:0.12333333333333334
IntrospectionManager:0.04
EvictionUtils:0.013333333333333334
