OsgiServiceFactoryBeanTest:0.3566666666666667
OsgiServiceFactoryBean:0.30333333333333334
ServiceTCCLInterceptor:0.2866666666666667
AbstractOsgiBundleApplicationContext:0.2866666666666667
OsgiPropertyEditorRegistrar:0.265
DefaultMandatoryDependencyManager:0.24166666666666667
AbstractServiceProxyCreator:0.20333333333333334
ProxyUtils:0.13666666666666666
MandatoryDependencyBeanPostProcessor:0.02
