ContrastEnhancement:0.72
GraphicStroke:0.6133333333333333
GraphicFill:0.4529444444444444
