ITrackerResources:0.57
IssueUtilities:0.33666666666666667
ApplicationInitialization:0.14666666666666667
ItrackerResourcesTest:0.09
ItrackerResourcesIT:0.06666666666666667
