GwtTeamingMessages:0.5197222222222223
EnhancedViewProperties:0.31666666666666665
EnhancedViewWidgetDlgBox:0.30333333333333334
EnhancedViewInfo:0.2272222222222222
EnhancedViewWidget:0.19866666666666666
