Printer:0.6466666666666666
PrintRenderer:0.2808888888888889
TreeViewPrintRenderer:0.19
