ScriptTestSuite:0.6772222222222223
ScriptTestSuiteTest:0.23666666666666666
