AbstractTestQueries:0.5783333333333334
Visitor:0.34222222222222226
Rewriter:0.3233333333333333
