SVGGraphicEditor:0.7766666666666666
CorporaView:0.38666666666666666
DeleteObject:0.22
ComputeRepartition:0.2111111111111111
