TestUtil:0.67
EmailPublisherTest:0.30333333333333334
CruiseControlItemTest:0.2027777777777778
