SamplePoints:0.5233333333333333
MathTransformTest:0.48333333333333334
PseudoEpsgFactory:0.32666666666666666
