SerializationUtils:0.4166666666666667
NodeNioServer:0.41
AbstractSocketWrapper:0.38666666666666666
IOHelper:0.2
NodeMessage:0.19
