SymbolCommand:0.58
ServerWidgetDefinition:0.3933333333333333
DefaultXMLExporter:0.3933333333333333
ARINCModelFactory:0.2966666666666667
SymbolRenderer:0.25
WidgetsRefHandler:0.23333333333333334
WidgetDefaultsHandler:0.23222222222222225
TreeEditorHelper:0.18
WidgetDefaultsParser:0.058333333333333334
