AppearancePreferencePage:0.4033333333333333
RubyEditor:0.37333333333333335
PreferenceConstants:0.33666666666666667
RubyAbstractEditor:0.2733333333333333
SingleCharacterPrefixRule:0.25
ContentAssistPreference:0.19
SymbolRule:0.11
AdaptedSourceViewer:0.06
