IRubyElement:0.6966666666666667
RubyElement:0.57
RubyProject:0.39
RubyModel:0.38333333333333336
RubyScriptEditorInput:0.2833333333333333
RubyCore:0.2633333333333333
NodeMethod:0.25
SourceFolder:0.24
RubyScript:0.21666666666666667
SourceFolderRoot:0.21333333333333335
Member:0.19333333333333333
RubyType:0.19
ImportContainer:0.16
SourceRefElement:0.12333333333333334
ExternalSourceFolder:0.09
RubyScriptEditorInputFactory:0.059166666666666666
RubyImport:0.03333333333333333
MementoTokenizer:0.01
