InvocationFuture:0.4866666666666667
MapProxySupport:0.44666666666666666
HazelcastTestSupport:0.31
ExecutorServiceTest:0.29333333333333333
