SystemCondition:0.5366666666666666
PhysicalCondition:0.5
TaskManager:0.31666666666666665
SimulationConfig:0.31333333333333335
RobotConfig:0.27666666666666667
Robot:0.275
MainScene:0.26
CollectRegolithMeta:0.23666666666666666
ConstructBuilding:0.23
Relax:0.22666666666666666
Airlock:0.21333333333333335
RobotTableModel:0.2
CollectIceMeta:0.19
ExplorationMeta:0.19
RescueSalvageVehicleMeta:0.19
BiologyStudyFieldMissionMeta:0.19
AreologyStudyFieldMissionMeta:0.19
TabPanelCareer:0.18333333333333332
MarsProjectFX:0.18333333333333332
RobotDisplayInfoBean:0.18
TabPanelActivity:0.17666666666666667
ChatBox:0.155
RobotMapLayer:0.14333333333333334
BuildingConstructionMissionMeta:0.14
BuildingSalvageMissionMeta:0.14
BotMembersTableModel:0.13666666666666666
BotsTableModel:0.13666666666666666
ConfigEditorTask:0.13166666666666665
RobotWindow:0.11
QuotationConfig:0.08333333333333333
QuotationPopup:0.052500000000000005
Quotation:0.04666666666666667
