BusinessCalendarImpl:0.67
Duration:0.37416666666666665
Holiday:0.3566666666666667
