Configuration:0.6028333333333333
EntityDataStore:0.36333333333333334
ConfigurationBuilder:0.31666666666666665
ImmutableConfiguration:0.30666666666666664
