EnhancedResultObjectProxyImpl:0.44333333333333336
LazyPropertiesTest:0.14333333333333334
