InternalGeoHashGrid:0.48
Bucket:0.41
BucketPriorityQueue:0.23111111111111116
InternalAggregationTestCase:0.22666666666666666
GeoHashGridAggregator:0.17
OrdinalBucket:0.11333333333333333
GeoHashGridParams:0.013333333333333334
