IBioResource:0.8233333333333334
BioResource:0.5833333333333334
SaveAsDialog:0.3433333333333333
CDKBioResourceFormat:0.3333333333333333
EditorUtils:0.2733333333333333
JCPMultiPageEditor:0.2
TextEditor:0.19333333333333333
JCPEditor:0.18333333333333332
CDKResource:0.14333333333333334
CDKSaveAsDialog:0.03944444444444444
