HtmlElement:0.7066666666666667
HTMLDocument:0.6266666666666667
HtmlElement2Test:0.27
