Layer:0.41
Builder:0.3233333333333333
TestUpdaters:0.32
LayerValidation:0.20333333333333334
UpdaterBlock:0.1866666666666667
FineTuneConfiguration:0.16
