ArticleQueryService:0.4633333333333333
ArticleRepository:0.30522222222222223
UserCache:0.24666666666666667
UserRepository:0.22
ActivityQueryService:0.19
UserMgmtService:0.18333333333333332
ArticleCache:0.16666666666666666
CommentQueryService:0.16333333333333333
