Binder:0.5733333333333334
GwtBrandingDataExt:0.5133333333333333
GwtBrandingData:0.24
GwtRpcServiceImpl:0.23
