DefaultConnectorRenderer:0.47333333333333333
DefaultItemEventHandler:0.47333333333333333
KeyboardRenderer:0.2633333333333333
ScrollWheelRenderer:0.20666666666666667
