JSONReaderScanner:0.5333333333333333
JSONLexerBase:0.47
SerializeWriter:0.31333333333333335
JSONReader_string:0.16527777777777777
JSONReaderScannerTest__entity_double_2:0.09666666666666666
