Main:0.8222222222222222
MainTest:0.19333333333333333
