VocabularyWriter:0.4166666666666667
DataSource:0.4066666666666667
DataSourceClassGenerator:0.4033333333333333
ModelUtil:0.14333333333333334
DataSourceClassGeneratorMojo:0.10666666666666667
