EmbeddedSCLib:0.7022222222222223
MainPanel:0.46111111111111114
