ShadowContentResolver:0.6355555555555555
ContentResolverTest:0.30666666666666664
ShadowMediaStore:0.23666666666666666
MediaStoreTest:0.21
