Workstation:0.6233333333333333
MangoMergeApp:0.30666666666666664
WorkstationApp:0.2833333333333333
