JChemPaintEditorPanel:0.5433333333333333
JChemPaint:0.4266666666666667
JChemPaintPanel:0.41333333333333333
ReallyPaintPanel:0.27
