LayerBuilderTest:0.29333333333333333
RegressionTest060:0.23
RegressionTest071:0.23
RegressionTest050:0.17
BaseOutputLayer:0.159484126984127
OutputLayerTest:0.05333333333333334
