CSSCheckerActionTest:0.8755555555555554
CSSCheckerActionDescendantsTest:0.09666666666666666
