URIFrontier:0.6753333333333333
Frontier:0.5766666666666667
CrawlController:0.38333333333333336
