UIConfig:0.5988888888888888
MainWindow:0.5333333333333333
