RScoredSortedSet:0.5561111111111111
RedissonScoredSortedSet:0.5466666666666666
RScoredSortedSetAsync:0.37583333333333335
RedissonScoredSortedSetTest:0.21
