TransportService:0.63
AbstractSearchAsyncAction:0.26666666666666666
MockTransportService:0.26
SearchTransportService:0.25666666666666665
SimpleSearchIT:0.24666666666666667
ActionListener:0.23
SearchDfsQueryThenFetchAsyncAction:0.17666666666666667
FilteredConnection:0.16333333333333333
AliasFilter:0.15166666666666667
TransportSearchAction:0.13333333333333333
SearchDfsQueryAndFetchAsyncAction:0.11333333333333333
SearchQueryThenFetchAsyncAction:0.10666666666666667
SearchQueryAndFetchAsyncAction:0.06333333333333334
MockConnection:0.023333333333333334
