DescriptionBuilder:0.4166666666666667
CacheTest:0.4066666666666667
CacheContext:0.3
IsEmptyIterable:0.2125
CacheGenerator:0.20333333333333334
IsEmptyMap:0.20111111111111113
HasRemovalNotifications:0.19666666666666668
