RedissonLock:0.7433333333333333
RedissonCountDownLatch:0.31333333333333335
RedissonSemaphore:0.27
