AuthenticationHandlerResolver:0.42788888888888893
AuthenticationTransaction:0.35
DefaultAuthenticationHandlerResolver:0.3432380952380951
SyncopeAuthenticationConfiguration:0.2652380952380952
SwivelAuthenticationHandler:0.23666666666666666
DuoSecurityAuthenticationEventExecutionPlanConfiguration:0.21666666666666667
CasCoreAuthenticationSupportConfiguration:0.15166666666666667
SurrogateAuthenticationPostProcessor:0.13666666666666666
AuthenticationCredentialMatcher:0.11666666666666667
CacheCredentialsMetaDataPopulator:0.11
RememberMeAuthenticationMetaDataPopulator:0.1
ClientAuthenticationMetaDataPopulator:0.1
