DaggerObjectGraph:0.4622222222222222
Modules:0.43333333333333335
InjectAdapterGenerationTest:0.14666666666666667
