JtdsPreparedStatement:0.8440873015873016
ProcedureCache:0.6283333333333333
ConnectionJDBC2:0.4533333333333333
