RampTest:0.31666666666666665
LinearTest:0.26666666666666666
GaussianTest:0.18666666666666668
SigmoidTest:0.18666666666666668
TanhTest:0.18
