LuceneQueryTest:0.4633333333333333
SearchManager:0.4166666666666667
LuceneQueryBuilder:0.2
Geonetwork:0.16333333333333333
Config:0.14622222222222223
LuceneIndexField:0.07333333333333333
