DateUtility:0.4633333333333333
BaseTripleGenerator:0.4066666666666667
