GenerationTool:0.42333333333333334
jOOQAbstractTest:0.38
JDBCUtils:0.3233333333333333
JDBCTests:0.14
