CreateTableAnalysis:0.8033333333333333
CreateAlterTableStatementAnalyzerTest:0.41333333333333333
CreateTableStatementAnalyzer:0.29
