SMARTSSearchTest:0.7391111111111112
AnyAtom:0.5633333333333332
