PersonNameImpl:0.4533333333333333
PN:0.44333333333333336
DcmObjectImpl:0.36333333333333334
DcmObjectFactoryImpl:0.15333333333333332
