StructureTest:0.4266666666666667
TestLibrary:0.4093452380952381
Function:0.40166666666666667
VarArgsTest:0.33
DefaultTypeMapper:0.25
Entry:0.03305555555555555
