NodeStatsTest:0.5466666666666666
NodeFsDataExpression:0.43333333333333335
TestModule:0.31972222222222224
