Parser:0.7141666666666666
RuleContext:0.5466666666666666
ParserFile:0.23666666666666666
