Routing:0.3933333333333333
Visitor:0.31666666666666665
Planner:0.30333333333333334
RemoteCollectTask:0.28
HandlerSideDataCollectOperation:0.2
CollectOperationModule:0.17333333333333334
TransportExecutorTest:0.13333333333333333
