ServiceThemeResolver:0.5833333333333334
RegisteredServiceThemeBasedViewResolver:0.36333333333333334
ServiceThemeResolverTests:0.3
CasThemesConfiguration:0.26666666666666666
