Replace:0.6766666666666666
ReusableObjManager:0.5733333333333334
