RosterView:0.33
SessionView:0.2966666666666667
SessionViewToolBar:0.28
SarosViewToolbar:0.28
SarosSourceProvider:0.26666666666666666
SarosView:0.2
CollaborationUtils:0.1827777777777778
ProjectShareBuddies:0.14666666666666667
SarosPropertyTester:0.0
