HostParentOfATest:0.5266666666666666
HostParentOfHTest:0.3933333333333333
HostParentOfTTest:0.37833333333333335
