Poller:0.5533333333333333
BaseIntegrationTestCase:0.33666666666666667
DefaultPollerFrontEnd:0.31333333333333335
DefaultPollerBackEnd:0.27666666666666667
PollerFrontEndIntegrationTest:0.25333333333333335
