EntryListener:0.55
EntryEvent:0.41777777777777775
TestApp:0.30333333333333334
CMap:0.2725
HazelcastTest:0.25
FactoryImpl:0.2413888888888889
MapMBean:0.18666666666666668
ChatCallback:0.09166666666666666
