Native:0.7266666666666667
CallbacksTest:0.5366666666666666
NativeTest:0.2277777777777778
TestLoader:0.08333333333333333
