WorkspaceOperations:0.5394444444444445
RenameProcessDefinitionDialog:0.39666666666666667
ProcessExplorerTreeView:0.25666666666666665
