CongestionControl:0.7933333333333333
PublicationImage:0.55
CubicCongestionControl:0.3333333333333333
StaticWindowCongestionControl:0.2036111111111111
CongestionControlSupplier:0.1162777777777778
DefaultCongestionControlSupplier:0.03333333333333333
CubicCongestionControlSupplier:0.03333333333333333
