AuditLoggerFactory:0.6116666666666667
RemoteNodeImpl:0.4633333333333333
AuditLoggerFactoryImpl:0.36666666666666664
