GatewayMetaState:0.5833333333333334
Gateway:0.4866666666666667
GatewayService:0.31666666666666665
TransportNodesListGatewayMetaState:0.24666666666666667
GatewayModule:0.23
RecoveryWithUnsupportedIndicesIT:0.14
