NodeInfo:0.5833333333333334
NodesInfoRequest:0.38666666666666666
IndicesService:0.25
NodesInfoResponse:0.22366666666666665
NodesInfoRequestBuilder:0.22
NodeInfoStreamingTests:0.18666666666666668
NodeService:0.18
TransportNodesInfoAction:0.14
TransportClusterStatsAction:0.13333333333333333
RestNodesInfoAction:0.1
SimpleNodesInfoIT:0.023333333333333334
