OsgiFilterUtils:0.6483333333333333
OsgiPlatformDetector:0.4033333333333333
OsgiServiceReferenceUtils:0.37444444444444447
