CNNRegressionModelTest:0.7233333333333334
LinearRegressionModelTest:0.7233333333333334
