Common:0.665
ArticleMgmtService:0.30666666666666664
Article:0.25333333333333335
LoginProcessor:0.23666666666666666
Sessions:0.19250000000000003
CommentSender:0.17777777777777778
BookQueryService:0.11333333333333333
