AbstractUnsizedRenderer:0.72
ARINCClippableRenderer:0.6621071428571426
ARINCSizedRenderer:0.4442619047619048
