View:0.8466666666666667
InvoiceNoSectionsTest:0.2733333333333333
