Concordance:0.6866666666666666
ConcordancesEditor:0.49666666666666665
FixString:0.24
ImportSelectedText:0.1577777777777778
