Parser:0.5233333333333333
TokenQueue:0.39694444444444443
ParserTest:0.21666666666666667
