AbstractBinderProcessor:0.51
AbstractEntryProcessor:0.41
LuceneProviderManager:0.38166666666666665
SearcherManager:0.27
CommitThread:0.16333333333333333
