LastChunkNotification:0.3466666666666667
MapReduceService:0.28
RequestPartitionProcessing:0.26666666666666666
ReducerTask:0.26
JobProcessInformationImpl:0.20333333333333334
JobSupervisor:0.2
PartitionProcessor:0.18333333333333335
MapCombineTask:0.14666666666666667
MapReduceDataSerializerHook:0.0898888888888889
