TrainingListener:0.6866666666666666
BaseOptimizer:0.55
StatsListener:0.3983333333333333
