Props:0.75
PropsData:0.5483333333333333
PropsParser:0.2338888888888889
