CrawlOrder:0.55
UriUniqFilter:0.49666666666666665
UURIFactory:0.48
UURI:0.39476190476190476
CandidateURI:0.37
HostQueuesFrontier:0.3433333333333333
Canonicalizer:0.33
FPUriUniqFilter:0.24333333333333335
BdbFrontier:0.23666666666666666
BdbUriUniqFilterTest:0.22666666666666666
ExperimentalFrontier:0.21
BdbUriUniqFilter:0.19333333333333333
AbstractFrontier:0.17666666666666667
CrawlJobHandler:0.1575
MemUriUniqFilter:0.14666666666666667
FPUriUniqFilterTest:0.12
JobConfigureUtils:0.09666666666666666
CanonicalizerTest:0.05599999999999999
StripSessionIDsTest:0.04666666666666667
RegexRule:0.04
CanonicalizationRule:0.03666666666666667
StripUserinfoRuleTest:0.02666666666666667
StripWWWRuleTest:0.02666666666666667
RegexRuleTest:0.025333333333333333
FixupQueryStrTest:0.025333333333333333
StripUserinfoRule:0.015
LowercaseRule:0.015
StripWWWRule:0.015
BaseRule:0.013333333333333334
FixupQueryStr:0.0033333333333333335
StripSessionIDs:0.0033333333333333335
HasUriReceiver:0.0
LowercaseRuleTest:0.0
