AtmosphereRequest:0.5733333333333334
AtmosphereResponse:0.38333333333333336
AtmosphereResourceImpl:0.31666666666666665
Action:0.2633333333333333
