ValidationResult:0.31666666666666665
ValidationResultNotation:0.24333333333333335
ValidatorProcess:0.21666666666666667
ObjectValidator:0.2
ValidatorProcessParameters:0.15333333333333332
TypeUtility:0.14
ValidationResults:0.12666666666666668
TestValidatorProcessParameters:0.10666666666666667
Log4jValidationResults:0.08333333333333333
ServiceInfo:0.07666666666666666
RemoteObjectSource:0.05
BasicFieldSearchResult:0.042777777777777776
RemotePidIterator:0.035
AllUnitTests:0.0
