IOSMethodBinding:0.5766666666666667
StatementGenerator:0.47333333333333333
IOSMethod:0.33666666666666667
StatementGeneratorTest:0.29333333333333333
J2ObjC:0.24
ASTUtil:0.22666666666666666
ASTFactory:0.15
