StringUtils:0.8766666666666667
JPPFBuffer:0.4633333333333333
