GameWriter:0.49333333333333335
GenFeat:0.3566666666666667
Span:0.35333333333333333
DateConv:0.2966666666666667
