EhCacheSupport:0.5233333333333333
ExecutorDAOHibernateImpl:0.3566666666666667
ExecutorCache:0.33666666666666667
BaseCacheCtrl:0.2633333333333333
ProcessDefCache:0.24
EhcacheHelper:0.22
SubstitutionCache:0.16666666666666666
TaskCache:0.14944444444444446
CacheImplementation:0.0011111111111111111
