ClientConductor:0.33
Context:0.2733333333333333
Aeron:0.26
ArchiveConductor:0.21666666666666667
