Publication:0.49333333333333335
SenderTest:0.3333333333333333
ClientConductor:0.3333333333333333
PublicationTest:0.23333333333333334
RetransmitHandlerTest:0.19666666666666666
