ElementMatchersTest:0.4
Latent:0.33
Default:0.2841666666666667
ImplementationContextDefaultTest:0.26666666666666666
SubclassDynamicTypeBuilderTest:0.2
MethodDescriptionLatentTest:0.10666666666666667
