AdditionalPipelineInitializer:0.6197777777777778
NettyAsyncHttpProviderConfig:0.4533333333333333
ChannelManager:0.3233333333333333
NettyAsyncProviderPipelineTest:0.12666666666666668
