MethodSignature:0.62
SqlCommand:0.49666666666666665
MapperMethod:0.23666666666666666
