QueryExecution:0.6683333333333333
dateFormatter:0.26
timestampFormatter:0.22333333333333333
RecordViewer:0.16
