AngleBending:0.35
Torsions:0.27666666666666667
GeometricMinimizer:0.23333333333333334
ForceFieldTests:0.23
ForceFieldTools:0.21333333333333335
MMFF94EnergyFunction:0.20666666666666667
LineSearch:0.20333333333333334
ForceField:0.19
BondStretching:0.18
NewtonRaphsonMethod:0.16333333333333333
VanDerWaalsInteractions:0.16277777777777777
StretchBendInteractions:0.16277777777777777
ConjugateGradientMethod:0.13333333333333333
SteepestDescentsMethod:0.13
SmoothingFunctions:0.13
