Iterator:0.51
Empty:0.2633333333333333
RedBlackTree:0.2
Node:0.18333333333333332
Iterable:0.15
RedBlackTreeTest:0.1
