ShadowProvider:0.532888888888889
SetupTest:0.47
RobolectricModel:0.3433333333333333
Setup:0.19333333333333333
ShadowProviderGenerator:0.08
Shadows:0.043333333333333335
