HttpUrl:0.48611111111111116
Builder:0.4
HttpUrlTest:0.36333333333333334
UrlComponentEncodingTester:0.3433333333333333
