AbstractClassWithAbstractTestMethod:0.6533333333333333
ReflectionUtilsTests:0.41333333333333333
LifecycleMethodUtilsTests:0.36
IsTestMethodTests:0.21
ClassWithTestMethods:0.15166666666666667
ClassWithTestTemplateMethods:0.1468253968253968
IsTestableMethod:0.12333333333333334
ClassWithVoidAndNonVoidMethods:0.1061111111111111
ClassWithTestFactoryMethods:0.0961111111111111
IsTestFactoryMethodTests:0.07666666666666666
IsTestTemplateMethodTests:0.057777777777777775
