AbstractConfiguration:0.6594444444444445
ColumnNamingConvention:0.5233333333333333
