Parameter:0.58
ServerConfiguration:0.39666666666666667
Configuration:0.24666666666666667
ServerConfigurationParser:0.21583333333333332
ConfigApp:0.18666666666666668
ModuleConfiguration:0.13333333333333333
ParameterPanel:0.1
ParameterListModel:0.028333333333333332
