Mode:0.16417538
XModeHandler:0.10569624
JEditBuffer:0.103423834
ModeCatalogHandler:0.08555899
jEdit:0.084526315
Buffer:0.06985511
StandaloneTextArea:0.06540694
IOUtilities:0.033522427
Log:0.031618558
TokenMarker:0.026777301
JEditEmbeddedTextArea:0.021920651
