RcFileWriter:0.44666666666666666
RcFileReader:0.44
RcFileTester:0.41333333333333333
HiveSessionProperties:0.21666666666666667
RcFileFileWriter:0.15333333333333332
