UrlMappingImpl:0.6566666666666666
Loadings:0.5546666666666666
NutLoading:0.31666666666666665
