DicomOutputStreamTest:0.7766666666666666
SAXWriterTest:0.44666666666666666
DicomInputStreamTest:0.41
