Lucene:0.6066666666666667
Store:0.39166666666666666
Engine:0.38666666666666666
ShadowEngine:0.31333333333333335
InternalEngine:0.24333333333333335
