ClientExecutionServiceImpl:0.38666666666666666
AbstractClientCacheProxyBase:0.3433333333333333
ClusterListenerSupport:0.33166666666666667
ClientPartitionServiceImpl:0.2866666666666667
ClientMapIssueTest:0.2633333333333333
