Lwjgl3Application:0.53
Lwjgl3Window:0.4866666666666667
Lwjgl3ApplicationConfiguration:0.36333333333333334
Lwjgl3WindowConfiguration:0.21666666666666667
MainWindow:0.15666666666666668
