StructuredbInstanceManagerTest:0.6
ILoggedInUserKeeper:0.46138888888888885
LoggedInUserKeeper:0.38666666666666666
GenericDaoTest:0.26
AuditCreationAdvice:0.24333333333333335
