NettyRequestSender:0.51
NettyAsyncHttpProviderConfig:0.42333333333333334
NettyConnectListener:0.3176666666666667
LazyResponseBodyPart:0.21666666666666667
WebSocketProtocol:0.19
HttpProtocol:0.18
NettyAsyncHttpProvider:0.16333333333333333
EagerResponseBodyPartFactory:0.0
