SimpleHttpProtocol:0.7933333333333333
StreamingHttpProtocol:0.5833333333333334
