AndroidGraphics:0.38
AndroidFiles:0.31166666666666665
Graphics:0.25666666666666665
JoglGraphics:0.21333333333333335
