FontIcon:0.42055555555555557
AwesomeTextView:0.37333333333333335
Builder:0.34
TypefaceProvider:0.22333333333333333
BootstrapThumbnail:0.22333333333333333
