LocalQueryRunner:0.65
AbstractTestDistributedQueries:0.5533333333333333
TestLocalQueriesSampled:0.4066666666666667
TestRaptorDistributedQueries:0.11666666666666667
