CommonUtil:0.7366666666666667
DownloadTarget:0.37666666666666665
UploadTarget:0.23083333333333333
DownloadGroupTarget:0.21666666666666667
SingleTaskActivity:0.20666666666666667
FileListAdapter:0.2
SimpleNotification:0.14666666666666667
