MonochromeBitmapSource:0.5183888888888888
BufferedImageMonochromeBitmapSource:0.51
LCDUIImageMonochromeBitmapSource:0.32666666666666666
Detector:0.30333333333333334
BaseMonochromeBitmapSource:0.19333333333333333
AWTImageMonochromeBitmapSource:0.15833333333333333
YUVMonochromeBitmapSource:0.09916666666666667
