H2ResourceGroupsDao:0.68
SelectionContext:0.37333333333333335
TestResourceGroupsDao:0.22333333333333333
InternalResourceGroupManager:0.22061111111111112
H2TestUtil:0.20666666666666667
TestFileResourceGroupConfigurationManager:0.17666666666666667
SelectorSpec:0.16333333333333333
TestDbResourceGroupConfigurationManager:0.13666666666666666
TestQueues:0.13333333333333333
AbstractResourceConfigurationManager:0.12333333333333334
SelectorRecord:0.11111111111111112
TestResourceGroupIdTemplate:0.10666666666666667
StaticSelector:0.06333333333333334
