GwtRpcServiceImpl:0.6133333333333333
ProfileMainPanel:0.39666666666666667
GwtProfilePage:0.2866666666666667
ActionClickHandler:0.2555555555555556
GwtQuickViewDlg:0.24333333333333335
QuickViewAction:0.20080952380952383
ProfileFollowingWidget:0.07333333333333333
ProfileActionWidget:0.0425
