StateManager:0.48
FormalProofCheckerExecutor:0.4166666666666667
ModuleLabels:0.3333333333333333
WellFormedCheckerExecutor:0.31
