ClassLoaderUtil:0.7366666666666667
DefaultAppCore:0.295
ClassLoaderUtilTest:0.13444444444444442
StreamUtilTest:0.13
