SelectQueryImpl:0.5433333333333333
SelectImpl:0.5222222222222221
Function:0.465
