Injector:0.6028333333333333
InjectorImpl:0.4266666666666667
BindingTest:0.32
ToolStageInjector:0.25333333333333335
