DefaultChemObjectBuilderTest:0.5133333333333333
RingSetTest:0.36666666666666664
RingSetManipulatorTest:0.2833333333333333
VariousTests:0.22
MextraTests:0.18
MstandardTests:0.12
MdataTests:0.006666666666666667
