PersistedDBSpectrumResource:0.8566666666666667
SpectrumDBResource:0.5233333333333333
