NeuralNetwork:0.6
Builder:0.51
BaseMultiLayerNetwork:0.36333333333333334
MultiLayerNetworkOptimizer:0.29
ConvolutionalDBN:0.23666666666666666
BaseNeuralNetwork:0.22966666666666669
DBN:0.21333333333333335
DeepAutoEncoder:0.18333333333333332
ArrayUtil:0.08611111111111111
