ReadOnlyFieldException:0.43
RecordType:0.37666666666666665
A:0.35333333333333333
B:0.35333333333333333
DynamicUnsafeRecord:0.24666666666666667
DynamicRecordTest:0.24
DynamicReflectionRecord:0.22666666666666666
DynamicGeneratedRecord:0.19666666666666666
DynamicMethodHandleRecord:0.19083333333333333
DynamicRecord:0.17333333333333334
RecordJMHBenchmark:0.14666666666666667
ClassInfo:0.13705555555555557
DynamicRecordInheritanceTest:0.11666666666666667
Entry:0.03
