WebSocketImpl:0.7066666666666667
WebSocketClient:0.2833333333333333
WebSocketServer:0.2633333333333333
DefaultSSLWebSocketServerFactory:0.15666666666666668
WebSocketListener:0.14416666666666667
DefaultWebSocketServerFactory:0.14
