BindingUtil:0.63
GeneratedType:0.5033333333333333
GenerationUnit:0.3466666666666667
RuntimeAnnotationGenerator:0.2966666666666667
MetadataGenerator:0.24666666666666667
GeneratedTypeBinding:0.23333333333333334
TypeDeclarationGenerator:0.22
TypeImplementationGenerator:0.19
BodyDeclaration:0.17333333333333334
ObjectiveCImplementationGenerator:0.17
ObjectiveCSegmentedHeaderGenerator:0.14666666666666667
ObjectiveCHeaderGenerator:0.14
TranslationProcessor:0.08
