EventHandler:0.8933333333333333
WindowTest2:0.6394444444444445
