TypeUtil:0.5166666666666667
MethodTranslator:0.3233333333333333
TreeUtil:0.25
ClassFileConverterTest:0.24333333333333335
