ArticleQueryService:0.54
UserProcessor:0.33416666666666667
ArticleProcessor:0.30666666666666664
SymphonyServletListener:0.25416666666666665
