Metadata:0.4633333333333333
Utils:0.29
NettyServerHandler:0.22333333333333333
NettyClientHandler:0.22333333333333333
NettyClientHandlerTest:0.21333333333333335
NettyHandlerTestBase:0.21
NettyServerHandlerTest:0.20333333333333334
