AdminConsoleInfo:0.49
GwtRpcServiceImpl:0.45666666666666667
AdminControl:0.42333333333333334
AdminActionsTreeControl:0.14444444444444443
