Tiger:0.6666666666666666
SHA1:0.6166666666666667
