WebKeys:0.560484126984127
Tabs:0.5533333333333333
ListFolderController:0.31333333333333335
SearchController:0.24
ObjectKeys:0.043333333333333335
