ExtractFunctionsTest:0.5266666666666666
ExtractEpoch:0.51
ExtractFunctions:0.4
GenericExtractFunction:0.23333333333333334
