BytecodeProviderImpl:0.47333333333333333
PersistentAttributeTransformer:0.44666666666666666
FieldAccessEnhancer:0.33
ByteBuddyProxyFactory:0.24
