Advapi32:0.7366666666666667
W32Service:0.23
W32ServiceTest:0.15
Winsvc:0.1163888888888889
ChangeServiceConfig2Info:0.05
SERVICE_FAILURE_ACTIONS:0.03333333333333333
SERVICE_FAILURE_ACTIONS_FLAG:0.02666666666666667
SC_ACTION:0.021666666666666667
