QedeqController:0.5166666666666667
LogPane:0.4266666666666667
RemoveLocalBufferAction:0.19799999999999998
RemovePluginResultsAction:0.15580952380952381
CheckLogicAction:0.15580952380952381
RemoveModuleAction:0.15580952380952381
RemoveAllAction:0.10258730158730157
AddAllModulesFromQedeqAction:0.10258730158730157
