Default:0.58
ValidatingClassVisitor:0.43333333333333335
ClassFileVersion:0.3466666666666667
ClassFileVersionKnownVersionsTest:0.33
Compound:0.25
ForClassFileVersion:0.23
TypeWriterDefaultTest:0.23
ValidatingMethodVisitor:0.15666666666666668
