HtmlUnitDOMBuilder:0.5716666666666667
HTMLParserTest:0.45666666666666667
GWT15Test:0.19666666666666666
