BuildAgentTest:0.5633333333333334
SearchablePropertyEntries:0.4866666666666667
