TileSetLayout:0.6233333333333333
TiledMapRenderer:0.5822222222222222
TiledMapPacker:0.4116666666666667
