BaseMonochromeBitmapSource:0.6322222222222222
FinderPattern:0.45666666666666667
AlignmentPattern:0.37555555555555553
