ItemOrientedTaskletTests:0.5266666666666666
HibernateFailureJobFunctionalTests:0.33166666666666667
SimpleJobRepositoryTests:0.2253333333333333
