AsyncHttpClientFilter:0.7216666666666667
GrizzlyAsyncHttpProvider:0.5366666666666666
ClientEncodingFilter:0.37666666666666665
