SetLiteral:0.7433333333333333
InOperator:0.4266666666666667
InOperatorTest:0.09333333333333334
