LocalTask:0.52
KuwaibaService:0.44333333333333336
ObjectFactory:0.3333333333333333
CommunicationsStub:0.28
SyncActionsFrame:0.19666666666666666
TaskManagerService:0.17666666666666667
TaskNode:0.16333333333333333
CreateTask:0.15333333333333332
RemoteTask:0.12666666666666668
CreateTaskAction:0.09
Constants:0.03
