BondsToAtomDescriptor:0.3433333333333333
PartialTChargePEOEDescriptor:0.3333333333333333
DistanceToAtomDescriptor:0.3233333333333333
EffectiveAtomPolarizabilityDescriptor:0.32
SigmaElectronegativityDescriptor:0.31666666666666665
PartialPiChargeDescriptorTest:0.31666666666666665
PartialPiChargeDescriptor:0.31333333333333335
PiElectronegativityDescriptor:0.31
VanDerWaalsInteractions:0.31
PartialSigmaChargeDescriptor:0.30666666666666664
PartialTChargePEOEDescriptorTest:0.2877777777777778
InductiveAtomicHardnessDescriptorTest:0.28777777777777774
ProtonTotalPartialChargeDescriptorTest:0.28777777777777774
InductiveAtomicSoftnessDescriptorTest:0.28777777777777774
ElectrostaticInteractions:0.2833333333333333
PiElectronegativityDescriptorTest:0.2833333333333333
SigmaElectronegativityDescriptorTest:0.2833333333333333
IsProtonInAromaticSystemDescriptor:0.2733333333333333
EffectiveAtomPolarizabilityDescriptorTest:0.2633333333333333
PartialTChargeMMFF94DescriptorTest:0.2633333333333333
ResonancePositiveChargeDescriptor:0.26133333333333336
Polarizability:0.26
RDFProtonDescriptor:0.26
IsProtonInConjugatedPiSystemDescriptor:0.25333333333333335
PartialTChargeMMFF94Descriptor:0.25
BondPartialSigmaChargeDescriptor:0.24800000000000003
BondSigmaElectronegativityDescriptorTest:0.24777777777777782
InductiveAtomicSoftnessDescriptor:0.22333333333333333
BondSigmaElectronegativityDescriptor:0.22
BondPartialTChargeDescriptorTest:0.21666666666666667
IPAtomicDescriptor:0.21333333333333335
InductiveAtomicHardnessDescriptor:0.21
PeriodicTablePositionDescriptor:0.20333333333333334
ProtonTotalPartialChargeDescriptor:0.19666666666666666
AtomHybridizationVSEPRDescriptor:0.19
BondPartialPiChargeDescriptorTest:0.18666666666666668
BondPartialTChargeDescriptor:0.18333333333333332
AtomHybridizationVSEPRDescriptorTest:0.17
RDFProtonDescriptorTest:0.16666666666666666
BondPartialPiChargeDescriptor:0.16666666666666666
BondsToAtomDescriptorTest:0.13333333333333333
IsProtonInConjugatedPiSystemDescriptorTest:0.13
IsProtonInAromaticSystemDescriptorTest:0.13
DistanceToAtomDescriptorTest:0.13
PeriodicTablePositionDescriptorTest:0.11666666666666667
MqsarTests:0.11666666666666667
ResonancePositiveChargeDescriptorTest:0.043333333333333335
