ShadowLooper:0.32666666666666666
ShadowMessageQueue:0.30666666666666664
ActivityControllerTest:0.28
ActivityController:0.23666666666666666
MyActivity:0.18666666666666668
RoboMonitoringInstrumentation:0.14333333333333334
ActivityTestRuleTest:0.11
ShadowViewRootImpl:0.06666666666666667
