PrinterService:0.5533333333333333
PrinterCalibration:0.33666666666666667
ScannerCalibration:0.31166666666666665
