OkHttpClientTransport:0.36333333333333334
OkHttpClientTransportTest:0.3333333333333333
OkHttpClientStream:0.32
ClientFrameHandler:0.25
WriteRunnable:0.13666666666666666
MockStreamListener:0.1161111111111111
