BaseGJChronology:0.6894444444444444
BasicGJChronology:0.3466666666666667
BasicFixedMonthChronology:0.34
