Listener:0.5483333333333333
ChatEngine:0.42
JobsRunner:0.31166666666666665
