Trace:0.5233333333333333
Types:0.37666666666666665
jdbcResultSet:0.35
jdbcDatabaseMetaData:0.3333333333333333
TextCache:0.27666666666666667
Expression:0.27666666666666667
Library:0.2633333333333333
DatabaseManager:0.24666666666666667
jdbcStatement:0.23
DataFileCache:0.22
Parser:0.21333333333333335
Function:0.21
jdbcPreparedStatement:0.21
TextTable:0.2
TableWorks:0.18666666666666668
ServerConnection:0.17
TestSql:0.17
WebServerConnection:0.14
CompiledStatementExecutor:0.13666666666666666
