TedSerie:0.6366666666666667
SeasonEpisode:0.3933333333333333
TedMainDialog:0.24333333333333335
MessengerCenter:0.24305555555555558
TedParser:0.21333333333333335
AddShowDialog:0.2
StandardStructure:0.13333333333333333
BreakSchedulePanel:0.12333333333333334
TedTableRowRenderer:0.10666666666666667
EpguidesParser:0.056666666666666664
