jq_Class:0.7166666666666667
ConstantPoolRebuilder:0.48
jq_Method:0.28777777777777774
PUSH:0.23444444444444448
