AccumulatorCompiler:0.4266666666666667
ParameterMetadata:0.4166666666666667
AggregationMetadata:0.3933333333333333
MaxBy:0.17583333333333334
MapAggregation:0.17583333333333334
MinBy:0.16333333333333333
