ShamLaunchManager:0.7508888888888889
ShamLaunchConfigurationType:0.32666666666666666
