Options:0.7333333333333333
App:0.25333333333333335
