ApplicationWorkbenchAdvisor:0.8483333333333334
BioclipsePreferenceInitializer:0.21666666666666667
