RootCasException:0.5883333333333334
SamlException:0.5683333333333334
SamlIdPUtils:0.24666666666666667
