CheckManageUsersActiveEvent:0.4666666666666667
GwtMainPage:0.39
EventHelper:0.3333333333333333
ManageUsersDlg:0.32
