Target:0.5866666666666667
Framework:0.4166666666666667
Frameworks:0.3566666666666667
BasicIntegrationConfiguration:0.35
Technology:0.32
AbstractGenerator:0.24
TargetPanel:0.24
UIUtils:0.23666666666666666
TemplateTarget:0.2
ModelGenerator:0.19666666666666666
ModelCommonPanel:0.175
TechnologyCatalogUtils:0.17333333333333334
CatalogUtils:0.15
ClickListener:0.10333333333333333
