Form:0.4166666666666667
ActionComponent:0.2866666666666667
UpDownSelect:0.2733333333333333
StrutsConstants:0.22033333333333333
DefaultActionMapper:0.20333333333333334
ActionTagTest:0.17666666666666667
