SpecificationResolver:0.43333333333333335
SpecificationResolverTest:0.3466666666666667
UniqueIdParts:0.22
MyTestClass:0.06333333333333334
YourTestClass:0.06333333333333334
