NotificationQueryService:0.5866666666666667
CommentNotifier:0.395
Common:0.23438888888888887
NotificationProcessor:0.03
