Viewer:0.6366666666666667
Layouter:0.4533333333333333
