ReferenceGraph:0.48333333333333334
TypeCollector:0.4066666666666667
CycleFinder:0.35333333333333333
CycleFinderTest:0.27666666666666667
