AbstractService:0.6433333333333333
PoserService:0.44555555555555554
ConfigurationTest:0.15333333333333332
ServiceTest:0.14333333333333334
