ESDeleteTask:0.4266666666666667
TaskCollectingVisitor:0.36666666666666664
DeleteResponseListener:0.2733333333333333
TransportShardDeleteAction:0.23
TransportActionProvider:0.19333333333333333
