Jupiter:0.6016666666666667
Algorithm:0.30526190476190473
NetworkEventHandler:0.27977777777777774
DocumentTestChecker:0.27051984126984113
ServerSynchronizedDocument:0.22666666666666666
ClientSynchronizedDocument:0.22333333333333333
NetworkConnection:0.16333333333333333
SynchronizedQueue:0.16333333333333333
Document:0.15333333333333332
SimulateNetzwork:0.03666666666666667
SimpleJupiterDocumentTest:0.016666666666666666
SimulatedNetworkTest:0.01
