HydrogenAdderTest:0.5466666666666666
HydrogenAdder:0.5
HydrogenPlacerTest:0.27166666666666667
