Scratch:0.3333333333333333
ItemByWeight:0.10666666666666667
Item:0.1
