AdaptiveGridDemo:0.3541666666666667
DriverConnectionManager:0.24972222222222223
MyQueueListener:0.24333333333333335
SimpleTask:0.03
