Attribute:0.72
RoboAttributeSet:0.4033333333333333
CustomView:0.12666666666666668
