JConsole:0.7383333333333333
FeedbackDialog:0.3883333333333333
