Config:0.4766666666666667
NetworkService:0.43666666666666665
MulticastZenPing:0.31
Plain:0.16333333333333333
