ExpressionInterpreter:0.33666666666666667
TestExpressionCompiler:0.3
FunctionAssertions:0.2733333333333333
TestMathFunctions:0.27
LikeFunctionBinder:0.2375851370851371
TestInterpretedProjectionFunction:0.23333333333333334
Casts:0.205
LikeUtils:0.19333333333333333
Visitor:0.18904761904761905
TestConditions:0.18666666666666668
TestExpressionInterpreter:0.18333333333333332
AbstractSqlBenchmark:0.14
