PollablesTest:0.41
MockPollContext:0.4
Outage:0.36
PollableContainer:0.29
OutageAnticipator:0.26
MockQueryManager:0.24666666666666667
DefaultQueryManager:0.24333333333333335
PollableElement:0.24
QueryManager:0.22337301587301586
PollContext:0.2105952380952381
PollableInterface:0.19333333333333333
DefaultPollContext:0.12
