EjbcaWS:0.55
CommonEjbcaWS:0.38666666666666666
EjbcaWSTest:0.35333333333333333
EjbcaWSHelper:0.3006666666666667
EjbcaWSNonAdminTest:0.20333333333333334
