SetBindingTest:0.4033333333333333
ReflectiveModuleAdapter:0.4
ModuleIncludesTest:0.34
ProvidesProcessor:0.31
FullGraphProcessor:0.19666666666666666
