TaskConfig:0.7033333333333334
Builder:0.30666666666666664
SupervisorTest:0.29
SupervisorFactory:0.25333333333333335
AgentService:0.18333333333333332
TaskRunnerTest:0.13333333333333333
