WYSIWYGHTMLEditor:0.5766666666666667
FtlTagSupportServlet:0.20333333333333334
