ProtectedLogDevice:0.3466666666666667
LocalLogSessionBean:0.31333333333333335
ProtectedLogSessionBean:0.30333333333333334
ProtectedLogToken:0.25666666666666665
CADataBean:0.25
CACacheManager:0.20666666666666667
TestProtectedLog:0.16
KeyTools:0.13333333333333333
