Defaults:0.5011111111111112
GeoShapeFieldType:0.3233333333333333
GeoPointFieldType:0.3233333333333333
MappedFieldType:0.22333333333333333
DateFieldType:0.21944444444444444
Builder:0.21777777777777782
FieldNamesFieldMapper:0.20333333333333334
ParentFieldMapper:0.19
SimpleStringMappingTests:0.17666666666666667
GeoShapeFieldMapperTests:0.16666666666666666
GeoShapeFieldMapper:0.16333333333333333
TypeParser:0.07666666666666666
FieldNamesFieldType:0.04444444444444444
BinaryFieldType:0.031111111111111114
