ServerWrapper:0.43666666666666665
Cockpit:0.42333333333333334
CursorOverRenderer:0.2966666666666667
WebServerProtocol:0.27666666666666667
AbstractWindowManager:0.27666666666666667
XMLSAXParser:0.275
EmbeddedWindowsManager:0.2733333333333333
StandAloneServerGUI:0.25
ServerConfigurationParser:0.24688888888888888
AbstractServerGUI:0.24666666666666667
EventProcessor:0.24
UIDefinition:0.23666666666666666
MutuExclRenderer:0.23333333333333334
PicturePushButtonRenderer:0.22333333333333333
CursorPosRenderer:0.21333333333333335
LayerRendererBridge:0.21
AbstractCockpitConfigurationHandler:0.20333333333333334
ServerXMLDFHandler:0.20333333333333334
AbstractPanel:0.19666666666666666
PrivilegedGetFlagAction:0.16333333333333333
ServerApplet:0.06
