FileProcessor:0.4866666666666667
TexturePackerFileProcessor:0.19333333333333333
ETC1FileProcessor:0.14
Entry:0.12333333333333334
HeaderFileProcessor:0.07333333333333333
