SpecMolResource:0.6266666666666667
SpecMolMoleculeChildResource:0.35333333333333333
