ShadowBitmap:0.8066666666666666
ShadowBitmapTest:0.37666666666666665
Converter:0.37333333333333335
