AbstractSequence:0.6533333333333333
Transcript:0.40944444444444444
