DefaultLauncher:0.6283333333333333
JUnitGen5Provider:0.571388888888889
