MainDesktopPane:0.6633333333333333
MainSceneMenu:0.30333333333333334
ToolWindow:0.25222222222222224
