SelectBox:0.5133333333333333
TexturePacker:0.47333333333333333
Settings:0.35333333333333333
TexturePackerUpscaleTest:0.12
