Builder:0.7533333333333333
ConvolutionLayerSetup:0.59
ConvolutionLayerSetupTest:0.22666666666666666
