MarshallingEndpointsBeanDefinitionParser:0.5666666666666667
XmlBeansMarshallerBeanDefinitionParser:0.21666666666666667
Jaxb1MarshallerBeanDefinitionParser:0.08666666666666667
JibxMarshallerBeanDefinitionParser:0.08666666666666667
