W32Errors:0.7
Advapi32Util:0.3933333333333333
Netapi32Util:0.26666666666666666
Crypt32Util:0.25
Kernel32Util:0.18
NtDllUtil:0.13333333333333333
Secur32Util:0.12666666666666668
Kernel32UtilTest:0.09333333333333334
