ResultSetIterator:0.7233333333333334
SelectResult:0.38333333333333336
GeneratedKeyResult:0.2751507936507937
