MsgManager:0.4766666666666667
UploadDownloadCountStatistic:0.29583333333333334
PhexLogger:0.27666666666666667
PushHandler:0.25
PushRequestSleeper:0.24333333333333335
SWDownloadWorker:0.20805555555555558
NLoggerNames:0.06666666666666668
StatisticProviderConstants:0.0
