ServerConnectionProviderOptions:0.3388888888888889
CommandOperation:0.21333333333333335
ClusterSession:0.18333333333333332
QueryOperation:0.17333333333333334
ReplaceOperation:0.1
InsertOperation:0.09666666666666666
UpdateOperation:0.09666666666666666
RemoveOperation:0.09666666666666666
PinnedSession:0.09666666666666666
