DOWriter:0.8533333333333334
SimpleDOWriter:0.6916666666666668
