QueryRetrieveScpService:0.44
StoreScp:0.4066666666666667
AbstractScpService:0.33
FindScp:0.22111111111111115
MultiCFindRsp:0.17633333333333334
MPPSScp:0.16666666666666666
MWLFindScp:0.08
