TransactionImpl:0.7333333333333333
TransactionTest:0.6933333333333334
MGet:0.22083333333333333
