CommonEmail:0.5266666666666666
Paramo:0.4533333333333333
MethodFinder:0.2633333333333333
