ServiceDynamicInterceptor:0.5266666666666666
ImporterDependencyListener:0.5083333333333333
CollectionImporterTest:0.3233333333333333
DefaultMandatoryDependencyManager:0.2633333333333333
