Remote:0.6466666666666666
EnterpriseDomain:0.2966666666666667
EnterpriseDomainBuilder:0.18
EnterpriseDomainWrapper:0.15666666666666668
DomainTest:0.14333333333333334
RequestContext:0.09
EnterpriseDomainTest:0.06
EnterpriseDomainBuilderTest:0.0033333333333333335
