MethodDatabase:0.8066666666666666
Transformer:0.22333333333333333
