XKMSKRSSTest:0.6133333333333333
ProtocolOcspHttpTest:0.47
XkmsCommonCriteraTest:0.4066666666666667
