Options:0.7466666666666667
QuitAction:0.15333333333333332
NewGraphAction:0.15333333333333332
OpenGraphAction:0.15333333333333332
SaveGraphAction:0.15333333333333332
