TreeConverter:0.39
ExpressionMethodReference:0.37
DebugASTPrinter:0.30666666666666664
DebugASTDump:0.2633333333333333
