IsNullPredicate:0.528611111111111
InnerValidator:0.28888888888888886
