Notify:0.49
EmailFormatter:0.47711904761904766
NotifyBuilderUtil:0.4533333333333333
NotifyVisitor:0.32666666666666666
DefaultEmailFormatter:0.25333333333333335
EventsViewHelper:0.2111111111111111
MimeNotifyPreparator:0.20666666666666667
MimeEntryPreparator:0.2
NotifyBuilderDescription:0.19666666666666666
AbstractAdminModule:0.18
NotifyBuilderEntry:0.12
AbstractNotifyBuilder:0.10333333333333333
