Wss4jSecurityInterceptor:0.6358333333333334
DefaultMessageContext:0.4816666666666667
SaajWss4jMessageInterceptorSignTest:0.08333333333333333
