Builder:0.57
Word2Vec:0.5266666666666666
TokenizerFactory:0.4922222222222223
WordVectorSerializer:0.2833333333333333
TextPipeline:0.27666666666666667
InMemoryLookupCache:0.26666666666666666
BasicModelUtils:0.25666666666666665
UimaTokenizerFactory:0.25333333333333335
FirstIterationFunction:0.24333333333333335
TextPipelineTest:0.22333333333333333
WordVectorsImpl:0.20142857142857143
WordsListToVocabWordsFunction:0.19
AsyncSequencer:0.18333333333333332
PosUimaTokenizerFactory:0.17333333333333334
Word2VecTests:0.15
SequenceVectors:0.14333333333333334
TokenizerFunction:0.13166666666666665
NGramTokenizerFactory:0.11
DefaultTokenizerFactory:0.08333333333333333
Word2VecTest:0.06
