ParserRuleContext:0.528888888888889
StructDecl:0.38666666666666666
MyVisitor:0.285
