ResourceCacheRunner:0.45666666666666667
ThreadManagerForkJoin:0.45666666666666667
SampleJPPFTask:0.2555555555555556
EmptyTask:0.21
ResourceCacheTask:0.11333333333333333
DeadlockRunner:0.013333333333333334
