NetworkParameters:0.4266666666666667
Address:0.36666666666666664
WrongNetworkException:0.3333333333333333
TestNet3Params:0.27
TestNet2Params:0.26666666666666666
MainNetParams:0.26666666666666666
AddressTest:0.25666666666666665
UnitTestParams:0.2377777777777778
DumpedPrivateKey:0.19111111111111112
