NetworkPublication:0.49666666666666665
DriverConductor:0.43666666666666665
SubscriptionLink:0.38
