QueryTag:0.44
FromWhere:0.36333333333333334
ComposedSubquery:0.315
ComposedQuery:0.2833333333333333
QueryProvider:0.27
QueryAnalysisProvider:0.2633333333333333
ValueFunction:0.18666666666666668
InlineVisitor:0.14333333333333334
CountFunctions:0.13666666666666666
GenericListValueFunction:0.12333333333333334
Pass1FunctionInliner:0.10333333333333333
ObjectTag:0.08666666666666667
RawInlinedQuery:0.06333333333333334
