Messages:0.8833333333333333
ObjectLockManager:0.35333333333333333
AbstractDataSpaceEditor:0.2966666666666667
MonitoredMessageQueue:0.2733333333333333
RemoteObject:0.24
IQueuedMessageSubsystem:0.22166666666666668
MessageHandler:0.16666666666666666
QueuedMessageResourceAdapterDelegate:0.16333333333333333
ObjectLock:0.15444444444444444
MessageMonitorThread:0.11
QueuedMessageFactory:0.07666666666666666
MessageDialogAsync:0.06
FilteredMessageQueue:0.05
