MultifactorAuthenticationProperties:0.45666666666666667
GlobalMultifactorAuthenticationPolicyEventResolver:0.45666666666666667
CasCoreWebflowConfiguration:0.38
GroovyScriptAttributeReleasePolicy:0.2833333333333333
