ServerVersion:0.4533333333333333
WriteOperationBase:0.43333333333333335
ReplaceOperation:0.04
InsertOperation:0.04
UpdateOperation:0.04
RemoveOperation:0.04
