RedissonMap:0.5966666666666667
RMapAsync:0.33916666666666667
RedissonObject:0.2833333333333333
RedissonMapTest:0.18333333333333332
