SourceFolderProvider:0.5033333333333333
ExternalFileTypeInfo:0.36
StandardRubyElementContentProvider:0.34
PackageExplorerContentProvider:0.31333333333333335
