TypeUtils:0.71
JSONLexerBase:0.6266666666666667
CollectionCodec:0.37666666666666665
