Visitor:0.5233333333333333
SimpleNode:0.3883333333333333
CodeCompiler:0.35333333333333333
