SimpleXmlIO:0.55
SimpleFigureFactory:0.4766666666666667
FigureAccessorKey:0.4033333333333333
FigureFactory:0.29333333333333333
