imp:0.6
__builtin__:0.4166666666666667
CodeCompiler:0.27666666666666667
Future:0.20944444444444443
ImportFunction:0.15777777777777777
