ListRecordingsSession:0.4666666666666667
Catalog:0.4533333333333333
ControlSession:0.36
ArchiveConductor:0.20333333333333334
CatalogTest:0.18666666666666668
ArchiveProxy:0.18333333333333332
ControlRequestListener:0.15833333333333333
ControlRequestAdapter:0.14
