CompilerBase:0.5433333333333333
Compiler:0.4866666666666667
Scope:0.4
