BigIntegerConverter:0.65
BigDecimalConverter:0.45916666666666667
ConverterManager:0.23666666666666666
