CertificateData:0.59
StringTools:0.3883333333333333
StringToolsTest:0.27666666666666667
CertificateStoreSessionTest:0.26666666666666666
