ClusterStateRequest:0.5366666666666666
ElasticsearchAssertions:0.3497777777777778
SharedClusterSnapshotRestoreTests:0.27
SimpleClusterStateTests:0.23
ClusterStateRequestBuilder:0.17166666666666666
RestClusterStateAction:0.14
TransportClusterStateAction:0.13666666666666666
