Client:0.37
SearchService:0.32
SearchFreeContextRequest:0.27666666666666667
SearchServiceTransportAction:0.26666666666666666
ActionModule:0.2
AbstractClient:0.18666666666666668
ClearScrollContextsRequest:0.18133333333333332
RestActionModule:0.14666666666666667
ClearScrollContextsTransportHandler:0.09333333333333334
SearchScrollTests:0.06333333333333334
