MDate:0.59
Task:0.36333333333333334
MetaInfo:0.3466666666666667
Incollector:0.2288888888888889
FeedViewer:0.22555555555555556
VersionInfo:0.14666666666666667
CalendarComponent:0.14
