SeqFeatureUtil:0.7933333333333333
Exon:0.37
FeatureTreePanel:0.31333333333333335
