TermAppender:0.7533333333333333
Publication:0.37
TermAppenderTest:0.31666666666666665
SenderTest:0.29
RetransmitHandlerTest:0.19666666666666666
