ServerBinaryDFHandler:0.4155555555555555
ServerBinaryDFHandler_KOTest:0.38666666666666666
BinaryDFParser:0.24111111111111108
ServerBinaryDFHandlerTest:0.22333333333333333
StringValue:0.10666666666666667
