FlowViewStateManager:0.7833333333333333
MvcEnvironment:0.5866666666666667
