ARINCMapBoundary:0.4166666666666667
ServerXMLSymbolsHandler:0.4033333333333333
ServerMapGraphicsWidget:0.2
AbstractMapWidget:0.17
ServerMapWidget:0.14416666666666667
MapBoundaryGraphicsContext:0.0
MapGraphicsContext:0.0
