BinaryHeap:0.5433333333333333
DataStructures:0.39
Node:0.37666666666666665
BTree:0.2175
BinarySearchTree:0.21416666666666667
BinaryHeapTree:0.21333333333333335
BinaryHeapArray:0.20666666666666667
