ShadowSpannableStringBuilderTest:0.7929999999999999
ShadowSpannableStringBuilder:0.4066666666666667
