FailbackClusterInvokerTest:0.4266666666666667
FailfastClusterInvokerTest:0.3566666666666667
ForkingClusterInvokerTest:0.3433333333333333
FailoverClusterInvokerTest:0.3233333333333333
