IssueSearchQuery:0.5983333333333334
IssueDAOImpl:0.49111111111111116
