WalkInterior:0.5066666666666667
BuildingConnectorManager:0.4633333333333333
LocalAreaUtil:0.44666666666666666
BuildingConnector:0.4166666666666667
Teach:0.4166666666666667
Mission:0.38
Settlement:0.36666666666666664
Task:0.365
Hatch:0.2866666666666667
BuildingManager:0.25
LoadVehicleEVA:0.24666666666666667
UnloadVehicleEVA:0.24666666666666667
MedicalCare:0.23666666666666666
RoverMission:0.23333333333333334
Trade:0.23
MaintainGroundVehicleEVA:0.22333333333333333
RepairEVAMalfunction:0.21666666666666667
EmergencySupplyMission:0.21666666666666667
MaintenanceEVA:0.21666666666666667
EnterAirlock:0.21666666666666667
EVAOperation:0.21666666666666667
BuildingConstructionMission:0.21
RespondToStudyInvitation:0.21
CompileScientificStudyResults:0.21
InviteStudyCollaborator:0.21
ConstructBuilding:0.20666666666666667
SalvageBuilding:0.20666666666666667
Maintenance:0.20333333333333334
Yoga:0.19666666666666666
RepairMalfunction:0.19166666666666668
DigLocalIce:0.19
DigLocalRegolith:0.19
InsideBuildingPath:0.18666666666666668
LoadVehicleGarage:0.18166666666666667
ProposeScientificStudy:0.18
ExitAirlock:0.17866666666666667
PeerReviewStudyPaper:0.17666666666666667
ToggleResourceProcess:0.17166666666666666
BuildingAirlock:0.17
UnloadVehicleGarage:0.16833333333333333
ToggleFuelPowerSource:0.16833333333333333
PerformLaboratoryExperiment:0.16833333333333333
PerformLaboratoryResearch:0.16833333333333333
PerformMathematicalModeling:0.16833333333333333
StudyFieldSamples:0.16833333333333333
ManufactureGood:0.165
SalvageGood:0.165
MaintainGroundVehicleGarage:0.165
ObserveAstronomicalObjects:0.165
ManufactureConstructionMaterials:0.165
EatMeal:0.16333333333333333
NegotiateTrade:0.16166666666666665
TendGreenhouse:0.15833333333333333
AssistScientificStudyResearcher:0.145
CookMeal:0.145
Sleep:0.14
MedicalAssistance:0.13833333333333334
MockBuilding:0.13333333333333333
InsidePathLocation:0.1302777777777778
RepairEmergencyMalfunction:0.12666666666666668
Workout:0.12666666666666668
PrescribeMedication:0.12333333333333334
JUnitTests:0.12
InsideBuildingPathTest:0.11333333333333333
BuildingLocation:0.09666666666666666
BuildingConnectorManagerTest:0.08333333333333333
BuildingConnectorTest:0.07527777777777778
WalkInteriorTest:0.07
Relax:0.06
HatchTest:0.04694444444444445
MockSettlement:0.03333333333333333
AllJUnitTests:0.03
