LdapUserDetailsManager:0.8933333333333333
LdapUserDetailsManagerTests:0.3433333333333333
