Database:0.5133333333333333
MakumbaTag:0.3433333333333333
QueryTag:0.2708333333333333
NamedResources:0.2608333333333333
End:0.25333333333333335
choiceEditor:0.24666666666666667
jspViewer:0.22333333333333333
textEditor:0.22166666666666668
charEditor:0.22166666666666668
dateFormatter:0.21333333333333335
FieldManager:0.19333333333333333
intEditor:0.16166666666666665
lock:0.15527777777777776
dateEditor:0.15333333333333332
Grouper:0.13666666666666666
RecordManager:0.11333333333333333
SQLUpdate:0.08
