Batch:0.48
CsvData:0.36666666666666664
Node:0.2833333333333333
MockTransportManager:0.25666666666666665
ITransportManager:0.24166666666666667
DataLoaderService:0.23666666666666666
DataExtractorService:0.22333333333333333
ProtocolDataReader:0.22333333333333333
DatabaseWriter:0.21666666666666667
SymmetricEngineHolder:0.20333333333333334
AbstractProtocolDataWriter:0.18666666666666668
ConfigurationChangedDataRouter:0.18333333333333332
HttpTransportManager:0.17
StagingDataWriter:0.17
DataContext:0.16666666666666666
SymmetricServlet:0.14666666666666667
AbstractTransportManager:0.13333333333333333
ProtocolDataWriter:0.10666666666666667
InternalTransportManager:0.08666666666666667
