DefaultBroadcaster:0.6122222222222222
AtmosphereResourceFactory:0.2633333333333333
WebSocketProcessorTest:0.06333333333333334
