Cache:0.5333333333333333
Dispatcher:0.2825
URLConnectionTest:0.27
CacheTest:0.25333333333333335
ConnectionPool:0.23333333333333334
UrlConnectionCacheTest:0.22666666666666666
HttpOverSpdyTest:0.22333333333333333
AndroidShimResponseCache:0.22
AutobahnTester:0.18116666666666667
WebSocketEcho:0.18116666666666667
ConnectionPoolTest:0.15333333333333332
