Console:0.5666666666666667
Shell:0.42
ConsolePlugin:0.37
CommandOutputParser:0.30666666666666664
StreamThread:0.15666666666666668
CommandoThread:0.11333333333333333
EvalAction:0.11333333333333333
