SettingManager:0.5366666666666666
GNDestin:0.43666666666666665
Transform:0.19
