Message:0.75
ResourceManagerI18n:0.43333333333333335
MessageTag:0.2633333333333333
FamiliesTest:0.20333333333333334
