ITrackerResources:0.6933333333333334
ITrackerResourceBundle:0.5006666666666666
ItrackerResourceBundleIT:0.20444444444444446
