AdviceVisitor:0.36
OffsetHandler:0.31333333333333335
Simple:0.2783333333333333
WithExitAdvice:0.21333333333333335
ForOrigin:0.193
AdviceOffsetHandlerTest:0.14666666666666667
Copying:0.10666666666666667
