SimplePool:0.44333333333333336
ConnectionPoolStat:0.43333333333333335
DBPortPool:0.35
SimplePoolTest:0.31
GridFSInputFile:0.22666666666666666
StringBuilderPool:0.19
DBPortPoolTest:0.17
MongoConnectionPoolMXBean:0.15333333333333332
MyPool:0.056666666666666664
