JCPMenuTextMaker:0.5633333333333334
JCPPropertyHandler:0.4066666666666667
RenderPanel:0.30333333333333334
JChemPaintMenuHelper:0.19333333333333333
JChemPaintPopupMenu:0.12666666666666668
AboutAction:0.11333333333333333
JCPToolBar:0.09
AboutDialog:0.05
