TestUtil:0.6452222222222223
RecordingWriter:0.49666666666666665
ArchiverSystemTest:0.39666666666666667
RecordingFragmentReader:0.27
RecordingSession:0.25333333333333335
