ContextSourceAndDataSourceTransactionManagerIntegrationTest:0.5533333333333333
ContextSourceTransactionManagerIntegrationTest:0.25333333333333335
LdapDummyDaoImpl:0.15333333333333332
