ThreadInfo:0.6133333333333333
JVM:0.57
NEW:0.36666666666666664
JPF_java_lang_Thread:0.27666666666666667
RandomSearch:0.13666666666666666
