JCampMetadataFormPage:0.6866666666666666
JcampToCMLSpectrumMapper:0.37166666666666665
