PrivStudyModel:0.6416666666666667
TrashListPage:0.5216666666666666
