LowerFunction:0.6833333333333333
UpperFunction:0.6833333333333333
