RestAdapterTest:0.33666666666666667
HttpRequestBuilder:0.33
DeleteService:0.29503968253968255
PostService:0.29503968253968255
PutService:0.29503968253968255
GetService:0.29503968253968255
Builder:0.264
Converter:0.26277777777777783
Response:0.2080952380952381
RestHandler:0.18666666666666668
HttpRequestBuilderTest:0.18333333333333332
RestAdapter:0.11666666666666667
ServerError:0.08
GsonConverter:0.05
