AbstractNearCacheRecordStore:0.6133333333333333
StaleReadDetector:0.34905555555555556
StaleReadDetectorImpl:0.2866666666666667
ReserveForUpdateFunction:0.07
