TagHandler:0.57
Visitor:0.5030555555555555
OtterContentHandler:0.4633333333333333
AnnotationEnsJAdapter:0.36333333333333334
CurationSet:0.35
EnsJAdapter:0.34
OtterXMLRenderingVisitor:0.28
TranscriptTagHandler:0.17
SequenceSetAssemblyTypeTagHandler:0.02
