InstrumentMethod:0.4266666666666667
Stack:0.42333333333333334
ThreadOwnedSynchronizer:0.26
FiberOwnedSynchronizer:0.22
ChannelTest:0.07
