Molecule:0.7241666666666666
ChemObject:0.37833333333333335
MDLReader:0.12
