TaskListItemHelper:0.4633333333333333
UIData:0.43666666666666665
TaskInfo:0.41
GwtTaskHelper:0.32666666666666666
