Window:0.71
MessageEvent:0.29
MessagePort:0.25666666666666665
MessageChannel:0.15
MessageChannelTest:0.13333333333333333
