RGGProducer:0.5033333333333333
RGGGraph:0.47
Descriptor:0.25333333333333335
VVProducer:0.11166666666666666
PropertyQueueDescriptor:0.05333333333333334
MakePersistentDescriptor:0.03
