KerasLayerUtils:0.5333333333333333
KerasInput:0.2588888888888889
KerasLstm:0.24333333333333335
KerasModelBuilder:0.21
KerasBidirectional:0.20805555555555558
KerasLoss:0.18
KerasInitilizationUtils:0.09
KerasActivationUtils:0.09
