MapType:0.7066666666666667
TestMapOperators:0.25
TestMapAggAggregation:0.21666666666666667
TestHistogram:0.21666666666666667
StructuralTestUtil:0.19
TestUnnestOperator:0.18666666666666668
TestBigintVarcharMapType:0.16
JsonToMapCast:0.14666666666666667
