Call:0.74
Q:0.38666666666666666
ClusterService:0.35
BlockingQueueManager:0.31
ThreadContext:0.29333333333333333
BaseManager:0.29
Request:0.27666666666666667
BufferUtil:0.27
ConcurrentMapManager:0.25333333333333335
Size:0.24
ClusterManager:0.23666666666666666
CMap:0.22666666666666666
Read:0.20666666666666667
ListenerManager:0.19333333333333333
Remove:0.18666666666666668
PacketProcessor:0.15666666666666668
MAdd:0.14333333333333334
WriteHandler:0.14
ResponseQueueCall:0.13666666666666666
MRemoveMulti:0.13666666666666666
ReadHandler:0.13333333333333333
TargetAwareOp:0.13333333333333333
MLock:0.13333333333333333
ObjectPool:0.13333333333333333
QueueBasedCall:0.1275
CommitPoll:0.12
Serializer:0.11666666666666667
Offer:0.11
Poll:0.11
MMigrate:0.10333333333333333
MEvict:0.03
MPutMulti:0.023333333333333334
MRemoveItem:0.023333333333333334
LongOp:0.0
MBooleanOp:0.0
BooleanOp:0.0
