GeoUtils:0.8333333333333334
GeoGridAggregationBuilder:0.4033333333333333
GeoHashGridParams:0.26
GeoQueryContextTests:0.12
