FileModuleImpl:0.6766666666666666
Problem:0.6400000000000001
ObjectKeys:0.0
