Accurev:0.9333333333333333
AccurevSourcecontrolTest:0.4533333333333333
