DrivingQueryItemReader:0.63
NoWorkFoundException:0.5322222222222222
DrivingQueryItemReaderTests:0.2866666666666667
