DefinitiveDOReader:0.6666666666666666
SimpleDOReader:0.3933333333333333
