CertUtils:0.35833333333333334
CRLDistributionPointRevocationChecker:0.31
SingleSignOnSessionsReportController:0.28
X509SubjectAlternativeNameUPNPrincipalResolver:0.18333333333333332
ISOStandardDateFormat:0.1728015873015873
X509CredentialsAuthenticationHandlerTests:0.13333333333333333
X509SubjectPrincipalResolver:0.12
