Posix:0.54
IoBridge:0.5033333333333333
Os:0.3466666666666667
OsConstants:0.25666666666666665
