PostgresTest:0.61
PostgresRoutineDefinition:0.41333333333333333
PostgresDatabase:0.35333333333333333
TableImpl:0.23666666666666666
