ModuleTestBase:0.41833333333333333
ModuleManager:0.3566666666666667
DeliveryTest:0.33666666666666667
SellerTest:0.33166666666666667
Configuration:0.3233333333333333
ColorTest:0.2833333333333334
ProductTest:0.27666666666666667
FormulaTest:0.25333333333333335
LinkTag:0.19666666666666666
InvoiceNestedSectionsTest:0.19666666666666666
OrderTest:0.19
OnlyReadDetailsInvoiceTest:0.18333333333333332
Invoice2Test:0.16
ServiceTest:0.14666666666666667
CityTest:0.13666666666666666
WarehouseDetailListTest:0.10333333333333333
CompanyTest:0.07
TicketTest:0.05333333333333334
NetMachineWithoutNewTest:0.05333333333333334
InvoiceNoListTest:0.03666666666666667
WorkCostTest:0.03333333333333333
