StatementsPanel:0.8733333333333333
MetadataPanel:0.3711111111111111
