InferenceObservable:0.677388888888889
ParallelInference:0.45666666666666667
BasicInferenceObservable:0.16666666666666666
ObservablesProvider:0.11666666666666667
