LockResponse:0.8221031746031746
Transaction:0.8021428571428572
AutoCommit:0.4166666666666667
