TemplateListener:0.5583333333333333
TemplateList:0.39666666666666667
AspectJEdge:0.33
AspectJVertex:0.2966666666666667
ExplorationDialog:0.27
JEdgeLayout:0.22
GraphPanel:0.16833333333333333
GraphTab:0.15
TemplateListEditor:0.13333333333333333
TemplateEditor:0.09
StringEditor:0.09
EnumeratedEditor:0.07666666666666666
EncodedTypeEditor:0.06333333333333334
