MarkFinishedAnnotationTask:0.6966666666666667
ObsoleteGene:0.6366666666666667
