Grammar:0.6633333333333333
Parser:0.36333333333333334
