ServiceProcess:0.6
QedeqNotNullTraverser:0.5753333333333334
PluginManager:0.17666666666666667
ServiceProcessManager:0.14833333333333334
