EvidencePanel:0.43
ApolloFrame:0.4166666666666667
SyntenyPanel:0.39
CompositeApolloFrame:0.32
EvidencePanelContainer:0.31
EvidencePanelOrientationManager:0.17
SetDetailPanel:0.08
TablePanel:0.02666666666666667
