WebserviceBean:0.48
ReportDescriptor:0.36
WebserviceBeanRemote:0.2866666666666667
KuwaibaService:0.19666666666666666
StringPair:0.13666666666666666
