TestLexerExec:0.3466666666666667
TestSemPredEvalParser:0.2866666666666667
TestSemPredEvalLexer:0.27666666666666667
TestFullContextParsing:0.2633333333333333
TestLeftRecursion:0.26
TestCompositeGrammars:0.26
TestParseErrors:0.21666666666666667
TestSets:0.21666666666666667
