Metadata:0.7133333333333334
CreateTableOperation:0.32
MetadataManager:0.2866666666666667
AbstractTestHiveClient:0.2833333333333333
Builder:0.27666666666666667
AbstractMockMetadata:0.2633333333333333
DummyMetadata:0.2633333333333333
TableAndMore:0.17666666666666667
SemiTransactionalHiveMetastore:0.15
MockMetadata:0.13666666666666666
