SubjectFactoryTest:0.42333333333333334
GroupFactoryTest:0.4066666666666667
UserFactoryTest:0.4033333333333333
