MIMETypedStream:0.6566666666666666
GenericFileSystem:0.30333333333333334
DefaultDOManager:0.27666666666666667
TypeUtility:0.26666666666666666
DefaultManagement:0.24333333333333335
DatastreamResolverServlet:0.1766666666666667
