CreateSubnetAction:0.26
SubnetNode:0.23
SubnetPoolNode:0.2
SubnetPoolChildren:0.2
IPAMModuleTopComponentTopComponent:0.15
IPAMModuleService:0.06666666666666667
IpamRootNode:0.06333333333333334
CreateSubnetPoolAction:0.04416666666666667
SubnetEngine:0.04
SubnetChildren:0.016666666666666666
SubnetProperty:0.0
RelateToDeviceAction:0.0
DeleteSubnetAction:0.0
ReleaseIPaddressAction:0.0
