HopSymbolTableWalker:0.4716666666666667
TypeChecker:0.41333333333333333
