AccessTokenManager:0.7355555555555556
TokenInfo:0.37
WebHelper:0.36
TokenInfoApplication:0.33666666666666667
TokenInfoRequest:0.295
TokenInfoSession:0.29
DispatchServer:0.17666666666666667
ContextListener:0.14
AccessTokenManagerImpl:0.13
