PolymerTest:0.5533333333333333
StrandTest:0.39666666666666667
BioPolymerTest:0.38666666666666666
