CommitStats:0.5733333333333334
SyncedFlushService:0.5133333333333333
PreSyncedFlushResponse:0.4633333333333333
FlushIT:0.10666666666666667
