OkHttpClient:0.45
ApacheHttpClient:0.37
DefaultClientTest:0.36666666666666664
ApacheHttpClientTest:0.34
OkHttpClientTest:0.2633333333333333
