Workflow:0.62
BaseService:0.38666666666666666
WSClient:0.37333333333333335
FolderEntry:0.35333333333333333
