HdfsConfigurationUpdater:0.6133333333333333
HiveQueryRunner:0.27666666666666667
HiveTestUtils:0.27666666666666667
HiveClientModule:0.20333333333333334
TestHiveClientFileMetastore:0.17666666666666667
TestingHdfsEnvironment:0.13
