ExtRACAProcess:0.5333333333333333
ExtRACardRenewalRequest:0.44333333333333336
ExtRACardRenewalResponse:0.3566666666666667
TestRAApi:0.05
