GrammarProperties:0.56
ActionLabel:0.4574444444444444
RecipeTransition:0.2966666666666667
RuleTransitionLabel:0.29333333333333333
Selector:0.26666666666666666
GraphProperties:0.19666666666666666
PropertyKey:0.19661111111111113
IsExplorationString:0.07333333333333333
