RealInterceptorChain:0.43333333333333335
StreamAllocation:0.3233333333333333
RouteSelector:0.29333333333333333
RouteSelectorTest:0.29
RealCall:0.2633333333333333
OkHttpClient:0.21
RetryAndFollowUpInterceptor:0.19333333333333336
ConnectionPoolTest:0.16333333333333333
