PriorityQueue:0.2966666666666667
TreeMap:0.28
SortedMap:0.26666666666666666
SortedSet:0.23
Traversable:0.20333333333333334
BitSetTest:0.12333333333333334
