Stream:0.6766666666666666
NettyServerHandler:0.3933333333333333
NettyServerStream:0.27111111111111114
NoopClientStream:0.24416666666666667
ServerTransportListenerImpl:0.22333333333333333
