U2FMultifactorProperties:0.2966666666666667
MultifactorAuthenticationTrustCipherExecutor:0.26
U2FMongoDbDeviceRepository:0.14666666666666667
U2FJpaDeviceRepository:0.14666666666666667
U2FJpaConfiguration:0.12666666666666668
BaseU2FDeviceRepository:0.10666666666666667
U2FConfiguration:0.10333333333333333
U2FMongoDbConfiguration:0.0
