Symbol:0.5266666666666666
Field:0.43666666666666665
Symbols:0.25666666666666665
SelectSymbol:0.21333333333333335
