CtrlHelper:0.55
CtrlChecker:0.39
Version:0.21283333333333335
function_return:0.10766666666666666
stat_return:0.10766666666666666
recipe_return:0.10766666666666666
block_return:0.10766666666666666
program_return:0.10766666666666666
literal_return:0.10766666666666666
type_return:0.10766666666666666
rule_return:0.10766666666666666
package_decl_return:0.10766666666666666
recipes_return:0.10766666666666666
par_decl_return:0.10766666666666666
var_decl_return:0.10766666666666666
import_decl_return:0.10766666666666666
functions_return:0.10766666666666666
qual_id_return:0.10766666666666666
arg_return:0.10766666666666666
imports_return:0.10766666666666666
