UndirectedGraph:0.6533333333333333
DFS:0.4666666666666667
