ShadowApplication:0.5733333333333334
ShadowContextWrapper:0.44
Robolectric:0.3738888888888889
