ISourceFolder:0.5472222222222223
RubyProject:0.46
IRubyProject:0.44484523809523807
SourceFolder:0.2866666666666667
RubyModel:0.27666666666666667
IRubyModel:0.2454444444444444
