IndicesService:0.58
ESTestCase:0.36333333333333334
IndexWithShadowReplicasIT:0.35333333333333333
IndexShardTests:0.34
IndicesServiceTests:0.19
