Cfg:0.8233333333333334
GUIRegistry:0.6733333333333333
Main:0.24
DisplayPromptsPane:0.16666666666666666
CloseEventHandler:0.11666666666666667
WindowHandler:0.09666666666666666
