OptimizerFactory:0.5366666666666666
TableGenerator:0.45666666666666667
SequenceStyleGenerator:0.37666666666666665
AvailableSettings:0.02
