SessionFactoryOptions:0.4683333333333333
AbstractSharedSessionContract:0.4
SessionFactoryBuilderImplementor:0.32455555555555554
SessionFactoryBuilderImpl:0.30333333333333334
SessionFactoryOptionsState:0.2916666666666667
AbstractDelegatingSessionFactoryOptions:0.29
SharedSessionContractImplementor:0.2833333333333333
SessionDelegatorBaseImpl:0.2733333333333333
SessionFactoryOptionsStateStandardImpl:0.23
SessionFactoryOptionsImpl:0.22
EntityManagerFactoryBuilderImpl:0.18666666666666668
AvailableSettings:0.0515
