Jedis:0.78
JedisSentinelTest:0.32666666666666666
Protocol:0.2542063492063492
JedisSentinelTestUtil:0.22844444444444445
