ModelGenerator:0.8044444444444445
SemanticReferenceConvention:0.4669444444444445
