BulkShardProcessor:0.6066666666666667
AbstractIndexWriterProjector:0.39
IndexWriterProjectorUnitTest:0.38666666666666666
