DefaultJSONParser:0.72
ResolveTask:0.6033333333333334
ASMDeserializerFactory:0.2833333333333333
DepartmentCodec:0.14666666666666667
DefaultFieldDeserializer:0.14666666666666667
MediaContentGenDecoder:0.14666666666666667
