ControllerHub:0.61
Renderer:0.5966666666666667
RenderPanel:0.33
IChemModelRelay:0.2833333333333333
