Project:0.6066666666666667
ProjectFirstContact:0.42333333333333334
ProjectBackingBeanDataModel:0.39666666666666667
ProjectBackingBean:0.27
ProjectFirstContactConverter:0.020555555555555553
