QueryAnalysisProvider:0.6866666666666666
Pass1FunctionInliner:0.5033333333333333
