AnnotationSet:0.7433333333333333
Annotation:0.64
Node:0.41777777777777775
AnnotationSetImpl:0.33666666666666667
AnnotationSetIterator:0.23111111111111116
AnnotationImpl:0.20666666666666667
TestGate:0.16111111111111112
TestAnnotation:0.09333333333333334
NodeImpl:0.0
