SQLPlugin:0.5333333333333333
StringQueryBuilder:0.37666666666666665
TransportExecutorTest:0.13666666666666666
Constants:0.02
