Labels:0.8333333333333334
ElClienteTest:0.3933333333333333
