MetaModel:0.7916666666666666
InvoicesTest:0.37333333333333335
