Workbench:0.37333333333333335
Selection:0.3433333333333333
EditView:0.2966666666666667
BasicEditor:0.2833333333333333
AdvancedEditor:0.23666666666666666
Callback:0.21666666666666667
FocusPolicy:0.14444444444444443
Editor:0.09666666666666666
Cancel:0.06
OK:0.02
