ServerConnection:0.4166666666666667
HttpServerImpl:0.4166666666666667
ContextImpl:0.22
ServerHandler:0.20666666666666667
EventLoopContext:0.11333333333333333
ServerHandleWithWebSockets:0.08
