Aspect:0.45666666666666667
AspectNode:0.4166666666666667
VariableNode:0.33
HostModel:0.2866666666666667
GraphToTikz:0.2866666666666667
TypeGraph:0.22666666666666666
AspectJVertex:0.21
CtrlType:0.19666666666666666
JVertexView:0.18333333333333332
Level2:0.17333333333333334
AspectParser:0.14
