ShadowResources:0.6566666666666666
ShadowResourcesImpl:0.3566666666666667
ParallelUniverse:0.2833333333333333
