VocabularyWriter:0.6966666666666667
DATASOURCE:0.22307936507936507
IPhotoKeywordCrawlerFactory:0.14
FLICKR_DATA_SOURCE:0.1073888888888889
DELICIOUS_DATA_SOURCE:0.1073888888888889
BIBSONOMY_DATA_SOURCE:0.1073888888888889
IPHOTO_DATA_SOURCE:0.1073888888888889
