StatisticsTracker:0.49666666666666665
CrawlController:0.4866666666666667
StatisticsTracking:0.3516666666666667
AbstractTracker:0.3
SeedsSummary:0.06
