Material:0.44333333333333336
Attribute:0.30333333333333334
BlendingAttribute:0.2833333333333333
DefaultShader:0.2833333333333333
TextureAttribute:0.28
ColorAttribute:0.25333333333333335
DefaultRenderableSorter:0.1245
FloatAttribute:0.05333333333333334
RenderableSorter:0.0011111111111111111
Renderable:0.0
