Py:0.6666666666666666
PyClass:0.5233333333333333
PyType:0.5233333333333333
