ViewportTest1:0.51
ViewportTest3:0.31416666666666665
ViewportTest2:0.29333333333333333
MinMaxViewport:0.26666666666666666
