GroupProperties:0.5166666666666667
HazelcastProperty:0.42380555555555555
GroupPropertiesTest:0.37916666666666665
