ReportEntry:0.6633333333333333
MyReportingTestCase:0.31333333333333335
TestReporter:0.2
ReportingTest:0.13333333333333333
