Style:0.565
XavaPreferences:0.49666666666666665
DefaultLayoutPainter:0.44333333333333336
