ReflectionUtils:0.37
SpecificationResolver:0.2866666666666667
TestCaseWithContexts:0.27051984126984113
AnInnerTestContext:0.27051984126984113
Visitor:0.2678888888888889
AbstractTestDescriptor:0.22666666666666666
JUnit5TestableFactory:0.22333333333333333
ReflectionObjectTester:0.16333333333333333
JUnit5TestableTest:0.16
SpecificationResolverTest:0.15083333333333335
CanBeTestClass:0.12
TestExecutionNodeResolver:0.09333333333333334
JUnit5Class:0.055555555555555546
