VFS:0.2833222
SearchDialog:0.11655368
VFSBrowser:0.0654991
BufferListSet:0.063749745
SettingsReloader:0.05956934
jEdit:0.052749846
VFSManager:0.047130004
SearchAndReplace:0.04290255
HyperSearchResults:0.038357016
StandardUtilities:0.033049654
Log:0.014974163
