PatternSearchMatcher:0.15465543
HyperSearchRequest:0.15440023
BeanShell:0.1481413
TextArea:0.1401494
SearchBar:0.13859087
Buffer:0.1385329
SearchDialog:0.1366274
SearchMatcher:0.13132982
View:0.12771386
jEdit:0.12381898
BoyerMooreSearchMatcher:0.11917917
JEditBuffer:0.111036606
Macros:0.10456216
JEditTextArea:0.10380833
HyperSearchResults:0.096985646
TextUtilities:0.0795438
GUIUtilities:0.07774893
Selection:0.063418545
AllBufferSet:0.06079155
EditBus:0.059159167
StandardUtilities:0.057862133
VFSBrowser:0.05712876
DockableWindowManager:0.049554124
Mode:0.049048167
StatusBar:0.04714372
SearchFileSet:0.046213076
NameSpace:0.045683783
VFSManager:0.044684842
CurrentBufferSet:0.03896944
Log:0.033687707
SearchSettingsChanged:0.032449063
DirectoryListSet:0.029378673
ReverseCharSequence:0.029134206
BufferSetManager:0.02791707
SettingsReloader:0.020769577
PositionChanging:0.017068757
BshMethod:0.016978519
ThreadUtilities:0.01314426
TextAreaDialog:0.0083999885
