SearchAndReplace:0.15234728
VFSBrowser:0.1409512
SearchBar:0.11709106
jEdit:0.09833343
View:0.07931904
HyperSearchResults:0.07144829
GUIUtilities:0.070877925
Buffer:0.06803539
DirectoryListSet:0.06795116
VFS:0.062367238
HistoryTextField:0.056158006
TextArea:0.051423803
AllBufferSet:0.0404572
MiscUtilities:0.04041027
HistoryTextArea:0.030358706
EditBus:0.02770322
SearchSettingsChanged:0.025007416
HistoryModel:0.02368453
VFSManager:0.022081535
EBMessage:0.018982165
OperatingSystem:0.014712212
Debug:0.011263938
SearchFileSet:0.008410494
CurrentBufferSet:0.007516195
VariableGridLayout:0.0072716144
EnhancedDialog:0.0046031005
