ProcessEditorBase:0.42
CopyGraphCommand:0.33666666666666667
CopyFormFilesAction:0.2866666666666667
CopySwimlaneAction:0.2833333333333333
CopyVariableAction:0.2833333333333333
