ShadowTextView:0.82
HasCompoundDrawablesMatcher:0.37666666666666665
ViewLoaderTest:0.3333333333333333
