Parser:0.6533333333333333
SelectorNGTest:0.5366666666666666
