Config:0.6933333333333334
Style:0.4866666666666667
