MultiLayerNetwork:0.6566666666666666
ComputationGraph:0.5666666666666667
VariationalAutoencoder:0.4033333333333333
