VariableNameChecker:0.5466666666666666
VariableNamePage:0.4866666666666667
