MockFlowExecutionListener:0.6316666666666667
MiscFlowExecutionTests:0.056666666666666664
FlowExecutionImplTests:0.043333333333333335
InfiniteLoopTestAction:0.013333333333333334
