LdapAuthenticationProvider:0.44
ConcurrentSessionControlStrategy:0.4066666666666667
AccountStatusUserDetailsChecker:0.184
SpringSecurityMessageSourceTests:0.18333333333333332
BindAuthenticator:0.17833333333333334
AclEntryAfterInvocationProvider:0.17833333333333334
SubjectDnX509PrincipalExtractor:0.17833333333333334
