OutputTable:0.41333333333333333
ReportMultDesc:0.4066666666666667
OutputStandard:0.37666666666666665
Output:0.22666666666666666
