UserProcessor:0.57
Pointtransfer:0.45
PointtransferQueryService:0.2833333333333333
PostExportService:0.07333333333333333
