GoogleAccountsServiceResponseBuilder:0.4266666666666667
PrivateKeyFactoryBean:0.3233333333333333
LdapServiceRegistryDao:0.2916666666666667
LdapUtils:0.22611111111111115
PooledConnectionFactoryMonitor:0.19666666666666666
CompressionUtils:0.19333333333333333
ConnectionFactoryMonitor:0.15333333333333332
Saml10ObjectBuilder:0.12916666666666668
GoogleAppsConfigurationInitializer:0.11
InternalConfigStateController:0.09333333333333334
GoogleAccountsServiceFactory:0.08666666666666667
