DomNodeTest:0.7075000000000001
HtmlUnitDOMBuilder:0.5216666666666666
