TransportAddress:0.48
DiscoveryNode:0.47333333333333333
RetryTests:0.27
ReindexFromRemoteWithAuthTests:0.2683333333333333
FileBasedUnicastHostsProviderTests:0.2633333333333333
