PEViewComponent:0.6094444444444445
RosterViewComponent:0.5783333333333334
RSViewComponent:0.38333333333333336
ShellComponent:0.36333333333333334
Tester:0.31583333333333335
TestFileOperations:0.30333333333333334
RosterViewComponentImp:0.2733333333333333
ShellComponentImp:0.25333333333333335
RSViewComponentImp:0.25
STFTest:0.23
SarosPEViewComponentImp:0.21666666666666667
TestSVNStateUpdates:0.17
InitTester:0.16666666666666666
PEViewComponentImp:0.14111111111111113
