Transaction:0.8
TransactionManager:0.43666666666666665
CompoundTransaction:0.2966666666666667
