Network:0.47333333333333333
Channel:0.4666666666666667
EditorScriptConfiguration:0.36666666666666664
A661BinaryDFHandler:0.35666666666666663
NumericUtils:0.3
DefaultScriptLogger:0.2867777777777778
DefaultBinaryDFDecoder:0.28488888888888897
AbstractBinaryDFHandler:0.2833333333333333
AbstractEditorEngine:0.2633333333333333
Projection:0.25
SwingEditorPanel:0.24666666666666667
EditorScriptPlugin:0.22333333333333333
DefaultEditorBinaryDFHandler:0.21333333333333335
AbstractWidgetRefHandler:0.19333333333333333
EditorScriptHelper:0.19333333333333333
NetworkHandler:0.18
NetworkClient:0.17333333333333334
BinaryDFParser:0.12333333333333334
ScriptXMLFileDialog:0.1
