NV_geometry_shader4:0.903888888888889
ContextCapabilities:0.6633333333333333
