BSONCallback:0.8366666666666667
BasicBSONCallback:0.3433333333333333
BSONCallbackAdapter:0.31
EmptyBSONCallback:0.23666666666666666
