Connection:0.5533333333333333
Case:0.48333333333333334
MockWebServer:0.36
Story:0.2966666666666667
HeadersTest:0.25666666666666665
ConnectionPool:0.21777777777777782
FormEncodingBuilder:0.17333333333333334
HpackJsonUtil:0.09666666666666666
FramedSocketHandler:0.08666666666666667
HpackDecodeInteropTest:0.07333333333333333
HpackRoundTripTest:0.0638888888888889
FormEncodingBuilderTest:0.02
HpackDecodeTestBase:0.013333333333333334
