ProxyDialog:0.5066666666666667
CGI:0.43333333333333335
TypePanel:0.37666666666666665
EnsCGIAdapterGUI:0.3433333333333333
ItemWindowListener:0.14
EditMenu:0.07333333333333333
