FileDefinition:0.44666666666666666
ByteArray:0.44666666666666666
JbpmCommonLogic:0.28
ByteArrayUpdateLog:0.25333333333333335
StrintToByteArrayConverter:0.17666666666666667
BytesToByteArrayConverter:0.17666666666666667
ByteArrayInstance:0.15888888888888889
SerializableToByteArrayConverter:0.10333333333333333
BytesRefactoringPatch:0.04
