BusinessEntityManagerImpl:0.5341111111111111
LoadDataFromFile:0.375
Main:0.17666666666666667
