HostBasedAuthentication:0.68
HostBasedAuthenticationTest:0.3433333333333333
Authentication:0.22377777777777774
Matchers:0.09666666666666666
