GwtMainPage:0.5333333333333333
DiscussionFolderView:0.3
VibeHorizontalPanel:0.24
ContentControl:0.23333333333333334
MainContentLayoutPanel:0.16
ViewBase:0.08833333333333333
DataTableFolderViewBase:0.08333333333333333
VibeVerticalPanel:0.016666666666666666
