VanillaChronicleMap:0.41333333333333333
ChronicleMap:0.4066666666666667
ReplicationCheckingMap:0.32
CHMUseCasesTest:0.25333333333333335
ChronicleMapImportExportTest:0.16333333333333333
OffHeapByteArrayExampleTest:0.16333333333333333
OpenJDKAndHashMapExamplesTest:0.15
TcpReplicationWithAcquireContextTest:0.14666666666666667
LataTest:0.14333333333333334
TestNesterInterfaceMarshal:0.12333333333333334
