MACiEReader:0.6016666666666667
StructureDiagramGenerator:0.46
ForceFieldConfigurator:0.2866666666666667
