WebApplication:0.7277777777777777
ContextInjector:0.5233333333333333
MyWebApplication:0.41
