AnalysisAdapter:0.7986666666666666
Coverage:0.37333333333333335
