PatternAnnotation:0.66
Searcher:0.5533333333333333
Searchable:0.5533333333333333
Pattern:0.5033333333333333
Indexer:0.19777777777777777
HTMLGenerator:0.10666666666666667
Parser:0.02666666666666667
Hit:0.013333333333333334
IndexException:0.0
Constants:0.0
SearchException:0.0
Term:0.0
SearchableDataStore:0.0
