OpenDialog:0.5633333333333334
DataLoader:0.47333333333333333
NoFile:0.12166666666666667
