AbstractBurster:0.42
CommandLineArgumentsTest:0.32666666666666666
EmailSender:0.24333333333333335
UploadSender:0.22
