VariableWidthBlockBuilder:0.595
VariableWidthBlockEncoding:0.34
TestSliceBlockCursor:0.15666666666666668
TestSliceBlockCursorWithNulls:0.15666666666666668
