TestResourceIndex:0.6266666666666667
TestServerConfiguration:0.4211111111111111
