AdminProcessor:0.5133333333333333
Filler:0.31666666666666665
ArticleSearchUpdater:0.2633333333333333
ArticleSearchAdder:0.2633333333333333
SearchQueryService:0.16333333333333333
