Tuple1:0.3
Tuple2:0.2833333333333333
Tuple8:0.28
Tuple4:0.28
Tuple5:0.28
Tuple6:0.28
Tuple7:0.28
Tuple3:0.28
Tuple0:0.2733333333333333
Tuple1Test:0.23
Tuple2Test:0.21333333333333335
Tuple3Test:0.17333333333333334
Tuple7Test:0.17333333333333334
Tuple5Test:0.17333333333333334
Tuple8Test:0.17333333333333334
Tuple4Test:0.17333333333333334
Tuple6Test:0.17333333333333334
