MarkUnreadSelectedEntriesEvent:0.4033333333333333
DataTableFolderViewBase:0.36333333333333334
EventHelper:0.31666666666666665
GwtMenuHelper:0.2966666666666667
EntryMenuPanel:0.20333333333333334
BinderViewsHelper:0.14333333333333334
