AndroidGraphics:0.5616666666666666
AndroidApplication:0.5066666666666667
AndroidFragmentApplication:0.42333333333333334
