DocumentManager:0.8466666666666667
BoxFactory:0.36
LayoutFrame:0.36
BoxPropAction:0.23666666666666666
