HiveClient:0.35333333333333333
AbstractTestHiveClient:0.33
HiveBucket:0.31333333333333335
TestHiveBucketing:0.26666666666666666
HiveSplitIterable:0.24666666666666667
HivePartition:0.24333333333333335
HiveBucketing:0.16
DirectoryLister:0.1275
