GraphJGraph:0.4666666666666667
ShapeJEdgeView:0.38
GraphJModel:0.31333333333333335
ShapeJEdge:0.21666666666666667
ShapeJCellViewFactory:0.20444444444444446
MyGraphLayoutCache:0.20333333333333337
ShapeJGraph:0.16666666666666666
ShapeJModel:0.09666666666666666
EquivClassJCellView:0.0475
