Metadata:0.51
TestServiceImpl:0.25
ClientCallsTest:0.24333333333333335
MethodDescriptorTest:0.20333333333333334
ChannelExecutor:0.18055555555555555
LoadGenerationWorker:0.17
ProtoReflectionStreamObserver:0.15333333333333332
FileDescriptorIndex:0.15333333333333332
AbstractHttp2HeadersTest:0.10666666666666667
