CreoleListener:0.7433333333333333
CreoleRegister:0.7233333333333334
DocumentImpl:0.3546666666666667
ParameterDisjunction:0.3333333333333333
MainFrame:0.32
CreoleRegisterImpl:0.31
CorpusImpl:0.2472063492063492
SerialController:0.22337301587301586
SerialCorpusImpl:0.22026190476190474
ResourceParametersEditor:0.20666666666666667
CloseViewAction:0.20333333333333334
NameBearerHandle:0.19333333333333333
SerialControllerEditor:0.19333333333333333
JDBCDataStore:0.1475
ResourcesTreeCellEditor:0.08666666666666667
ResourcesTreeModel:0.03
ResourcesTreeCellRenderer:0.01
RenameResourceAction:0.0033333333333333335
