PartitionWideEntryWithPredicateOperationFactory:0.41333333333333333
PartitionIteratingOperation:0.25333333333333335
ListHolder:0.24666666666666667
PutAllPartitionAwareOperationFactory:0.19777777777777777
PartitionAwareOperationFactory:0.19666666666666666
TwoNodesRestartingRunnable:0.17
EntryProcessorBouncingNodesTest:0.11333333333333333
IncrementProcessor:0.05333333333333334
InitMapProcessor:0.04666666666666667
