DB:0.6066666666666667
CommandResult:0.3233333333333333
MongoException:0.30333333333333334
JavaClientTest:0.26666666666666666
DBPort:0.22777777777777777
DBConnector:0.2
DBCollectionTest:0.15333333333333332
DBPortTest:0.12888888888888891
CommandResultTest:0.10888888888888888
DBTest:0.0661111111111111
