DefaultLayerFactory:0.6466666666666666
LayerFactories:0.37
BaseLayerTest:0.22333333333333333
