BroadcasterFactory:0.6861111111111111
DefaultBroadcaster:0.6566666666666666
MyBroadcasterFactory:0.2833333333333333
DefaultBroadcasterFactory:0.28
