RedissonObject:0.5566666666666666
RObject:0.15916666666666668
RObjectAsync:0.1325
RedissonBucketTest:0.11
