DataType:0.5433333333333333
FileFormatNotCompatibleWithGridCoverageException:0.24333333333333335
CannotCreateGridCoverageException:0.24333333333333335
