PropertiesUtilsTest:0.38666666666666666
PropertiesUtils:0.35333333333333333
AvailabilityServlet:0.3
RRDDumpServlet:0.23666666666666666
ServletInitializer:0.19333333333333333
