Buffer:0.5833333333333334
BufferedSink:0.5066666666666667
RealBufferedSource:0.3333333333333333
RealBufferedSink:0.25333333333333335
Okio:0.24666666666666667
BufferedSinkTest:0.16833333333333333
BufferTest:0.16
BufferedSourceTest:0.16
RealBufferedSinkTest:0.14
Factory:0.13357142857142856
ReadUtf8LineTest:0.13166666666666665
OkioTest:0.12833333333333333
RealBufferedSourceTest:0.11
TestUtil:0.1
