ImportDataFileAction:0.6713333333333333
WfeScriptForBotStations:0.5569444444444445
