TestAPIM:0.3466666666666667
DefaultDOManager:0.33666666666666667
RelsExtValidator:0.23666666666666666
RDFTupleEditor:0.23666666666666666
SimpleDOReader:0.22444444444444447
DefaultAccess:0.21916666666666668
TripleEditDialog:0.21666666666666667
TestAPIA:0.17777777777777778
TestAPIALite:0.17666666666666667
FedoraModelNamespace:0.17
FedoraNamespace:0.12333333333333334
FedoraRelsExtNamespace:0.08666666666666667
