NativeMethodStubsGenerator:0.6233333333333333
EXTTimerQuery:0.2992222222222222
