Invocation:0.6033333333333334
WriteHandler:0.5066666666666667
BaseManager:0.4266666666666667
