ContentControl:0.45
FolderWidgetDlgBox:0.3
LinkToEntryWidgetDlgBox:0.24666666666666667
LinkToFolderWidgetDlgBox:0.24666666666666667
EntryWidgetDlgBox:0.24666666666666667
