WithFlexibleName:0.5533333333333333
Default:0.45666666666666667
Builder:0.3838888888888889
ByteBuddy:0.36666666666666664
AbstractBase:0.32666666666666666
Prepareable:0.27051984126984113
Token:0.22333333333333333
InstrumentedType:0.22166666666666668
Handler:0.21333333333333335
Implementation:0.19155555555555556
