ARINCStarter:0.6866666666666666
EmbedClient:0.6266666666666667
ServerWrapper:0.38666666666666666
JFXServerWrapper:0.24333333333333335
ServerStarter:0.19333333333333333
SwingServerWrapper:0.185
EmbedClientConfigStatefulTest2:0.08
EmbedClientConfigStatefulTest3:0.08
EmbedClientStatefulTest:0.08
EmbedClientConfigStatefulTest:0.08
EmbedClientConfigStatelessTest:0.08
EmbedClientConfigStatefulTest4:0.08
EmbedClientDataDrivenTest:0.08
EmbedClientStatelessTest:0.08
EmbedClientConfigDefaultTest:0.08
JFXEmbedClientStatefulTest:0.06333333333333334
