ManifestFactory:0.7733333333333333
ShadowResourcesTest:0.43666666666666665
RobolectricTestRunner:0.36333333333333334
ManifestFactoryTest:0.20111111111111113
GradleManifestFactoryTest:0.17666666666666667
BuckManifestFactoryTest:0.14666666666666667
DefaultManifestFactoryTest:0.13333333333333333
