Value:0.64
ValueLink:0.3233333333333333
RootValueImpl:0.31333333333333335
ValueImpl:0.28
VariablePath:0.22
ValueVectorImpl:0.16
