SafetyAutomaton:0.5
SCSafetyAutomaton:0.42
SCConverter:0.3466666666666667
SCSafetyListener:0.30666666666666664
SCModularTeacher:0.29333333333333333
SCConformanceListener:0.21666666666666667
