TypeHierarchy:0.5333333333333333
ChangeCollector:0.2761111111111111
ITypeHierarchy:0.27259523809523806
RubyParser:0.24
HierarchyBuilder:0.23333333333333334
RDocUtil:0.18
RegionBasedTypeHierarchy:0.1711111111111111
CreateTypeHierarchyOperation:0.12333333333333334
