OutputModelController:0.5466666666666666
Lexer:0.4666666666666667
