ClientMapNearCacheTest:0.4666666666666667
NearCacheDataRecordStore:0.24666666666666667
NearCacheObjectRecordStore:0.24666666666666667
NearCacheTest:0.11333333333333333
