UpgradeService:0.30333333333333334
INodeService:0.30333333333333334
MockNodeService:0.26666666666666666
NodeService:0.26666666666666666
