DispatcherServlet:0.5833333333333334
WebServiceHandler:0.44583333333333336
WebServiceProtocol:0.3333333333333333
JettyHttpServer:0.29333333333333333
ServletHttpServer:0.14666666666666667
