IMP:0.6266666666666667
Renderer:0.2833333333333333
