ItemOrientedStepTests:0.7187777777777777
SimpleJobTests:0.3883333333333333
