JobExecutionDao:0.3414285714285714
StepExecutionDao:0.34
SimpleJobRepository:0.3233333333333333
SimpleJobRepositoryTests:0.3
AbstractJobDaoTests:0.2866666666666667
MapStepDao:0.23
MockStepDao:0.23
AbstractStepDaoTests:0.21
MapJobDao:0.20333333333333334
MapJobDaoTests:0.17333333333333334
JdbcStepExecutionDao:0.15333333333333332
JdbcJobExecutionDao:0.08
