VcardSubCrawler:0.9
TestExtractors:0.2644444444444445
VcardExtractorActivator:0.25
VcardTestIncrementalSubCrawlerHandler:0.22333333333333333
VcardSubCrawlerTest:0.15333333333333332
VcardSubCrawlerFactory:0.01
