Common:0.665
ArticleMgmtService:0.29333333333333333
UserProcessor:0.25333333333333335
Filler:0.23
Pointtransfer:0.16333333333333333
PointtransferQueryService:0.12666666666666668
