RestService:0.5166666666666667
BatchAckResult:0.30333333333333334
AcknowledgeService:0.30333333333333334
BatchAckResults:0.17333333333333334
