ConnectionRejectedException:0.8083333333333333
HttpOutgoingTransport:0.38
PushService:0.26666666666666666
PullService:0.19
HttpIncomingTransport:0.18
WebConstants:0.016666666666666666
ErrorConstants:0.016666666666666666
