VibeRpcResponse:0.58
GwtRpcServiceAsync:0.49333333333333335
GwtRpcServiceImpl:0.44333333333333336
MastHead:0.28
FindCtrl:0.27777777777777773
VibeRpcResponseData:0.0
