IngestGrokPlugin:0.5166666666666667
GrokTests:0.5033333333333333
Factory:0.36666666666666664
GrokProcessorFactoryTests:0.18666666666666668
