DateTime:0.5533333333333333
DateTimeZone:0.4166666666666667
TestDateTimeZone:0.36666666666666664
AbstractDateTime:0.31
DateMidnight:0.29
