WorkspaceOperations:0.5233333333333333
BotTaskContentUtil:0.39
BotStationImportCommand:0.22333333333333333
Streamer:0.19333333333333333
