ResourcePath:0.4766666666666667
AndroidManifest:0.47333333333333333
RobolectricContext:0.4066666666666667
RobolectricTestRunner:0.30666666666666664
AndroidResourcePathFinder:0.23666666666666666
ResourceLoaderTest:0.20733333333333334
RoboLayoutInflater:0.14
AndroidManifestTest:0.11333333333333333
