TaskHelper:0.6666666666666666
ListFolderController:0.38333333333333336
IcalModuleImpl:0.37333333333333335
