FeatureSetI:0.6333333333333333
FeatureSet:0.35
StrandedZoomableApolloPanel:0.31666666666666665
FindPanel:0.27666666666666667
DrawableFeatureSet:0.25333333333333335
ApolloFrame:0.24111111111111114
TestLoader:0.20333333333333334
FileMenu:0.15666666666666668
TierMenu:0.14
EditMenu:0.11666666666666667
