OCSPUnidClient:0.6866666666666666
OCSPServletBase:0.5366666666666666
Ocsp:0.36666666666666664
