ClientConnection:0.5933333333333334
ClientNonBlockingSocketWriter:0.43333333333333335
ClientNonBlockingSocketReader:0.2833333333333333
ClientConnectionManagerImpl:0.26
