RetryableException:0.29333333333333333
LoadBalancingTarget:0.2733333333333333
FeignTest:0.25666666666666665
Logger:0.25083333333333335
AWSSignatureVersion4:0.23333333333333334
HardCodedTarget:0.20166666666666666
FeignException:0.195
LoggerTest:0.18
Default:0.17
RibbonClientTest:0.16333333333333333
LoadBalancingTargetTest:0.15666666666666668
