FGLiveProvider:0.44666666666666666
FGFSConnection:0.39
FGVariable:0.38666666666666666
FlightGearTree:0.19166666666666668
FlightGearSubscriptionTreeReader:0.18666666666666668
DefaultFlightGearTreeReader:0.023333333333333334
AbstractFlightGearTreeReader:0.01
