ExecutionContext:0.65
ExecutionLogic:0.36666666666666664
VariableLogic:0.23333333333333334
ProcessLogDAO:0.18333333333333332
