SnapshotMissingException:0.45133333333333336
SnapshotException:0.41333333333333333
SnapshotShardsService:0.36666666666666664
SharedClusterSnapshotRestoreIT:0.36333333333333334
