Translog:0.49666666666666665
InternalEngine:0.33666666666666667
Location:0.3233333333333333
View:0.31611111111111106
EngineConfig:0.29
DeleteByQuery:0.24
Sync:0.23111111111111116
FsView:0.21
OnCloseRunnable:0.15276190476190485
TranslogGeneration:0.075
