Field:0.8666666666666667
AbstractField:0.4044444444444445
jOOQAbstractTest:0.34
