AbbotHelper:0.4866666666666667
Recorder:0.4666666666666667
ComponentRecorderTest:0.30333333333333334
EventRecorderTest:0.2633333333333333
ComponentRecorder:0.23222222222222225
ComponentTesterTest:0.1988888888888889
JTableTesterTest:0.18555555555555558
JListTesterTest:0.18222222222222223
AbstractButtonTesterTest:0.15555555555555556
