UserResult:0.4427777777777777
PermissionResult:0.2791666666666667
RoleResult:0.2791666666666667
UserEditorController:0.24333333333333335
RoleEditorController:0.12666666666666668
PermissionEditorController:0.12666666666666668
