Strings:0.6366666666666667
Environment:0.373
InternalSettingsPreparer:0.23199999999999998
