Poller:0.48
PollableService:0.4266666666666667
Schedule:0.37
ServiceConfig:0.25
PollableInterface:0.15666666666666668
ScheduleProxy:0.07
