JPPFDriver:0.6266666666666667
JMXServer:0.53
JPPFNode:0.3233333333333333
AbstractJMXServer:0.25333333333333335
NodeSystemTray:0.2377777777777778
PeerNode:0.22444444444444447
JMXServerImpl:0.22
DriverInitializer:0.1813888888888889
JMXMPServer:0.16333333333333333
