GenbankAdapter:0.7866666666666666
bop:0.4766666666666667
GenieParser:0.17
WashingLine:0.16444444444444445
