XendraServer:0.5166666666666667
PosProcessor:0.36333333333333334
ReplicationProcessor:0.36
XendraServerMgr:0.2966666666666667
