FolderEntry:0.6133333333333333
FolderEntryBrief:0.49666666666666665
ResourceUtil:0.41333333333333333
FolderEntryResource:0.3466666666666667
LinkUriUtil:0.30333333333333334
BaseFolderEntry:0.2833333333333333
Reply:0.27
FolderEntryBriefBuilder:0.21333333333333335
BuilderFactory:0.11333333333333333
AbstractFolderEntryResource:0.08444444444444445
BaseFolderEntryBrief:0.07
ReplyBrief:0.06
ReplyBriefBuilder:0.04
BaseFolderEntryBriefBuilder:0.03333333333333333
ReplyResource:0.0044444444444444444
