Factory:0.6233333333333333
Content:0.5566666666666666
Validator:0.43
