TextureAtlas:0.42333333333333334
MaxRects:0.31
Rect:0.2866666666666667
TextureAtlasData:0.24111111111111114
MaxRectsPacker:0.22833333333333333
TexturePacker2:0.19666666666666666
ImageProcessor:0.17833333333333334
AtlasRegion:0.14333333333333334
