WAFHarvester:0.47111111111111115
HarvestManager:0.36333333333333334
Common:0.3
