Library:0.560484126984127
Function:0.5355555555555556
TypeMapperTest:0.31
AnnotationTestLibrary:0.2833928571428571
Handler:0.23333333333333334
