FlatFileCustomerCreditDaoTests:0.31666666666666665
JdbcPlayerSummaryDaoIntegrationTests:0.10333333333333333
JdbcGameDaoIntegrationTests:0.08
JdbcTradeWriterTests:0.056666666666666664
JdbcPlayerDaoIntegrationTests:0.056666666666666664
JdbcCustomerDebitDaoTests:0.05333333333333334
