GPUFlux:0.5766666666666667
FluxSceneSerializer:0.4633333333333333
ByteArray:0.43333333333333335
GPUFluxLightModel:0.39666666666666667
GPUFluxLightTracer:0.17333333333333334
GPUFluxPathTracer:0.17333333333333334
GPUFluxWhittedTracer:0.16444444444444445
