Backoff:0.5966666666666667
HttpRemoteTask:0.4955555555555555
TestBackoff:0.25666666666666665
