NDArrayTests:0.7697222222222223
TwoArrayOps:0.3222222222222222
