Freelancer:0.9266666666666666
Datenuebernahme:0.3433333333333333
FreelancerBackingBeanDataModel:0.31333333333333335
