ObjectKeys:0.426626984126984
DefaultProfileCoreProcessor:0.37666666666666665
LdapModuleImpl:0.36333333333333334
