ContextAttribs:0.5233333333333333
ContextCapabilitiesGenerator:0.5
JavaMethodsGenerator:0.46
ARB_framebuffer_object:0.17666666666666667
