ShadowMap:0.8166666666666667
CursorAdapterTest:0.30666666666666664
ShadowMapTest:0.15666666666666668
