Word2Vec:0.5266666666666666
Builder:0.3933333333333333
TextPipeline:0.37166666666666665
Word2VecTest:0.27
WordsListToVocabWordsFunction:0.23444444444444448
SequenceVectors:0.0
