PhysicalCondition:0.3725
MakingSoy:0.3466666666666667
Cooking:0.34
NotificationBox:0.2711111111111111
MakeSoy:0.25333333333333335
DrinkSoymilk:0.22333333333333333
FreshSoymilk:0.21666666666666667
