ModuleContext:0.31
ComponentNameAlreadyInUseException:0.2733333333333333
ComponentDefinitionException:0.20333333333333334
ComponentMetadata:0.17333333333333334
ModuleContextListener:0.12333333333333334
ParameterSpecification:0.05333333333333334
ModuleContextEventConstants:0.0
