ResponseHeaders:0.61
HttpEngine:0.36666666666666664
HttpURLConnectionImpl:0.36333333333333334
HttpTransport:0.2633333333333333
SpdyTransport:0.22333333333333333
