Interfaces:0.5166666666666667
XmlConfigBuilder:0.3333333333333333
ClusterTest:0.30666666666666664
BaseVariables:0.2833333333333333
AddressPicker:0.19666666666666668
