LoadANNIEWithoutDefaultsAction:0.5432936507936508
LoadANNIEWithDefaultsAction:0.5432936507936508
