SimpleTest:0.3933333333333333
ContainerHostNameTest:0.10333333333333333
DnsServerTest:0.10333333333333333
CliJobCreationTest:0.09333333333333334
CliDeploymentTest:0.09333333333333334
JobWatchExactTest:0.09333333333333334
JobListTest:0.09333333333333334
ConfigFileJobCreationTest:0.09333333333333334
MultiplePortJobTest:0.09333333333333334
JobWatchTest:0.09333333333333334
EnvironmentVariableTest:0.09333333333333334
