Http2ServerRequestImpl:0.3466666666666667
Http2Test:0.33916666666666667
HttpServerRequestImpl:0.2966666666666667
HttpServerRequest:0.2833333333333333
