MainFrame:0.6433333333333333
ExitGateAction:0.21333333333333335
GateConstants:0.18833333333333332
