ClientCalls:0.4033333333333333
TestServiceStub:0.305
WorkerStub:0.285
AbstractBenchmark:0.2833333333333333
StreamObserverToCallListenerAdapter:0.24
RouteGuideStub:0.22166666666666668
