UrlManager:0.6033333333333334
BrowserUrlLauncher:0.56
GOBrowser:0.38
NodeInfoView:0.25666666666666665
