ModelCommonPanel:0.4777777777777778
ModelNameListener:0.3413333333333334
WebServiceCommonPanel:0.26666666666666666
TargetNameListener:0.09333333333333334
