Json:0.5822222222222222
Slider:0.49
AudioTools:0.3283333333333333
