CacheProxy:0.5633333333333334
JmxRegistration:0.41
JCacheStatisticsMXBean:0.29
CacheManagerImpl:0.2733333333333333
Async:0.15333333333333332
JCacheLoaderAdapter:0.08333333333333333
