BackgroundPoster:0.49
SubscribeUnsubscribeThread:0.4033333333333333
AbstractEventBusTest:0.4033333333333333
EventBusMainThreadRacingTest:0.30666666666666664
