Vertx:0.41333333333333333
VertxImpl:0.2966666666666667
HttpServerOptions:0.29
VertxTestBase:0.22666666666666666
TCPSSLOptions:0.21333333333333335
TransportTest:0.20333333333333334
NetServerOptions:0.17
NetClientOptions:0.16
HttpClientOptions:0.16
ClientOptionsBase:0.13333333333333333
CoreExamples:0.09333333333333334
