Panel3D:0.6222222222222222
RrCSG:0.5566666666666666
ReprapTest:0.3433333333333333
