JDBCDataStore:0.7212222222222222
PostgresDataStore:0.43305555555555564
