TextView:0.46
EditText:0.42
DropDown:0.4033333333333333
Carbon:0.3233333333333333
DropDownMenu:0.29
IconDropDownRow:0.15
CheckableAdapter:0.01
CheckableViewHolder:0.0033333333333333335
