WizardUtils:0.7133333333333334
GettingStartedPage:0.35333333333333333
