Shape:0.7333333333333333
Materialisation:0.4033333333333333
ShapePreviewDialog:0.2966666666666667
TestMaterialisation:0.16333333333333333
