BitcoinSerializer:0.53
Peer:0.4866666666666667
TCPNetworkConnection:0.3
LazyParseByteCacheTest:0.25333333333333335
BitcoinSerializerTest:0.23
TestUtils:0.12333333333333334
