Project:0.5766666666666667
Log:0.5433333333333333
ProjectXMLHelper:0.24333333333333335
ProjectTest:0.22666666666666666
ProjectXMLHelperTest:0.20666666666666667
