Email:0.79
SendMailSession:0.29
EmailGreenTest:0.22666666666666666
InlineVsContentTest:0.057777777777777775
