AstVisitor:0.5622222222222223
CreateTable:0.4533333333333333
TestStatementBuilder:0.22
TransportSQLAction:0.15333333333333332
