JUnit5TestEngine:0.57
EngineDescriptor:0.4066666666666667
EngineExecutionContext:0.014071428571428572
