DuelFieldDataTests:0.5816666666666667
AbstractStringFieldDataTests:0.4666666666666667
AbstractCompressedStreamTests:0.4
