ModuleErrorAndWarningListPane:0.7033333333333334
ProcessListPane:0.6333333333333333
