URLConverter:0.38333333333333336
URIConverter:0.38333333333333336
TypeConverterTests:0.22666666666666666
