HttpRequestBuilder:0.54
QueueFile:0.42
HttpClients:0.318
CallbackResponseHandler:0.2
RestHandler:0.1877777777777778
GsonResponseHandler:0.17
Fetcher:0.13666666666666666
RestAdapter:0.08603174603174603
