ISphereHelper:0.5336666666666666
SpooledFile:0.4583333333333333
InfoDetail:0.3933333333333333
