KerasConvolution1D:0.5333333333333333
KerasConvolution2D:0.5333333333333333
KerasLayerUtils:0.39222222222222225
