Mvcs:0.7733333333333333
NutConfig:0.7366666666666667
SessionProvider:0.47333333333333333
NutLoading:0.23333333333333334
NutServlet:0.17666666666666667
NutFilter:0.17666666666666667
AbstractNutConfig:0.11
