AbstractTestQueries:0.611111111111111
WindowNode:0.5966666666666667
Visitor:0.36
ChildReplacer:0.20333333333333334
TestEffectivePredicateExtractor:0.20333333333333334
Rewriter:0.16666666666666666
