DrivingQueryItemReader:0.6883333333333334
CommonItemStreamItemReaderTests:0.20333333333333334
