MethodRebaseResolver:0.5566666666666666
MethodNameTransformer:0.37166666666666665
MethodsOnly:0.19333333333333333
Enabled:0.17666666666666667
AbstractBase:0.16333333333333333
Default:0.16333333333333333
MethodRebaseResolverResolutionForRebasedMethodTest:0.15666666666666668
MethodRebaseResolverMethodNameTransformerSuffixingTest:0.11666666666666667
MethodRebaseResolverMethodNameTransformerPrefixingTest:0.11666666666666667
MethodRebaseResolverResolutionPreservedTest:0.11
