MemoryStats:0.75
LocalMemoryStatsImpl:0.5066666666666667
DefaultMemoryStats:0.24666666666666667
DefaultNodeExtension:0.20833333333333334
HealthMetrics:0.18333333333333332
LocalMemoryStatsImplTest:0.18
