AuthorizationFrameworkTest:0.5633333333333334
IteratorReader:0.4166666666666667
TagEntry:0.32666666666666666
