AdminModule:0.8166666666666667
AbstractAdminModule:0.57
ManageRuntimeStatisticsController:0.3233333333333333
AbstractFolderModuleMBean:0.23666666666666666
BaseFolderModule:0.20666666666666667
WebKeys:0.07333333333333333
