ClassFilter:0.58
EngineIdFilter:0.4666666666666667
TestDiscoveryRequestBuilder:0.4216666666666667
JUnit5:0.3466666666666667
JUnit4TestEngineDiscoveryTests:0.2966666666666667
UsingTheLauncherDemo:0.15333333333333332
FilterCompositionTests:0.14666666666666667
DefaultLauncherTests:0.14333333333333334
ClassFilterTests:0.11333333333333333
