InternalTestCluster:0.4166666666666667
BigArrays:0.38166666666666665
TestCluster:0.32
NodeStats:0.31333333333333335
HierarchyCircuitBreakerService:0.30833333333333335
ExternalTestCluster:0.24
ClusterDynamicSettingsModule:0.22333333333333333
CompositeTestCluster:0.20666666666666667
