AzureStorageService:0.5733333333333334
Repository:0.5011111111111112
Storage:0.5011111111111112
AzureStorageServiceMock:0.33
AzureStorageServiceImpl:0.3
AzureBlobContainer:0.2733333333333333
AzureRepository:0.23333333333333334
AzureSnapshotRestoreTests:0.21
AzureRepositoryModule:0.20666666666666667
AzureBlobStore:0.15
AzureRepositoryPlugin:0.14666666666666667
AbstractAzureRepositoryServiceTestCase:0.13666666666666666
