KerasLayer:0.73
KerasModel:0.3933333333333333
KerasModelImport:0.31333333333333335
KerasSequentialModel:0.2327777777777778
