DigestProcessingFilterTests:0.37
FilterInvocationTests:0.3425
BasicProcessingFilterTests:0.33866666666666667
RememberMeProcessingFilterTests:0.33172222222222225
ChannelProcessingFilterTests:0.33172222222222225
SecurityEnforcementFilterTests:0.33
ConcurrentSessionControllerImplTests:0.33
TokenBasedRememberMeServicesTests:0.3286666666666667
PathBasedFilterDefinitionMapTests:0.31505555555555553
HttpSessionContextIntegrationFilterTests:0.31505555555555553
AuthenticationProcessingFilterTests:0.31505555555555553
RegExpBasedFilterDefinitionMapTests:0.31505555555555553
AuthenticationProcessingFilterEntryPointTests:0.31333333333333335
AnonymousProcessingFilterTests:0.3050555555555556
ContextHolderAwareRequestWrapperTests:0.2886666666666666
CasProcessingFilterEntryPointTests:0.28505555555555556
RetryWithHttpEntryPointTests:0.2733333333333333
RetryWithHttpsEntryPointTests:0.2733333333333333
DigestProcessingFilterEntryPointTests:0.2703333333333333
SecureChannelProcessorTests:0.25972222222222224
InsecureChannelProcessorTests:0.25972222222222224
HttpRequestIntegrationFilterTests:0.2397222222222222
CasProcessingFilterTests:0.2397222222222222
BasicProcessingFilterEntryPointTests:0.23638888888888887
ChannelDecisionManagerImplTests:0.22638888888888886
FilterSecurityInterceptorTests:0.22638888888888886
