AbstractTriggerTemplate:0.6333333333333333
SelectFromTableSource:0.48444444444444446
FirebirdTriggerTemplate:0.27666666666666667
