AwsSigner:0.5233333333333333
InternalAwsS3Service:0.4
AwsEc2Service:0.2833333333333333
AWSSignersTests:0.18333333333333332
