Scope:0.6566666666666666
DomainImpl:0.5305555555555556
AllTests:0.2966666666666667
