DISPPARAMS:0.66
COMBindingBaseObject:0.38
CallbackProxy:0.2833333333333333
ComEventCallbacks_Test:0.2633333333333333
DWebBrowserEvents2_Listener:0.205
HybdridCOMInvocationTest:0.18944444444444444
