MediaDriver:0.45666666666666667
ClientContext:0.3933333333333333
ClientConductor:0.3
AeronTest:0.25
CommonContext:0.22666666666666666
SubUnicastTest:0.20333333333333334
PubAndSubUnicastTest:0.20333333333333334
PubUnicastTest:0.20333333333333334
