BaseDataSetIterator:0.30333333333333334
PortableDataStreamMultiDataSetIterator:0.2733333333333333
PathSparkMultiDataSetIterator:0.2733333333333333
PortableDataStreamDataSetIterator:0.25333333333333335
PathSparkDataSetIterator:0.25333333333333335
