RedirectAuthenticationEntryPoint:0.5233333333333333
RedirectAuthenticationSuccessHandler:0.30666666666666664
RedirectAuthenticationSuccessHandlerTests:0.30333333333333334
RedirectAuthenticationEntryPointTests:0.3
SecurityContextRepositoryLogoutHandler:0.20333333333333334
