AbstractTestQueries:0.6283333333333333
QueryPlanner:0.38666666666666666
Visitor:0.37416666666666665
