Util:0.64
WebserviceBean:0.3588888888888889
ApplicationEntityManagerImpl:0.3333333333333333
BusinessEntityManagerImpl:0.2966666666666667
MetadataEntityManagerImpl:0.26
