RestAssuredConfig:0.49
XmlPathTest:0.36
StressITest:0.21
ResponseBuilder:0.18333333333333332
CloseHTTPClientConnectionInputStreamWrapper:0.17666666666666667
FileDownloadITest:0.07
