Response:0.47600000000000003
Request:0.47
HttpResponseCacheTest:0.38333333333333336
Connection:0.32766666666666666
Builder:0.3178888888888889
HttpEngine:0.23666666666666666
RecordedResponse:0.21666666666666667
ChunkedInputStream:0.21
HttpTransport:0.21
HttpURLConnectionImpl:0.20666666666666667
RealResponseBody:0.15666666666666668
Job:0.15333333333333332
ParsedHeaders:0.14
HeadersTest:0.11
SpdyTransport:0.09
