MaxCore:0.588
Version:0.2683333333333333
MaxStarterTest:0.24666666666666667
