ServerXMLObjectAttribute:0.45
ARINCModelFactory:0.36333333333333334
TreeEditorHelper:0.3233333333333333
JFXStyleSetExtractionActionTest:0.2811111111111111
SwingStyleSetExtractionActionTest:0.24333333333333335
UIComponentsFactory:0.23333333333333334
DefaultClientXMLDFHandler:0.21666666666666667
NoServiceMonitorRenderer:0.2116666666666667
