XmlFlowBuilder:0.6533333333333333
BaseFlowBuilder:0.35
XmlFlowFactoryBean:0.3333333333333333
AbstractXmlFlowExecutionTests:0.17666666666666667
