ClientLockProxy:0.6797222222222223
LockPortableHook:0.41833333333333333
