MainDesktopPane:0.4633333333333333
AudioPlayer:0.38333333333333336
OGGSoundClip:0.32666666666666666
SoundConstants:0.016666666666666666
