GapScanner:0.3333333333333333
DriverConnection:0.29333333333333333
LossHandler:0.2833333333333333
LossHandlerTest:0.27666666666666667
LogRebuilder:0.23333333333333334
GapScannerTest:0.23
FrameDescriptor:0.21
LogRebuilderTest:0.155
LogBufferPartition:0.15333333333333332
LogBufferDescriptor:0.12
MetaDataViewer:0.11666666666666667
GapHandler:0.0
