MProxyImpl:0.38333333333333336
MProxyReal:0.28
ConcurrentMapManager:0.2733333333333333
FactoryImpl:0.23
MLock:0.18333333333333332
ClusterLockTest:0.07666666666666666
IsKeyLockedOperationHandler:0.06166666666666667
