IPAddrRange:0.8933333333333333
IPPollRange:0.35
IPPollAddress:0.25666666666666665
