MultiLayerNetwork:0.5
OutputLayer:0.41
AutoEncoder:0.3433333333333333
BaseLayer:0.23
RBMTests:0.20666666666666667
DefaultLayerFactory:0.19333333333333333
Dropout:0.173
