Default:0.5066666666666667
InitializationStrategy:0.43
NativeMethodStrategy:0.2866666666666667
AgentBuilderDefaultNativeMethodStrategyTest:0.23333333333333334
ForPrefix:0.2
