RpcInvocation:0.82
Invocation:0.7533333333333333
MockInvocation:0.2633333333333333
AbstractInvoker:0.21
GenericFilter:0.15333333333333332
ChannelWrappedInvoker:0.14333333333333334
DubboInvoker:0.14
