Edge:0.4
ReferenceGraph:0.36666666666666664
CycleFinderTest:0.33
TypeCollector:0.3075
CycleFinder:0.17777777777777778
Tarjans:0.16666666666666666
Vertex:0.09333333333333334
