GLSLDisplay:0.6533333333333333
LightShaderConfiguration:0.33666666666666667
GLSLSkyLight:0.24666666666666667
GLSLPointLight:0.23333333333333334
GLSLSkyLightShadow:0.20333333333333334
GLSLSpotLight:0.20333333333333334
ProcessLightingPass:0.19
GLSLSunSky:0.18
ShaderOGL:0.17333333333333334
ToneMappingPass:0.13
CacheScenePass:0.10666666666666667
DrawSkyPass:0.10333333333333333
StaticTonemappingShader:0.07333333333333333
BlaTonemappingShader:0.05333333333333334
