AzureModule:0.49666666666666665
AzureComputeServiceImpl:0.4266666666666667
CloudAzurePlugin:0.17666666666666667
AzureSettingsFilter:0.02
AzureDiscoveryModule:0.005
AbstractAzureTest:0.0
