Formatter:0.46
AstVisitor:0.43
Table:0.3233333333333333
TestStatementBuilder:0.25333333333333335
GenericProperty:0.21333333333333335
GenericProperties:0.20694444444444446
