BackTrackLineSearch:0.6583333333333333
BaseOptimizer:0.45
ListenerTest:0.41333333333333333
