JChemPaint:0.7533333333333333
JCPMenuTextMaker:0.43333333333333335
