ResourceSession:0.5305555555555557
AbstractBinderProcessor:0.44333333333333336
SimpleProfiler:0.3433333333333333
FileHelper:0.2633333333333333
AbstractFolderCoreProcessor:0.25
