UserGroupEditor:0.6166666666666667
RenameUserAction:0.21444444444444447
CreateUserAction:0.19111111111111112
Add2GroupAction:0.17111111111111113
RemoveFromGroupAction:0.17111111111111113
