AbstractTable:0.46
AbstractNamed:0.3616666666666667
TableFieldImpl:0.335
PackageImpl:0.33
SchemaImpl:0.26666666666666666
SequenceImpl:0.24666666666666667
IndexImpl:0.21666666666666667
UDTImpl:0.21333333333333335
