IssueSearchQuery:0.65
SearchForm:0.43333333333333335
IssueDAOImpl:0.30666666666666664
SearchIssuesAction:0.2377777777777778
SearchIssuesFormAction:0.16333333333333333
