CachingCassandraSchemaProvider:0.6766666666666666
TestCachingCassandraSchemaProvider:0.3433333333333333
CassandraPartitionManager:0.20666666666666667
