ClientCacheHelper:0.5766666666666667
AbstractHazelcastCacheManager:0.43833333333333335
HazelcastClientCacheManager:0.38
ClientCacheHelperTest:0.2833333333333333
ClientCacheProxyFactory:0.25166666666666665
