ClassInfo:0.65
DynamicArea:0.32666666666666666
LDC_W:0.25777777777777783
LDC:0.24333333333333335
InternStringEntry:0.12333333333333334
