TieBreakingPrioritizedRunnable:0.7183333333333334
PrioritizedEsThreadPoolExecutor:0.4533333333333333
PrioritizedExecutorsTests:0.08
