Preconditions:0.6433333333333333
ConstantContactTokenExtractor:0.2833333333333333
OAuth2AccessTokenJsonExtractor:0.27
AbstractOAuth1TokenExtractor:0.26666666666666666
GoogleJsonTokenExtractor:0.16
