RecordingFragmentReader:0.5366666666666666
ReplaySession:0.52
ReplaySessionTest:0.33666666666666667
RecordingSessionTest:0.2
