BuildingManager:0.7
Trade:0.36333333333333334
ConstructionValues:0.27777777777777773
BuildingConstructionMission:0.22333333333333333
