Person:0.7066666666666667
Mind:0.6633333333333333
