MockFSDirectoryService:0.7522222222222222
VersionsTests:0.5716666666666667
