ReplicatedMapEntries:0.5266666666666666
ReplicatedMapProxy:0.3233333333333333
ReplicatedMapTest:0.3
PutAllOperation:0.22666666666666666
ReplicatedMapPortableHook:0.18599999999999997
ReplicatedMapEntrySetMessageTask:0.14
DescendingComparator:0.13694444444444445
