BaseCluster:0.4633333333333333
PooledConnectionProvider:0.41333333333333333
DefaultServer:0.3933333333333333
