StaticPageUtil:0.59
EvaluationTools:0.4022222222222222
EvaluationToolsTests:0.22355555555555554
