Strand:0.65
TransferChannel:0.4666666666666667
Channels:0.37666666666666665
ChannelTest:0.27666666666666667
