PropertyMapper:0.7133333333333334
Tools:0.5833333333333334
AuditEventListener:0.36333333333333334
CollectionChangeWorkUnit:0.18333333333333332
AddWorkUnit:0.16
AbstractCollectionMapper:0.15666666666666668
PersistentCollectionChangeWorkUnit:0.11666666666666667
MultiPropertyMapper:0.11
ComponentPropertyMapper:0.11
DelWorkUnit:0.10666666666666667
SinglePropertyMapper:0.09333333333333334
SubclassPropertyMapper:0.08666666666666667
AbstractAuditWorkUnit:0.08333333333333333
ToOneIdMapper:0.08
ModWorkUnit:0.07666666666666666
OneToOneNotOwningMapper:0.03
ExtendedPropertyMapper:0.0
