LdapAuthenticationProvider:0.8166666666666667
LdapAuthenticationProviderTests:0.32666666666666666
MockAuthenticator:0.28
MockAuthoritiesPopulator:0.28
