WebKeys:0.5405555555555556
AjaxController:0.5333333333333333
InlineHelpTag:0.3433333333333333
