Area:0.81
CollapsingRestorer:0.35333333333333333
CollapsingSerializer:0.32
UndoRestorer:0.2833333333333333
