TestTemplateTestDescriptor:0.45
TestTemplateInvocationTests:0.44333333333333336
MethodTestDescriptor:0.41333333333333333
