RoundRobinLoadBalancer2Test:0.66
MockFrameReader:0.44666666666666666
MockStreamListener:0.3333333333333333
