Int:0.42
Str:0.37
HangingProtocol:0.23666666666666666
HPCategorySpi:0.23666666666666666
ContentHandlerAdapter:0.22333333333333333
DcmOF:0.22333333333333333
DcmQR:0.21333333333333335
DcmHPQR:0.21
DcmRcv:0.20333333333333334
Dcm2Jpg:0.2
DcmEcho:0.17666666666666667
DcmMWL:0.17666666666666667
DcmSnd:0.17333333333333334
DcmGPWL:0.17333333333333334
ImagePlaneSelector:0.12
Flt:0.10333333333333333
Dbl:0.10333333333333333
