Association:0.5
AssociationConfig:0.37
DimseRSP:0.32666666666666666
DULProtocolHandler:0.2833333333333333
DULProtocolProvider:0.26666666666666666
AAssociateRQAC:0.24777777777777782
PDVInputStream:0.2475
AssociationHandlerFilter:0.21333333333333335
AssociationRequestor:0.21333333333333335
AssociationAcceptor:0.17166666666666666
AbstractAssociationHandler:0.12666666666666668
Client:0.10166666666666667
Sta7:0.06
Sta5:0.05333333333333334
AssociationRequestorHandler:0.051666666666666666
Sta11:0.03666666666666667
Sta10:0.03666666666666667
DimseRSPHandler:0.03666666666666667
Sta9:0.03666666666666667
PipedInputStream:0.03333333333333333
DimseRSPHandlerAdapter:0.016666666666666666
AssociateRJException:0.0033333333333333335
ReleasedException:0.0
