HiveClient:0.6266666666666667
AbstractTestHiveClient:0.2966666666666667
HiveSplitIterable:0.26
TestHiveClientSplitIteratorBackPressure:0.15333333333333332
TestHiveClient:0.15333333333333332
