BSONCallback:0.8133333333333334
BasicBSONCallback:0.57
LazyBSONCallback:0.24333333333333335
EmptyBSONCallback:0.22
BasicBSONDecoder:0.08333333333333333
NewBSONDecoder:0.05333333333333334
DefaultDBCallback:0.006666666666666667
JSONCallback:0.006666666666666667
