Settings:0.5366666666666666
KeyStoreWrapper:0.43
Builder:0.39
ListKeyStoreCommand:0.13333333333333336
SecureString:0.13
Terminal:0.09666666666666666
TerminalTests:0.05333333333333334
RemoveSettingKeyStoreCommandTests:0.023333333333333334
CreateKeyStoreCommand:0.01722222222222222
AddStringKeyStoreCommand:0.006666666666666667
