Publication:0.38333333333333336
TermUnblocker:0.38
TermUnblockerTest:0.23
LogBufferDescriptor:0.15333333333333332
LogBufferUnblocker:0.09333333333333334
