FlowArtifactParameters:0.47333333333333333
AbstractFlowBuilder:0.4266666666666667
XmlFlowBuilder:0.33
ExternalizedFlowDefinition:0.24
