Collectd:0.6033333333333334
CollectorConfigDao:0.47556349206349213
CollectableService:0.2833333333333333
CollectionSpecification:0.26666666666666666
CollectdConfig:0.26666666666666666
AbstractSpringContextJmxServiceDaemon:0.25666666666666665
CollectdConfigFactory:0.25666666666666665
CollectdIntegrationTest:0.17666666666666667
CollectorConfigDaoStub:0.15333333333333332
NetworkBuilder:0.125
CollectorConfigDaoImpl:0.09333333333333334
