PublicationImage:0.5633333333333334
DriverConductor:0.4866666666666667
ReceiverTest:0.20616666666666666
