RedBlackTree:0.45166666666666666
TreeSet:0.34
TreeMap:0.31666666666666665
RedBlackTreeTest:0.29333333333333333
Node:0.2522222222222222
Empty:0.23333333333333334
