ResourceLoader:0.6133333333333333
TestAttributeSet:0.3433333333333333
DimenResourceLoader:0.2627777777777778
ContextTest:0.22333333333333333
TestAttributeSetTest:0.18333333333333332
AttrResourceLoaderTest:0.13333333333333333
