RBatch:0.7911111111111111
RedissonBatch:0.7218333333333333
