Layout:0.57
Table:0.5033333333333333
List:0.43666666666666665
ComboBox:0.43
Stack:0.39
Label:0.3433333333333333
TextField:0.29
SplitPane:0.2733333333333333
Slider:0.27
Window:0.25
Image:0.23666666666666666
ComboList:0.23
ScrollPane:0.22666666666666666
FlickScrollPane:0.22666666666666666
Widget:0.21
TableLayout:0.19111111111111112
UITest:0.14666666666666667
ProjectiveTextureTest:0.14333333333333334
ShadowMappingTest:0.14333333333333334
MipMapTest:0.13
ImageTest:0.12333333333333334
