PathToken:0.6316666666666667
ArrayIndexFilterTest:0.30333333333333334
ArrayIndexOperation:0.2966666666666667
