IAtomicLong:0.6783333333333333
AtomicLongProxy:0.4066666666666667
ClientAtomicLongProxy:0.3466666666666667
AtomicLongTest:0.23666666666666666
WoohaaException:0.17
ClientAtomicLongTest:0.16666666666666666
AtomicLongPortableHook:0.13666666666666666
FailingFunction:0.08833333333333333
AddOneFunction:0.030873737373737373
