File:0.46
FileSystem:0.42
Instance:0.3933333333333333
PrivateFile:0.3233333333333333
PrivateInstance:0.18948412698412695
StudyOnFileSystem:0.11666666666666667
