ScaledRAFile:0.5
ScaledRAFileSimple:0.47333333333333333
DataFileCache:0.29333333333333333
ScaledRAFileNIO:0.19666666666666666
RAShadowFile:0.19555555555555557
LobStoreRAFile:0.17
DataFileDefrag:0.15
DataFileCacheSession:0.14666666666666667
