AddAnnotation:0.5333333333333333
PubSourceAliasBean:0.2916666666666667
PubServlet:0.24666666666666667
PubSourceBean:0.24333333333333335
PhenotypeBean:0.23027777777777778
StorableAnnotationBeanImpl:0.19333333333333333
AnnotationBeanTest:0.18333333333333332
UpdateAnnotation:0.17666666666666667
AddAnnotationTest:0.17666666666666667
PropagateAnnotationsToGenes:0.14333333333333334
PropagateAnnotation:0.13666666666666666
PubSourceBeanFactory:0.11
