RobolectricTestRunner:0.7833333333333333
RobolectricTestRunnerTest:0.25
Test4:0.09666666666666666
Test3:0.09666666666666666
