EjbcaWebBean:0.46361111111111103
KeyTools:0.44966666666666666
CAAdminSessionBean:0.37333333333333335
CertReqServlet:0.19666666666666666
