StructureConverter:0.4033333333333333
ViewerApplet:0.3566666666666667
SimpleHydrogenAdder:0.31777777777777777
MyStructureDiagramGenerator:0.27111111111111114
NewMoleculeFromNameWizard:0.2
