FolderModule:0.8233333333333334
SiteScapeFileSystemLibrary:0.3433333333333333
FolderModuleImpl:0.3333333333333333
