IndexShard:0.6
IndexStatsIT:0.32666666666666666
GetActionIT:0.31
SimpleNestedIT:0.29333333333333333
ChildQuerySearchIT:0.2833333333333333
SimpleVersioningIT:0.28
IndicesSegmentsRequestTests:0.20666666666666667
