Types:0.4033333333333333
JdtTypes:0.345
ElementUtil:0.28
NameTable:0.27666666666666667
LambdaGenerator:0.27
FunctionBinding:0.22333333333333333
BindingConverter:0.22
JdtExecutableElement:0.22
FunctionInvocation:0.19
JdtElement:0.18166666666666667
JdtTypeElement:0.17333333333333334
JdtTypeParameterElement:0.15333333333333332
FunctionDeclaration:0.14666666666666667
JdtIntersectionType:0.04
