JedisPool:0.8766666666666667
JedisPoolTest:0.04666666666666667
