WxCpServiceImpl:0.5414444444444444
WxMpServiceImpl:0.5414444444444444
