MetaAttribute:0.64
TypeUtils:0.4666666666666667
ImportContextImpl:0.30666666666666664
AnnotationMetaMap:0.2111111111111111
TypeVisitor:0.20333333333333334
XmlMetaAttribute:0.18444444444444444
AnnotationMetaAttribute:0.17
ClassWriter:0.016666666666666666
