TxmUser:0.44333333333333336
ActionFactory:0.4011111111111111
UserManager:0.3566666666666667
TxmI18N:0.32666666666666666
TxmLoginModule:0.3194444444444445
TxmConfig:0.30333333333333334
AdminServiceImpl:0.2733333333333333
AuthenticationServiceImpl:0.2633333333333333
UserTools:0.25
ConcordanceForm:0.24333333333333335
CorpusActionServiceImpl:0.21
HelloServiceImpl:0.18777777777777777
TxmPermission:0.17666666666666667
UIServiceImpl:0.16
SubscribeForm:0.14666666666666667
