TypeRegistry:0.67
RewriteClassAdaptor:0.30333333333333334
SpringLoadedTestsInSeparateJVM:0.2733333333333333
SpringLoadedPreProcessor:0.26
ConstructorCopier:0.15333333333333332
