GraphJModel:0.8233333333333334
MatrixAutomaton:0.49433333333333335
