Synth2Parser:0.5066666666666667
ParsedSynthStyle:0.4033333333333333
UIDefinition:0.37333333333333335
PainterInfo:0.37333333333333335
Widget:0.30333333333333334
Scale:0.2966666666666667
Synth2ParserTest:0.28
LineRenderer:0.27
SymbolRenderer:0.27
Synth2LookAndFeel:0.27
CrownRenderer:0.27
TriangleRenderer:0.27
RectangleRenderer:0.27
ArcCircleRenderer:0.27
SymbolAnimatedRenderer:0.27
PolylineRenderer:0.27
PolarLineRenderer:0.27
ArcEllipseRenderer:0.27
ToggleButtonRenderer:0.25333333333333335
MapHorzContainerRendererTest:0.25
ObjectHandler:0.24666666666666667
MapLegacyRenderer:0.21666666666666667
DefaultARINCUtils:0.21166666666666667
ToSynthConverterAction:0.19666666666666666
AbstractMapItemList:0.19666666666666666
ToggleModel:0.18833333333333332
AbstractUnsizedRenderer:0.17
Drawing:0.16044444444444445
OpenLookDefinitionAction:0.14333333333333334
OpenLookCapacitiesAction:0.14333333333333334
SynthConverterAction:0.14
DecorationPainter:0.0
