Parser:0.4166666666666667
Accessor:0.39666666666666667
Accessors:0.37333333333333335
BoundAccessor:0.26531746031746034
UnresolvableAccessorException:0.26531746031746034
GenerateAttribute:0.2633333333333333
CaseStructure:0.20666666666666667
Imports:0.19
TypeDeclaration:0.1868214285714286
Binder:0.16333333333333333
LocalAccess:0.15
SwissArmyKnife:0.14666666666666667
RunParser:0.04
ValueDeclaration:0.03333333333333333
BoundAccess:0.03333333333333333
Balancing:0.02
Synthetic:0.0
TypeReference:0.0
