AbstractDatabase:0.4666666666666667
GenerationTool:0.43666666666666665
Database:0.4166666666666667
SQLiteDatabase:0.20333333333333334
Plugin:0.12666666666666668
