PasswordPolicyProperties:0.7336666666666667
LdapAuthenticationConfiguration:0.412781746031746
