MediaConductor:0.5333333333333333
ClientProxy:0.5
MediaConductorTest:0.36333333333333334
