SrcFrameHandler:0.6
AdminThread:0.38
ReceiverThreadTest:0.33
SenderThread:0.14583333333333334
BufferManagementStrategy:0.13472222222222222
