RegisteredServiceEditBean:0.39666666666666667
ServiceData:0.38333333333333336
TestUtils:0.35333333333333333
JsonServiceRegistryDaoTests:0.21
DefaultPrincipalAttributesRepository:0.19666666666666666
RegisteredServiceJsonSerializer:0.16
