Frontier:0.8322222222222222
CrawlController:0.3466666666666667
