ManagedAtmosphereHandler:0.6933333333333334
Invoker:0.52
DirectWrite:0.37211111111111106
EncoderDecoderTest:0.20666666666666667
