SyntenyComparaAdapter:0.5366666666666666
SyntenyComparaAdapterGUI:0.5066666666666667
SyntenyAdapterGUI:0.31333333333333335
AlignBlockChooser:0.265
DnaAlignTypesButtonActionListener:0.07888888888888888
