TedSerie:0.6533333333333333
TedParser:0.3
SeasonEpisodeScheduler:0.2866666666666667
TedConfigDialog:0.2816666666666667
TedTable:0.27666666666666667
TedMainDialog:0.24333333333333335
