ConsensusModuleHarness:0.7333333333333333
RecordingCatchUp:0.42
MultiNodeTest:0.33416666666666667
