Decoder:0.7453333333333333
Mpg123Decoder:0.59
AudioTools:0.44333333333333336
Mpg123Test:0.19
