Synth2Parser:0.53
Synth2CSSParser:0.4266666666666667
ColorFilter:0.42333333333333334
