TransferManager:0.6933333333333334
UploadCallable:0.22666666666666666
AwsHostNameUtils:0.165
UploadPartRequestFactory:0.13888888888888887
