TreeView:0.25583333333333336
Experiment:0.25333333333333335
Database:0.25333333333333335
Project:0.23333333333333334
Assay:0.19666666666666666
Activator:0.12333333333333334
