JChemPaintPanel:0.49666666666666665
RenderPanel:0.25666666666666665
JChemPaintAbstractApplet:0.07666666666666666
JChemPaintEditorApplet:0.03472222222222222
