HiveClientConfig:0.47333333333333333
HivePageSink:0.3
HivePageSinkProvider:0.26
HiveWriter:0.22666666666666666
HiveFileWriter:0.17666666666666667
TestHiveClientConfig:0.17333333333333334
