Colony:0.4533333333333333
Player:0.43666666666666665
Tile:0.42333333333333334
FoundingFather:0.33066666666666666
ImageLibrary:0.32031746031746033
Game:0.25
Canvas:0.24166666666666667
ColonyTile:0.22333333333333333
MapGenerator:0.2
GUI:0.19333333333333333
InGameController:0.15333333333333332
InGameInputHandler:0.13
