Grammar:0.6233333333333333
LexerGrammar:0.4862222222222222
TestRewriteAST:0.39
Tool:0.25
SemanticPipeline:0.22833333333333333
TestTokenTypeAssignment:0.21
BasicSemanticChecks:0.18
