ConsolePlugin:0.48
ErrorMatcher:0.4266666666666667
CommandOutputParser:0.35
StreamThread:0.17666666666666667
