JSONLexerBase:0.6827777777777777
JSONScanner:0.4266666666666667
JSONReaderScanner:0.39666666666666667
