SystemUtil:0.53
BeanTool:0.5233333333333333
BeanCopyTest:0.11666666666666667
