AndroidTranslator:0.45666666666666667
ProxyDelegatingHandler:0.4066666666666667
ProxyDelegatingHandlerTest:0.24666666666666667
TestFakeView:0.18
AbstractAndroidTestRunner:0.17666666666666667
MetaSheep:0.006666666666666667
TestFakeViewParent:0.0
