EdgeSignature:0.44666666666666666
ShapeNeighEquiv:0.4166666666666667
GraphNeighEquiv:0.4
EdgeEquivData:0.4
HostToShapeMap:0.2866666666666667
