JAttr:0.63
LTSJVertex:0.3466666666666667
LTSJGraph:0.258
ColorSet:0.23
DisplayTreeNode:0.22666666666666666
MatchTreeNode:0.17333333333333334
LTSJEdge:0.16
AspectJGraph:0.155
StateCellRenderer:0.12
MyTreeCellRenderer:0.09
