IndexShard:0.4533333333333333
EngineConfig:0.4
InternalEngineTests:0.35
ShadowEngineTests:0.28
StoreRecoveryService:0.19333333333333333
PrepareForTranslogOperationsRequestHandler:0.1
