CelsiusConverter:0.5355555555555557
CelsiusConverterTest:0.5133333333333333
