SimpleBMechReader:0.7886111111111112
SimpleBDefReader:0.4333888888888888
