Vertx:0.47333333333333333
ContextImpl:0.3466666666666667
VertxImpl:0.31666666666666665
EventBusImpl:0.23666666666666666
VertxInternal:0.23327777777777778
ExecuteBlockingTest:0.15833333333333333
BlockingAction:0.14333333333333334
