GeoIpProcessorFactoryTests:0.4066666666666667
Factory:0.2966666666666667
IngestGeoIpPlugin:0.17
