DbfFile:0.44333333333333336
DbfFieldDef:0.25333333333333335
ShapefileWriter:0.22666666666666666
SelectFileOptionsPanel:0.18333333333333332
InstallStandardDataSourceQueryChoosersPlugIn:0.17061111111111113
LayerPropertiesPlugIn:0.16115079365079366
InfoPanel:0.145
ShapefileReader:0.13333333333333333
DbfFileWriter:0.12
OpenJumpConfiguration:0.11
