SnmpPeer:0.6933333333333334
SnmpPduPacket:0.5866666666666667
SnmpSession:0.3433333333333333
SessionHandler:0.24333333333333335
