ReflectionHelpers:0.5222222222222221
RobolectricTestRunner:0.35333333333333333
ShadowLooper:0.26
DrawableResourceLoaderNoRunnerTest:0.19333333333333333
SdkEnvironment:0.17777777777777776
ReflectionHelpersTest:0.17
ShadowMediaStore:0.14666666666666667
RobolectricTestRunnerSelfTest:0.13666666666666666
ViewTreeObserverTest:0.13666666666666666
