Isotope:0.4666666666666667
Element:0.34
ElementTest:0.3
IsotopeTest:0.22666666666666666
