ApplicationEntityManagerImpl:0.4533333333333333
WebserviceBean:0.235
KuwaibaService:0.20666666666666667
WebserviceBeanImpl:0.2
SyncRunnerService:0.13666666666666666
