DefaultClassifier:0.6255000000000001
BMechGenerator:0.38162698412698415
