AbstractBlackBoxTestCase:0.503611111111111
NDEFTextParsedResult:0.4
NDEFURIParsedResult:0.31166666666666665
