DomNode:0.7133333333333334
DomCharacterData:0.35333333333333333
CharacterDataChangeListener:0.29
MutationObserver:0.10333333333333333
MutationRecord:0.04833333333333333
CharacterDataChangeEvent:0.02666666666666667
