ClientReliableTopicTest:0.37333333333333335
ReliableTopicAbstractTest:0.36333333333333334
ReliableTopicCreateTest:0.34
LossToleranceTest:0.18
DurableSubscriptionTest:0.16333333333333333
