PriorityRating:0.530952380952381
SWDownloadFile:0.4533333333333333
