DriverConductor:0.54
ReceiverProxy:0.42333333333333334
DriverConductorTest:0.42333333333333334
Context:0.38333333333333336
