TestRunner:0.5933333333333334
BaseTestRunner:0.5822222222222222
BaseTestRunnerTest:0.32
MockRunner:0.16333333333333333
DoesntExtendTestCase:0.02666666666666667
