DecoraManagerTest:0.4
DecoraExceptionTest:0.30222222222222217
DecoraServletFilterInitTest:0.26666666666666666
PageRegionExtractorTest:0.25
DecoraRequestWrapperTest:0.25
DecoraParserTestDecoratedPageTest:0.19333333333333333
DecoratorTagVisitorTest:0.17333333333333334
DecoraResponseWrapperTest:0.13
