Printer:0.7013333333333334
Reprap:0.47
Producer:0.25333333333333335
NullCartesianMachine:0.23666666666666666
GenericStepperMotor:0.22833333333333333
CalibrateZAxis:0.21333333333333335
RequestSeekResponse:0.18
