PyXRange:0.5666666666666667
__builtin__:0.46
BuiltinFunctions:0.28777777777777774
itertools:0.22
GroupBy:0.16333333333333333
