MongoCollectionView:0.631388888888889
Fixture:0.3233333333333333
MongoClientImpl:0.20333333333333334
MongoClients:0.17777777777777778
MongoCollectionImpl:0.17666666666666667
MongoDatabaseImpl:0.16333333333333333
CollectionAdministrationImpl:0.07333333333333333
DatabaseAdministrationImpl:0.07333333333333333
ClientAdministrationImpl:0.05333333333333334
