RuleEffect:0.5866666666666667
ExprParser:0.46
MergeMap:0.4266666666666667
RuleApplication:0.37333333333333335
FieldExpr:0.3413333333333334
BasicEvent:0.33666666666666667
ExprTree:0.2966666666666667
AspectEdge:0.2941666666666667
BasicEventCache:0.2833333333333333
ExprLexer:0.27666666666666667
Condition:0.24361111111111114
Index:0.24333333333333335
AbstractRuleEvent:0.22
AspectGraph:0.21166666666666667
LabelValue:0.19333333333333333
ShapeRuleApplication:0.18
NestedIterator:0.17333333333333334
ExpressionTest:0.15333333333333332
DFA10:0.14666666666666667
Level3:0.14333333333333334
MatchApplier:0.085
Predicate_ruleevent_created_edge:0.08
Predicate_ruleevent_created_node:0.08
Predicate_ruleevent_erased_edge:0.08
Predicate_ruleevent_erased_node:0.08
Values:0.03666666666666667
typedFieldOrVar_return:0.0025
assignment_return:0.0025
test_expression_return:0.0025
fieldOrVar_return:0.0025
