HtmlElement:0.52
HtmlAnchor:0.4166666666666667
HtmlOption:0.23
HtmlButton:0.22333333333333333
HtmlCheckBoxInput:0.18333333333333332
HtmlArea:0.17333333333333334
HtmlRadioButtonInput:0.16666666666666666
HtmlImageInput:0.13
HtmlSubmitInput:0.11666666666666667
HtmlImage:0.09666666666666666
HtmlResetInput:0.023333333333333334
