VFSBrowser:0.6633333333333333
SearchDialog:0.3566666666666667
BrowserHandler:0.27666666666666667
VFSFileChooserDialog:0.26
MultiFileActionHandler:0.17111111111111113
