LceViewState:0.3393333333333333
AbsParcelableLceViewState:0.2966666666666667
ViewStateManager:0.25666666666666665
CountriesAdapter:0.21333333333333335
CountriesPresenter:0.18666666666666668
AbsLceViewState:0.18333333333333332
ArrayListLceViewState:0.14666666666666667
MvpBasePresenter:0.14666666666666667
MvpViewStateFragment:0.13333333333333333
FragmentContainerActivity:0.11444444444444443
MainActivity:0.11
