HllState:0.43666666666666665
HyperLogLogDistinctAggregation:0.3466666666666667
HyperLogLogDistinctAggregationTest:0.3
Murmur3Hash:0.28
