Scenario1:0.2966666666666667
ScenarioRoot:0.27
ScenarioBeta:0.26666666666666666
Scenario4:0.25
ScenarioAlpha:0.19333333333333333
