WebClient:0.59
Window:0.51
StringWebResponse:0.47
DocumentTest:0.3566666666666667
HTMLIFrameElementTest:0.24333333333333335
WebClientTest:0.23
HtmlFrameSetTest:0.22333333333333333
Document:0.19416666666666665
HTMLParserTest:0.16333333333333333
