List:0.43333333333333335
Label:0.3333333333333333
Image:0.3
Window:0.2633333333333333
Button:0.26
TextField:0.26
SplitPane:0.25666666666666665
ComboBox:0.25
Slider:0.21
CheckBox:0.16
Widget:0.15
TableLayout:0.14666666666666667
