Linker:0.5166666666666667
DaggerObjectGraph:0.48
ObjectGraph:0.33666666666666667
FullGraphProcessor:0.25666666666666665
