Builder:0.5
Assignments:0.49
TestLogicalPlanner:0.41333333333333333
PlanOptimizers:0.2966666666666667
