STF:0.7666666666666667
STFBotShell:0.6577777777777778
SessionView:0.38
STFTest:0.2966666666666667
TestMenuRefactor:0.28
SessionViewImp:0.24
STFBotShellImp:0.22
TestHandleContacts:0.21
TestSessionView:0.21
TestShareProjectUsingExistingProject:0.19666666666666666
TestSVNStateInitialization:0.19666666666666666
TestFileOperations:0.19
ContextMenuWrapperImp:0.19
TestSVNStateUpdates:0.17
MakeOperationConcurrently:0.15333333333333332
TestParallelInvitationWithTerminationByInvitees:0.08333333333333333
TestShare3UsersSequentially:0.05333333333333334
TestShare3UsersConcurrently:0.05333333333333334
