MassNumberDifferenceTest:0.48333333333333334
IPBondLearningTest:0.48333333333333334
