SocketIOClient:0.675
XHRPollingTransport:0.42333333333333334
SocketIOServer:0.23
SocketIOPipelineFactory:0.18333333333333332
WebSocketTransport:0.15333333333333332
