XmlFileLoaderTest:0.3433333333333333
ResourceLoaderTest:0.29333333333333333
CameraParametersTest:0.2733333333333333
AdapterViewBehavior:0.2633333333333333
ActivityTest:0.25
ContentResolverTest:0.21333333333333335
UriMatcherTest:0.2
TypedArrayTest:0.19666666666666666
ForwardVerifier:0.13666666666666666
