JedisCluster:0.46
BinaryJedisCommands:0.2833333333333333
JedisClusterCommands:0.2833333333333333
BinaryShardedJedis:0.22333333333333333
