GUIUtilities:0.6266666666666667
EnhancedMenuItem:0.3933333333333333
EnhancedCheckBoxMenuItem:0.32666666666666666
