FieldArg:0.5266666666666666
InsnGen:0.39
InstructionRemover:0.26
SimplifyVisitor:0.25333333333333335
