ERDesignerComponent:0.5255555555555556
Java3DEditor:0.31333333333333335
ERDesignerBundle:0.225
CellEditorFactory:0.18666666666666668
DockingHelper:0.14
SpatialIndexWithoutSpatialType:0.1
Helper:0.06666666666666667
EditorFactory:0.016666666666666666
