BaseCryptoToken:0.6333333333333333
CAToken:0.35333333333333333
SoftCryptoToken:0.35
