IChemModelRelay:0.7911111111111111
ControllerHub:0.7166666666666668
