ERDesignerGraph:0.7333333333333333
ERDesignerComponent:0.5166666666666667
MyRenderer:0.30666666666666664
