ExpandingFetchSource:0.6208333333333333
AbstractLoadPlanBuildingAssociationVisitationStrategy:0.5433333333333333
AbstractExpandingFetchSource:0.20333333333333334
