GoogleAccountsServiceResponseBuilder:0.5966666666666667
GoogleAccountsServiceFactory:0.54
GoogleAccountsServiceFactoryTests:0.25666666666666665
