TreeUtil:0.5766666666666667
AutoboxerTest:0.48
ArrayRewriter:0.26666666666666666
