EditShowDialog:0.5022222222222222
ConfigDialog:0.4866666666666667
TedMainDialog:0.4666666666666667
EditShowToolBar:0.22444444444444447
ConfigDialogToolBar:0.16333333333333333
ConfigDialogListener:0.11
