ChadoInstance:0.6730555555555556
ChadoAdapterGUI:0.49333333333333335
JdbcChadoAdapter:0.39
DataInput:0.37666666666666665
ChadoAdapter:0.3333333333333333
ChadoDatabase:0.23666666666666666
DataInputType:0.21666666666666667
SeqType:0.19
XmlConfigFileParser:0.14666666666666667
