RedissonSet:0.5666666666666667
RSetAsync:0.18333333333333332
RSet:0.18333333333333332
RedisCommands:0.014444444444444444
