Database:0.6766666666666666
SQLDBConnection:0.5033333333333333
