Tab:0.8322222222222222
InvoicesTest:0.17666666666666667
