JModel:0.6433333333333333
JGraph:0.5566666666666666
