CoreDao:0.8433333333333334
CoreDaoImpl:0.36666666666666664
BinderModuleImpl:0.35
AbstractResource:0.33
