BuildLoopQueryService:0.32666666666666666
Main:0.32466666666666666
BuildLoopQueryServiceStub:0.29333333333333333
BuildLoopQueryServiceStubTest:0.25
BuildLoopMonitorTest:0.2
ConfigXmlFileServiceTest:0.18333333333333332
BuildLoopMonitor:0.16
BuildLoopQueryServiceTest:0.15
ActiveBuildPageTest:0.13666666666666666
GetActiveBuildInfoControllerTest:0.12333333333333334
ForceBuildControllerTest:0.09666666666666666
BuildLoopController:0.04
BuildLoopControllerTest:0.03
