PAResults:0.47
BuildBDDIR:0.3933333333333333
PAResultSelector:0.30666666666666664
HeapLocationSet:0.19580952380952382
GenRelations:0.16866666666666666
PAProxy:0.14267857142857143
