AddUserPage:0.3333333333333333
UserListPanel:0.31
AddUserForm:0.31
RoleListPanel:0.2966666666666667
AddRolePage:0.2866666666666667
