Virt:0.65
TestEnhancer:0.45666666666666667
MethodInterceptorGenerator:0.20666666666666667
InvocationHandlerGenerator:0.2
DispatcherGenerator:0.17
LazyLoaderGenerator:0.17
