JTabbedPaneLocation:0.6066666666666667
AbstractSemanticRecorderFixture:0.2966666666666667
JTabbedPaneRecorderTest:0.19666666666666666
JTabbedPaneTester:0.17
JTreeRecorderTest:0.1675
TabNotVisibleException:0.15333333333333332
JTabbedPaneRecorder:0.12666666666666668
