GravesLSTM:0.7033333333333334
Dropout:0.44666666666666666
NesterovsUpdater:0.24333333333333335
MultiLayerTestRNN:0.20666666666666667
