BitMappedTrie:0.5233333333333333
ArrayType:0.45666666666666667
VectorTest:0.4
VectorPropertyTest:0.16805555555555554
VectorBenchmark:0.13666666666666666
