MappedObject:0.29333333333333333
MappedObjectClassLoader:0.25333333333333335
MappedObjectTransformer:0.19
MappedHelper:0.15
MappedForeach:0.06
MappedSet:0.056666666666666664
MappedSet3:0.03
MappedSet2:0.03
MappedSet4:0.02666666666666667
MappedObjectUnsafe:0.006666666666666667
