FolderSubmitCtrl:0.5233333333333333
Dcm4JbossFormController:0.21666666666666667
Dcm4JbossController:0.19333333333333333
