ApplicationEntityManager:0.6039722222222224
WebserviceBean:0.56
BusinessRule:0.41333333333333333
ApplicationEntityManagerImpl:0.34
WebserviceBeanRemote:0.27166666666666667
KuwaibaService:0.14666666666666667
Constants:0.11333333333333333
RemoteBusinessRule:0.1
BusinessRuleConstraint:0.03666666666666667
RemoteBusinessRuleConstraint:0.0
