BasicSemanticChecks:0.44666666666666666
Tool:0.42333333333333334
BaseTree:0.37
SemanticPipeline:0.214
UseDefAnalyzer:0.19233333333333336
RewriteRefs:0.15
