MultiUserChatManager:0.49333333333333335
MessagingManager:0.47
MultiChatSession:0.28444444444444444
MessagingAction:0.12
ChatView:0.02666666666666667
