IncomingBatch:0.6966666666666667
DataLoaderService:0.37333333333333335
IncomingBatchService:0.20666666666666667
ManageIncomingBatchListener:0.1988888888888889
BulkSqlException:0.17
DataWriterStatisticConstants:0.006666666666666667
