CNNRegressionModelSummary:0.54
CNNRegressionModel:0.5166666666666667
LinearRegressionModelSummary:0.2633333333333333
CNNRegressionModelTest:0.24666666666666667
