TestHelper:0.6866666666666666
StringsTest:0.5966666666666667
