Handler:0.47138888888888897
Writer:0.4266666666666667
InFrame:0.31333333333333335
MockWebServer:0.21333333333333335
SpdyConnection:0.2122222222222222
Http20Draft09Test:0.20333333333333334
HpackDraft05Test:0.2
Reader:0.19666666666666666
Http20Draft09:0.17333333333333334
Spdy3Test:0.13
ContinuationSource:0.12333333333333334
BaseTestHandler:0.09833333333333333
Huffman:0.0961111111111111
