EventServiceImpl:0.5166666666666667
Worker:0.4583333333333333
StripedExecutor:0.3566666666666667
ExecutionServiceImpl:0.32666666666666666
