Table:0.8366666666666667
OracleTest:0.43333333333333335
AbstractTable:0.3333333333333333
OracleDSL:0.2633333333333333
