Runnable:0.6423253968253968
TestThread:0.49333333333333335
RosterTrackerTest:0.16833333333333333
