EditViewFactory:0.5866666666666667
SetPlaceHierarchy:0.4266666666666667
