EditorScriptContext:0.6866666666666666
ApplyScriptAction:0.36
PropertiesScriptManager:0.19333333333333333
