Cubemap:0.6166666666666667
KTXTextureData:0.27666666666666667
ShaderCollectionTest:0.24333333333333335
KTXTest:0.12333333333333334
