OsgiBundleResource:0.6066666666666667
ContextLoaderListener:0.41333333333333333
