CodeWriter:0.5333333333333333
InsnGen:0.26666666666666666
DumpDotGraph:0.22
CodePanel:0.21166666666666667
JavaClass:0.18666666666666668
MainWindow:0.18666666666666668
CodeArea:0.17833333333333334
