HsqlDbDialect:0.49
AbstractEmbeddedTrigger:0.45666666666666667
IntegrationTest:0.28
HsqlDbTrigger:0.2733333333333333
