ParcelableLceViewState:0.49666666666666665
MainActivity:0.41333333333333333
MvpLceViewStateActivity:0.38333333333333336
