Target:0.54
CodeGenerator:0.5083333333333333
OutputModelController:0.29333333333333333
BuildDependencyGenerator:0.25666666666666665
CodeGenPipeline:0.18333333333333332
OutputModelWalker:0.11666666666666667
