Util:0.6866666666666666
CachePool:0.5766666666666667
IPool:0.35
Task:0.15166666666666667
