SecurityMemberAccess:0.52
OgnlUtil:0.4766666666666667
OgnlValueStack:0.42333333333333334
StrutsConstants:0.02
