StagingItemWriter:0.2966666666666667
ItemWriterChunkHandlerTests:0.24
ChunkMessageChannelItemWriter:0.2
CustomItemWriter:0.19666666666666666
ItemWriterChunkHandler:0.19
FlatFileCustomerCreditDao:0.18666666666666668
MessageChannelItemWriterTests:0.14666666666666667
CustomerUpdateWriter:0.13666666666666666
StagingItemWriterTests:0.13666666666666666
RetrySampleItemWriterTests:0.12333333333333334
TradeWriter:0.12
StagingItemReaderTests:0.11666666666666667
JdbcGameDao:0.09666666666666666
JdbcPlayerSummaryDao:0.09666666666666666
FlatFileCustomerCreditDaoTests:0.09666666666666666
MessageChannelItemWriterIntegrationTests:0.09333333333333334
JdbcPlayerSummaryDaoIntegrationTests:0.09333333333333334
JdbcGameDaoIntegrationTests:0.09333333333333334
CustomerCreditIncreaseWriter:0.09333333333333334
CustomItemWriterTests:0.08333333333333333
CustomerCreditUpdateProcessorTests:0.08333333333333333
TradeProcessorTests:0.08333333333333333
CustomerUpdateProcessorTests:0.08
CustomerCreditIncreaseProcessorTests:0.08
CustomerCreditUpdateWriter:0.05333333333333334
MessageChannelItemWriter:0.043333333333333335
ItemTrackingItemWriter:0.03
RetrySampleItemWriter:0.02
TestItemWriter:0.013333333333333334
PlayerItemWriter:0.0033333333333333335
DummyItemWriter:0.0
PersonWriter:0.0
