FindClass:0.6133333333333333
EntryData:0.33
RegExpFindFile:0.22
WildcardFindFile:0.22
WildcardFindPath:0.22
IoTests:0.15416666666666667
