CandidateURI:0.59
BdbFrontier:0.3522222222222222
ExtractorHTTP:0.30666666666666664
AbstractFrontier:0.26
Postselector:0.16
