StringInputStream:0.47333333333333333
Request:0.36333333333333334
Streams:0.3566666666666667
InputingHelper:0.21666666666666667
EntityObjectContext:0.20111111111111113
StringInputing:0.1875
JsonAdaptorTest:0.15
