InternalSubchannel:0.2866666666666667
InternalSubchannelTest:0.2866666666666667
OobChannel:0.2866666666666667
LbHelperImpl:0.20777777777777778
AbstractSubchannel:0.19
SubchannelImpl:0.18833333333333332
ManagedChannelImplTest:0.17333333333333334
CallTracingTransport:0.056666666666666664
