TriggerRouter:0.79
TriggerRouterService:0.39666666666666667
TriggerRouterServiceSqlMap:0.19777777777777777
TriggerRouterMapper:0.06333333333333334
