ArchiveChannel:0.15070088
Archive:0.037186082
