RequestWrapper:0.5633333333333334
SpringAwareWebFilterTest:0.37333333333333335
SpringAwareWebFilterTestSupport:0.23
