EntityClass:0.54
JpaCallbackClass:0.4415119047619047
EntitySourceImpl:0.32666666666666666
CallbackResolver:0.2132777777777778
JpaCallbackClassImpl:0.09666666666666666
