JobRepository:0.6833333333333333
SimpleStepExecutor:0.24666666666666667
SimpleJobRepository:0.24444444444444446
ChunkedStep:0.2377777777777778
ChunkedStepTests:0.20666666666666667
SimpleJob:0.17277777777777778
JdbcJobRepositoryTests:0.17
SimpleJobRepositoryTests:0.13
