ConsoleReporterFactory:0.57
BaseFormattedReporterFactory:0.44666666666666666
CsvReporterFactory:0.37333333333333335
