SortedMapProxy:0.27166666666666667
MapProxy:0.235
CollectionProxy:0.235
SortedSetProxy:0.15833333333333333
ListProxy:0.14416666666666667
SetProxy:0.013333333333333334
