SOAPSenderImpl:0.6733333333333333
XServiceProvider:0.49666666666666665
XServiceUser:0.33
