SearchFilter:0.7133333333333334
SearchFilterKeys:0.4997222222222222
SearchFilterToSearchBooleanConverter:0.30333333333333334
SearchFilterToMapConverter:0.29333333333333333
SearchFilterRequestParser:0.11
