Availability:0.5233333333333333
FileDTO:0.2633333333333333
FileSystemMgtBean:0.26
FileBean:0.25666666666666665
FileInfo:0.24666666666666667
RetrieveCmd:0.24
StorageBean:0.24
FileSystemBean:0.18
FileBeanTest:0.18
FileSystemDTO:0.11666666666666667
QueryFilesCmd:0.04
