LineViewer:0.6133333333333333
errorViewer:0.53
TagExceptionServlet:0.35333333333333333
