TestPlanSpecification:0.6105555555555556
JUnit5:0.5566666666666666
