Robolectric:0.49
ShadowSQLiteDatabase:0.30666666666666664
ShadowSQLiteOpenHelper:0.26166666666666666
SQLiteOpenHelperTest:0.08
