DataStore:0.74
SystemDataRes:0.30666666666666664
ChannelDataRes:0.2866666666666667
StreamProducerProcess:0.25
StreamConsumerProcess:0.19333333333333336
