ContentParserConfig:0.5666666666666667
XDSBridgeConfigXmlParser:0.3233333333333333
MapperFactory:0.29
XDSBridgeConfig:0.21666666666666667
