GwtClientHelper:0.7333333333333333
MainMenuControl:0.36666666666666664
VibeMenuBar:0.32
ContextItemCommand:0.28
MenuBarPopupBase:0.24333333333333335
ContextMenuItem:0.17333333333333334
MenuBarBox:0.15333333333333332
VibeMenuItem:0.08
MenuToggleSelector:0.08
MenuPopupLabel:0.056666666666666664
