DcmObjectImpl:0.5566666666666666
ISO8601DateFormat:0.4033333333333333
DimseReaderImpl:0.23333333333333334
