Action:0.5433333333333333
DeletePrivateDataPlugin:0.4066666666666667
BackupPlugin:0.19
UpdatePlugin:0.16333333333333333
