UIManager:0.6655555555555556
IUIManager:0.6188888888888888
