Http2ClientTest:0.6877777777777778
Http2ClientStream:0.5383333333333332
