PeerGroupTest:0.2866666666666667
WalletTest:0.27666666666666667
WalletProtobufSerializerTest:0.25
PeerTest:0.25
ChainSplitTest:0.23
BlockChainTest:0.22133333333333335
TransactionBroadcastTest:0.22
DefaultCoinSelectorTest:0.19
MemoryPoolTest:0.15
