TestEnhancer:0.56
TestCloneImpl:0.37211111111111106
EnhancerGenerator:0.3333333333333333
JdkCompatibleProxy:0.19
