Carbon:0.6133333333333333
Toolbar:0.32
AppBarLayout:0.21666666666666667
FlowLayout:0.21
ConstraintLayout:0.21
CoordinatorLayout:0.21
GridLayout:0.21
FrameLayout:0.21
RelativeLayout:0.21
RecyclerView:0.21
DrawerLayout:0.21
LinearLayout:0.21
CollapsingToolbarLayout:0.20666666666666667
