ResourceDriverModule:0.6533333333333333
GwtRpcServiceImpl:0.4266666666666667
NetFolderHelper:0.4066666666666667
NetFolderServerSynchronization:0.3453333333333334
GwtNetFolderHelper:0.25777777777777783
PropsUtil:0.20583333333333337
ResourceDriverModuleImpl:0.14333333333333334
DefaultNetFolderServerSynchronization:0.04
