OLParser:0.6797222222222223
LocationParser:0.3258333333333333
