Dialect:0.6933333333333334
InformationExtractorJdbcDatabaseMetaDataImpl:0.31333333333333335
PostgreSQL93Dialect:0.26
