AnnotatedBean:0.6155555555555556
ServiceReferenceInjectionBeanPostProcessor:0.5566666666666666
OsgiServiceAnnotationTest:0.25666666666666665
DependentImpl:0.21333333333333335
