PropertyEvent:0.8866666666666667
EventBean:0.37333333333333335
