ArticleQueryService:0.49833333333333335
ArticleProcessor:0.39666666666666667
ClientCommentAddValidation:0.33666666666666667
