ExportProvider:0.8766666666666667
ExportProviderImpl021:0.44666666666666666
Main:0.30333333333333334
