CreateCRLSession:0.4766666666666667
CreateCRLSessionBean:0.47
AddLotsofCertsPerUserTest:0.26166666666666666
