WebClient:0.6766666666666666
HtmlUnitCookieSpecProvider:0.3566666666666667
HttpWebConnection:0.21
