IDataEngine:0.5966666666666667
CommandThread:0.5433333333333333
EditorController:0.26666666666666666
MainWindowMenuHandler:0.23666666666666666
ProjectFrame:0.21444444444444447
FindMatchesThread:0.19666666666666666
SearchThread:0.14333333333333334
TagValidationTool:0.12333333333333334
StatisticsInfo:0.09666666666666666
ProjectFileData:0.03631746031746032
