JaasWicketSession:0.6411111111111112
LoginCallbackHandler:0.39666666666666667
UserManagementMainPage:0.27
AddUserForm:0.24
