DocumentMapper:0.6866666666666666
IndexAliasesTests:0.05333333333333334
SimpleMapperTests:0.04777777777777778
SimpleAllMapperTests:0.04777777777777778
PercolatorTests:0.04666666666666667
ParseDocumentTypeLevelsTests:0.044444444444444446
