PeerGroup:0.9433333333333334
PeerGroupTest:0.42333333333333334
