Lang:0.6966666666666667
NutMap:0.47333333333333333
MockHttpServletResponse:0.25
NutIoc:0.22555555555555556
EntityHolder:0.21
ViewProcessor:0.15666666666666668
GeneratedKeys:0.14666666666666667
