JsfFlowUtils:0.63
FlowFacesContext:0.2866666666666667
FlowExecutionViewHandler:0.22333333333333333
FlowRenderKitWrapper:0.16666666666666666
FlowActionListenerTests:0.12666666666666668
FlowActionListener:0.09083333333333334
