MapMBean:0.3466666666666667
TopicMBean:0.18666666666666668
QueueMBean:0.16
ListMBean:0.16
SetMBean:0.16
