EntityGenerator:0.41
EntityType:0.30333333333333334
SchemaModifier:0.23111111111111116
AutoValueModelTest:0.14333333333333334
CodeGeneration:0.14083333333333334
EntityDescriptor:0.13916666666666666
EntityNameResolver:0.09333333333333334
