ShardManagerDao:0.5433333333333333
ShardNodes:0.47333333333333333
TestDatabaseShardManager:0.23666666666666666
RaptorMetadata:0.22666666666666666
ShardIterator:0.22333333333333333
RaptorPartitioningHandle:0.17333333333333334
RaptorSplitManager:0.15
DatabaseShardManager:0.12
RaptorSplit:0.11333333333333333
RaptorNodePartitioningProvider:0.10333333333333333
RaptorSplitSource:0.08666666666666667
RaptorTableLayoutHandle:0.08
TestingNode:0.07333333333333333
