ObjectViewTopComponent:0.6633333333333333
PhysicalConnectionProvider:0.3433333333333333
ViewBuilder:0.25
