SpriteShootout:0.5233333333333333
ContextAttribs:0.44888888888888884
ShadersTest:0.31222222222222223
SpriteShootout2P:0.23333333333333334
SpriteShootoutCL:0.22666666666666666
NV_texture_multisample:0.2
AMD_blend_minmax_factor:0.0
