HttpServer:0.54
HessianProtocol:0.44333333333333336
HessianRpcExporter:0.3566666666666667
HessianRpcInvoker:0.31333333333333335
HessianHandler:0.21333333333333335
