ParameterizedTestDemo:0.6888888888888889
EnumArgumentsProvider:0.27166666666666667
EnumArgumentsProviderTests:0.25333333333333335
