RuntimeEnvironment:0.78
AuthorizationFramework:0.39666666666666667
AuthorizationFrameworkReloadTest:0.2777777777777778
WebappListener:0.15333333333333332
