ArrayConverter:0.6266666666666667
ClassArrayConverter:0.2966666666666667
ClassArrayConverterTest:0.29
