JarCreator:0.7455555555555555
AbstractConfigurableBundleCreatorTests:0.43333333333333335
