DimseRSP:0.5
Association:0.48333333333333334
CommandUtils:0.42
Device:0.31333333333333335
NetworkConnection:0.2733333333333333
DicomServiceRegistry:0.26
NetworkApplicationEntity:0.24
DicomService:0.11333333333333333
WriteMultiDimseRsp:0.06
SingleDimseRSP:0.058333333333333334
FutureDimseRSP:0.043333333333333335
StorageService:0.03333333333333333
CFindService:0.031111111111111107
NSetService:0.015277777777777779
NCreateService:0.015277777777777779
