ToolTipHelper:0.31
WidgetListener:0.30333333333333334
ConverterRulesParser:0.3002222222222222
TreeEditorAlignHelper:0.2733333333333333
SaveAsAction:0.26
ARINCDefinitionParser:0.21666666666666667
ComputedSizeValue:0.14333333333333334
WidgetDefaultsParser:0.14333333333333334
