QueryParam:0.6
QueryParams:0.42
QueryUtils:0.31
FileUtils:0.27666666666666667
MinuteProjectUtils:0.21333333333333335
QueryUtilsTest:0.17333333333333334
