RefProperty:0.47
SwaggerExtension:0.37
PropertyBuilder:0.35333333333333333
IntegerProperty:0.30333333333333334
Reader:0.25166666666666665
ParameterProcessor:0.2
AbstractSwaggerExtension:0.1
AnnotationsHelper:0.08333333333333333
DefaultParameterExtension:0.06333333333333334
SwaggerJersey2Jaxrs:0.042777777777777776
SwaggerJerseyJaxrs:0.03
