MessageDeframer2:0.5433333333333333
MessageDeframer2Test:0.29333333333333333
AbstractServerStream:0.27
AbstractClientStream:0.2633333333333333
