WebFilterChainFilter:0.5333333333333333
HttpSecurity:0.45666666666666667
HttpSecurityTests:0.4166666666666667
WebFluxSecurityConfiguration:0.36
SecurityConfig:0.08
