FullMetaDefinitionActionTest:0.45666666666666667
ApplyScriptJFXAction11Test:0.22666666666666666
JFXFocusLinkTest:0.20333333333333334
JFXInitialFocusTest:0.17
Renderer_4Test:0.15
JFXRenderer3Test:0.15
EditorOpenDFWrongFrameworkTest:0.09666666666666666
JFXEditorOpenDFWrongFrameworkTest:0.07
