BinderChanges:0.5566666666666666
BinderModuleImpl:0.41
AbstractResource:0.33
ShareResource:0.2866666666666667
