MBeanNode:0.5466666666666666
ConnectionNode:0.37666666666666665
OperationNode:0.30333333333333334
NotificationNode:0.27
AttributeNode:0.24666666666666667
