GlobalSystemConnector:0.5166666666666667
ConnectorSplitManager:0.4033333333333333
ClassLoaderSafeConnectorSplitManager:0.3283333333333333
