Settlement:0.5333333333333333
MarqueeTicker:0.33666666666666667
Weather:0.3292063492063492
Task:0.27666666666666667
BuildingManager:0.27666666666666667
RadiationExposure:0.23666666666666666
UnitManager:0.22766666666666666
EVAOperation:0.2127777777777778
WalkOutside:0.20944444444444446
