AbstractTestQueries:0.5011111111111112
TestAnalyzer:0.45
TupleAnalyzer:0.33666666666666667
