Default:0.35
ForFolder:0.235
AgentProvider:0.20333333333333337
UsingInstrumentation:0.20083333333333336
AndroidClassLoadingStrategy:0.1877777777777778
