SecurityContextImpl:0.6066666666666667
HttpSessionContextIntegrationFilter:0.44666666666666666
