StateMachine:0.49666666666666665
TaskStateMachine:0.31333333333333335
TaskContext:0.30666666666666664
SqlTask:0.28
RemoveTaskHandleWhenDone:0.14
CheckTaskCompletionOnBufferFinish:0.11333333333333333
