ArchivingSession:0.46
ArchiveIndex:0.4266666666666667
ListDescriptorsSession:0.27
ArchiveConductor:0.25
ArchiveIndexTest:0.20333333333333334
ArchivingSessionTest:0.18666666666666668
