AbstractRegistryNode:0.5433333333333333
ContentNode:0.47
ContentFolderNode:0.3233333333333333
LocaleCopy:0.15666666666666668
