WebFile:0.49
FileServlet:0.44666666666666666
FileServletTest:0.2733333333333333
MockWebFile:0.12333333333333334
MockFile:0.04
FileNameComparator:0.013055555555555556
