CassandraSession:0.6933333333333334
MockCassandraSession:0.38333333333333336
TestCachingCassandraSchemaProvider:0.24555555555555553
CassandraClientModule:0.19
TestCassandraTokenSplitManager:0.13333333333333333
