View:0.8466666666666667
InvoicesTest:0.21666666666666667
