PropertyEncrypt:0.6033333333333334
EncryptUtilTests:0.2633333333333333
TeamingBasicDataSourceFactory:0.17
EncryptUtil:0.14333333333333334
PasswordCallbackDigest:0.12666666666666668
PasswordHashEncryptor:0.09
EncryptedClassPathConfigFiles:0.023333333333333334
HibernateEncryptor:0.006666666666666667
