Form:0.8033333333333333
FormTag:0.41333333333333333
FormTagTest:0.30666666666666664
