BinderModule:0.6544444444444445
NotificationDef:0.36666666666666664
Subscription:0.32
DefaultFolderEmailFormatter:0.2866666666666667
AjaxController:0.2733333333333333
AdminModule:0.26527777777777783
BinderModuleImpl:0.2
AdminModuleImpl:0.16
ListFolderController:0.16
ConfigureNotifyController:0.14666666666666667
