MboxCrawler:0.5533333333333333
AbstractJavaMailCrawler:0.4066666666666667
MboxDataSourceFactory:0.39
TestMovingFoldersFileSystemCrawler:0.07666666666666666
TestMboxCrawlerMovingFolder:0.03666666666666667
