EncodedElement:0.5966666666666667
Encoding:0.5066666666666667
Instantiation:0.28
PrintVisitor:0.27666666666666667
Inflater:0.13333333333333333
Encodings:0.12
Builtins:0.0
