IssuesTest:0.55
Bench:0.20333333333333334
JsonProviderTest:0.2
GsonConverter:0.14333333333333334
