AspectEdge:0.49333333333333335
RuleAspect:0.44333333333333336
Groove:0.44333333333333336
AspectNode:0.43333333333333335
AspectGraph:0.4266666666666667
AlgebraRegister:0.4216666666666667
GraphInfo:0.4033333333333333
NestingAspect:0.35333333333333333
RuleLabel:0.35
AspectElement:0.34
Aspect:0.32666666666666666
TypeAspect:0.31
ValueNode:0.30333333333333334
AttributeAspect:0.3
ElementMap:0.29333333333333333
AspectLabel:0.2866666666666667
AspectJModel:0.275
Exporter:0.2683333333333333
Level:0.26
LevelMap:0.25833333333333336
AbstractLabel:0.24666666666666667
LevelIndex:0.24666666666666667
DefaultApplication:0.24666666666666667
AttributeElementFactory:0.23333333333333334
AbstractAspect:0.23333333333333334
Editor:0.23
TypeGraph:0.22866666666666666
DefaultTypeView:0.22666666666666666
GraphJModel:0.22666666666666666
DefaultGraphView:0.22333333333333333
ArgumentEdge:0.22166666666666668
DefaultFileSystemStore:0.21333333333333335
AbstractCondition:0.21333333333333335
GraphJVertex:0.21
AspectJVertex:0.20666666666666667
DefaultArchiveSystemStore:0.20666666666666667
AspectJEdge:0.2
GraphToKth:0.2
JaxbGxlIO:0.2
PlanData:0.19666666666666666
Simulator:0.19666666666666666
DefaultRuleView:0.19333333333333333
GraphToTikz:0.18666666666666668
OperatorEdge:0.18666666666666668
AspectFactory:0.18
GraphSearchPlanFactory:0.17
TestShape:0.16
AspectParser:0.15333333333333332
Parameters:0.1511111111111111
ParameterAspect:0.14333333333333334
RuleFactory:0.13666666666666666
CopyRuleAction:0.13333333333333333
CopyGraphAction:0.13333333333333333
SearchPlanEngine:0.13
Transform:0.13
CopyAction:0.12333333333333334
SearchEngineFactory:0.11333333333333333
OperatorEdgeSearchItem:0.09333333333333334
ConditionSearchPlanFactory:0.08666666666666667
AspectToPlainMap:0.07
PlainToAspectMap:0.06
AspectGraphMorphism:0.043333333333333335
