HttpClientResponse:0.52
HttpClientRequestImpl:0.48333333333333334
Http2ServerResponseImpl:0.37
Http2ClientStream:0.29333333333333333
HttpServerRequestImpl:0.29
HttpServerResponseImpl:0.29
HttpServerResponse:0.29
HttpServerRequest:0.2833333333333333
Http2ServerTest:0.2833333333333333
Http2ClientTest:0.2833333333333333
ClientConnection:0.26
VertxHttp2Stream:0.24333333333333335
HttpClientStream:0.24333333333333335
Http2ConnectionBase:0.23333333333333334
HttpClientResponseImpl:0.22666666666666666
Http2ServerRequestImpl:0.22666666666666666
HttpClientRequest:0.22333333333333333
HttpClientRequestPushPromise:0.16666666666666666
