BitMatrix:0.6033333333333334
EncoderTest:0.34
ReedSolomonTestCase:0.21333333333333335
BitArrayTestCase:0.15333333333333332
AbstractErrorCorrectionTestCase:0.15
DecoderTest:0.14333333333333334
