SearchTest:0.47
PathTokenizer:0.39666666666666667
JFlexTokenizer:0.2733333333333333
Summarizer:0.2633333333333333
PathTokenizerTest:0.15666666666666668
