LookAndFeelPreserver:0.5833333333333334
LookAndFeelPreserverTest:0.49666666666666665
LAFRestorer:0.4766666666666667
