Model:0.33666666666666667
Controller:0.29333333333333333
View:0.26666666666666666
EnsJAdapter:0.26
DataFetcher:0.26
EnsJAdapterGUI:0.22333333333333333
DataModelConversionUtil:0.20666666666666667
BuilderAdapter:0.16666666666666666
StateInformation:0.12
OptionsPanel:0.09
OptionsModel:0.02
