Interpreter:0.44666666666666666
MonitoringEvent:0.2966666666666667
SolicitResponseProcess:0.21777777777777782
MonitorAttachedEvent:0.08
SessionStartedEvent:0.08
