UnboundedLocalCache:0.4766666666666667
AsyncLoadingCacheTest:0.32666666666666666
LoadingCacheTest:0.27666666666666667
AsMapTest:0.26666666666666666
CacheContext:0.2633333333333333
LocalAsyncLoadingCache:0.25
CacheTest:0.21333333333333335
LocalManualCache:0.18
CacheGenerator:0.15666666666666668
AsMapView:0.11333333333333333
ConcurrentStatsCounter:0.08861111111111111
StatsCounterTest:0.06666666666666667
UnboundedAdvanced:0.04611111111111111
