Task:0.8416666666666667
AssignmentHelper:0.23666666666666666
