AbstractInteropTest:0.49333333333333335
TestUtils:0.29333333333333333
OkHttpTransportTest:0.25666666666666665
Http2NettyTest:0.25333333333333335
Http2OkHttpTest:0.17333333333333334
