ProcessDefinition:0.78
ProcessArchive:0.30333333333333334
FilesSupplierConfig:0.215
OfficeFilesSupplierHandler:0.2
DefinitionLogic:0.18
BotFileDataProvider:0.17666666666666667
InteractionsParser:0.16666666666666666
VariableDefinitionParser:0.16333333333333333
ProcessDefinitionParser:0.12666666666666668
