Canvas:0.67
MiniMap:0.25333333333333335
CanvasMouseListener:0.15333333333333332
ChatDisplayThread:0.15083333333333335
TakeFocusThread:0.12
