FileConvertor:0.7416666666666667
IUPACNameGenerator:0.33166666666666667
