TableColumn:0.5166666666666667
ResultsBean:0.4
MinMaxPixelInfo:0.3233333333333333
MultiPartContentTypeResponseItemTest:0.24
DicomCFindFilter:0.23333333333333334
BodyServletOutputStreamTest:0.18
ImageRun:0.135
SeriesRun:0.12
