JcampToCMLSpectrumMapper:0.5257777777777778
SpectrumItemPropertySource:0.4866666666666667
SpectrumItem:0.44888888888888884
