DB:0.67
DBCollectionImpl:0.3644444444444444
DBApiLayer:0.33666666666666667
DBTest:0.27166666666666667
DBCollectionTest:0.25333333333333335
