InternalTestCluster:0.49
TransportModule:0.4533333333333333
ExceptionThrowingNettyTransport:0.2596031746031746
HttpServerModule:0.19666666666666666
NettyTransportTests:0.17333333333333334
ElasticsearchBackwardsCompatIntegrationTest:0.16666666666666666
