StartDefinitionUI:0.7886111111111112
AddStartNodeFeature:0.20905555555555555
