PostgreSQLSchema:0.37
PostgreSQLMigrationMediumTest:0.3566666666666667
DbInit:0.18333333333333332
PostgreSQLSuperUserMigrationMediumTest:0.18
