BenchmarkResponse:0.5866666666666667
RestBenchAction:0.32
StartBenchmarkTask:0.2777777777777778
BenchmarkService:0.27666666666666667
Fields:0.19061111111111112
