FrameworkMethod:0.4533333333333333
WithDataPointMethod:0.36
AllMembersSupplier:0.31
Theories:0.2
SupplierWithTestClassConstructor:0.1868214285714286
SupplierWithUnknownConstructor:0.1868214285714286
SupplierWithTwoConstructors:0.1868214285714286
WithParameterSupplier:0.15666666666666668
TestClassUsingSupplierWithUnknownConstructor:0.045
TestClassUsingSupplierWithTestClassConstructor:0.045
TestClassUsingSupplierWithTwoConstructors:0.045
SimpleSupplier:0.043333333333333335
