LdapUserServiceBeanDefinitionParser:0.6333333333333333
PasswordEncoderParser:0.5666666666666667
LdapServerBeanDefinitionParser:0.20666666666666667
LdapProviderBeanDefinitionParser:0.17333333333333334
