BackgroundHiveSplitLoader:0.6566666666666666
HiveFileIterator:0.6166666666666667
