SymmetricConnection:0.71
ConnectionDialog:0.25333333333333335
AdminTreeControl:0.17
TreeCellRenderer:0.1411111111111111
AppFrame:0.14
PopupListener:0.08666666666666667
AbstractScreen:0.03
InfoScreen:0.02666666666666667
IAppController:0.013333333333333334
