Log:0.6016666666666667
TaskServletTest:0.31
JerseyClientFactory:0.24
TaskServlet:0.15666666666666668
