Version:0.7766666666666666
VersionTests:0.27666666666666667
VersionUtilsTests:0.27
TestUnstableBranch:0.03
