ShadowPackageParser:0.4
Asset:0.38666666666666666
ShadowThemeTest:0.34
_CompressedAsset:0.27666666666666667
ShadowPackageManager:0.26666666666666666
ShadowContextTest:0.15166666666666667
style:0.04
attr:0.04
string:0.0
xml:0.0
raw:0.0
styleable:0.0
