Jurisdiction:0.6733333333333333
QueryWidget:0.42333333333333334
Model:0.42222222222222217
