PollerConfig:0.78
PollerConfigManager:0.56
DbIfServiceEntry:0.36333333333333334
MockPollerConfig:0.34
IcmpMonitor:0.14333333333333334
