MethodCallDetector:0.5033333333333333
AnnotationChecker:0.3466666666666667
CallNeedsPermissionDetector:0.18333333333333332
OnRequestPermissionsResultChecker:0.14333333333333334
CallOnRequestPermissionsResultDetector:0.07666666666666666
NoCorrespondingNeedsPermissionDetector:0.023333333333333334
