FormTagBase:0.8433333333333334
NewTag:0.32
AddTag:0.24666666666666667
