AttributeCollection:0.58
MapAccessor:0.49
AttributeMap:0.3566666666666667
StringKeyedMapAdapter:0.23666666666666666
MutableAttributeCollectionPropertyAccessor:0.18600925925925926
SharedMapDecorator:0.16333333333333333
AbstractAttributeMap:0.13666666666666666
UnmodifiableAttributeMap:0.10666666666666667
EmptyAttributeCollection:0.07194444444444444
MutableAttributeCollection:0.06333333333333334
AttributeCollectionPropertyAccessor:0.06027777777777777
SharedMap:0.045
OgnlExpressionParser:0.02
EmptyEnumeration:0.006666666666666667
SharedAttributeMap:0.0033333333333333335
