UserProcessor:0.4266666666666667
ArticleQueryService:0.36333333333333334
Markdowns:0.29083333333333333
MarkdownsTestCase:0.18
CaptchaProcessor:0.13666666666666666
