CatalogManager:0.6233333333333333
Entry:0.42333333333333334
XmlPlugin:0.26
