DropwizardTestSupport:0.45666666666666667
YamlConfigurationFactory:0.37
JacksonMessageBodyProviderTest:0.36666666666666664
DropwizardClientRuleTest:0.22333333333333333
SimpleServerFactoryTest:0.21
