URLConnectionTest:0.5366666666666666
HttpEngine:0.3566666666666667
HttpURLConnectionImpl:0.29
HttpResponseCache:0.2777777777777778
