TextArea:0.07759482
ScreenLineManager:0.0291553
FirstLine:0.026467979
