ReceiveChannelEndpoint:0.51
ReceiverUdpChannelTransport:0.19333333333333333
SenderUdpChannelTransport:0.19333333333333333
