GlobalMethodSecurityConfiguration:0.4658333333333333
WebSecurityConfigurerAdapter:0.4533333333333333
MessageSourcesPopulatedConfig:0.08333333333333333
PasswordEncoderConfig:0.056666666666666664
SecurityConfig:0.05333333333333334
SessionManagementDefaultSessionFixationServlet31Config:0.05333333333333334
PasswordEncoderNoAuthManagerLoadsConfig:0.03
LdapAuthenticationProviderConfig:0.01
CustomLdapAuthenticationProviderConfig:0.01
PasswordCompareLdapConfig:0.01
