Administrator:0.5633333333333334
Search:0.44666666666666666
SearchButtonListener:0.095
ConditionsTableModel:0.09166666666666666
ChangeFieldsButtonListener:0.03833333333333333
SelectFieldsDialog:0.03
