Library:0.560484126984127
TestLibrary:0.46338888888888885
NativeLibrary:0.44333333333333336
Function:0.43666666666666665
ReturnTypesTest:0.3566666666666667
