DeleteMappingClusterStateUpdateRequest:0.38333333333333336
UpdateSettingsClusterStateUpdateRequest:0.38333333333333336
OpenIndexClusterStateUpdateRequest:0.19333333333333333
CloseIndexClusterStateUpdateRequest:0.19333333333333333
