Configuration:0.7733333333333333
RuntimeEnvironment:0.7666666666666667
SearchEngine:0.22333333333333333
SearchHelper:0.18
