ComplexType:0.57
FailedCheck:0.48
Constraint:0.31333333333333335
MapType:0.20333333333333334
RegularExpressionConstraint:0.11333333333333333
LegalValueListConstraint:0.08
