MultiLayerConfiguration:0.6066666666666667
MultiLayerNetwork:0.5055555555555555
IRUnitDriver:0.28
Master:0.21
WorkerNode:0.19777777777777777
IRUnitSVMLightWorkerTest:0.11666666666666667
