GOTerm:0.5066666666666667
AddTerm:0.39666666666666667
BeanFactory:0.36333333333333334
TestConnectionFactory:0.24916666666666668
TermBeanFactory:0.21
BulkTermLoader:0.18833333333333332
GORDFHandler:0.14333333333333334
PubMedReader:0.14
GOTermCollection:0.12666666666666668
