LocalApprovalSessionBean:0.34
NullCAToken:0.325
CertificateDataBean:0.31
CAAdminSessionBean:0.27
CertReqHistoryDataBean:0.25
TestEndEntityProfile:0.25
LdapPublisher:0.25
ProofOfPossession:0.23177777777777778
LocalAuthorizationSessionBean:0.21666666666666667
RSASignSessionBean:0.21333333333333335
TestBasicCertificateExtension:0.21333333333333335
LocalCertificateStoreSessionBean:0.20333333333333334
Authorizer:0.18
ProtectedLogToken:0.17333333333333334
ProtectedLogSessionBean:0.17333333333333334
LogTester:0.08444444444444445
