AuthenticationProcessingFilter:0.4633333333333333
AuthenticationProcessingFilterTests:0.37
SecurityEnforcementFilterTests:0.36666666666666664
BasicProcessingFilterTests:0.31666666666666665
FilterToBeanProxyTests:0.24333333333333335
SecurityEnforcementFilter:0.24
MockFilter:0.13
BasicProcessingFilter:0.11277777777777778
MockNotAFilter:0.03631746031746032
FilterToBeanProxy:0.02
