ItemOrientedStep:0.7922222222222223
ItemOrientedStepTests:0.31666666666666665
