HtmlPage:0.6233333333333333
HtmlScript:0.2833333333333333
HtmlArea:0.24555555555555558
HtmlForm:0.21666666666666667
HtmlAnchor:0.2061111111111111
Location:0.19555555555555557
HTMLScriptElementTest:0.19333333333333333
JavaScriptURLConnection:0.013333333333333334
