InternalEngine:0.5966666666666667
Store:0.42333333333333334
InternalEngineTests:0.3333333333333333
InternalEngineHolder:0.27
MockInternalEngineHolder:0.06666666666666667
