ResourceLocation:0.4066666666666667
Scans:0.37333333333333335
NutResource:0.36666666666666664
FileResource:0.31333333333333335
