DistributedExecutorAction:0.51
ClusterTest:0.38666666666666666
HazelcastClientExecutorServiceTest:0.32666666666666666
FactoryImpl:0.31333333333333335
ExecutorManager:0.1877777777777778
Serializer:0.17244444444444446
