ProcessInstanceIndicatorView:0.3233333333333333
TimelineView:0.30666666666666664
ProcessInstanceView:0.28
ComponentUpload:0.27666666666666667
ProcessInstanceBean:0.24666666666666667
ComponentMiniApplication:0.17666666666666667
Uploader:0.1421111111111111
