Message:0.8133333333333334
MessagingInterface:0.23
CM_asyncExecResponse:0.1511111111111111
CM_asyncExec:0.1
CMC_logQueries:0.1
MessageProcessingThread:0.09
ThreadInfo:0.08
