FileHandler:0.62
Utilities:0.3466666666666667
FileNotify:0.30333333333333334
FileWikiMembers:0.3025555555555555
FileSearchEngine:0.26416666666666666
FileChangeLog:0.23666666666666666
WikiBase:0.22566666666666668
FileVersionManager:0.17
DatabaseInit:0.15333333333333332
