Menu:0.5466666666666666
EventGlue:0.5055555555555556
ViewPortOverview:0.3466666666666667
