JobDao:0.76
JobInstanceDao:0.6766666666666666
JobExecutionDao:0.5466666666666666
SimpleJobRepository:0.29333333333333333
AbstractJobDaoTests:0.28
AbstractStepDaoTests:0.25333333333333335
JdbcStepExecutionDao:0.22333333333333333
SimpleStepExecutorTests:0.18666666666666668
SimpleJobRepositoryTests:0.17
JdbcStepDaoPrefixTests:0.16
JdbcJobDaoQueryTests:0.11833333333333333
JdbcStepDaoTests:0.11666666666666667
JdbcJobDaoTests:0.10333333333333333
StepExecutorInterruptionTests:0.10333333333333333
JdbcJobExecutionDao:0.09
JdbcJobInstanceDao:0.07333333333333333
