Shape:0.6866666666666666
Materialisation:0.3933333333333333
MaterialiseNode:0.12
SingulariseNode:0.05416666666666667
MatOp:0.05333333333333334
ExtendPreMatch:0.04416666666666667
