HebrewCalendar:0.42
Metonic:0.12166666666666667
Molad:0.12166666666666667
