Event:0.82
EntityIndexUtils:0.4196666666666667
EventHelper:0.23
DateHelper:0.2086111111111111
EventsViewHelper:0.19
FieldBuilderEvent:0.15666666666666668
Eventtext:0.12666666666666668
Eventeditor:0.11666666666666667
