AnalyzedColumnDefinition:0.57
DDLIntegrationTest:0.35333333333333333
AlterTableAddColumnAnalyzer:0.18
TestMetaDataModule:0.1357142857142857
TestingHelpers:0.12333333333333334
AlterTableAddColumnAnalyzerTest:0.05
