XContentParser:0.86
XContentSettingsLoader:0.2966666666666667
JsonXContentParser:0.2733333333333333
YamlSettingsLoaderTests:0.20333333333333334
AbstractXContentParser:0.19166666666666668
