Security:0.8633333333333333
BootstrapForTesting:0.4166666666666667
BootstrapInfo:0.28
