Environment:0.5711111111111111
ServletEnvironment:0.32666666666666666
ServerFactory:0.2633333333333333
