Chunk:0.7166666666666667
ItemOrientedStepHandler:0.33
SkipLimitStepFactoryBeanTests:0.33
StatefulRetryStepFactoryBeanTests:0.2866666666666667
SkipLimitStepFactoryBean:0.23
StatefulRetryStepHandler:0.165
ChunkTests:0.03666666666666667
