Block:0.46
Message:0.45
VersionMessage:0.32
AddressMessage:0.30111111111111116
BitcoinSerializer:0.21777777777777782
