Util:0.51
GraphNeighEquiv:0.5033333333333333
Shape:0.30333333333333334
EdgeSignature:0.215
EquivRelation:0.17333333333333334
Parameters:0.07222222222222222
