StringUtils:0.6288888888888889
PojoUtilsTest:0.5033333333333333
CompatibleTypeUtils:0.25
