DcmObject:0.42916666666666664
DcmObjectImpl:0.42
DcmSnd:0.37666666666666665
DcmRcv:0.3333333333333333
DcmDir:0.3233333333333333
IntHashtable2:0.28488888888888897
AssociationImpl:0.2833333333333333
DcmRcvFSU:0.25666666666666665
DcmHandler:0.21666666666666667
ActiveAssociationImpl:0.20666666666666667
MyDataSource:0.18833333333333332
Configuration:0.08666666666666667
DcmHandlerImpl:0.056666666666666664
