ReportPhonetics:0.7288888888888889
ReportEvents:0.33333333333333337
