GL:0.68
PbufferTest:0.25777777777777783
FullScreenWindowedTest:0.25333333333333335
VBOTest:0.19666666666666666
Game:0.17
