DefaultWidgetFinder:0.6533333333333333
MenuItemTester:0.48333333333333334
CelsiusConverter:0.3566666666666667
CelsiusConverterTest:0.3377777777777778
