NameSearchServlet:0.6475
WSTesterServlet:0.13777777777777778
AddEntryServlet:0.13777777777777778
