ServerBuilder:0.7170555555555556
ServerImpl:0.36333333333333334
ServerImplTest:0.34
AbstractServerImplBuilder:0.21333333333333335
ServerTransportListenerImpl:0.19
InProcessServerBuilder:0.18444444444444444
NettyServerBuilder:0.18333333333333332
HandlerRegistryBenchmark:0.15
