ElementMatchers:0.6008333333333333
Default:0.39666666666666667
ElementMatchersTest:0.3933333333333333
