ImapCrawler:0.5233333333333333
MailUtil:0.5233333333333333
ExampleImapCrawler:0.47333333333333333
MailUtilTest:0.043333333333333335
