Materialisation:0.6533333333333333
SingulariseNode:0.42333333333333334
ShapeDialog:0.29
TestMaterialisation:0.24
