ControlSession:0.38
ArchiveConductor:0.3233333333333333
ReplaySession:0.3
ListRecordingsForUriSessionTest:0.25
ReplaySessionTest:0.19666666666666666
ControlSessionProxy:0.17666666666666667
ListRecordingsSessionTest:0.16666666666666666
ListRecordingsSession:0.16
ControlSessionTest:0.09333333333333334
ListRecordingsForUriSession:0.07666666666666666
AbstractListRecordingsSession:0.07
