KuwaibaService:0.5466666666666666
ObjectFactory:0.4033333333333333
CommunicationsStub:0.30666666666666664
LocalLogicalConnectionDetails:0.16611111111111113
GetBGPMap:0.09333333333333334
GetBGPMapResponse:0.013333333333333334
