AbstractSamlSPProperties:0.49666666666666665
SamlServiceProviderProperties:0.49666666666666665
Salesforce:0.19
Box:0.02666666666666667
