ShardProjectorChain:0.6966666666666667
LuceneDocCollectorBenchmark:0.37
ShardProjectorChainTest:0.31666666666666665
ShardCollectSource:0.20666666666666667
IndexWriterProjectorTest:0.11666666666666667
