TimerExpired:0.53
DroolsCorrelationEngineTest:0.47333333333333333
DroolsCorrelationEngine:0.29333333333333333
CorrelatorIntegrationTest:0.21
TestEngine:0.14
RuleTimerTask:0.13666666666666666
AbstractCorrelationEngine:0.03666666666666667
