Robot:0.55
ComponentReference:0.4166666666666667
ScriptEditor:0.36
JComboBoxRecorder:0.2833333333333333
JComboBoxRecorderTest:0.24333333333333335
ChoiceRecorder:0.17333333333333334
