JFXDrawer:0.5833333333333334
JFXDrawersStack:0.30666666666666664
HeaderContainer:0.27
AnimationHandler:0.1778015873015873
JFXAnimationTimer:0.08666666666666667
JFXNodeUtils:0.013333333333333334
