TypeDeclarationGenerator:0.6088888888888888
TypePrivateDeclarationGenerator:0.43333333333333335
TypeDeclarationGeneratorTest:0.14333333333333334
