AnnotationEditor:0.47333333333333333
MainFrame:0.455
WaitDialog:0.2763333333333334
NewLRAction:0.23199999999999998
NewPRAction:0.1624761904761905
EditAnnotationAction:0.15666666666666668
CustomTreeCellRenderer:0.1
