AbstractSysCheck:0.21666666666666667
RecoveryAfterNodesSysCheck:0.10333333333333333
NumberOfPartitionsSysCheck:0.10333333333333333
RecoveryExpectedNodesSysCheck:0.10333333333333333
MinMasterNodesSysCheck:0.10333333333333333
JvmVersionSysCheck:0.10333333333333333
RecoveryAfterTimeSysCheck:0.10333333333333333
