Style:0.7866666666666666
WorkCostTest:0.41999999999999993
