Model:0.37
FamNode:0.32
IndiNode:0.30333333333333334
MarrNode:0.22
MyNode:0.10666666666666667
TreeView:0.09333333333333334
Content:0.08611111111111112
