TypeDescription:0.7233333333333334
MethodDescription:0.5566666666666666
ForLoadedType:0.36666666666666664
ForLoadedMethod:0.3466666666666667
AbstractTypeDescriptionTest:0.31
AbstractTypeDescription:0.29333333333333333
ForLoadedConstructor:0.2866666666666667
AbstractMethodDescriptionTest:0.2633333333333333
AbstractMethodDescription:0.26
ArrayProjection:0.25
AbstractFieldDescriptionTest:0.20666666666666667
PackagePrivateFieldType:0.2063968253968254
AbstractFieldDescription:0.17666666666666667
ConstructorStrategy:0.175
ForLoadedField:0.12666666666666668
Latent:0.12
FieldDescription:0.10450000000000001
MethodVisibilityType:0.0425
