AbstractWidgetRefHandler:0.5802777777777777
WidgetsRefHandler:0.42
ClientWidgetsRefHandler:0.38333333333333336
