View:0.8633333333333333
XavaSuite:0.22666666666666666
SearchExecutingOnChangeAction:0.22
SearchByViewKeyAction:0.18333333333333332
Products3ChangeActionsOnSearchTest:0.14333333333333334
