Date:0.5833333333333334
CashFlows:0.34
Settings:0.2733333333333333
Statics:0.21666666666666667
EuropeanOptionTest:0.21666666666666667
Swap:0.17944444444444446
AmericanOptionTest:0.17666666666666667
SwapRateHelper:0.13666666666666666
DateProxy:0.07333333333333333
