AclDetailsHolder:0.55
JdbcExtendedDaoImpl:0.4533333333333333
LookupPermissionIdMapping:0.28
PopulatedDatabase:0.16666666666666666
AclPermissionDelete:0.13666666666666666
AclObjectIdentityDelete:0.13666666666666666
AclObjectIdentityInsert:0.11
AclPermissionInsert:0.11
ObjectPropertiesMapping:0.10666666666666667
AclsByObjectIdentityMapping:0.08333333333333333
AclPermissionUpdate:0.06666666666666667
