DbEntitySql:0.44333333333333336
DbSqlTemplateTest:0.31666666666666665
DbSlqBuilderTest:0.27
TableChunk:0.25666666666666665
DbOrmTest:0.25333333333333335
