GaProperty:0.9266666666666666
ResizeNodeFeature:0.3233333333333333
AddTransitionFeature:0.23666666666666666
AddStateNodeFeature:0.15833333333333333
AddSubProcessFeature:0.15666666666666668
AddMultiInstanceFeature:0.15666666666666668
UpdateTransitionFeature:0.06666666666666667
TextUtil:0.03666666666666667
