PhysicalCondition:0.6316666666666667
Task:0.41
NaturalAttributeManager:0.22333333333333333
PersonConfig:0.19333333333333333
