Vehicle:0.7066666666666667
Person:0.41333333333333333
CollectRockSamplesMission:0.22333333333333333
ExitAirlock:0.21
LoadVehicle:0.20666666666666667
InhabitableBuilding:0.19333333333333333
ReserveRover:0.17555555555555558
UnloadVehicle:0.11
