MigrationManager:0.4666666666666667
FetchMostRecentPartitionTableTask:0.43666666666666665
PartitionStateManager:0.4
InternalPartitionServiceImpl:0.3933333333333333
PromotionCommitOperation:0.36333333333333334
PartitionReplicaStateChecker:0.18611111111111112
