GroupByAggregateTest:0.779388888888889
LuceneDocCollector:0.3688888888888889
