SymmetricMessageReceiverTestCase:0.30666666666666664
SymmetricEndpointTestCase:0.21666666666666667
SymmetricConnectorTestCase:0.19
SymmetricConnectorFactoryTestCase:0.18666666666666668
SymmetricEndpointURIBuilder:0.10333333333333333
SymmetricNamespaceHandlerTestCase:0.04666666666666667
