MapMBean:0.38666666666666666
MultiMapMBean:0.36333333333333334
QueueMBean:0.31333333333333335
HazelcastMBean:0.23333333333333334
