AuditEntitiesConfiguration:0.35333333333333333
AuditMetadataGenerator:0.30333333333333334
QueryBuilder:0.26666666666666666
PersistentCollectionChangeWorkUnit:0.2633333333333333
CompositeTestUserType:0.25
AbstractPerformanceTest:0.23666666666666666
AbstractEntityTest:0.20666666666666667
AbstractAuditQuery:0.20333333333333334
BasicSametable:0.19666666666666666
AuditConfiguration:0.14333333333333334
AbstractAuditWorkUnit:0.10666666666666667
