StepFactory:0.5333333333333333
HopSymbolTableWalker:0.4066666666666667
RuntimeError:0.19333333333333333
SimpleAlertStep:0.15333333333333332
DFA51:0.12
DFA62:0.12
StepOver:0.1
