EncoderConfig:0.58
EncoderRegistry:0.49666666666666665
ContentTypeITest:0.36333333333333334
