Handler:0.37666666666666665
XmlActions:0.37333333333333335
EditTagDialog:0.3233333333333333
XmlPlugin:0.31483333333333335
XmlTree:0.24833333333333332
XmlParser:0.19666666666666666
