GwtTeamingMessages:0.32666666666666666
EventHelper:0.27066666666666667
ErrorListRpcResponseData:0.27
PasswordPolicyHelper:0.26
GwtMenuHelper:0.24666666666666667
GwtServerHelper:0.24066666666666667
GwtRpcServiceImpl:0.23666666666666666
EntryMenuPanel:0.20333333333333334
ForceSelectedUsersToChangePasswordEvent:0.16666666666666666
ForceUsersToChangePasswordCmd:0.08
DataTableFolderViewBase:0.07333333333333333
