ImplicitRule:0.48333333333333334
Rule:0.44333333333333336
RuleBase:0.4
Worker:0.39
FormalTypes:0.3466666666666667
ClassTests:0.28
DefinitionManager:0.25166666666666665
StableImplication:0.24666666666666667
MangoClassPeer:0.24666666666666667
RewriteEvent:0.23666666666666666
CoreMFLCreator:0.23
SyntheticRule:0.22
MethodDefinitionRequestMsg:0.17333333333333334
LoopDefinitionRequestMsg:0.17333333333333334
ManualDefinitionMsg:0.17333333333333334
SymbolHashRecent:0.17
TemplateInstanceRule:0.16666666666666666
RuleBaseAction:0.15333333333333332
ValueHAgent:0.15
CompositionRule:0.12
StableRule:0.12
TemplateBindingRule:0.11666666666666667
NewWorkerMsg:0.10666666666666667
TemplateImplication:0.08333333333333333
CompositionImplication:0.05333333333333334
IsPrimitiveClass:0.0033333333333333335
