RuntimeEnvironment:0.6483333333333333
Project:0.30333333333333334
PathUtils:0.30333333333333334
FileHistoryCache:0.27666666666666667
IndexDatabase:0.21333333333333335
RuntimeEnvironmentTest:0.18666666666666668
PathUtilsTest:0.15
SubversionHistoryParser:0.12
GitHistoryParser:0.10666666666666667
MercurialHistoryParser:0.10666666666666667
BazaarHistoryParser:0.10666666666666667
MonotoneHistoryParser:0.10333333333333333
