ManagedChannelImpl:0.61
AbstractManagedChannelImplBuilder:0.41333333333333333
NameResolverListenerImpl:0.3566666666666667
AbstractManagedChannelImplBuilderTest:0.27666666666666667
GrpcAttributes:0.08666666666666667
