WFSPlugIn:0.41
WFSPanel:0.3333333333333333
WFSMethod:0.3272804232804233
WFSClientHelper:0.28833333333333333
AbstractWFSWrapper:0.24333333333333335
WFServiceWrapper_1_0_0:0.20166666666666666
GMLSchemaDocument:0.19066666666666668
RequestPanel:0.15666666666666668
XMLFragment:0.13333333333333333
WFServiceWrapper_1_1_0:0.13166666666666665
WFSHttpClient:0.13
JUMPFeatureFactory:0.11333333333333333
WFSCapabilitiesDocument:0.1075
FileUtil:0.08333333333333333
GMLFeatureCollectionDocument:0.03333333333333333
UserData:0.03
WFSPostMethod:0.013333333333333334
WFSGetMethod:0.0033333333333333335
