Search:0.7366666666666667
ResearchSetting:0.27666666666666667
ResearchService:0.23
ResearchChangeListener:0.14733333333333332
