ParsedReaderResultTestCase:0.6733333333333333
ParsedResult:0.5436111111111112
URIParsedResult:0.2644444444444445
