ClientNearCacheTest:0.6166666666666667
AbstractAggregationTest:0.35333333333333333
ReflectionHelper:0.28833333333333333
