SMSParsedResult:0.3933333333333333
CalendarParsedResult:0.27
EmailAddressParsedResult:0.22
TelParsedResult:0.16333333333333333
URIParsedResult:0.16
