Lwjgl3Window:0.8966666666666666
Lwjgl3DebugStarter:0.13622222222222222
