ConsensusModuleHarness:0.7077777777777777
MultiNodeTest:0.3466666666666667
SingleNodeTest:0.17557142857142854
