ComputationGraphConfiguration:0.32666666666666666
GraphBuilder:0.26666666666666666
VocabConstructorTest:0.25666666666666665
SubsetVertex:0.16166666666666665
LayerVertex:0.14333333333333334
MergeVertex:0.12333333333333334
RecordReaderMultiDataSetIterator:0.10888888888888891
TestComputationGraphNetwork:0.07
StaticInnerGraphVertex:0.06666666666666667
TestGraphVertex:0.06666666666666667
