ActionHandler:0.8
EventListener:0.6609444444444444
MyEventListener:0.4
TestRun:0.20666666666666667
DebugTest:0.16333333333333333
JVMEventDispatcher:0.14666666666666667
DefaultActionHandler:0.11333333333333333
