Workstation:0.7833333333333333
MangoScriptResource:0.31333333333333335
MangoScriptWindow:0.20688888888888887
ClassParsingAlg:0.1866666666666667
ScriptSaveAction:0.18666666666666668
SourceDirsAction:0.16666666666666666
