BlendingAttribute:0.4322222222222223
HybridLightTest:0.37666666666666665
PrototypeRendererGL20:0.26
LightManager:0.25833333333333336
ColorAttribute:0.24
PointLight:0.214
StillModelViewerGL20:0.19416666666666665
BlendedMesh:0.11
