FileAnalyzer:0.49333333333333335
SearchEngineTest:0.30666666666666664
HistoryAnalyzer:0.2288888888888889
HaskellSymbolTokenizerTest:0.17666666666666667
CompatibleAnalyser:0.15
