Dialect:0.7433333333333333
AbstractStandardBasicType:0.3566666666666667
BlobTypeDescriptor:0.32
TypeOverrideTest:0.24666666666666667
SybaseDialect:0.2066666666666667
