JoinGraph:0.6233333333333333
Builder:0.34
TestReorderJoins:0.13333333333333333
PlanOptimizers:0.12333333333333334
Rewriter:0.12
ProjectNode:0.09944444444444445
