FromElement:0.8183333333333334
HqlSqlWalker:0.44666666666666666
EntityGraphUsingFetchGraphTest:0.39
