SharedProject:0.39
SessionManager:0.38333333333333336
XMPPChatTransmitter:0.31666666666666665
ActivitySequencer:0.24666666666666667
ISessionManager:0.23327777777777778
XMPPConnectionListener:0.20333333333333334
ITransmitter:0.19916666666666666
ActivityQueuesManager:0.18666666666666668
