EditAbbrevDialog:0.13055107
Abbrevs:0.12192514
GUIUtilities:0.038310915
jEdit:0.029945165
AbstractOptionPane:0.02693798
Mode:0.02467668
StandardUtilities:0.01419006
RolloverButton:0.008838219
