DockingLayoutManager:0.033196807
WindowTableModel:0.02444787
DockableWindowManager:0.019230872
AbstractOptionPane:0.014477637
jEdit:0.012143234
