jEdit:0.13277803
AbstractOptionPane:0.06657917
FontSelector:0.02825167
