T:0.9333333333333333
Linker:0.39666666666666667
InjectMembersOnly:0.3214470899470899
NoInjections:0.32022222222222224
ObjectGraph:0.26
InjectionTest:0.23
AtInjectBinding:0.17333333333333334
ReflectiveAtInjectBinding:0.16333333333333333
ProvidesProcessor:0.12333333333333334
FullGraphProcessor:0.12
ReflectiveModuleAdapter:0.1
