Util:0.6558888888888889
LocalFileStorage:0.5716666666666667
ExternalSourceFolder:0.37666666666666665
