CHMUseCasesTest:0.4033333333333333
TcpReplicationLargeEntryTest:0.3333333333333333
TcpReplicationSoakTest:0.3333333333333333
StringPrefixUnaryOperator:0.31461111111111106
PrefixStingFunction:0.31461111111111106
