Gate:0.7533333333333333
CookBook:0.26
TestJdk:0.25
TestCreole:0.2188888888888889
JarFiles:0.2088888888888889
