Gradient:0.71
Layer:0.58
MultiLayerNetwork:0.35333333333333333
DefaultGradient:0.3466666666666667
ConvexOptimizer:0.29333333333333333
ConvolutionLayer:0.29
BaseLayer:0.22666666666666666
GradientAdjustment:0.21333333333333335
BaseOptimizer:0.19666666666666666
LSTM:0.17666666666666667
RNTN:0.17333333333333334
SubsamplingLayer:0.16666666666666666
Model:0.1608730158730159
BarnesHutTsne:0.13666666666666666
IterationGradientDescent:0.13333333333333333
RecursiveAutoEncoder:0.105
