NodeDataPanel:0.46
TreeTableModelAdapter:0.41333333333333333
JobData:0.30083333333333334
TreeNodeSelector:0.27051984126984113
ResetTaskCounterAction:0.235
ShutdownNodeAction:0.235
RestartNodeAction:0.235
NodeInformationAction:0.235
NodeConfigurationAction:0.20944444444444443
NodeThreadsAction:0.205
ServerShutdownRestartAction:0.205
NodeRenderer:0.18833333333333332
JobDataPanel:0.17333333333333334
AbstractUpdatableAction:0.13
AbstractSelectionAction:0.09166666666666666
SelectDriversAction:0.07333333333333333
SelectNodesAction:0.07333333333333333
AbstractTreeCellRenderer:0.05
AbstractTopologyAction:0.03
