VariableTypeEditorPage:0.4633333333333333
VariableEditorPage:0.3933333333333333
SwimlaneEditorPage:0.37
EditorPartBase:0.3466666666666667
UpdateVariableNameDialog:0.30666666666666664
Swimlane:0.29
ProcessEditorBase:0.2633333333333333
VariableTransfer:0.25
AttributeLabelProvider:0.23333333333333334
VariableUserTypeDialog:0.22666666666666666
TypeLabelProvider:0.19666666666666666
DeleteAttributeSelectionListener:0.17166666666666666
MoveTypeSelectionListener:0.16333333333333333
MoveAttributeSelectionListener:0.16333333333333333
SearchAttributeSelectionListener:0.16333333333333333
SwimlaneTransfer:0.15861111111111112
MoveToTypeAttributeSelectionListener:0.15083333333333335
DeleteVariableSelectionListener:0.14833333333333334
SearchVariableUsageSelectionListener:0.14833333333333334
CreateVariableSelectionListener:0.14833333333333334
CreateAttributeSelectionListener:0.14833333333333334
PasteVariableSelectionListener:0.14
CommonTransfer:0.13666666666666666
Serializator:0.13333333333333333
CopyVariableSelectionListener:0.13083333333333333
TableColumnDescription:0.12666666666666668
PasteSwimlaneSelectionListener:0.11083333333333334
RenameVariableSelectionListener:0.1075
CreateTypeSelectionListener:0.1075
RemoveSwimlaneSelectionListener:0.1075
RenameTypeSelectionListener:0.1075
PasteAttributeSelectionListener:0.05894444444444446
PasteTypeSelectionListener:0.05894444444444446
DataViewerComparator:0.056666666666666664
ValueComparator:0.05
VariableUserTypeTransfer:0.041111111111111105
MergeAttributesSelectionListener:0.03666666666666667
CopyAttributeSelectionListener:0.03
RenameAttributeSelectionListener:0.02666666666666667
CopyTypeSelectionListener:0.023333333333333334
ChangeAttributeSelectionListener:0.013333333333333334
RemoveTypeSelectionListener:0.013333333333333334
VariableLabelProvider:0.006666666666666667
