AbstractRunner:0.49
MovieGenerator:0.2966666666666667
FractalPreviewPanel:0.2826666666666667
FractalPanel:0.19666666666666666
MandelbrotRunner:0.18666666666666668
FractalProgressPanel:0.12666666666666668
ImagePanel:0.12
CLIHandler:0.1
LyapunovRunner:0.08666666666666667
NonLinearStepVector:0.043333333333333335
AbstractStepVector:0.04
RunnerFactory:0.03666666666666667
LinearStepVector:0.03
FractalNodeIntegration:0.0044444444444444444
FractalScreenSaver:0.0
