ClientQueueProxy:0.47
ClientQueueTest:0.3466666666666667
QueueProxyImpl:0.31666666666666665
