Callback:0.6266666666666667
RecordedResponse:0.5133333333333333
CallTest:0.43
AsyncCall:0.14333333333333334
OkHttpAsync:0.13
RecordingCallback:0.11333333333333333
