IosRSAKey:0.67
IosRSAPrivateKey:0.43666666666666665
IosRSAPublicKey:0.43666666666666665
IosSecurityProvider:0.17
