Submit:0.4266666666666667
SubmitTag:0.31333333333333335
RemoteBean:0.3000833333333333
AbstractRemoteBean:0.25333333333333335
SubmitAjaxTest:0.22
AbstractRemoteTag:0.19
AnchorTest:0.10133333333333336
BindTest:0.10133333333333336
