GwtTeamingMessages:0.7822222222222222
FindUserByEmailAddressCmd:0.3466666666666667
ShareThisDlg2:0.31333333333333335
GwtServerHelper:0.28
ShareThisDlg:0.22666666666666666
GwtRpcServiceImpl:0.2115
FindCtrl:0.20400000000000001
FindUserByEmailAddressRpcResponseData:0.13666666666666666
ForgottenPwdDlg:0.08222222222222221
