OutputLayer:0.2733333333333333
BaseNeuralNetwork:0.2733333333333333
RBM:0.27
BaseLayer:0.24833333333333332
AutoEncoder:0.24733333333333335
DenoisingAutoEncoder:0.24666666666666667
