LookDefinitionHandler:0.8833333333333333
LookDefinitionHandlerCheckKO6Test:0.03333333333333333
