RequestSpecification:0.4766666666666667
ResponseLoggingFilter:0.3333333333333333
RequestLoggingFilter:0.29133333333333333
LoggingITest:0.2816666666666667
ResponseITest:0.2633333333333333
StatusCodeBasedLoggingFilter:0.25333333333333335
ResponseSpecification:0.24972222222222218
LogSpecification:0.09166666666666666
