EmailPublisher:0.5616666666666666
XMLLogHelperTest:0.47333333333333333
EmptyLabelIncrementer:0.39666666666666667
