DefaultSearchContext:0.8366666666666667
HighlighterSearchIT:0.31833333333333336
TransportValidateQueryAction:0.22333333333333333
