Create:0.6233333333333333
IndexRequest:0.56
TransportIndexAction:0.24666666666666667
TransportShardBulkAction:0.24666666666666667
InternalEngine:0.24
SingleThreadBulkStress:0.19
