AtomContainer:0.7375
RandomGenerator:0.4211111111111111
RandomStructureGeneratorTest:0.31333333333333335
