ArticleProcessor:0.45
StatisticMgmtService:0.3383333333333333
ConsoleRenderer:0.2372222222222222
TagProcessor:0.15666666666666668
IndexProcessor:0.12333333333333334
UserTemplateProcessor:0.12
PageProcessor:0.12
