Planner:0.34222222222222226
ViewsMetaData:0.34
TransportExecutorModule:0.2866666666666667
TransportCreateViewAction:0.2683333333333333
DependencyCarrier:0.20333333333333334
ViewsITest:0.08666666666666667
RemoveResult:0.016666666666666666
