NameCompletionSettings:0.6533333333333333
AdminModule:0.6380555555555555
GwtServerHelper:0.33
SearchResultsWidget:0.25333333333333335
NameCompletionSettingsDlg:0.24333333333333335
ZoneConfig:0.22
AbstractAdminModule:0.14
