FormDataProvider:0.7366666666666667
FormTagBase:0.48333333333333334
BasicValueTag:0.25666666666666665
GenericListTag:0.17944444444444446
EditTag:0.043333333333333335
