Goal:0.46327777777777784
TestSpecLexer:0.4033333333333333
TestSpecParser:0.4033333333333333
MethodTester:0.3333333333333333
DFA18:0.15711111111111112
TestMethodTest:0.08333333333333333
CompareGoal:0.07666666666666666
NoThrowsGoal:0.06
ThrowsGoal:0.06
RegexGoal:0.023333333333333334
