UdpDestination:0.72
BitUtil:0.37666666666666665
UdpDestinationTest:0.20666666666666667
