Request:0.56
NettyResponseFuture:0.4766666666666667
Protocol:0.27111111111111114
DefaultChannelPool:0.25666666666666665
IdleChannelDetector:0.22833333333333333
ConnectionManager:0.21666666666666667
RequestImpl:0.21666666666666667
HttpProtocol:0.20333333333333334
RequestBuilderBase:0.20333333333333334
ChannelManager:0.18666666666666668
NettyRequestSender:0.15666666666666668
