InstrumentedTypeTest:0.58
ForDetachment:0.4666666666666667
TypeDescriptionGenericVisitorSubstitutorForDetachmentTest:0.18333333333333332
