RuleTransition:0.6966666666666667
GraphState:0.5933333333333334
MatchResult:0.5633333333333334
GraphTransition:0.43333333333333335
TypeGraph:0.38666666666666666
AbstractRuleEvent:0.3333333333333333
Materialisation:0.3077777777777778
StateCache:0.3
RuleTransitionLabel:0.2966666666666667
DefaultGraphNextState:0.2733333333333333
SimulatorModel:0.26666666666666666
DefaultRuleTransition:0.25333333333333335
ShapeState:0.23333333333333334
RuleJTree:0.22
Matcher:0.21666666666666667
RecipeTransition:0.21611111111111114
MatchTreeNode:0.20666666666666667
StateTab:0.20666666666666667
StateList:0.20666666666666667
GraphTransitionKey:0.2063968253968254
AbstractGraphState:0.20333333333333334
ShapeNextState:0.19666666666666666
PriorityComparator:0.19666666666666666
TestMaterialisation:0.18
AbstractRuleTransitionStub:0.17666666666666667
SymbolicStrategy:0.17666666666666667
PatternGraphNextState:0.16666666666666666
GraphTransitionStub:0.16055555555555556
ApplyMatchAction:0.1511111111111111
MatchApplier:0.14
Test:0.13
AbstractPatternStrategy:0.12666666666666668
TestMatching:0.12333333333333334
RecipeEvent:0.12
RuleTransitionStub:0.11753968253968256
PatternShapeMatchApplier:0.11666666666666667
PatternTransitionLabel:0.1
PatternGraphMatchSetCollector:0.09666666666666666
MatchCollector:0.08666666666666667
ShapeTransition:0.07333333333333333
ShapeMatchSetCollector:0.07
ShapeMatchApplier:0.06666666666666667
TestMat:0.06333333333333334
TestMat2:0.06333333333333334
PatternGraphMatchApplier:0.05
MatchResultSet:0.016666666666666666
PatternGraphTransition:0.013333333333333334
IdentityTransitionStub:0.013333333333333334
SymmetryTransitionStub:0.01
PatternRuleEventApplier:0.0
