Style:0.6033333333333334
Config:0.5533333333333333
