Flyway:0.7766666666666666
MigrationTestCase:0.29
FlywaySmallTest:0.2
CommitCountingDataSourceTransactionManager:0.14888888888888888
