PathToken:0.5133333333333333
IssuesTest:0.41
JsonPathTest:0.34
JsonProviderTest:0.16333333333333333
WildcardPathToken:0.15
OptionsTest:0.03666666666666667
