ConnectionPoolTest:0.6622222222222222
TooManyConnectionsPerHostException:0.1313888888888889
TooManyConnectionsException:0.1313888888888889
