InternalGeoHashGrid:0.38
Bucket:0.3233333333333333
IncludeExclude:0.2966666666666667
DiscoveryWithServiceDisruptionsIT:0.27
InternalAggregationTestCase:0.22333333333333333
IndicesStoreIntegrationIT:0.18444444444444444
BucketPriorityQueue:0.1577777777777778
GeoHashGridAggregator:0.13
OrdinalBucket:0.12
GeoHashGridParams:0.013333333333333334
