EventListenerTest:0.39
StreamAllocation:0.37
RealConnection:0.3
RealCall:0.2833333333333333
AsyncCall:0.17777777777777778
StreamFinishingSource:0.14666666666666667
AbstractSource:0.14333333333333334
