LdapTemplateAttributesMapperITest:0.3002222222222222
LdapTemplateContextMapperITest:0.3002222222222222
