ZenDiscovery:0.7233333333333334
PublishClusterStateAction:0.37333333333333335
MockNode:0.21166666666666667
PublishClusterStateActionTests:0.2
ZenDiscoveryUnitTests:0.115
MockPublishAction:0.060833333333333336
IncomingClusterStateListener:0.03
