TicketRegistryProperties:0.4266666666666667
DynamoDbTicketRegistryFacilitator:0.3433333333333333
DynamoDbTicketRegistryConfiguration:0.34
MongoServiceRegistryDao:0.26666666666666666
ServiceRegistryProperties:0.13666666666666666
