PluginJAR:0.7233333333333334
Entry:0.36333333333333334
PluginDepends:0.24666666666666667
PluginTableModel:0.22333333333333333
PluginInfoBox:0.15
Branch:0.08333333333333333
PluginDetailPanel:0.055
