AbstractMultiTenantConnectionProvider:0.3311111111111111
AbstractDataSourceBasedMultiTenantConnectionProviderImpl:0.2733333333333333
ConnectionProviderBuilder:0.24666666666666667
TransactionUtil:0.18666666666666668
SchemaBasedMultiTenancyTest:0.16666666666666666
DataSourceInvocationHandler:0.06
CurrentTenantResolverMultiTenancyTest:0.03333333333333333
