Table:0.6633333333333333
ConflictSettings:0.5533333333333333
DatabaseWriter:0.49
ParameterConstants:0.40222222222222226
ConflictEvent:0.2866666666666667
IDataLoaderService:0.24666666666666667
TriggerRouterService:0.23666666666666666
DatabaseWriterSettings:0.22333333333333333
AbstractDataLoaderServiceTest:0.16333333333333333
DataLoaderService:0.15333333333333332
AbstractDataExtractorServiceTest:0.13666666666666666
TableConstants:0.125
TestConstants:0.12333333333333334
DefaultDataLoaderFactory:0.1
IDataLoaderFactory:0.07
DefaultDatabaseWriterConflictResolver:0.06666666666666667
ConflictSettingsNodeGroupLink:0.06333333333333334
ConflictSettingsNodeGroupLinkMapper:0.04666666666666667
DataLoaderServiceSqlMap:0.04
TransformDatabaseWriter:0.03333333333333333
IDatabaseWriterConflictResolver:0.0
