FlowExecutionImpl:0.5666666666666667
FlowSessionImpl:0.45666666666666667
FlowExecutionImplTests:0.16333333333333333
