SupervisorTest:0.52
Stop:0.2866666666666667
JobHistoryTest:0.16083333333333333
