AnnotationVisitorAdapter:0.64
AnnotationReader:0.43333333333333335
BigClassTest:0.12333333333333334
