TermsQueryBuilder:0.6566666666666666
TermsQueryBuilderTests:0.34
TermsQueryParser:0.22222222222222218
