QueryBuilders:0.6066666666666667
IdsQueryBuilder:0.36333333333333334
SearchQueryTests:0.3233333333333333
ChildQuerySearchIT:0.24333333333333335
SearchSourceCompressTests:0.12666666666666668
IdsQueryBuilderTests:0.09666666666666666
