Attribute:0.6533333333333333
AssociativeReference:0.30666666666666664
AttributeBuilder:0.26666666666666666
BaseAttribute:0.26
SchemaModifier:0.24333333333333335
AttributeDescriptor:0.20583333333333334
BaseType:0.2
JoinEntityGenerator:0.17333333333333334
AttributeMember:0.17
JoinTableAssociation:0.12666666666666668
ImmutableAttribute:0.10342857142857141
