BaseTest:0.5233333333333333
ParseTreePatternMatcher:0.42333333333333334
ParseTreePatternErrorStrategy:0.308
TestParseTreeMatcher:0.19666666666666666
CannotInvokeStartRule:0.043111111111111114
CannotCreateLexerOrParser:0.043111111111111114
