ShipmentTest:0.6233333333333333
DateTimeSeparatedFormatter:0.2633333333333333
