HSQLDBDialect:0.5033333333333333
DialectFactory:0.30583333333333335
HSQLDBSQLGenerator:0.16333333333333333
HSQLDBViewProperties:0.06
HSQLDBIndexProperties:0.06
HSQLDBReverseEngineeringStrategy:0.03666666666666667
ReverseEngineeringTest:0.034499999999999996
HSQLDBDialectTest:0.03
HSQLDBTableProperties:0.023888888888888887
HSQLDBDataType:0.01
RepositoryIOTest:0.0
