LayerConfigTest:0.34
UpdaterBlock:0.3333333333333333
DataSetIteratorTest:0.2833333333333333
LayerValidation:0.27666666666666667
