ISymmetricDialect:0.5366666666666666
AbstractSymmetricDialect:0.48833333333333334
OracleSymmetricDialect:0.3933333333333333
