Util:0.37666666666666665
Simulator:0.335
JModel:0.32666666666666666
Atom:0.31666666666666665
LTLBenchmarker:0.30666666666666664
TemporalFormula:0.30333333333333334
SPOEvent:0.28800000000000003
Namespace:0.2773333333333333
TreeHashSet:0.27666666666666667
MatchingAlgorithm:0.2758333333333333
Analyzer:0.26
BoundedNestedDFSStrategy:0.26
GeneratorScenarioFactory:0.25083333333333335
SwingTarget:0.25083333333333335
CTLModelChecker:0.25
HashBagTest:0.24666666666666667
LTSJModel:0.24
NewDeltaGraph:0.2394444444444445
TupleIterator:0.22611111111111115
GenericNodeEdgeHashMap:0.2227777777777778
ObjectWrapSpeedTest:0.20666666666666667
AlgebraConstants:0.2
MatrixAutomaton:0.2
ControlView:0.19837301587301587
MyEdgeHandle:0.19666666666666666
EditableJVertex:0.19666666666666666
EditableJEdge:0.19666666666666666
Prefix:0.19
ArrayIterator:0.19
TypePanel:0.18837301587301586
CTLTransitionMarker:0.18
StrategiesTest:0.15333333333333332
Infix:0.14
ControlJGraph:0.13666666666666666
ReflectedAlgebra:0.12666666666666668
CalculatorTest:0.11333333333333333
SetOfDisjointSets:0.11333333333333333
ASTFrame:0.09333333333333334
AutomatonPanel:0.07333333333333333
