AllFusionHarvestCM511:0.5433333333333333
IO:0.38666666666666666
MergeLoggerTest:0.19972222222222225
NantBuilderTest:0.19666666666666666
FileSystemTest:0.13666666666666666
AllFusionHarvestCM511Test:0.023333333333333334
