Spark:0.65
EmbeddedServerFactory:0.33894444444444444
Service:0.30583333333333335
MatcherFilter:0.22666666666666666
SparkFilter:0.17666666666666667
StaticFilesTest:0.14666666666666667
StaticFiles:0.13333333333333333
EmbeddedJettyFactory:0.06333333333333334
EmbeddedServers:0.03333333333333333
