DefaultSerializer:0.8633333333333333
DatastreamResource:0.3466666666666667
