LocalObjectLight:0.6966666666666667
LocalQuery:0.33666666666666667
LocalObjectLightImpl:0.32666666666666666
CommunicationsStub:0.31
LocalObjectImpl:0.28194444444444444
LocalObjectListItemImpl:0.26111111111111107
QueryEditorScene:0.19583333333333333
ComplexQueryResultTopComponent:0.18666666666666668
GraphicalQueryBuilderService:0.17333333333333334
LocalResultRecord:0.07666666666666666
