AssociationBeDaoTest:0.5766666666666667
ExtrinsicObjectBeDaoTest:0.3566666666666667
ExtrinsicObjectBeDao:0.3566666666666667
