ScriptPanel:0.5166666666666667
XULPanel:0.27666666666666667
ManageScriptPanel:0.2627777777777778
LoadScriptPanel:0.19666666666666666
ScriptSettings:0.17444444444444446
ScriptEditorListener:0.14
