RestAdapterTest:0.779388888888889
Utils:0.6966666666666667
