KernelContext:0.7066666666666667
Main:0.34
QedeqMainFrame:0.2633333333333333
