Factory:0.72
Transducer:0.43333333333333335
ParseCpsl:0.35333333333333333
Batch:0.2833333333333333
Nerc:0.22666666666666666
MultiPhaseTransducer:0.1988888888888889
SinglePhaseTransducer:0.19666666666666666
SerialController:0.14
RunAction:0.11333333333333333
JapeConstants:0.0
