AsyncBulkByScrollActionTests:0.4766666666666667
RetryTests:0.18666666666666668
MockBulkClient:0.17333333333333334
MyMockClient:0.16333333333333333
DummyAbstractAsyncBulkByScrollAction:0.13199999999999998
NoOpClient:0.09333333333333334
