HttpClient:0.7233333333333334
MockWebServer:0.37
CacheTest:0.29333333333333333
WebSocketCallTest:0.27666666666666667
CallTest:0.25333333333333335
OkHttp:0.23666666666666666
InterceptorTest:0.19166666666666668
CookiesTest:0.18333333333333332
Benchmark:0.17
SocksProxyTest:0.14
HttpChannel:0.10333333333333333
RecordingCallback:0.09333333333333334
SynchronousHttpClient:0.08333333333333333
NettyHttpClient:0.07833333333333334
MockWebServerRule:0.07666666666666666
UrlConnectionRequest:0.05333333333333334
OkHttpRequest:0.05333333333333334
UrlConnection:0.03333333333333333
ApacheHttpClient:0.03333333333333333
OkHttpAsync:0.01
