SecurityContextHolder:0.5733333333333334
BasicProcessingFilterTests:0.19666666666666666
RememberMeProcessingFilterTests:0.19666666666666666
AnonymousProcessingFilterTests:0.19666666666666666
ExceptionTranslationFilterTests:0.18666666666666668
AbstractProcessingFilterTests:0.18333333333333332
DigestProcessingFilterTests:0.18333333333333332
AuthorizeTagTests:0.17666666666666667
AuthzImplAuthorizeTagTest:0.17666666666666667
ContextPropagatingRemoteInvocationTests:0.17333333333333334
CaptchaChannelProcessorTemplateTests:0.16666666666666666
SecurityContextLoginModuleTests:0.16666666666666666
FilterSecurityInterceptorTests:0.16666666666666666
HttpSessionContextIntegrationFilter:0.14333333333333334
AuthorizeTagAttributeTests:0.12333333333333334
AuthzImplAttributeTest:0.12333333333333334
ClientApplication:0.12
AuthorizeTagExpressionLanguageTests:0.11666666666666667
ContextPropagatingRemoteInvocation:0.11333333333333333
AuthorizeTagCustomGrantedAuthorityTests:0.11
