JCampContentProvider:0.48888888888888893
JCampLabelProvider:0.4166666666666667
SpectrumMetadataView:0.4166666666666667
