BasicSemanticChecks:0.3566666666666667
LexerATNFactory:0.31666666666666665
SemanticPipeline:0.2966666666666667
TestATNSerialization:0.23666666666666666
SymbolChecks:0.22946825396825393
TestToolSyntaxErrors:0.22666666666666666
TestSymbolIssues:0.10666666666666667
