BackendBean:0.57
RootObject:0.5311111111111111
BackendBeanRemote:0.44333333333333336
