EntityBinder:0.44666666666666666
DefaultIdentifierGeneratorFactory:0.3983333333333333
EntityIdentifier:0.3911111111111111
MultipleHiLoPerTableGenerator:0.36
IdGeneratorBinder:0.30333333333333334
