MediaDriverAdminThread:0.5033333333333333
ReceiverThread:0.49666666666666665
MediaDriverAdminThreadCursor:0.45666666666666667
ControlProtocolEvents:0.02
