IteratorTagTest:0.8
IteratorTag:0.26
IteratorComponent:0.25666666666666665
CounterIterator:0.056666666666666664
