Transaction:0.8833333333333333
TransactionOutPoint:0.32666666666666666
WalletTest:0.16
