QueryBuilder:0.7033333333333334
AttributeMember:0.6711111111111111
