FormalProofLineListHandler:0.6443333333333334
ConditionalProofHandler:0.6443333333333334
