AnnotationView:0.7266666666666667
DrawableAnnotatedSeqFeature:0.5566666666666666
