HTMLDocument:0.6333333333333333
HtmlPage:0.5966666666666667
