CachingLogic:0.8372222222222222
cacheController:0.2966666666666667
