Api:0.92
ApiImpl:0.3466666666666667
ApiClient:0.18333333333333332
