FunctionPathToken:0.41
NumericFunctionTest:0.39
BaseFunctionTest:0.30666666666666664
JSONEntityFunctionTest:0.23666666666666666
Min:0.15333333333333332
