PersistencyHandler:0.5322222222222222
JAMWikiServlet:0.5266666666666666
MoveServlet:0.20333333333333334
