ApplicationEntityManager:0.665
KuwaibaService:0.41333333333333333
WebserviceBean:0.36
RemoteProcessDefinition:0.3227777777777778
ProcessDefinition:0.31
ApplicationEntityManagerImpl:0.27666666666666667
WebserviceBeanLocal:0.27166666666666667
RemoteActivityDefinition:0.21333333333333335
Artifact:0.13333333333333333
