XMLConfigBuilderTest:0.57
XmlConfigBuilder:0.5116666666666667
TestSecureApplicationContext:0.25666666666666665
CacheIterateEntriesMessageTask:0.22666666666666666
CacheReplaceMessageTask:0.22666666666666666
CacheGetAndReplaceMessageTask:0.22666666666666666
CacheSizeMessageTask:0.22666666666666666
