JavaConfigApplicationContext:0.48
AbstractBeanDefinition:0.37
JavaConfigApplicationContextConstructionTests:0.25666666666666665
JavaConfigApplicationContextTypeSafeGetBeanMethodTests:0.24666666666666667
MethodAnnotationPrototype:0.18883333333333338
BeanDefinitionRegisteringConfigurationModelRenderer:0.1811111111111111
BasePackageWildcardTests:0.13333333333333333
BeanDefinitionRegisteringConfigurationModelRendererTests:0.02222222222222222
