LandingPageView:0.6233333333333333
ContentControl:0.3933333333333333
PreviewLandingPageDlg:0.34
DiscussionWSView:0.20666666666666667
