Trainer:0.8221031746031746
ParallelWrapper:0.4216666666666667
DefaultTrainer:0.36
