Record:0.6866666666666666
SimpleEntryView:0.5
MapService:0.43666666666666665
RecordInfo:0.31666666666666665
AbstractRecord:0.2633333333333333
DefaultRecordStore:0.23333333333333334
MultipleEntryOperation:0.20333333333333334
PutAllOperation:0.20333333333333334
PartitionWideEntryOperation:0.20333333333333334
EvictionTest:0.19666666666666666
EntryOperation:0.18166666666666667
BasePutOperation:0.16333333333333333
Merger:0.16333333333333333
GetEntryViewOperation:0.14666666666666667
EvictRunner:0.12666666666666668
MapEvictionManager:0.12333333333333334
MapEvictTask:0.11666666666666667
