LocalCertificateStoreSessionBean:0.4633333333333333
ServerCertificateProfile:0.42333333333333334
SecConst:0.37277777777777776
