DnsQuery:0.6833333333333333
DnsMessage:0.5633333333333334
DnsResponse:0.5533333333333333
DnsNameResolver:0.4266666666666667
DnsRawRecord:0.4
DnsCacheEntry:0.30666666666666664
DnsNameResolverContext:0.29333333333333333
DatagramDnsResponse:0.2833333333333333
DnsMessageUtil:0.25666666666666665
DnsNameResolverBuilder:0.24666666666666667
DatagramDnsQuery:0.23555555555555552
DefaultDnsRawRecord:0.21333333333333335
DefaultDnsResponse:0.18666666666666668
DnsNameResolverTest:0.17333333333333334
AbstractDnsMessage:0.17333333333333334
DefaultDnsQuery:0.17
DnsResponseHandler:0.11666666666666667
DnsQueryTest:0.07666666666666666
DnsResponseTest:0.07666666666666666
