HopSymbolTableWalker:0.41
DataEnvironment:0.36333333333333334
StepFactory:0.32
MethodDescriptor:0.24666666666666667
AssignmentStep:0.24
ActivationRecord:0.21
CallStep:0.17333333333333334
formal_parameter_return:0.12428571428571428
OmniscientStack:0.12
