ModelBinder:0.6427777777777778
SingularAttributeSourceBasicImpl:0.4266666666666667
SingularAttributeSourceManyToOneImpl:0.4266666666666667
