ArticleQueryService:0.5216666666666666
CommentNotifier:0.3377777777777778
CommentQueryService:0.27666666666666667
