KernelFacade:0.5366666666666666
CheckLogicTest:0.32
GenerateLatexTest:0.31333333333333335
DefaultQedeqBo2Test:0.26
