Glue:0.5283333333333333
BlueprintManager:0.25
EntityRenderer:0.18333333333333332
Preview:0.18
BlueprintList:0.03
