RecordInfo:0.8033333333333333
ValidationDefinition:0.4230595238095238
