SelectableEntry:0.4066666666666667
Metadata:0.38666666666666666
FileSystemEntry:0.32
ZipFileEntry:0.32
SelectableEntryPanel:0.29
UpdateListener:0.24
ConversionRulesGraph:0.20333333333333334
FileSelectTask:0.18666666666666668
SelectableEntryNode:0.18333333333333332
MetadataEntryTask:0.17333333333333334
OpenZipFileAction:0.16
MetadataNode:0.14666666666666667
SaveSIPAction:0.12666666666666668
CheckRenderer:0.10666666666666667
CloseCurrentTabAction:0.09333333333333334
SelectableEntryGraphNode:0.0
