StringUtils:0.7066666666666667
AllJUnitTests:0.13666666666666666
