Robot:0.48
DynamicClassLoader:0.39
ComponentRecorder:0.30333333333333334
EventRecorder:0.25666666666666665
ResourceLoader:0.19
ComponentRecorderTest:0.17666666666666667
Costello:0.16666666666666666
EventRecorderTest:0.16666666666666666
RobotTest:0.15333333333333332
RepeatHelper:0.12666666666666668
ScriptFilter:0.11333333333333333
DynamicClassLoaderTest:0.11333333333333333
KeyStrokeMap:0.09666666666666666
SemanticEvents:0.0
