ResourceLoader:0.6566666666666666
RobolectricConfig:0.38666666666666666
RobolectricTestRunner:0.3
MenuNode:0.24166666666666667
ColorResourceLoader:0.22
ViewNode:0.21666666666666667
MenuLoader:0.20666666666666667
ViewGroupTest:0.17666666666666667
ViewLoader:0.16333333333333333
TestUtil:0.16
