Map2DRenderer:0.4766666666666667
Map2DItemListRenderer:0.4
DefaultItemEventHandler:0.38
Map2DSourceRenderer:0.36
AbstractMapRenderer:0.21333333333333335
MapItemListRenderer:0.21333333333333335
ExternalSourceRenderer:0.19666666666666666
ProjectedMap2DItemRenderer:0.18
AbstractProjectedMap2DItemRenderer:0.10666666666666667
MapSourceRenderer:0.10333333333333333
JFXCourseArc:0.02666666666666667
JFXCoursePoint:0.01
