FeatureView:0.7391666666666666
AnnotationView:0.6
ResultView:0.27666666666666667
