ResultDecoder:0.6766666666666666
BsonEncoding:0.3466666666666667
SimpleReplacerTest:0.2866666666666667
RepositorySetup:0.18333333333333332
BasicMongoOperationsTest:0.16666666666666666
