NutIoc:0.43
ComboContext:0.4
ScopeContext:0.18
SessionIocContext:0.14333333333333334
RequestIocContext:0.14333333333333334
