MoleculeFileContentProvider:0.6844444444444445
AddMoleculeWizardPage:0.30142857142857143
NewSpecMolWizard:0.26
