SystemTestBase:0.53
MasterConfig:0.29333333333333333
MasterService:0.23333333333333334
PomVersion:0.22642857142857142
MasterParser:0.19333333333333333
Polling:0.18444444444444444
PomVersionTest:0.09666666666666666
