DateTimeZone:0.4483333333333333
DateTime:0.43
TestDateTimeZoneCutover:0.39666666666666667
