HaveConversation:0.5766666666666667
Preference:0.45
HaveConversationMeta:0.3933333333333333
MetaTaskUtil:0.34
