Context:0.67
EventReader:0.39666666666666667
ExamplePublisher:0.16333333333333333
ExampleSubscriber:0.13666666666666666
