Options:0.8433333333333334
FileProcessor:0.39333333333333337
TranslationProcessor:0.2966666666666667
