RubyLexHelper:0.3357777777777778
AdaLexHelper:0.30333333333333334
PerlLexHelper:0.2111111111111111
