LossDetectorTest:0.2733333333333333
UdpChannel:0.27
UdpChannelTest:0.26
MediaDriver:0.23666666666666666
CommonContext:0.2277777777777778
DriverConnection:0.22
SocketAddressUtilTest:0.19666666666666666
LogInspector:0.1487777777777778
EmbeddedPingPong:0.14333333333333334
