TrainModuleUtils:0.5233333333333333
TrainModule:0.5188888888888888
TestPlayUI:0.2
