Packet:0.49666666666666665
SerializationServiceImpl:0.4033333333333333
ClusterService:0.4
DefaultRecordStore:0.30666666666666664
