FrameworkMethod:0.6833333333333333
ParentRunner:0.4066666666666667
BlockJUnit4ClassRunner:0.4
