ClusterService:0.7583333333333333
ClientHandlerService:0.4766666666666667
