ParameterizedTestParameterResolver:0.4033333333333333
ParameterizedTestExtension:0.36666666666666664
AggregationUtils:0.21333333333333335
