BusinessEntityManager:0.5043333333333334
WebserviceBeanRemote:0.38333333333333336
IPAMModule:0.3311111111111111
WebserviceBean:0.29
Constants:0.22033333333333333
BusinessEntityManagerImpl:0.19
RemoteBusinessObjectLightList:0.07583333333333334
