ActionExecutor:0.6733333333333333
ActionList:0.3755555555555556
DecisionState:0.23666666666666666
ActionState:0.23333333333333334
ActionTransitionCriteria:0.21666666666666667
