ErrorSource:0.4666666666666667
DefaultErrorSource:0.36
ErrorList:0.2966666666666667
ErrorOverview:0.28
ErrorHighlight:0.17666666666666667
