Context:0.45
SearchEngine:0.31666666666666665
EftarFile:0.22666666666666666
DirectoryListing:0.19666666666666668
CommandLineOptions:0.16333333333333333
HistoryContext:0.16333333333333333
Indexer:0.16083333333333333
