HtmlElement:0.5133333333333333
Event:0.42333333333333334
EventTest:0.21
