GrabKeyDialog:0.22094686
ActionSet:0.06298306
JEditActionSet:0.05870951
FilteredTableModel:0.058118336
jEdit:0.04981041
GUIUtilities:0.039570317
Macros:0.030526236
AbstractOptionPane:0.02562044
EditAction:0.02489518
Log:0.012793785
StandardUtilities:0.012521031
