Replicator:0.6441666666666667
StatelessServerConnector:0.42
StatelessChronicleMap:0.36666666666666664
VanillaChronicleMap:0.33666666666666667
AbstractChronicleMapBuilder:0.2833333333333333
Replicators:0.16777777777777778
ChronicleChannel:0.03666666666666667
