FlowDefinitionResourceFactory:0.5233333333333333
FlowRegistryFactoryBean:0.45666666666666667
FlowRegistryBeanDefinitionParser:0.22333333333333333
FlowDefinitionResourceFactoryTests:0.07
