ICDKDebugManager:0.6188888888888888
CDKDebugManager:0.4578888888888889
