ListAdapter:0.515
ListDialog:0.42333333333333334
NavigationView:0.23166666666666666
DialogsActivity:0.22666666666666666
Dialog:0.18944444444444444
OnItemClickedListener:0.1888095238095238
DialogBase:0.15333333333333332
ArrayAdapter:0.14
