InternalResources:0.4266666666666667
RSASignSessionBean:0.39
CAAdminSessionBean:0.39
TestInternalResources:0.17666666666666667
