Resource:0.65
SqlScript:0.44333333333333336
SqlScriptFlywayCallback:0.27
ClassPathScannerSmallTest:0.24666666666666667
SqlMigrationResolver:0.15333333333333332
SqlMigrationExecutor:0.14
ClassPathScanner:0.14
FileSystemScanner:0.11666666666666667
AndroidScanner:0.056666666666666664
