Common:0.9227777777777779
IndexProcessor:0.49333333333333335
TimelineProcessor:0.2633333333333333
CityProcessor:0.21
DomainProcessor:0.20666666666666667
LinkForgeProcessor:0.18666666666666668
