Common:0.5541666666666668
ArticleProcessor:0.38333333333333336
Filler:0.3233333333333333
ArticleRepositoryImpl:0.2733333333333333
IndexProcessor:0.18333333333333332
