RecordingBinder:0.5488888888888889
ModuleSource:0.4766666666666667
ProviderMethodsModule:0.41
