GwtTeamingMessages:0.7608333333333334
MastHead:0.3333333333333333
GwtMainPage:0.31333333333333335
GwtTeamingImageBundle:0.23666666666666666
LoginDlg:0.22333333333333333
PersonalPreferencesDlg:0.16333333333333333
GwtPersonalPreferences:0.021666666666666667
