Format:0.5733333333333334
Interpreted:0.48
DateBean:0.3233333333333333
ChangeFormat:0.1211111111111111
