QueryResultRow:0.36777777777777776
ClientMapProxy:0.33666666666666667
MapClientRequestTest:0.30333333333333334
ResponseTemplate:0.24666666666666667
AuthenticationBaseMessageTask:0.23666666666666666
AbstractMapQueryMessageTask:0.22
AbstractMapQueryRequest:0.21
MapPortableHook:0.18666666666666668
MapKeySetMessageTask:0.10333333333333333
MapEntrySetMessageTask:0.10333333333333333
MapValuesMessageTask:0.10333333333333333
MapValuesWithPredicateMessageTask:0.1
MapValuesWithPagingPredicateMessageTask:0.1
MapKeySetWithPredicateMessageTask:0.1
MapKeySetWithPagingPredicateMessageTask:0.1
MapEntriesWithPagingPredicateMessageTask:0.1
MapEntriesWithPredicateMessageTask:0.09666666666666666
