UcanaccessConnection:0.5533333333333333
SQLConverter:0.49
DFunction:0.29333333333333333
LoadJet:0.26972222222222225
TablesLoader:0.19666666666666666
TriggerBase:0.12666666666666668
ViewsLoader:0.06
