FFmpegFrameRecorder:0.5633333333333334
FFmpegFrameGrabber:0.3566666666666667
RecordActivity:0.3
CameraView:0.26
AudioRecordRunnable:0.1511111111111111
