Pixmap:0.585
OggInputStream:0.4477777777777777
TiledLoader:0.23666666666666666
