BinderHelper:0.6766666666666666
ListFolderHelper:0.3233333333333333
WorkspaceTreeHelper:0.21
AbstractBinderController:0.2
AddFolderController:0.19333333333333333
ReloadOpenerController:0.14666666666666667
ModifyBinderController:0.14
AccessControlController:0.13333333333333333
ViewController:0.06188888888888889
