IIncomingBatchService:0.525888888888889
ParameterConstants:0.4745
IncomingBatchService:0.4266666666666667
ManageIncomingBatchListener:0.29333333333333333
FileSyncService:0.2833333333333333
