FixedWidthBlock:0.47
GroupByIdBlock:0.2966666666666667
BooleanType:0.26416666666666666
BigintType:0.26416666666666666
DoubleType:0.26416666666666666
FixedWidthBlockEncoding:0.2519444444444444
AggregationTestUtils:0.19333333333333333
OrderByOperator:0.14666666666666667
ServerMainModule:0.14666666666666667
GroupByHash:0.13333333333333333
AbstractFilterAndProjectOperator:0.12
TestDoubleBlockCursor:0.10333333333333333
TestDoubleBlockCursorWithNulls:0.10333333333333333
TestLongBlockCursor:0.10333333333333333
TestBooleanBlockCursorWithNulls:0.10333333333333333
TestBooleanBlockCursor:0.10333333333333333
TestLongBlockCursorWithNulls:0.10333333333333333
TestingBlockEncodingManager:0.09333333333333334
OrderByOperatorFactory:0.06333333333333334
FixedWidthBlockEncodingFactory:0.0625
TopNOperatorFactory:0.02666666666666667
