NonBlockingIOThread:0.5433333333333333
NonBlockingIOThreadingModel:0.33
AbstractHandler:0.31666666666666665
NonBlockingSocketWriter:0.2633333333333333
NonBlockingSocketReader:0.18
