Content:0.14641748
Manifest:0.13993005
SpreadsheetWriter:0.12138585
TextWriter:0.12051304
