HiveSplitSource:0.6533333333333333
HiveRecordSet:0.35333333333333333
TestHiveSplitSource:0.3333333333333333
