AggregateProjection:0.57
CriteriaHQLAlignmentTest:0.5666666666666667
RowCountProjection:0.16333333333333333
CountProjection:0.16
AvgProjection:0.07222222222222222
