Anchor:0.5764444444444444
UIBean:0.5166666666666667
AnchorTest:0.45666666666666667
