BulkUploadFrame:0.48333333333333334
SyncService:0.30666666666666664
UploadFilesAction:0.18
DeleteBusinessObjectAction:0.17
CreateSpecialBusinessObjectAction:0.17
