Logger:0.44333333333333336
FailsafeLogger:0.38333333333333336
Log4jLogger:0.38333333333333336
