NeuralNetwork:0.6833333333333333
BaseMultiLayerNetwork:0.39666666666666667
BaseNeuralNetwork:0.36666666666666664
LSTM:0.3333333333333333
StochasticHessianFree:0.3
BaseOptimizer:0.25666666666666665
RBM:0.20666666666666667
DenoisingAutoEncoder:0.18666666666666668
DBNTest:0.12666666666666668
BatchDocIter:0.07
DocIter:0.06666666666666667
