InternalTestCluster:0.5466666666666666
NodeConnectionsService:0.38333333333333336
NodeConnectionsServiceTests:0.3
MinimumMasterNodesIT:0.25
