DaoTestDelegate:0.5266666666666666
ProvenanceDaoTest:0.4533333333333333
DaoTestDelegateTest:0.36333333333333334
HelperDao:0.26666666666666666
