StatsStorage:0.6625555555555555
J7FileStatsStorage:0.45666666666666667
TrainModule:0.3466666666666667
TestStatsStorage:0.15666666666666668
BaseCollectionStatsStorage:0.14666666666666667
