SSSRFinder:0.51
HueckelAromaticityDetectorTest:0.3433333333333333
CDKTests:0.25333333333333335
AllRingsFinder:0.22333333333333333
RingPartitionerTest:0.22
AllRingsFinderTest:0.19333333333333333
RingPartitioner:0.1
MoleculeGraphs:0.08333333333333333
