Messages:0.45
AbstractEntryDialog:0.44
AbstractFilterEntryDialog:0.2866666666666667
AbstractEditingDialog:0.27666666666666667
