id:0.4494444444444445
ViewNode:0.31666666666666665
FakeView:0.2866666666666667
ViewLoader:0.17916666666666667
FakeIntent:0.17333333333333334
ViewLoaderTest:0.14666666666666667
FakeActivity:0.11333333333333333
