AdminTreeControl:0.6466666666666666
IAppController:0.5533333333333333
ConnectionDialog:0.33
AppFrame:0.23333333333333334
