EventLogAgent:0.6833333333333333
DriverConductorInterceptor:0.15
SenderProxyInterceptor:0.07666666666666666
ReceiveChannelEndpointInterceptor:0.07666666666666666
ReceiverProxyInterceptor:0.07666666666666666
SendChannelEndpointInterceptor:0.07666666666666666
