OAuth20AccessTokenControllerTests:0.6808333333333333
HardTimeoutExpirationPolicy:0.29333333333333333
OAuthRefreshTokenExpirationPolicy:0.24333333333333335
RegisteredServiceOAuthTypeEditBean:0.22333333333333333
