InsnGen:0.3466666666666667
Jadx:0.32
IfRegion:0.25666666666666665
InsnWrapArg:0.24666666666666667
ArithNode:0.23
DebugInfoParser:0.07666666666666666
