TestUtil:0.4533333333333333
ShadowAssetManagerTest:0.37
IntentServiceControllerTest:0.3333333333333333
ServiceControllerTest:0.3333333333333333
ActivityControllerTest:0.29
ShadowLayoutInflaterTest:0.29
DrawableResourceLoaderTest:0.27
ShadowDialogTest:0.24666666666666667
ConfigMergerTest:0.22888888888888886
GradleManifestFactoryTest:0.22666666666666666
ManifestFactoryTest:0.17
