XJBSWDownloadCandidate:0.4275
XJBSWDownloadCandidateImpl:0.3333333333333333
Unmarshaller:0.279
XJBSWDownloadFileImpl:0.21333333333333335
XJBUpdateRequestImpl:0.20666666666666667
XJBGUISettingsImpl:0.20666666666666667
XJBPhexImpl:0.20666666666666667
XJBSecurityRuleImpl:0.20666666666666667
XJBSharedFileImpl:0.20666666666666667
XJBSearchFilterImpl:0.20666666666666667
XJBUpdateResponseImpl:0.20666666666666667
InfoTypeImpl:0.20333333333333334
VersionTypeImpl:0.20333333333333334
XJBSWDownloadSegmentImpl:0.2
XJBGUITabImpl:0.2
XJBGUITableColumnImpl:0.2
XJBGUITableImpl:0.2
XJBFavoriteHostImpl:0.2
XJBAlternateLocationImpl:0.2
XJBGUITableListImpl:0.2
XJBIPAccessRuleImpl:0.2
PhexElementImpl:0.16333333333333333
XJBSearchFiltersImpl:0.16333333333333333
XJBGUITableColumnListImpl:0.16333333333333333
XJBSWDownloadListImpl:0.16333333333333333
XJBSecurityImpl:0.16333333333333333
XJBSharedLibraryImpl:0.16333333333333333
XJBFavoritesListImpl:0.16333333333333333
