SPORule:0.6666666666666666
ExprParser:0.23166666666666666
RuleName:0.19244444444444445
FormatOption:0.19
MinimalAnchorFactory:0.15
NodeAnchorFactory:0.13666666666666666
EdgeAnchorFactory:0.12
