Frontier:0.5983333333333334
FetchHTTP:0.4166666666666667
SurtPrefixScope:0.2633333333333333
SurtPrefixFilter:0.17666666666666667
