MakumbaJspAnalyzer:0.8044444444444445
Responder:0.5727777777777778
ListFormDataProvider:0.4666666666666667
