OcspResponseGeneratorSessionBean:0.8333333333333334
StandaloneOcspResponseGeneratorSessionTest:0.5666666666666667
