ActivityController:0.49333333333333335
ShadowActivity:0.28
CoreShadowsAdapter:0.2227777777777778
ShadowsAdapter:0.20722222222222222
ActivityControllerTest:0.2
ShadowViewRootImpl:0.1
