Failure:0.49333333333333335
WritePrimaryResult:0.30333333333333334
ReroutePhase:0.2833333333333333
Request:0.25333333333333335
ReplicaResponse:0.25333333333333335
TransportReplicationActionTests:0.25
TransportWriteActionTests:0.25
PrimaryShardReference:0.24666666666666667
IndicesRequestIT:0.22666666666666666
TransportIndexAction:0.20333333333333334
TransportReplicationAction:0.2
DynamicMappingDisabledTests:0.2
NoMasterNodeIT:0.17666666666666667
TransportDeleteAction:0.17
TransportShardBulkAction:0.16666666666666666
TestAction:0.15666666666666668
AsyncPrimaryAction:0.15642857142857144
TransportBulkAction:0.15333333333333332
TransportWriteAction:0.13
WaitActiveShardCountIT:0.1
WriteReplicaResult:0.07666666666666666
BulkOperation:0.07
NoopReplicationOperation:0.06333333333333334
TestRequest:0.05
ReplicasProxy:0.034166666666666665
