Builder:0.5433333333333333
PojoRoundTripTest:0.45
InvalidMapModel:0.38
PojoCustomTest:0.36666666666666664
TypeDataTest:0.3566666666666667
PojoTestCase:0.26666666666666666
ConcreteInterfaceGenericModel:0.2377777777777778
MapPropertyCodecProvider:0.18083333333333335
ClassModelBuilderTest:0.12333333333333334
