PostgreSQLDialect:0.53
TestCase:0.48333333333333334
LockTest:0.4483333333333333
