Coordinates:0.4266666666666667
Unit:0.33
MarsClock:0.31666666666666665
VehicleMission:0.25833333333333336
MasterClock:0.24333333333333335
Person:0.23
LoadVehicleTest:0.19666666666666666
PersonTableModel:0.1802777777777778
