RedissonMapCache:0.5733333333333334
RMapCache:0.45438888888888895
RMapCacheAsync:0.25666666666666665
RedissonMapCacheTest:0.24666666666666667
