TriggerRouterService:0.6533333333333333
ITriggerRouterService:0.5930555555555557
DataService:0.2966666666666667
