AbstractServiceValidateController:0.5066666666666667
AbstractCasView:0.35
CasViewConstants:0.2603888888888889
AbstractDelegatingCasView:0.17333333333333334
WebApplicationServiceFactory:0.17
Cas30JsonResponseView:0.08666666666666667
