HTTPCommunicator:0.5166666666666667
HttpPostCommandProcessor:0.41333333333333333
RestTest:0.3433333333333333
HttpCommandProcessor:0.25665079365079363
TextReadHandler:0.14666666666666667
