IndexUtils:0.43666666666666665
AbstractFolderCoreProcessor:0.32666666666666666
FolderModule:0.2773055555555555
FolderCoreProcessor:0.257
DefinitionModuleImpl:0.21333333333333335
ManageSearchIndexController:0.13333333333333333
FolderModuleImpl:0.10666666666666667
FieldBuilderTitle:0.10333333333333333
