BotStation:0.66
BotTaskConfigurationUtils:0.4066666666666667
WorkflowBotTaskExecutor:0.3566666666666667
BotInvokerActionHandler:0.12
