TestCAs:0.3466666666666667
TestApprovalSession:0.33
TestApprovalEnforcedByCertificateProfile:0.30666666666666664
TestRevocationApproval:0.27
TestCAKeystoreExportRemoveRestore:0.18333333333333332
TestCAImportExport:0.18333333333333332
TestUserAdminSession:0.17333333333333334
