DataManager:0.8066666666666666
Harvester:0.24333333333333335
