TupleDomainParquetPredicate:0.38333333333333336
ParquetColumnReader:0.3566666666666667
ParquetTypeUtils:0.35
ParquetHiveRecordCursor:0.2733333333333333
ParquetPredicateUtils:0.21666666666666667
ParquetPredicate:0.2011111111111111
