DownloadConfigDialog:0.77
OkBtnActionListener:0.24333333333333335
SWConfigDownloadAction:0.21666666666666667
