RequestInfo:0.6472222222222221
GwtUIHelper:0.4666666666666667
WebKeys:0.0
