Os:0.5466666666666666
IoBridge:0.37666666666666665
Posix:0.3433333333333333
URL:0.34
OsConstants:0.26666666666666666
ErrnoException:0.18166666666666667
