OpenGLState:0.5233333333333333
GLSLDisplay:0.44666666666666666
GLSLChannelMap:0.325
GLSLVisitor:0.30133333333333334
GLSLAffineUVTransformation:0.3011111111111111
GLSLImageMap:0.3011111111111111
GLSLShader:0.2866666666666667
GLSLChecker:0.2866666666666667
GLSLChannelBlend:0.2833333333333333
GLSLPointLight:0.2683333333333333
SimplexNoise:0.26666666666666666
GLSLPhong:0.25333333333333335
ShaderOGL:0.25
GLSLJulia:0.24333333333333335
GLSLXYZTransformation:0.24333333333333335
GLSLWood:0.24333333333333335
GLSLLeopard:0.24333333333333335
GLSLGranite:0.24333333333333335
GLSLGradient:0.24333333333333335
GLSLMandel:0.24333333333333335
PresentDebugImagePass:0.23
RenderPass:0.205
GLSLDirectionalLightShadow:0.19666666666666666
GLSLVolumeChecker:0.19
GLSLTurbulence:0.18666666666666668
GLSLVolumeTurbulence:0.18666666666666668
LightingProcessPass:0.155
DrawBackgroundPass:0.14166666666666666
ReduceImagePass:0.14
ToneMappingPass:0.13
PreprocessPass:0.13
ToolRenderPass:0.12833333333333333
GLSLQueuedFloatTexture:0.12
ShadowMapGenerationPass:0.115
GLSLSyntheticTexture:0.11333333333333333
PresentScenePass:0.11333333333333333
MaterialCollection:0.10666666666666667
GLSLSkyLight:0.08666666666666667
ExtractLayerPass:0.06666666666666667
CopyFloatTexturePass:0.06
LightCollection:0.05583333333333333
CachedRenderPass:0.051666666666666666
SolidRenderPass:0.049166666666666664
ChannelMapCollection:0.043333333333333335
DrawTranspBackgroundPass:0.03
FullRenderPass:0.01
