CounterPanel:0.6133333333333333
TestRunner:0.5933333333333334
