ResponderOperation:0.7766666666666666
FormTagBase:0.48
NewTag:0.31
AddTag:0.25666666666666665
InputTag:0.24833333333333332
DeleteTag:0.2227777777777778
GenericMakumbaTag:0.21666666666666667
BasicValueTag:0.16
EditTag:0.1125
