HiveClientConfig:0.7388888888888889
HdfsConfigurationUpdater:0.4033333333333333
TestHiveClientConfig:0.31
