Robolectric:0.5466666666666666
ShadowContentResolver:0.38
ShadowCanvas:0.27666666666666667
ShadowDrawable:0.27
ShadowBitmapDrawable:0.2633333333333333
ShadowAlarmManager:0.22666666666666666
ContentResolverTest:0.10333333333333333
DrawableTest:0.07694444444444444
ShadowStateListDrawable:0.06944444444444445
Status:0.06
AlarmManagerTest:0.05888888888888889
CanvasTest:0.05722222222222222
ShadowViewAnimator:0.04666666666666667
