FilterAggregationBuilder:0.48444444444444446
QueryShardContext:0.4583333333333333
MoreLikeThisQueryBuilderTests:0.27666666666666667
TermsQueryBuilderTests:0.27666666666666667
IndicesRequestCacheIT:0.22666666666666666
