IssuesTest:0.3233333333333333
JsonSmartJsonProvider:0.3
HelpTest:0.20333333333333334
FieldFilter:0.18666666666666668
JsonProviderFactory:0.12333333333333334
