ScriptEditor:0.49333333333333335
CaptureComponentAction:0.16
SelectComponentAction:0.16
CaptureImageAction:0.16
EditorConstants:0.011111111111111112
