TsQueryService:0.5166666666666667
TXMWEB:0.49
EditionPanel:0.48
EditionService:0.41666666666666663
EditionServiceAsync:0.24666666666666667
TsQueryServiceAsync:0.22166666666666668
CenterPanel:0.21666666666666667
EditionServiceImpl:0.20166666666666666
CriteraPanel:0.19666666666666666
ContextTab:0.17333333333333334
ConcordanceTab:0.17333333333333334
OrderedPickList:0.15333333333333332
VocabularyServiceImpl:0.1527777777777778
TsQueryForm:0.15166666666666667
TSExportForm:0.11666666666666667
TsQueryServiceImpl:0.06666666666666667
EditionTab:0.04
