QueueContainer:0.5333333333333333
AddAllBackupOperation:0.24444444444444446
TxPollOperation:0.22333333333333333
PollOperation:0.22
QueueItem:0.21333333333333335
DrainBackupOperation:0.19777777777777777
TxOfferOperation:0.19666666666666666
OfferOperation:0.18666666666666668
ClearOperation:0.18
OfferBackupOperation:0.16333333333333333
DrainOperation:0.15333333333333332
AddAllOperation:0.14666666666666667
ClearBackupOperation:0.1311111111111111
PollBackupOperation:0.12333333333333334
