ReinforcedReporter:0.27666666666666667
WebReporter:0.25666666666666665
TestPlayUI:0.22
BaseUiServerTest:0.17333333333333334
PlayUIServer:0.10666666666666667
