SearchResultsPanel:0.275
SecurityTab:0.2683333333333333
SearchControlPanel:0.26777777777777784
SearchTab:0.25
SWDownloadTab:0.24333333333333335
SearchListPanel:0.22
NetworkTab:0.165
StatisticsTab:0.16166666666666665
