CacheConfig:0.6744444444444444
RedissonSpringCacheManager:0.44666666666666666
CacheConfigSupport:0.3566666666666667
