Response:0.9533333333333334
Reader:0.4066666666666667
