GeoShapeFieldMapper:0.82
GeoShapeFieldMapperTests:0.23333333333333334
GeoShapeIntegrationTests:0.14666666666666667
