EmsBean:0.6669444444444443
DMBean:0.47
DAttribute:0.42222222222222217
DParameter:0.33
DOperation:0.28
