HdfsBlobStore:0.4
HdfsSecurityContext:0.39166666666666666
MiniHDFS:0.36333333333333334
HDFSPrivilegedInputSteam:0.24333333333333335
HdfsRepository:0.19
