MailException:0.3880952380952381
EmailAttachmentBuilder:0.35333333333333333
DbSqlException:0.205
BeanException:0.205
DbSqlBuilderException:0.205
TypeConversionException:0.18333333333333332
HtmlStaplerException:0.08666666666666667
JtxException:0.08666666666666667
DecoraException:0.08666666666666667
MadvocException:0.08666666666666667
PetiteException:0.08666666666666667
FindFileException:0.05
VtorException:0.05
MethrefException:0.05
ParamoException:0.05
DbOomException:0.05
HttpException:0.05
