Parameter:0.7366666666666667
ParameterList:0.39666666666666667
TestCreole:0.31666666666666665
CreoleXmlHandler:0.20333333333333334
