Bookmarks:0.6494444444444444
InfoViewer:0.49666666666666665
InfoViewerPlugin:0.35
InfoViewerAction:0.3
follow_link:0.19865079365079366
open_file:0.18587301587301586
EnhancedJEditorPane:0.155
BookmarksDialog:0.023333333333333334
InfoViewerOptionPane2:0.013333333333333334
InfoViewerOptionPane:0.013333333333333334
