HTMLScriptElementTest:0.37666666666666665
HTMLElementTest:0.3
BinaryPageTest:0.26666666666666666
EventNodeTest:0.2
HTMLDocumentTest:0.19666666666666666
