Record:0.711111111111111
PartitionManager:0.39
DistributedLock:0.38333333333333336
Connection:0.24333333333333335
FactoryImpl:0.23833333333333334
AbstractRecord:0.23333333333333334
AbstractSimpleRecord:0.23
CMap:0.22666666666666666
SendClusterStateTask:0.20666666666666667
ConnectionManager:0.20055555555555554
Prefix:0.18833333333333332
LostPartitionsAssignmentProcess:0.11333333333333333
ProcessMigrationResult:0.11333333333333333
TaskPoller:0.1025
ClusterServiceCallable:0.1
