ClassWriter:0.48
JavaWriter:0.43666666666666665
Snippet:0.38666666666666666
JavaWriterTest:0.28
