StorageBean:0.4166666666666667
ContentEditBean:0.38333333333333336
StoreScp:0.37
SeriesBean:0.36666666666666664
InstanceBean:0.3566666666666667
FileBean:0.32666666666666666
StudyBean:0.3
MPPSManagerBean:0.19666666666666666
