AbstractAlterOperation:0.37333333333333335
AlterOperation:0.27666666666666667
GetAndAlterOperation:0.27666666666666667
AlterAndGetOperation:0.2
