ARINCRuntimeException:0.47
EditorEngine:0.29
JFXMapSymbol:0.27555555555555555
RendererFactory:0.27
PushButton2:0.27
AbstractServerEngine:0.2633333333333333
SwingMapSymbol:0.26
MapItemsUIHandler:0.26
ServerXMLSymbolsHandler:0.26
Map2DSourceContext:0.24666666666666667
LineCurveRenderer:0.22
EditorScriptHelper:0.21666666666666667
AbstractXMLDFHandler:0.21
SwingRendererBridge:0.20333333333333334
JFXEditorPanel:0.20333333333333334
SwingEditorPanel:0.20333333333333334
JFXLayerPainter:0.18333333333333332
BasicWindowManager:0.16666666666666666
FilledPolyStartRenderer:0.14333333333333334
LineStartRenderer:0.14333333333333334
PushButton2Renderer:0.14
LineSegmentRenderer:0.13333333333333333
