RxImageUtils:0.5183333333333333
ActivityScanerCode:0.27666666666666667
ActivityRxPhoto:0.24
ActivityCodeTool:0.22666666666666666
RxDialogSure:0.21333333333333335
RxDialogSureCancle:0.21
ActivityDialog:0.14
