FormTagBase:0.445
Responder:0.4066666666666667
FormResponder:0.26
AddTag:0.14333333333333334
NewTag:0.14
