RebondTool:0.5166666666666667
RebondToolTest:0.4816666666666667
