EdgeLayout:0.801
TreeLayout:0.4633333333333333
EuclideanShortestPathLayout:0.4633333333333333
