SystemTestBase:0.6066666666666667
JobValidatorTest:0.28
JobValidator:0.24
JobInspectCommand:0.19666666666666666
TemporaryJob:0.17666666666666667
JobCreateCommand:0.16666666666666666
Stop:0.16333333333333333
