Errors:0.7966666666666666
DatastreamValidator:0.26111111111111107
ReportingErrorHandler:0.22944444444444448
ObjectConstructor:0.20833333333333334
OwlValidator:0.19333333333333333
SchemaValidator:0.17666666666666667
FormValidator:0.13444444444444442
EcmValidator:0.1311111111111111
EcmTest:0.07333333333333333
