ANTLRErrorListener:0.7741666666666667
Parser:0.44666666666666666
Lexer:0.37
Recognizer:0.3433333333333333
DescriptiveErrorListener:0.10111111111111111
