HopVirtualMachine:0.7461111111111112
HopDataManager:0.5458333333333333
