Db:0.5275
Record:0.5133333333333333
Model:0.46
ModelInjector:0.15666666666666668
