AbstractBundleXmlApplicationContextTest:0.6066666666666667
AbstractRefreshableOsgiBundleApplicationContextTest:0.2855555555555555
