ChangeStylesPlugIn:0.43
CopyStylesPlugIn:0.2966666666666667
PasteStylesPlugIn:0.23472222222222225
ChangeRasterImagePropertiesPlugIn:0.2175
DeeChangeStylesPlugIn:0.19333333333333333
WMSStylePlugIn:0.18
