SEUtil:0.8366666666666667
SideEffectSentenceCasConsumer:0.24444444444444446
SideEffectCasConsumer:0.24333333333333335
