GraphJGraph:0.49333333333333335
JAttr:0.4461111111111111
GraphEditorTab:0.36
JVertexView:0.30333333333333334
SystemProperties:0.29
JGraphPanel:0.2861111111111111
MyMouseListener:0.23611111111111113
AspectEdge:0.21333333333333335
CopyTarget:0.19
JGraphUI:0.185
