DistributedExecutionPlanner:0.5666666666666667
SqlQueryWorker:0.36
TaskScheduler:0.2753333333333333
