HistogramAggregationBuilder:0.46
IndexSettings:0.44666666666666666
TaskResult:0.42333333333333334
PipelineConfiguration:0.36
