MurmurHash:0.5933333333333334
IntervalSet:0.29
ATNConfig:0.24
FlexibleHashMap:0.21666666666666667
AltAndContextConfigEqualityComparator:0.20666666666666667
Array2DHashSet:0.19
OR:0.18166666666666667
LexerATNConfig:0.17666666666666667
AND:0.16
DFAState:0.15
Predicate:0.14666666666666667
ContextGetterDecl:0.12333333333333334
