BlogComment:0.5266666666666666
Trackback:0.5266666666666666
CommentPlugin:0.29333333333333333
TrackbackPlugin:0.2633333333333333
