AbstractGenericTypeDescriptionTest:0.37666666666666665
JavaInstanceMethodTypeTest:0.31666666666666665
AbstractTypeDescriptionTest:0.31333333333333335
AbstractMethodDescriptionTest:0.31
AbstractFieldDescriptionTest:0.2866666666666667
InstrumentedTypeTest:0.25
JavaTypeTest:0.19666666666666666
