TODSession:0.6833333333333333
DebugEventListener:0.53
DefaultVariablesWatcher:0.32666666666666666
DefaultActionHandler:0.3233333333333333
DefaultExecutionTracker:0.31333333333333335
TODSessionImpl:0.29
ActionHandler:0.2828174603174603
VariablesWatcher:0.14444444444444443
