RequestContext:0.81
DashboardHelper:0.42333333333333334
DashboardModule:0.2773055555555555
DispatchServer:0.24
LogContextInfoInterceptor:0.22333333333333333
DashboardModuleImpl:0.18333333333333332
LogContextInfoUponExceptionInterceptor:0.11
