ExitAirlock:0.7953333333333333
BuildingAirlock:0.4726666666666667
