SlidrConfig:0.6766666666666666
SliderPanel:0.4
Slidr:0.32666666666666666
SliderPanelTest:0.23
ViewerActivity:0.12
