ThreadContext:0.3516666666666667
ESTestCase:0.33666666666666667
ThreadContextStruct:0.32666666666666666
AwsS3ServiceImplTests:0.2633333333333333
ThreadContextTests:0.25666666666666665
DoSection:0.21611111111111114
DeprecationLogger:0.20666666666666667
S3RepositoryTests:0.19666666666666666
Ec2DiscoveryPlugin:0.19666666666666666
AzureDiscoveryPlugin:0.19666666666666666
DeprecationLoggerTests:0.19
