IntegerList:0.5875555555555555
ListType:0.5794444444444444
