JbpmCommonLogic:0.7508888888888889
JbpmExecutionLogic:0.5744444444444444
