GL11:0.48
BufferObjectTracker:0.47
ARBTextureCompression:0.31333333333333335
GLBufferChecks:0.27944444444444444
ARBBufferObject:0.27555555555555555
GL15:0.27555555555555555
GLContext:0.23
