CrateSettings:0.62
InformationSchemaTest:0.5211111111111111
SysClusterSettingsTest:0.18333333333333332
SetAnalyzerTest:0.17333333333333334
TestGlobalSysExpressions:0.17
SysClusterTableInfo:0.14666666666666667
