ObjectCreator:0.8066666666666666
AopSetting:0.31333333333333335
