ByteKey:0.58
ClassLoaderTest:0.36666666666666664
ClassLoadingTask:0.35481349206349205
JPPFTaskPreInit:0.33
JPPFManagementInfo:0.31
JMXNodeConnectionWrapper:0.30333333333333334
JPPFNodeAdmin:0.16333333333333333
JPPFUtils:0.15666666666666668
JPPFNodeAdminMBean:0.14416666666666667
MyClass:0.0033333333333333335
