TestingHelpers:0.5066666666666667
GroupByAggregateTest:0.42
SortingBucketMergerTest:0.29
SortingBucketMerger:0.24444444444444446
