Database:0.5266666666666666
Keys:0.32277777777777783
DefaultRelations:0.31666666666666665
VBookRecord:0.28
AbstractDatabase:0.25333333333333335
VBook:0.24333333333333335
VAuthorRecord:0.24
GenerationTool:0.2377777777777778
VAuthor:0.15666666666666668
UniqueKeys0:0.0
