SerializableParameter:0.6333333333333333
AbstractSerializableParameter:0.5433333333333333
PropertySerializationTest:0.32666666666666666
ParameterSerializationTest:0.31
