JobConfiguration:0.6866666666666666
BatchHandler:0.25333333333333335
AbstractJobConfiguration:0.25
TestExecutorServiceConfiguration:0.24333333333333335
MyCallableTask:0.2288888888888889
ExecutorServiceConfigurationImpl:0.18944444444444444
JobConfigurationImpl:0.16333333333333333
