Element:0.5633333333333334
Selector:0.43333333333333335
SelectorTest:0.21333333333333335
ContainsOwnText:0.04666666666666667
MatchesOwn:0.04
