MockPageContext:0.31
MockServletContext:0.31
MockServletResponse:0.2833333333333333
MockServletRequest:0.22333333333333333
