Shape:0.7966666666666666
Multiplicity:0.475
Materialisation:0.28
EdgeSignature:0.2633333333333333
TestMaterialisation:0.15
ShapeStateGenerator:0.07
