RxDialogSure:0.5
ActivityScanerCode:0.36
RxDialogWheelYearMonthDay:0.35
RxDialogSureCancel:0.33444444444444443
ActivityDialog:0.2916666666666667
