JobRepository:0.62
JobRepositorySupport:0.41866666666666663
SimpleJobRepository:0.38333333333333336
ItemOrientedStepTests:0.27666666666666667
SimpleJobRepositoryIntegrationTests:0.23333333333333334
TaskletStepTests:0.21333333333333335
ItemOrientedStep:0.20416666666666666
AbstractStep:0.20333333333333334
StubStep:0.18666666666666668
JobRepositoryStub:0.11666666666666667
AbstractStepTests:0.11
SimpleJobRepositoryTests:0.09
