ProcessInstanceBaseDateTDBuilder:0.7752777777777778
VariableExtractionHelper:0.4622777777777777
