AtmosphereRequest:0.5522222222222222
AtmosphereResourceImpl:0.42
JGoogleAnalyticsTracker:0.27
AtmosphereResourceStateRecovery:0.23333333333333334
BroadcasterTracker:0.18333333333333332
