ServerDescription:0.6633333333333333
ReadPreference:0.39666666666666667
ClusterDescription:0.34
ServerMonitor:0.2733333333333333
TaggableReadPreference:0.22
ServerDescriptionTest:0.16666666666666666
ClusterDescriptionTest:0.016666666666666666
