DSL:0.63
DSLContext:0.5930555555555557
DefaultDSLContext:0.37333333333333335
