ConvolutionDownSampleLayer:0.5779761904761904
ConvolutionLayer:0.5779761904761904
LayerFactories:0.30333333333333334
