Dashboard:0.6833333333333333
MatchExecutor:0.3
ActSubMenuModel:0.2866666666666667
DashboardFactory:0.25666666666666665
DashboardComponentFactory:0.19444444444444445
