CertTools:0.9433333333333334
X509CA:0.2966666666666667
CertDistServlet:0.20666666666666667
