MapService:0.5866666666666667
PartitionContainer:0.35
HazelcastTestSupport:0.23333333333333334
Merger:0.18833333333333332
