ValuesSourceConfig:0.6533333333333333
ValuesSourceAggregationBuilder:0.4666666666666667
ValuesSourceAggregatorFactory:0.3380555555555555
MultiValuesSourceAggregatorFactory:0.18333333333333332
