MongoClientSettings:0.3566666666666667
MongoClients:0.32666666666666666
SocketSettings:0.31
GridFSBucketImpl:0.2633333333333333
ClusterSettings:0.25
ConnectionPoolSettings:0.22666666666666666
Builder:0.21666666666666667
SslSettings:0.21333333333333335
Mongo:0.20916666666666667
ServerSettings:0.20333333333333334
MongoClientImpl:0.2
InitialDnsSeedlistDiscoveryTest:0.15666666666666668
DocumentationSamples:0.13666666666666666
MongoClientDelegate:0.065
Fixture:0.05333333333333334
