EditorMenu:0.41
TextView:0.37333333333333335
SeekBar:0.27
GridLayout:0.27
FrameLayout:0.27
RelativeLayout:0.27
DrawerLayout:0.27
LinearLayout:0.27
Spinner:0.26
ImageView:0.25333333333333335
RangeSeekBar:0.23333333333333334
RadioButton:0.23333333333333334
CheckBox:0.23333333333333334
EditText:0.22666666666666666
VectorDrawable:0.22666666666666666
Button:0.21444444444444444
