ConnectionHandler:0.6433333333333333
PeerSocketHandler:0.41
NioClientManager:0.26666666666666666
