Element:0.4866666666666667
Selector:0.30666666666666664
SelectorTest:0.28
AttributeWithValue:0.21777777777777782
AttributeWithValueEnding:0.21777777777777782
AttributeWithValueStarting:0.21777777777777782
AttributeWithValueContaining:0.21777777777777782
AttributeWithValueNot:0.21777777777777782
Attribute:0.19666666666666666
AttributeWithValueMatching:0.04666666666666667
