Attribute:0.75
TextureAttribute:0.24
DepthTestAttribute:0.2288888888888889
ColorAttribute:0.2288888888888889
BlendingAttribute:0.20555555555555557
CubemapAttribute:0.1988888888888889
FloatAttribute:0.1988888888888889
IntAttribute:0.18555555555555558
