VariationalAutoencoder:0.3566666666666667
UpdaterBlock:0.3383333333333333
UpdaterUtils:0.30666666666666664
BaseMultiLayerUpdater:0.28
TestUpdaters:0.23666666666666666
