LinuxDisplay:0.4188888888888889
LinuxMouse:0.4066666666666667
LinuxKeyboard:0.4066666666666667
