Calculator:0.7855555555555557
FunctionBody:0.5612142857142858
ExtraFeaturesTest:0.11
