Target:0.83
ActionTranslator:0.27666666666666667
RuleFunction:0.17333333333333334
LexerFile:0.13666666666666666
CodeGenPipeline:0.13333333333333333
Parser:0.13111111111111112
ParserFile:0.12666666666666668
