Generator:0.7666666666666667
LTLBenchmarker:0.6033333333333334
PGTS:0.24666666666666667
