HtmlPage:0.8405555555555555
HtmlInlineFrameTest:0.3466666666666667
