SymbolChecks:0.6633333333333333
TestBasicSemanticErrors:0.23333333333333334
