AbstractServiceValidateControllerTests:0.4033333333333333
AbstractServiceValidateController:0.31666666666666665
CasValidationConfiguration:0.28
V3ProxyValidateController:0.23
V3ServiceValidateController:0.23
LegacyValidateController:0.23
ProxyValidateController:0.23
ServiceValidateController:0.15
Cas30ResponseViewTests:0.08
ProxyHandler:0.07666666666666666
Cas20ResponseViewTests:0.015833333333333335
CasProtocolConstants:0.0033333333333333335
