WebserviceBeanImpl:0.43
RemoteObjectLight:0.41
AbstractNode:0.4091666666666667
RemoteObject:0.3566666666666667
ChildrenProvider:0.27051984126984113
Constants:0.16
TreeWrapper:0.14666666666666667
IndexUI:0.12
TestData:0.08666666666666667
DynamicTree:0.056666666666666664
NavigationTreeComponent:0.04
InventoryObjectNode:0.03333333333333333
RemoteObjectStandardExpandListener:0.014444444444444444
TestDataProvider:0.0025
ContainmentDataProvider:0.0
RemoteObjectStandardCollapseListener:0.0
