ProjectTest:0.5533333333333333
MergeLogger:0.5433333333333333
