Customer:0.5083333333333333
Application:0.2182777777777778
MainView:0.15
CustomerEditor:0.12
CustomerRepository:0.07611111111111112
