IcalCrawler:0.57
TestIcalCrawler:0.43333333333333335
SubCrawlerUtil:0.35333333333333333
ApertureTestBase:0.31
CrawlerBase:0.28
AbstractSubCrawler:0.12666666666666668
IcalSubCrawlerTest:0.06666666666666667
GetDataObjectSubCrawlerHandler:0.043333333333333335
