QueryTag:0.6505555555555557
SectionTag:0.5733333333333334
