Stream:0.6833333333333333
NoopClientStream:0.5666666666666667
ClientStream:0.5433333333333333
DelayedStreamTest:0.2866666666666667
ClientCallImpl:0.25666666666666665
ClientStreamListenerImpl:0.22
AbstractStream:0.21333333333333335
ServerStream:0.2105952380952381
TransportState:0.20333333333333334
DelayedStream:0.17666666666666667
AbstractServerStream:0.17333333333333334
AbstractClientStream:0.16333333333333333
