SelfResource:0.5416666666666666
AdminNetFolderServerResource:0.26
ForbiddenException:0.18761111111111112
