DefaultPortableReader:0.5766666666666667
SerializationContext:0.3844444444444444
SerializationServiceImpl:0.2733333333333333
PortableSerializer:0.22333333333333333
SerializationContextImpl:0.16
