IRUnitIrisDBNWorkerTests:0.4533333333333333
TestSparkMultiLayer:0.4411111111111111
MultiLayerWorkPerformerTests:0.11333333333333333
