SimpleCrawlerHandler:0.7066666666666667
ExampleImapCrawler:0.38
ExampleFileCrawler:0.35333333333333333
CrawlerHandlerBase:0.33
ExampleIcalCrawler:0.31666666666666665
ExampleOutlookCrawler:0.2733333333333333
AbstractExampleCrawler:0.11
ExampleAppleAddressbookCrawler:0.06666666666666667
ExampleIPhotoCrawler:0.06666666666666667
ExampleThunderbirdCrawler:0.06666666666666667
ValidatingCrawlerHandler:0.03666666666666667
PerformanceMeasuringCrawlerHandler:0.013333333333333334
