AbstractOsgiTests:0.7333333333333333
EquinoxPlatform:0.3566666666666667
OnTheFlyBundleCreatorTests:0.20333333333333334
FelixPlatform:0.14
KnopflerfishPlatform:0.10333333333333333
