ShardedJedis:0.4766666666666667
JedisCluster:0.44666666666666666
BinaryJedisCommands:0.2991666666666667
JedisCommands:0.2991666666666667
BinaryShardedJedis:0.23333333333333334
