Window:0.4008333333333333
BrowserVersion:0.38333333333333336
Document:0.3
WindowTest:0.2
NavigatorTest:0.13
