SourceToParse:0.4266666666666667
ParseContext:0.41
TTLFieldMapper:0.22333333333333333
InternalParseContext:0.21666666666666667
SourceFieldMapper:0.21333333333333335
ParentFieldMapper:0.20916666666666667
FilterParseContext:0.19111111111111112
PercolateDocumentParser:0.18333333333333332
TermVectorsService:0.18
SizeFieldMapper:0.17916666666666667
PercolatorFieldMapper:0.17333333333333334
IdFieldMapper:0.17333333333333334
