Default:0.46
MethodPool:0.3433333333333333
RedefinitionClassVisitor:0.3433333333333333
InitializationHandler:0.3272804232804233
ImplementationContextDefaultTest:0.31666666666666665
ForCreation:0.30444444444444446
ImplementationContextDisabledTest:0.29333333333333333
AbstractDelegationRecord:0.29
TypeWriterMethodPoolRecordTest:0.28
TypeWriterDefaultTest:0.18
MethodRegistryDefaultTest:0.17666666666666667
Compiled:0.16944444444444443
ImplementationContextDefaultOtherTest:0.10666666666666667
