Builder:0.75
Generator:0.44333333333333336
Parser:0.37333333333333335
Tokenizer:0.13166666666666665
BuildMojo:0.1
