LdapConnectionConfig:0.5433333333333333
AbstractZoneModule:0.3566666666666667
ConfigureLdapController:0.31333333333333335
