MapFacadeBean:0.37333333333333335
Product:0.31
ModuleManager:0.30666666666666664
FamilyRangeProductsReportTest:0.2733333333333333
XavaSuite:0.25666666666666665
JPAPersistenceProvider:0.24333333333333335
AnnotatedPOJOTest:0.24333333333333335
InvoiceTest:0.22966666666666669
AnnotatedClassParser:0.22333333333333333
MetaValidatorFor:0.18666666666666668
RangeDescriptionCalculator:0.17
FilterBySubfamily:0.16333333333333333
SellerTest:0.1523809523809524
FailingMessages:0.13333333333333333
DeliveryTypeTest:0.1034920634920635
JPATest:0.07043650793650794
DrivingLicenceTest:0.013333333333333334
EntityValidatorValidator:0.0125
PropertyValidatorValidator:0.0125
RequiredValidator:0.0033333333333333335
