MongoCollectionPipeline:0.4633333333333333
MongoWritableView:0.4025
FindAndRemoveAcceptanceTest:0.34
MongoCollectionView:0.32666666666666666
MongoCollectionImpl:0.26
FindAndReplaceAcceptanceTest:0.22
MongoCollectionTest:0.20666666666666667
MongoViewTest:0.15333333333333332
