ArchiveAndReplaySystemTest:0.47
ArchiverLoadTest:0.4633333333333333
Archiver:0.37333333333333335
