TransportActionProvider:0.42
KillTask:0.4166666666666667
TransportExecutorModule:0.34
AnalyzerDispatcher:0.25666666666666665
TaskCollectingVisitor:0.25
TransportExecutorTest:0.22
