Stream:0.6261111111111111
Seq:0.5266666666666666
Cons:0.36
Tree:0.2866666666666667
StreamTest:0.16416666666666666
