ConstraintSource:0.6333333333333333
EntitySource:0.5966666666666667
EntityClass:0.27
EntitySourceImpl:0.24666666666666667
Binder:0.22333333333333333
AbstractEntitySourceImpl:0.19
UniqueConstraintSource:0.10666666666666667
UniqueConstraintSourceImpl:0.07333333333333333
