OAuthConstants:0.76
BaseOAuthWrapperController:0.32666666666666666
OAuth20AccessTokenControllerTests:0.32
OAuth20AuthorizeController:0.23333333333333334
OAuth20AuthorizeControllerTests:0.22833333333333333
OAuth20AccessTokenController:0.17333333333333334
