LockPermission:0.6666666666666666
GetLockCountRequest:0.22333333333333333
GetRemainingLeaseRequest:0.22333333333333333
IsLockedRequest:0.22
LockRequest:0.22
UnlockRequest:0.22
ClusterPermissionCollection:0.1938888888888889
