TaskDetailsTag:0.7669444444444444
ReflectionRowBuilder:0.5836666666666667
