PrestoResultSet:0.58
ClientSession:0.4266666666666667
StatementClient:0.29833333333333334
QueryRunner:0.18666666666666668
