ProfileBackingBean:0.5166666666666667
ProfileBackingBeanDataModel:0.3283333333333333
ProfileSearchServiceImpl:0.23333333333333334
WrongDataServiceImpl:0.21
ProfileSearchService:0.12666666666666668
ProfileExporter:0.12666666666666668
