AbstractObjectNodeWidget:0.4277777777777777
TagLabelWidget:0.1611111111111111
