CloudUtils:0.5922222222222222
MinuteProjectUtils:0.3611111111111111
