Util:0.6216666666666667
BoxExport:0.41333333333333333
X3DExport:0.35333333333333333
