NettyResponseFuture:0.6533333333333333
Channels:0.39666666666666667
HttpProtocol:0.2966666666666667
DefaultChannelPool:0.24333333333333335
HttpProcessor:0.23666666666666666
NettyRequestSender:0.20333333333333334
Protocol:0.18
NettyConnectListener:0.15
IdleChannelDetector:0.14888888888888888
WebSocketProtocol:0.13
