ComparisonFailure:0.69
ComparisonFailureTest:0.38333333333333336
AllTests:0.35333333333333333
