Property:0.85
ModelResolver:0.38666666666666666
AbstractProperty:0.35333333333333333
BooleanProperty:0.34
SwaggerJersey2JaxrsTest:0.20666666666666667
