ActionResult:0.7066666666666667
ActionBuilder:0.3466666666666667
ResultsManager:0.25666666666666665
ListMadvocConfig:0.20333333333333334
