Robolectric:0.51
TestAttributeSet:0.32
TestWindow:0.30333333333333334
ResourceLoader:0.28
ShadowViewGroup:0.15666666666666668
