Utils:0.5533333333333333
RequestBuilderTest:0.38666666666666666
OkHttpCall:0.31666666666666665
MutableParameters:0.3027420634920635
Retrofit:0.22666666666666666
RetrofitTest:0.16333333333333333
