EditorManager:0.5966666666666667
ConsistencyWatchdogClient:0.36333333333333334
