TilesfxDemo2:0.5133333333333333
TilesfxDemo1a:0.5133333333333333
GpxParseDemo:0.5133333333333333
