FlowSessionImpl:0.7066666666666667
RequestControlContextImpl:0.6777777777777778
