PartitionedTableIntegrationTest:0.6316666666666667
AlterTableAnalyzedStatement:0.38666666666666666
DDLStatementDispatcher:0.36333333333333334
CreateAlterPartitionedTableAnalyzerTest:0.25
