Person:0.6133333333333333
ArrayListPhoneBook:0.2966666666666667
SearchCriteriaValidator:0.185
