GwtGL20:0.5766666666666667
MaxRectsPacker:0.39166666666666666
GdxSetup:0.2733333333333333
TexturePacker:0.17666666666666667
