AntlrTokenReader:0.8366666666666667
ConditionalJumpLoopAction:0.4644999999999999
