TagThisDlg:0.44666666666666666
GwtTeamingMessages:0.31666666666666665
GwtRpcService:0.28444444444444444
FolderOptionsDlg:0.26
GwtRpcServiceAsync:0.23666666666666666
ManageMenuPopup:0.19
GwtRpcServiceImpl:0.18333333333333332
