FastJsonHttpMessageConverter4Test:0.63
FastJsonJsonViewTest:0.39488888888888884
FastJsonHttpMessageConverterTest:0.28044444444444444
