SubscriptionParserTokenManager:0.6166666666666667
JUTestParser:0.15266666666666664
