MainScene:0.5083333333333333
MonitorWindow:0.44333333333333336
MainDesktopPane:0.38333333333333336
TaskSchedule:0.20666666666666667
TabPanelSchedule:0.16666666666666666
