Cursor:0.4997222222222223
UncompressedCursor:0.32666666666666666
UncompressedLongCursor:0.32
UncompressedSliceCursor:0.31333333333333335
CursorAssertions:0.25
RunLengthEncodedCursor:0.12166666666666667
TestRunLengthEncodedCursor:0.10666666666666667
TestUncompressedLongCursor:0.09333333333333334
AbstractTestUncompressedSliceCursor:0.07
