AbstractTypeDescriptionGenericTest:0.36666666666666664
Visitor:0.36
Generic:0.31333333333333335
TypeDescription:0.31211111111111106
LazyProjection:0.2966666666666667
Symbolic:0.27
OfTypeVariable:0.24666666666666667
OfWildcardType:0.22
OfNonGenericType:0.21
OfGenericArray:0.21
OfParameterizedType:0.20666666666666667
InstrumentedTypeDefaultTest:0.20333333333333334
RetainedTypeVariable:0.19
ForField:0.18
TypeDescriptionGenericVisitorSubstitutorForTypeVariableBindingTest:0.16
WithAnnotationOverlay:0.15666666666666668
TypeDescriptionGenericVisitorTypeVariableErasingTest:0.15
AbstractBase:0.14666666666666667
ForLoadedType:0.13666666666666666
ForTypeVariableBinding:0.13333333333333333
TransformedField:0.12333333333333334
TypeVariableReviser:0.11
TypeDescriptionGenericVisitorSubstitutorForDetachmentTest:0.09666666666666666
NonAnnotatedTypeVariable:0.09333333333333334
AnnotatedTypeVariable:0.09333333333333334
TransformerForMethodTest:0.08666666666666667
SimpleTypeVariableType:0.07
