GlobalConfigurationSessionLocal:0.7433333333333333
GlobalConfigurationSessionBean:0.38666666666666666
