ChangeLog:0.37
IndexSynchronizationManager:0.3333333333333333
ProcessorManager:0.25666666666666665
AbstractFolderModule:0.23333333333333334
AbstractEntryProcessor:0.23333333333333334
RssGenerator:0.22333333333333333
DefinitionModuleImpl:0.22
FolderUtils:0.19
DefaultProfileCoreProcessor:0.17666666666666667
AbstractBinderProcessor:0.17666666666666667
TextConverter:0.1
