ExecuteTestsTaskTest:0.6833333333333333
DummyTestEngine:0.41333333333333333
DummyTestDescriptor:0.37333333333333335
