Application:0.73
LwjglApplication:0.26416666666666666
LwjglCanvas:0.26
AndroidDaydream:0.26
LwjglAWTCanvas:0.26
AndroidApplication:0.25416666666666665
IOSApplication:0.25333333333333335
GwtApplication:0.224484126984127
AndroidLiveWallpaper:0.19333333333333333
