ExceptionTranslationFilter:0.6266666666666667
ExceptionTranslationFilterTests:0.32
CasAuthenticationFilterTests:0.21333333333333335
ServicePropertiesTests:0.18666666666666668
