IndexSettings:0.6733333333333333
AggregationBuilders:0.32666666666666666
IndexSettingsTests:0.18333333333333332
