KafkaHandleResolver:0.5
KafkaSplitManager:0.20666666666666667
KafkaRecordSetProvider:0.14
KafkaConnector:0.09333333333333334
