Sys:0.5633333333333334
Display:0.4666666666666667
Keyboard:0.27
Controller:0.23333333333333334
Mouse:0.22333333333333333
Game:0.18833333333333332
