OAIResponder:0.6869999999999999
FedoraOAIProvider:0.5446666666666666
