PointerTypeBinding:0.3566666666666667
GeneratedVariableBinding:0.3466666666666667
NameTable:0.32
BindingUtil:0.32
Rewriter:0.30666666666666664
ImplementationImportCollector:0.30666666666666664
StatementGenerator:0.2966666666666667
RewriterTest:0.19333333333333333
