SearchFilter:0.5433333333333333
GwtViewHelper:0.49
GwtServerHelper:0.47333333333333333
