ParcelableGenerator:0.34
ReadContext:0.2966666666666667
StringParcelable:0.19333333333333333
WriteReferenceVisitor:0.16666666666666666
ReadReferenceVisitor:0.16666666666666666
WriteContext:0.13
ParcelerPrivateInvocationBuilder:0.12
