ComponentTester:0.5266666666666666
Robot:0.4533333333333333
