ViewManager:0.38666666666666666
DefaultWindowManager:0.31666666666666665
LightweightWindowManager:0.19333333333333333
WindowManager:0.18555555555555556
ActionHelp:0.15
