Server:0.41333333333333333
ServerGame:0.4116666666666667
ClientMessageHandler:0.4038333333333334
