AddressbookTreeNode:0.5333333333333333
Folder:0.5
ContactModel:0.39
Property:0.29333333333333333
GroupModel:0.2733333333333333
AddressbookTreeModel:0.21
AbstractFolder:0.2
Root:0.18
GroupFolder:0.17333333333333334
SelectAddressbookFolderDialog:0.15333333333333332
AddressbookFrameController:0.13
LocalFolder:0.11833333333333333
AddressbookConfig:0.11
EmailModel:0.09777777777777777
Table:0.08333333333333333
AddressbookFolder:0.07333333333333333
FolderFactory:0.07
Group:0.06
Member:0.043333333333333335
AddressbookOptions:0.0425
ContactModelXMLFactory:0.04
Members:0.03333333333333333
AdaptedElement:0.023333333333333334
Toolbar:0.02
RemoteRootFolder:0.016666666666666666
LocalRootFolder:0.016666666666666666
Button:0.006666666666666667
Column:0.0
Gui:0.0
FolderTree:0.0
Separator:0.0
