SshAgentHttpsHandler:0.33666666666666667
CertificateFileHttpsHandler:0.31666666666666665
AuthenticatingHttpConnector:0.26
CertificateAndPrivateKey:0.25666666666666665
CertificateHttpsHandler:0.23333333333333334
HttpsHandlersTest:0.22333333333333333
