FragmentComplexityDescriptor:0.41333333333333333
ProtonAffinityHOSEDescriptor:0.3233333333333333
KierHallSmartsDescriptor:0.3233333333333333
StabilizationPlusChargeDescriptor:0.31666666666666665
