Manager:0.62
IO:0.3433333333333333
ConnectionTest:0.23666666666666666
ServerConnectionTest:0.23333333333333334
SSLConnectionTest:0.105
