TransportSQLActionTest:0.5517777777777777
BlobEnvironmentTest:0.3466666666666667
