DesktopListener:0.6386666666666666
MDIDesktopPane:0.5633333333333334
DesktopEventService:0.30666666666666664
JavaDrawApp:0.30333333333333334
