NettyAsyncHttpProvider:0.6633333333333333
Builder:0.51
JDKAsyncHttpProvider:0.38333333333333336
AsyncHttpUrlConnection:0.16444444444444445
