InfinispanRegionFactory:0.5333333333333333
TypeOverrides:0.43666666666666665
InfinispanRegionFactoryTestCase:0.23955555555555558
TimestampTypeOverrides:0.2041666666666667
IsolatedClassLoaderTest:0.19972222222222225
JBossStandaloneJtaExampleTest:0.19333333333333333
