PropertyDateTest:0.7033333333333334
JulianCalendar:0.5027777777777778
