JFXDrawer:0.6266666666666667
JFXDrawersStack:0.31
OutDrawerSizeTransition:0.2553333333333333
InDrawerSizeTransition:0.12
