Tab:0.5766666666666667
JDBCTabProvider:0.44333333333333336
MetaTab:0.43
EntityTab:0.35
MetaComponent:0.34
ITabProvider:0.29833333333333334
EntityTabDataProvider:0.29
EntityTabBean:0.22333333333333333
TabProviderBase:0.2
IDataReader:0.16333333333333333
TabParser:0.13666666666666666
JPATabProvider:0.06666666666666667
TabProviderFactory:0.03666666666666667
ISearch:0.0
