ServerDescription:0.7133333333333334
Builder:0.31666666666666665
MultiServerCluster:0.2633333333333333
ServerDescriptionTest:0.25666666666666665
TestClusterableServerFactory:0.21666666666666667
DescriptionHelper:0.20666666666666667
