CMLCoreModule:0.7927777777777778
ChemFileCDO:0.3983333333333333
