BaseRestResource:0.48
RestUtil:0.45
DatastreamResource:0.4166666666666667
FedoraObjectResource:0.38666666666666666
