ITypeInfo:0.44666666666666666
ITypeInfoTest:0.36
BSTRByReference:0.24
TYPEDESC:0.23
WORDbyReference:0.17666666666666667
COMTest:0.17333333333333334
USHORTbyReference:0.15333333333333332
BSTR:0.12666666666666668
TYPEATTR:0.12333333333333334
_VARIANT_BOOLbyReference:0.09666666666666666
ITypeInfoUtil:0.08666666666666667
DESCKIND:0.08
LPOLESTR:0.07
VARDESC:0.056666666666666664
FUNCDESC:0.0534920634920635
IDLDESC:0.04666666666666667
TLIBATTR:0.04
TYPEKIND:0.03666666666666667
SYSKIND:0.023333333333333334
ARRAYDESC:0.023333333333333334
LIBFLAGS:0.023333333333333334
LONG:0.02
OaIdl:0.0
