Link:0.6333333333333333
SyntenyLinkPanel:0.3566666666666667
LinkSet:0.2966666666666667
SyntenyLinkPolygon:0.2866666666666667
FeatureList:0.22888888888888886
CompositeApolloFrame:0.21666666666666667
SpeciesComparison:0.21333333333333335
GameSynteny:0.19
DrawableLink:0.13976190476190478
SyntenyLinkMenu:0.03333333333333333
