HttpServerFileUploadImpl:0.6046666666666667
HttpServerFileUpload:0.4066666666666667
