ICALTZD_GEN:0.894626984126984
ICALTZD:0.25594227994228
