SessionFactoryImpl:0.5933333333333334
TransactionImpl:0.31333333333333335
SessionFactoryBuilderImpl:0.31083333333333335
JdbcResourceLocalTransactionCoordinatorImpl:0.2866666666666667
BaseEntityManagerFunctionalTestCase:0.2733333333333333
AbstractProducedQuery:0.25
AbstractSharedSessionContract:0.19666666666666666
EntityManagerFactoryBuilderImpl:0.17
SessionFactoryBuilderImplementor:0.13166666666666665
TransactionImplementor:0.017333333333333333
