Types:0.4766666666666667
Rewriter:0.35
StatementGenerator:0.35
ObjectiveCImplementationGeneratorTest:0.2633333333333333
StatementGeneratorTest:0.24666666666666667
ImplementationImportCollector:0.23
ObjectiveCImplementationGenerator:0.21333333333333335
RewriterTest:0.20333333333333334
