WebDavRemoteFile:0.7933333333333333
WebDavRetriever:0.37333333333333335
