TaskService:0.8666666666666667
ExecutionService:0.7133333333333334
WfServiceTestHelper:0.49666666666666665
Delegates:0.48333333333333334
ExecutionServiceBean:0.35
TaskListBuilder:0.3433333333333333
ExecutionServiceDelegate:0.2966666666666667
ApplicationContextFactory:0.29
TaskServiceRemoteWS:0.27051984126984113
TaskLogic:0.26666666666666666
TaskServiceDelegate:0.24
ExecutionLogic:0.22666666666666666
Fork1Test:0.21666666666666667
TaskFormTag:0.21333333333333335
WorkflowBotTaskExecutor:0.21166666666666667
ExecutionServiceDelegateAssignTaskTest:0.20833333333333334
Fork2Test:0.18666666666666668
ListTasksFormTag:0.16833333333333333
MultiInstanceTest:0.16333333333333333
ExecutionServiceDelegateSubstitutionAssignTaskTest:0.15833333333333333
TaskDetailsTag:0.14
ForkFaultTest:0.14
ExecutionServiceDelegateGetTasksTest:0.13333333333333333
ProcessTaskAssignmentAction:0.12333333333333334
WorkflowBotExecutor:0.12333333333333334
GetTaskListTest:0.11666666666666667
ExecutionServiceRemoteWS:0.11666666666666667
SubmitTaskFormAction:0.11666666666666667
ExecutionServiceDelegateGetVariablesTest:0.11666666666666667
DecisionTest:0.11333333333333333
ExecutionServiceDelegateGetSwimlaneExecutorMapTest:0.11333333333333333
ExecutionServiceDelegateTimerTest:0.11166666666666666
ExecutionServiceDelegateStringVariableTest:0.10666666666666667
ExecutionServiceDelegateCompleteTaskTest:0.10666666666666667
DefinitionServiceDelegateGetFormTest:0.10666666666666667
GetNewSubstitutorTaskListTest:0.105
ProcessActiveTaskMonitorTag:0.10333333333333333
ExecutionServiceDelegateGetVariableTest:0.1
OrganizationFunctionParserTest:0.09666666666666666
DelegateTaskServlet:0.08666666666666667
OrganizationFunctionFactoryTest:0.08333333333333333
AutoShowFormHelper:0.07666666666666666
SubmitTaskDispatcherAction:0.07666666666666666
TaskServiceBean:0.043333333333333335
FileVariablesUtil:0.011666666666666667
AssignStalledTasksExecutor:0.006666666666666667
TaskServiceRemote:0.0
TaskServiceLocal:0.0
TaskAssigner:0.0
