MutableDateTime:0.5833333333333334
TestMutableDateTime_Adds:0.39
TestMutableDateTime_Sets:0.36666666666666664
TestMutableDateTime_Constructors:0.2866666666666667
TestMutableDateTime_Basics:0.2633333333333333
ReadWritableInstant:0.19142857142857145
TestAll:0.14333333333333334
