TablesSelectEditor:0.4533333333333333
TablesSelectEditorView:0.4321666666666667
ERDesignerBundle:0.0
