CSSStyleDeclaration:0.6183333333333333
WindowTest:0.3233333333333333
UrlUtils:0.2733333333333333
HtmlUnitPrefixResolver:0.18
