MockRepository:0.4766666666666667
MockBlobStore:0.4033333333333333
SnapshotsService:0.39
SharedClusterSnapshotRestoreTests:0.22666666666666666
