WebSocketWriteFutureTest:0.25666666666666665
RedirectTest:0.23333333333333334
ProxyTunnellingTest:0.21666666666666667
AbstractBasicTest:0.18666666666666668
ByteMessageTest:0.17083333333333334
TextMessageTest:0.16333333333333333
CloseCodeReasonMessageTest:0.14333333333333334
