JavaScriptEngineTest:0.5733333333333334
JellyTest:0.20333333333333334
WebTestCase:0.18
