RecordStore:0.7533333333333333
DefaultRecordStore:0.39666666666666667
MapProxySupport:0.3233333333333333
DeleteOperation:0.23333333333333334
WriteBehindMapStoreWithEvictionsTest:0.18666666666666668
FailingLoadMapStore:0.09
