Fixture:0.44666666666666666
CrudTest:0.29
GridFSFindIterableImpl:0.2866666666666667
Util:0.2546666666666667
NativeAuthenticationHelper:0.22
