Entity:0.47333333333333333
Fam:0.4166666666666667
ReportKML:0.4033333333333333
Indi:0.33
Options:0.23583333333333334
ReportSummaryOfRecords:0.15666666666666668
Note:0.14
PlacemarkWriter:0.11
DetailedPlacemarkWriter:0.06333333333333334
CompactPlacemarkWriter:0.056666666666666664
Media:0.05333333333333334
Repository:0.03
Source:0.016666666666666666
Submitter:0.016666666666666666
