Robolectric:0.6033333333333334
FakeHttpLayer:0.21166666666666667
RequestMatcherBuilder:0.18666666666666668
ShadowContentResolver:0.08333333333333333
UriRegexMatcher:0.04666666666666667
