FromImpl:0.7666666666666667
JoinImpl:0.4266666666666667
