Impl:0.8866666666666667
PropertyOption:0.5233333333333333
Options:0.16694444444444442
