TutorialTopComponent:0.5066666666666667
MainWindow:0.4633333333333333
SelectionWindow:0.38666666666666666
CodeCompletionListener:0.2657777777777777
EditorHintsListener:0.2657777777777777
SodbeansOutputTopComponent:0.2475
CompilerView:0.24666666666666667
HelpWindow:0.21333333333333335
SearchDialog:0.21333333333333335
SodbeansBuildAction:0.21333333333333335
BreakpointAnnotationListener:0.20666666666666667
KeyHandler:0.20666666666666667
RightKeyHandler:0.20666666666666667
CommandLineImpl:0.19666666666666666
SodbeansDebugAction:0.14333333333333334
Installer:0.13666666666666666
SodbeansDocumentAction:0.11333333333333333
SodbeansToggleBreakpointAction:0.11333333333333333
SodbeansCleanAction:0.11333333333333333
SodbeansRunAction:0.10666666666666667
SodbeansCleanBuildAction:0.10333333333333333
SodbeansStopDebuggerAction:0.09333333333333334
LeftKeyHandler:0.09333333333333334
