QueryState:0.5933333333333334
Producer:0.55
QStateMultiScale:0.3944444444444445
