MockServletRequest:0.5566666666666666
ArtifactsLinkTag:0.5
CruiseControlTagSupport:0.3466666666666667
XSLTag:0.32
AllTests:0.31666666666666665
XSLTagTest:0.2825
ArtifactsLinkTagTest:0.18666666666666668
CruiseControlTagSupportTest:0.13
NavigationTagExtraInfo:0.1
ArtifactsLinkTagExtraInfo:0.0
