ConversionExecutor:0.5733333333333334
ExpressionParser:0.33666666666666667
Parameter:0.2633333333333333
MethodSignature:0.25333333333333335
AbstractConversionService:0.23
AbstractExpressionParser:0.20666666666666667
ConverterPropertyEditorAdapter:0.18333333333333332
MappingBuilder:0.16
TextToClass:0.13666666666666666
OgnlExpressionParserTests:0.056666666666666664
OgnlExpressionParser:0.043333333333333335
BeanWrapperExpressionParser:0.03666666666666667
TestBean:0.0
