RoundTripTests:0.5733333333333334
UpdateByQueryRequest:0.43166666666666664
BlockingOperationListener:0.3233333333333333
ReindexCancellationPlugin:0.32
