DetailsFragment:0.39666666666666667
LabelLayout:0.38666666666666666
AuthMailView:0.3441111111111111
RxMailPresenter:0.24916666666666668
MailInAdapterResult:0.24666666666666667
MailsFragment:0.18666666666666668
RandomMailGenerator:0.18333333333333332
LabelView:0.17555555555555555
MailsAdapter:0.17
LabelPresenter:0.07
