StatelessChronicleMap:0.6077777777777779
StatelessClientTest:0.38666666666666666
