DefaultLabelIncrementer:0.4847777777777778
CVSLabelIncrementer:0.4847777777777778
