NettyAsyncHttpProvider:0.48
NettyResponseFuture:0.43333333333333335
AsyncHttpClientConfig:0.3233333333333333
AsyncHttpClientConfigBean:0.30333333333333334
Builder:0.23
