ModelItem:0.66
JDBCReverseEngineeringStrategy:0.45666666666666667
RelationList:0.37333333333333335
ReverseEngineerCommand:0.2633333333333333
