Helper:0.44333333333333336
ProjectSetup:0.3933333333333333
LibraryDef:0.28833333333333333
BaseProjectConfiguration:0.02
