CtrlBuildTest:0.5233333333333333
TestShape:0.27666666666666667
ControlVariablesTest:0.20666666666666667
