Result:0.5633333333333334
CaptureActivity:0.3838888888888889
HistoryManager:0.29
