Default:0.62
ForLoadedAnnotation:0.3433333333333333
ForJava9CapableVm:0.19333333333333333
OfFormalTypeVariable:0.19333333333333333
