DocIDServer:0.5266666666666666
WorkQueues:0.43
BasicCrawler:0.14666666666666667
PageFetcher:0.14
Counters:0.14
InProcessPagesDB:0.13666666666666666
