CompressedDcmOnMacException:0.6433333333333333
ImportDelegate:0.2966666666666667
ImportDcmDirDelegate:0.25
ImportingProgress:0.21
DirParser:0.1691666666666667
FileChooserDialog:0.1675
