Cubemap:0.48
AndroidGraphics:0.33666666666666667
RandomXS128:0.3233333333333333
DragAndDrop:0.23333333333333334
GLTexture:0.20055555555555554
ShaderCollectionTest:0.19333333333333333
TextureLoader:0.13
Factory:0.08666666666666667
