OCSPServletStandAlone:0.42
OCSPServletBase:0.37666666666666665
OCSPUnidClient:0.32666666666666666
P11Slot:0.27066666666666667
OCSPServletStandAloneSession:0.26
Ocsp:0.1877777777777778
