importer:0.6866666666666666
zipimporter:0.45055555555555554
ClasspathPyImporter:0.28
