NettyRequestSender:0.5955555555555555
HttpProtocol:0.4802777777777778
