InstrumentMethod:0.5366666666666666
SimpleSuspendableClassifier:0.38166666666666665
SuspendablesScanner:0.3566666666666667
InstrumentClass:0.25666666666666665
