PageDownstreamContext:0.47333333333333333
DataTypes:0.45666666666666667
PageBucketReceiver:0.25194444444444447
ExecutionPhaseStreamerVisitor:0.23
ContextPreparer:0.1877777777777778
RemoteCollector:0.17422222222222225
InnerPreparer:0.17333333333333334
SetBucketActionListener:0.15
TransportDistributedResultAction:0.11666666666666667
StreamerVisitor:0.08
