ExecutionServiceDelegate:0.7166666666666667
DefinitionService:0.62
DefinitionServiceDelegate:0.6033333333333334
ExecutionService:0.53
TaskStub:0.5
Profile:0.34
JbpmExecutionServiceBean:0.30666666666666664
JbpmExecutionLogic:0.2966666666666667
DefinitionServiceDelegateRemoteImpl:0.29333333333333333
DefinitionServiceDelegateLocalImpl:0.29333333333333333
JbpmDefinitionServiceBean:0.29
JbpmCommonLogic:0.25666666666666665
ExecutionServiceDelegateLocalImpl:0.24333333333333335
ExecutionServiceDelegateGetSwimlaneExecutorMapTest:0.22666666666666666
JbpmDefinitionLogic:0.22666666666666666
ExecutionServiceDelegateAssignTaskTest:0.22166666666666668
BatchPresentationTestHelper:0.21
DefinitionServiceDelegateGetFormTest:0.20666666666666667
ExecutionServiceDelegateCompleteTaskTest:0.20333333333333334
Fork1Test:0.2
ExecutionServiceDelegateRemoteImpl:0.19166666666666668
SubmitStartProcessFormActionTest:0.19
ExecutionServiceDelegateSubstitutionAssignTaskTest:0.18333333333333332
TaskCache:0.17333333333333334
ExecutionServiceDelegateGetTasksTest:0.16666666666666666
DecisionTest:0.16666666666666666
GetNewSubstitutorTaskListTest:0.165
Fork2Test:0.16333333333333333
ExecutionServiceDelegateGetVariablesTest:0.16
DatabaseTaskHandler:0.15833333333333333
OrganizationFunctionFactoryTest:0.15333333333333332
GetTaskListTest:0.15
UpdatePermissionsTaskHandler:0.14833333333333334
ForkFaultTest:0.14666666666666667
TextReportTaskHandler:0.13166666666666665
StartProcessTaskHandler:0.13166666666666665
ListSubstitutionsFormTag:0.13
AdvancedSwimlaneAssignerTaskHandler:0.13
ExecutionServiceDelegateTimerTest:0.11666666666666667
DoNothingTaskHandler:0.10666666666666667
MSWordReportTaskHandler:0.10666666666666667
SwimlaneAssignerTaskHandler:0.10333333333333333
EmailTaskHandler:0.10333333333333333
CancelOldProcesses:0.09
SubmitInfoPathFormAction:0.06666666666666667
TaskUrlStrategy:0.06333333333333334
