FluxLightModelTracer:0.6033333333333334
FluxLightModel:0.5666666666666667
MeasuringSetup:0.3294444444444444
DeviceMonitor:0.09894444444444443
