MemoryStoreFactory:0.5638055555555556
RedisStoreFactory:0.4968888888888889
HazelcastStoreFactory:0.4691666666666667
