User32:0.653888888888889
Advapi32:0.43
Advapi32Test:0.35
Shell32Test:0.33
Crypt32:0.32455555555555554
SHELLEXECUTEINFO:0.3021624579124578
GDI32:0.2683333333333333
Shell32:0.25666666666666665
User32Test:0.21666666666666667
Crypt32Test:0.14
ShellAPI:0.06333333333333334
WinCrypt:0.06333333333333334
WinGDI:0.0
