Mesh:0.5533333333333333
VorbisTest:0.42333333333333334
Font:0.35
