STF:0.86
STFTest:0.44666666666666666
TestRosterView:0.2833333333333333
STFBotButtonImp:0.27416666666666667
STFBotButton:0.257
TestSarosPreferences:0.22666666666666666
SarosPreferencesImp:0.21
