Mongo:0.83
MongoClientURI:0.2833333333333333
MongoClientsImpl:0.21666666666666667
