Gazetteer:0.561111111111111
MappingDefinition:0.32666666666666666
GazetteerList:0.28
AbstractGazetteer:0.24333333333333335
LinearNode:0.21
OntoGazetteer:0.2
LinearDefinition:0.17333333333333334
AbstractOntoGazetteer:0.04666666666666667
MappingNode:0.035
OntoGazetteerImpl:0.017777777777777778
