NettyServerStream:0.4766666666666667
ServerTransportListener:0.36144444444444446
Attributes:0.27
NettyServerHandler:0.27
ServerImplTest:0.25333333333333335
ServerBuilder:0.24666666666666667
AbstractInteropTest:0.24
InProcessTransport:0.24
ServerImpl:0.22333333333333333
NettyServerHandlerTest:0.22
AbstractServerImplBuilder:0.20333333333333334
ServerTlsHandler:0.19666666666666666
AbstractTransportTest:0.19333333333333333
MockServerTransportListener:0.18166666666666667
NettyServerStreamTest:0.17333333333333334
ServerTransportListenerImpl:0.15666666666666668
EchoServerListener:0.07666666666666666
