ChronicleMapTest:0.6833333333333333
CHMUseCasesTest:0.5
LargeEntriesTest:0.41333333333333333
