TreeLayout:0.55
NodeLayout:0.34
ArcLayout:0.19
GraphGraphics:0.15333333333333332
DefaultNodeOptions:0.1
NodeOptions:0.08316666666666667
