SqlScriptReader:0.48333333333333334
AbstractTableDataReader:0.45666666666666667
DbImport:0.4066666666666667
CsvTableDataReader:0.18666666666666668
SqlDataReader:0.12333333333333334
SqlScriptReaderTest:0.0
