Model:0.8272222222222222
GedcomTableWidget:0.2733333333333333
