Tables:0.5910000000000001
H2Test:0.33666666666666667
Public:0.16333333333333333
