GedcomWriter:0.6483333333333333
ActionSave:0.3644444444444444
SwingFactory:0.13333333333333333
