ProtocolScepHttpTest:0.6366666666666667
CryptoTokenRunner:0.22666666666666666
PKCS11TestRunner:0.195
PKCS12TestRunner:0.19
