ActionsManager:0.4266666666666667
ActionMethodParser:0.37333333333333335
ResultsManager:0.27
