Engine:0.7766666666666666
EventQueue:0.5433333333333333
DecoderListener:0.54
Channel:0.4533333333333333
Network:0.4166666666666667
EventQueueListener:0.32
DefaultEventQueue:0.2633333333333333
ConcreteLayerPainter:0.26
GrowableTablePanel:0.25333333333333335
LoggerArea:0.25333333333333335
ARINCComplexString:0.25
BlinkingContainerRenderer:0.24666666666666667
DefaultProcessingListener:0.23333333333333334
TestUtilities:0.23
AbstractConfigurationParser:0.21916666666666668
RawBufferClient:0.20666666666666667
ARINCEvent:0.2063968253968254
StylableTextEditor:0.205
BasicClientEngine:0.205
ClientWrapper:0.20333333333333334
BasicServerEngine:0.2
AbstractEditorEngine:0.19666666666666666
ScenarioPanel:0.19333333333333333
WebServerProtocol:0.19333333333333333
TCPProtocol:0.19333333333333333
MessageProcessor:0.18333333333333332
DummyProtocol:0.17666666666666667
MessageDecoder:0.17333333333333334
ClientMessageDecoder:0.17333333333333334
DatagramProtocol:0.17
AbstractClientEngine:0.17
GUIClientEngine:0.16833333333333333
GrowableTable:0.13666666666666666
GUIActionRunnable:0.10333333333333333
NetworkClient:0.09753968253968254
ServerGUITools:0.09333333333333334
BlockingEventQueue:0.07333333333333333
ARINCExceptionEvent:0.04583333333333333
ARINCEventListener:0.025833333333333333
GUIToolsTask:0.0
