HtmlPage:0.66
HTMLDocument:0.5066666666666667
HTMLDocumentTest:0.39666666666666667
