NearCachedMapProxyImpl:0.41583333333333333
NearCachedClientMapProxy:0.41583333333333333
AbstractClientInternalCacheProxy:0.39666666666666667
