ObjectPropertyNotFoundException:0.76
InvokeUtil:0.42333333333333334
EntryBuilder:0.26
AbstractFieldBuilder:0.17
ObjectBuilder:0.14333333333333334
