JoglGL10:0.4766666666666667
JoglGL11:0.41
FixedPointMeshRendererTest:0.33666666666666667
FloatTest:0.22333333333333333
MeshRenderer:0.21
