CaptureActivity:0.5966666666666667
FinishListener:0.38
DecodeThread:0.22666666666666666
