Config:0.8633333333333333
GAMEAdapter:0.5566666666666666
MovementPanel:0.33
