RIView:0.51
BrowserView:0.13
RailsAPIView:0.10666666666666667
RubyCoreAPIView:0.10666666666666667
RubyStdLibAPIView:0.10666666666666667
