ServiceManager:0.6333333333333333
AutoConnectHostsListModel:0.03333333333333333
