PagesHashStrategy:0.39411111111111113
GroupByHash:0.37333333333333335
MultiChannelGroupByHash:0.37333333333333335
JoinCompiler:0.23333333333333334
BigintGroupByHash:0.23
TestGroupByHash:0.23
SimplePagesHashStrategy:0.22333333333333333
ChannelSetBuilder:0.14333333333333334
ChannelSet:0.12
