BackupProvider:0.6122222222222222
BackupProviderImpl:0.31333333333333335
