LdapTemplateLookupITest:0.6783333333333333
LdapTemplateObjectBindIntegrationTest:0.3283333333333333
