BroadcastEventProcessor:0.5933333333333334
BroadcastEventProcessorTest:0.16333333333333333
