BaseObject:0.7
User:0.6333333333333333
Structure:0.4066666666666667
BaseObjectTest:0.17333333333333334
UserTest:0.13666666666666666
