HiveClientConfig:0.7388888888888889
HdfsConfigurationUpdater:0.43333333333333335
TestHiveClientConfig:0.31
