FetchHTTP:0.8033333333333333
ContentTypeRegExpFilter:0.3252380952380952
