JavaWriter:0.6
CompilationUnitContext:0.40166666666666667
JavaWriterTest:0.31333333333333335
