WebServiceBean:0.37666666666666665
Util:0.37
BusinessEntityManagerImpl:0.30666666666666664
WebServiceBeanRemote:0.27166666666666667
RemoteObject:0.2633333333333333
BusinessEntityManagerRemote:0.23666666666666666
RemoteObjectLight:0.17666666666666667
