CA:0.71
AlgorithmConstants:0.5166666666666667
X509CA:0.32666666666666666
CaTokenSessionBean:0.29
AlgorithmTools:0.2677777777777778
InvalidAlgorithmException:0.25
CAAdminSessionBean:0.22333333333333333
AlgorithmToolsTest:0.21333333333333335
X509CATest:0.12
CertificateCreateSessionTest:0.09333333333333334
