NeuralNetworkScene:0.49
ScenePreferences:0.47
ScenePreferencesDialog:0.26666666666666666
NeuronWidget:0.24333333333333335
