GoogleAccountsService:0.39
SamlService:0.31666666666666665
AbstractWebApplicationService:0.2833333333333333
SimpleWebApplicationServiceImpl:0.19666666666666666
SamlServiceFactory:0.19333333333333333
GoogleAccountsServiceFactory:0.15333333333333332
WebApplicationServiceFactory:0.13
