CruiseControlJMXServiceStub:0.29
GetCommitMessageController:0.21
ActiveBuildPageTest:0.20666666666666667
GetCommitMessageControllerTest:0.20666666666666667
AddProjectTest:0.18666666666666668
BuildDetailTest:0.016666666666666666
