ExprParser:0.43
Operator:0.3933333333333333
Line:0.30333333333333334
Expression:0.29
AspectEdge:0.28
Parameter:0.22
ExprTree:0.21333333333333335
FieldExpr:0.21333333333333335
Variable:0.21
AspectGraph:0.20333333333333334
EncodedRuleFormula:0.19666666666666666
Constant:0.19333333333333333
CallExpr:0.17666666666666667
GenerateProgressMonitor:0.16666666666666666
StringFormat:0.03333333333333333
par_expr_return:0.0025
