SequenceView:0.6433333333333333
PDBSequenceExtractor:0.5233333333333333
