Range:0.7482777777777778
PostgresChadoAdapter:0.39222222222222225
