ClientAdminThread:0.5166666666666667
Builder:0.4327777777777777
Receiver:0.36666666666666664
AeronTest:0.25333333333333335
Aeron:0.18666666666666668
