DatabaseWriter:0.38666666666666666
OutgoingBatchService:0.38666666666666666
AbstractTransportManager:0.2833333333333333
AbstractProtocolDataWriter:0.2633333333333333
DataExtractorService:0.14666666666666667
OutgoingBatchServiceSqlMap:0.08666666666666667
WebConstants:0.03305555555555555
