TermVectorsResponse:0.65
TermVectorsRequest:0.5133333333333333
TermVectorsService:0.3233333333333333
InstallPluginCommand:0.30666666666666664
InstallPluginCommandTests:0.22
TransportShardMultiTermsVectorAction:0.17666666666666667
TransportTermVectorsAction:0.13833333333333334
TransportMultiTermVectorsAction:0.1
