Tab:0.6066666666666667
PropertyMapping:0.38333333333333336
ModelMapping:0.36
MetaTab:0.35
