Model:0.58
AbstractConfiguration:0.5066666666666667
WsdlModelMetro:0.23333333333333334
WsdlObjectMetro:0.18666666666666668
