NetworkConnection:0.4066666666666667
LossDetectorTest:0.33
RetransmitHandlerTest:0.33
ConnectionTest:0.22333333333333333
