KernelQedeqBo:0.6125555555555555
DefaultKernelQedeqBo:0.41333333333333333
StateManager:0.41
QedeqBoFormalLogicCheckerExecutor:0.30333333333333334
CheckRequiredModuleException:0.06333333333333334
