LifecycleBundleTasks:0.7886111111111112
Servlet:0.6017777777777777
