EntityBinding:0.8766666666666667
EntityBinder:0.4066666666666667
