Display:0.5333333333333333
Query:0.49333333333333335
Jpdbi:0.34
CommandLine:0.25333333333333335
