MethodDelegation:0.61
Processor:0.3433333333333333
Baz:0.3272804232804233
MethodDelegationBinderProcessorTest:0.28
ClassFileVersion:0.2544444444444445
Appender:0.22333333333333333
ForInstanceField:0.16944444444444443
ForStaticField:0.16944444444444443
ClassLoadingStrategyForBootstrapInjectionTest:0.11
ClassFileVersionKnownVersionsTest:0.10333333333333333
MethodDelegationArgumentTest:0.04555555555555555
Qux:0.0025
