Constants:0.46907142857142875
JTBSession:0.44333333333333336
PrefPageOne:0.38333333333333336
JTBQueuesContentViewPart:0.27
