Formatter:0.35333333333333333
AbstractStatementAnalyzer:0.29
Visitor:0.27
ScalarFunctionModule:0.22333333333333333
AstVisitor:0.20666666666666667
SelectAnalyzerTest:0.20333333333333334
ESQueryBuilderTest:0.19666666666666666
TestStatementBuilder:0.16666666666666666
TreePrinter:0.15666666666666668
DefaultTraversalVisitor:0.13333333333333333
DataStatementAnalyzer:0.12
PredicateModule:0.09666666666666666
