MockHttpServletRequest:0.6033333333333334
servlet:0.4533333333333333
ForwardView:0.31666666666666665
AbstractPathView:0.17333333333333334
