ProcessDefinition:0.6966666666666667
TaskDefinition:0.41
SubProcessState:0.36333333333333334
JpdlXmlReader:0.24333333333333335
BpmnXmlReader:0.22
WfDefinition:0.21
