SqlStageExecution:0.4866666666666667
HttpRemoteTask:0.2833333333333333
SharedBuffer:0.22083333333333333
SqlTaskExecution:0.21777777777777782
SqlTaskManager:0.21666666666666667
RemoteTask:0.21388888888888885
SqlQueryExecution:0.19333333333333333
TestSharedBuffer:0.19
