AbstractFlywayMojo:0.8133333333333334
AbstractFlywayMojoSmallTest:0.37666666666666665
