Console:0.7833333333333333
ShellState:0.21
EOFAction:0.1212222222222222
DetachAction:0.1212222222222222
