TimeTypeDescriptor:0.4866666666666667
DateTypeDescriptor:0.4866666666666667
TimestampTypeDescriptor:0.4866666666666667
