ServiceManager:0.6958888888888889
ServiceManagerImpl:0.62
NodeEngineImpl:0.4666666666666667
ServiceManagerImplTest:0.1
