ISpectrumConvertor:0.7466666666666667
SpectrumResource:0.4988888888888889
MZDataConvertor:0.37333333333333335
