EmailFormatter:0.5883333333333334
Notify:0.34
DefaultEmailFormatter:0.33
IcalModuleImpl:0.2733333333333333
MimeNotifyPreparator:0.2733333333333333
NotifyVisitor:0.2644444444444444
MailModuleImpl:0.2633333333333333
NotifyBuilderPrincipalList:0.11333333333333333
