ModalityWorklistPanel:0.45666666666666667
ModalityWorklistFilter:0.37333333333333335
ModalityWorklistBean:0.34
MWLItemModel:0.30666666666666664
MWLItemListView:0.18666666666666668
BaseForm:0.13
