GeometryToolsTest:0.6255555555555556
RDFCalculatorTest:0.5833333333333334
CDKTests:0.26
