DT:0.7166666666666667
TestDT:0.38
CalendarComponent:0.2707777777777778
PluginInstaller:0.18666666666666668
ShowTaskAction:0.16
