MockHiveMetastoreClient:0.58
HiveClient:0.43
CachingHiveMetastore:0.42833333333333334
TestCachingHiveMetastore:0.30666666666666664
