Advapi32Util:0.49666666666666665
Advapi32Test:0.3016666666666667
Kernel32Util:0.2733333333333333
BSTR:0.26555555555555554
ITypeLibTest:0.2633333333333333
EventLogRecord:0.25916666666666666
Netapi32Util:0.22666666666666666
Kernel32UtilTest:0.22666666666666666
LPOLESTR:0.22333333333333333
Crypt32Test:0.22333333333333333
LPSTR:0.22333333333333333
LPWSTR:0.22333333333333333
COMUtils:0.20333333333333334
Ole32Test:0.20166666666666666
IUnknownTest:0.19666666666666666
Win32Exception:0.17
LSA_UNICODE_STRING:0.14333333333333334
