ComponentText:0.5133333333333333
StyleText:0.05333333333333334
StyleChart:0.03666666666666667
Builder:0.03666666666666667
