EmptyView:0.5266666666666666
MyHTMLFactory:0.43666666666666665
