RescueSalvageVehicle:0.48333333333333334
BuildingConstructionMission:0.4766666666666667
TravelToSettlement:0.4766666666666667
EmergencySupplyMission:0.4766666666666667
RoverMission:0.43333333333333335
NavPoint:0.415
TabPanel:0.41305555555555556
AssistScientificStudyResearcher:0.4033333333333333
Job:0.38666666666666666
Task:0.38
Direction:0.3364285714285714
UnitManager:0.33222222222222225
PartPackage:0.32022222222222224
NavpointMapLayer:0.32
StudyFieldSamples:0.2680952380952381
Trade:0.26142857142857145
Exploration:0.26142857142857145
MapPanel:0.24666666666666667
UnitManagerEvent:0.2305555555555555
CollectResourcesMission:0.22476190476190477
EarthClock:0.22166666666666668
Sleep:0.21476190476190476
JobManager:0.19642857142857142
CollectRegolith:0.16833333333333333
CollectIce:0.16833333333333333
MineralType:0.14222222222222225
UnitWindow:0.13833333333333334
Areologist:0.0911111111111111
Trader:0.08555555555555557
Biologist:0.07444444444444444
Chef:0.07444444444444444
Chemist:0.07444444444444444
Engineer:0.07444444444444444
Physicist:0.07444444444444444
Meteorologist:0.07444444444444444
Astronomer:0.07444444444444444
Botanist:0.07444444444444444
Doctor:0.07444444444444444
Mathematician:0.07444444444444444
Architect:0.07444444444444444
PartPackageConfig:0.05
MineralMapConfig:0.013333333333333334
VehicleWindow:0.0
StoredPhase:0.0
EquipmentWindow:0.0
PersonWindow:0.0
