Setting:0.7566666666666667
MergeSchedulerConfig:0.29333333333333333
UpdateSettingsIT:0.24833333333333332
