ClusterStateHealthTests:0.5616666666666666
ClusterStateDiffIT:0.49666666666666665
IndicesStoreTests:0.3566666666666667
RandomShardRoutingMutator:0.15
