BroadcastMessage:0.5933333333333334
JGroupsChannel:0.38333333333333336
JGroupsBroadcaster:0.25667460317460317
