ProcessLogVisitor:0.5816666666666667
ProcessInstanceAggregatedLog:0.32
TaskAggregatedLog:0.30333333333333334
UpdateAggregatedLogOperation:0.2733333333333333
ProcessLog:0.26666666666666666
ActionLog:0.15666666666666668
SubprocessEndLog:0.156
SubprocessStartLog:0.156
TransitionLog:0.156
ProcessEndLog:0.15
AssignmentHistory:0.13333333333333333
TaskAssignLog:0.1288888888888889
TaskEndLog:0.10377777777777779
ProcessStartLog:0.10377777777777779
TaskCreateLog:0.10377777777777779
TaskCancelledLog:0.10377777777777779
TaskRemovedOnProcessEndLog:0.08611111111111111
AdminActionLog:0.08611111111111111
CreateTimerActionLog:0.08277777777777777
SwimlaneAssignLog:0.08044444444444446
TaskExpiredLog:0.08044444444444446
ReceiveMessageLog:0.08044444444444446
SendMessageLog:0.08044444444444446
VariableCreateLog:0.08044444444444446
VariableUpdateLog:0.08044444444444446
TaskEscalationLog:0.08044444444444446
VariableDeleteLog:0.08044444444444446
ProcessCancelLog:0.07777777777777778
NodeEnterLog:0.06711111111111112
NodeLeaveLog:0.06711111111111112
TaskEndBySubstitutorLog:0.06711111111111112
CreateAggregatedLogsTables:0.05
AggregatedHistoryImporter:0.04
TaskAssignmentHistory:0.006666666666666667
ImportAggregatedHistoryTask:0.0
AggregatedProcessLogAwareDao:0.0
