JSONCommunicationUtils:0.6533333333333333
AbstractBasicContentEditor:0.4033333333333333
GroupEditor:0.27
PermissionEditor:0.25333333333333335
ShopSettingsEditor:0.23
FilterEditor:0.22333333333333333
FileBrowser:0.2131111111111111
ThemesEditor:0.21
RepresentativeEditor:0.20666666666666667
VFSPermissionEditor:0.20666666666666667
CommandMatcherEditor:0.20666666666666667
RoleEditor:0.2
ShopContentEditor:0.19333333333333333
CMSPageEditor:0.19
UserEditor:0.19
SitemapEditor:0.19
RetailerEditor:0.18666666666666668
AbstractContentRegistryEditor:0.18333333333333332
AttributeRegistryEditor:0.18333333333333332
FilterRulesEditor:0.18333333333333332
ContentGroupEditor:0.18333333333333332
StoreContentImageGroupEditor:0.18333333333333332
UploadProgressCheck:0.18
StoreContentEditor:0.17666666666666667
ViewEditor:0.17333333333333334
FilterContentDisplayerResult:0.16166666666666665
CMSContentEditor:0.16
FilterContentEditor:0.16
ShopOrderViewer:0.15666666666666668
FileContentEditor:0.15666666666666668
URLContentEditor:0.15333333333333332
FilterMatchesEditor:0.15
CoreContentRegistryEditor:0.15
StyleEditor:0.10666666666666667
ShopContentRegistryEditor:0.08
CMSContentRegistryEditor:0.08
StoreContentRegistryEditor:0.08
