UnitType:0.5433333333333333
VehicleType:0.4033333333333333
VehicularGunType:0.26666666666666666
WeaponUnitType:0.17
InfantryType:0.14666666666666667
LeaderType:0.07
RadioType:0.06
MarkerType:0.06
SniperType:0.06
