Engine:0.45
IndexShard:0.44333333333333336
IndexingMemoryController:0.2733333333333333
InternalEngine:0.27
ShadowEngine:0.22333333333333333
ShardsIndicesStatusChecker:0.07666666666666666
ShardAndBytesUsed:0.04
