StructureDiagramGeneratorTest:0.4033333333333333
RandomStructureGeneratorTest:0.32666666666666666
MDLReaderTest:0.30666666666666664
HueckelAromaticityDetectorTest:0.26
BremserPredictorTest:0.24
CDKTests:0.19666666666666666
SaturationCheckerTest:0.1827777777777778
ControllerTest:0.1827777777777778
Renderer2DTest:0.15444444444444444
