TestSysNodesExpressions:0.5433333333333333
TestModule:0.43
SysNodeExpressionModule:0.37833333333333335
NodeStatsTest:0.22333333333333333
