TopNNode:0.37
CollectNode:0.30333333333333334
PassThroughExpression:0.21640079365079365
LocalDataCollectorTest:0.20666666666666667
LocalDataCollectOperation:0.18
