InternalKeyBinding:0.6866666666666666
InternalKeyBindingMgmtSession:0.42033333333333334
InternalKeyBindingBase:0.3933333333333333
InternalKeyBindingProperty:0.38
InternalKeyBindingInfo:0.2833333333333333
EjbBridgeSessionLocal:0.2535396825396825
InternalKeyBindingDataSessionBean:0.23
EjbLocalHelper:0.21
EjbBridgeSessionBean:0.1877777777777778
InternalKeyBindingMgmtTest:0.16833333333333333
InternalKeyBindingMgmtSessionBean:0.15333333333333332
OcspKeyBinding:0.13666666666666666
InternalKeyBindingCreateCommand:0.12
HexSerialNumberValidator:0.09
InternalKeyBindingMBean:0.06666666666666667
