ARINCDefinition:0.5333333333333333
XMLAttribute:0.47
XMLWidget:0.4633333333333333
LoaderUtilities:0.4468888888888889
Property:0.388
ClientGraphicsConfigHandler:0.36087301587301585
BufferLogger:0.35333333333333333
LexicalUnitImpl:0.35333333333333333
ARINCContainerRenderer:0.3388888888888889
J2DPrismGraphics:0.31
LayerTreeEditor:0.3022222222222222
HandlerBase:0.29333333333333333
ServerXMLFieldHandleAttribute:0.29
ASCII_CharStream:0.2866666666666667
DefaultARINCDefinition:0.28
ScriptPanel:0.28
DefaultTransformModel:0.27666666666666667
RenderingLayerImpl:0.26916666666666667
AdaptorShape:0.26666666666666666
PopUpPanelButtonRenderer:0.26666666666666666
EditorUtilities:0.25666666666666665
RadioBoxRenderer:0.255
ClientAPIUtilities:0.2538888888888889
JFXExtensionFileFilter:0.25333333333333335
PPTGraphics2D:0.24666666666666667
AbstractRenderingLayer:0.24666666666666667
Map2DItemListRenderer:0.24666666666666667
ObjectHandler:0.24666666666666667
SACMediaListImpl:0.23833333333333334
CSSException:0.23666666666666666
CSSRuleListImpl:0.23666666666666666
ARINCCSSDocumentHandler:0.23666666666666666
JSScriptPanel:0.23333333333333334
CSSValueImpl:0.2322222222222222
MapItemsPanel:0.23
ServerUtilities:0.22666666666666666
ServerA661RefHandler:0.22337301587301586
WidgetsRefHandler:0.22333333333333333
PlainTextCellEditor:0.22333333333333333
ComputedSizeValue:0.22166666666666668
ClientComUtilities:0.22
MediaListImpl:0.2175
SyntheticValueProvider:0.21666666666666667
AbstractWidgetRefHandler:0.21666666666666667
JFXEditorOverlay:0.21333333333333335
DefaultBufferOfItemsConverter:0.21166666666666667
SynthTreeUI:0.21166666666666667
CSSPageRuleImpl:0.21
WidgetMessage:0.20977777777777776
SACParser:0.20666666666666667
MapsPanel:0.20666666666666667
CSSStyleRuleImpl:0.205
ServerComUtilities:0.19666666666666666
DebugBufferHandler:0.19666666666666666
Synth2Parser:0.19333333333333333
TreeEditorHelper:0.19333333333333333
EditorWidgetTableConstructor:0.19
PluginScriptPanel:0.19
RectImpl:0.18166666666666667
WidgetListChooser:0.17700000000000002
WidgetTableConstructor:0.17666666666666667
ServerXMLMethodAttribute:0.17572222222222222
ARINCModelFactory:0.17
WidgetDefaultsHandler:0.17
ClientWidgetsRefHandler:0.17
ServerMapItemsUtilities:0.16666666666666666
ParseTest:0.16666666666666666
TokenMgrError:0.16333333333333333
ARINCCSSRenderer:0.15333333333333332
ClientLoaderUtilities:0.15333333333333332
AbstractClientEngine:0.15333333333333332
LayerHelper:0.14888888888888888
JSEditorListener:0.14333333333333334
HexColor:0.14333333333333334
ExtensionsHelper:0.14166666666666666
Contract:0.14
TreeTransferHandler:0.13666666666666666
AbstractServerEngine:0.13333333333333333
ClientUtilities:0.11666666666666667
StyleSetExtractionAction:0.11666666666666667
ClientMapItemList:0.11333333333333333
SaveXMLAction:0.11333333333333333
ParserFactory:0.1075
CharStream:0.10087301587301586
AbstractFilterStroke:0.1
ARINCDefinitionParser:0.07583333333333334
