AdminModule:0.6633333333333333
ZoneConfig:0.5433333333333333
AbstractAdminModule:0.4
ConfigureMobileAccessController:0.32666666666666666
