MetaData:0.7066666666666667
EdgeDataset:0.41333333333333333
JdbcMetaDataReader:0.2733333333333333
Jdbc:0.27
