EntityPersister:0.6466666666666666
Loader:0.34
ReferenceCacheTest:0.3333333333333333
NoopEntityPersister:0.2975
GoofyProvider:0.23666666666666666
CustomPersister:0.23666666666666666
