IpAddrTable:0.37333333333333335
IfTable:0.3566666666666667
IfTableEntry:0.3433333333333333
IfXTableEntry:0.29
IfXTable:0.2833333333333333
IpAddrTableEntry:0.28
SnmpTableWalker:0.23
