ActorAllNamesVariableAdditionResources:0.25666666666666665
CreateDurationResources:0.25666666666666665
AddHoursAndMinutesToDateTimeResources:0.25666666666666665
ActorFullNameVariableAdditionResources:0.25666666666666665
CopyDateResources:0.25666666666666665
AddHoursToDateTimeResources:0.24
InOutVariablesAdditionActionResources:0.19666666666666666
AddInOutDateTimesResources:0.19666666666666666
CancelInOutVariablesAdditionActionResources:0.19333333333333333
EmailTaskNotifierResources:0.19
Resources:0.19
ProcessNumberVariableAdditionActionResources:0.16333333333333333
DemoChiefResources:0.11333333333333333
