PluginManager:0.47333333333333333
AccessControlManager:0.4633333333333333
PrestoServer:0.34
AllowAllSystemAccessControl:0.3167619047619048
TestingAccessControlManager:0.26666666666666666
InitializingSystemAccessControl:0.0
