Beans:0.6766666666666666
CasConfigurationProperties:0.5666666666666667
AbstractTicketRegistry:0.29333333333333333
JpaEventsConfiguration:0.21666666666666667
GoogleAuthenticatorJpaConfiguration:0.21666666666666667
JdbcMultifactorAuthnTrustConfiguration:0.21666666666666667
HazelcastTicketRegistryConfiguration:0.14833333333333334
CasWebflowConstants:0.0
