Icon:0.6766666666666666
FeedThread:0.30666666666666664
ItemRenderer:0.25333333333333335
FolderMetaInfo:0.19333333333333333
