MigrationManager:0.5066666666666667
PromotionCommitOperation:0.3233333333333333
SplitMergeTest:0.29333333333333333
