TransportRover:0.7316111111111112
Infirmary:0.5703333333333334
