AbstractServerEngine:0.6633333333333333
AbstractClientEngine:0.3993333333333333
