Simulator:0.36333333333333334
GraphJModel:0.3466666666666667
Options:0.32
JModel:0.32
DefaultGrammarView:0.23583333333333334
EditRuleAction:0.23111111111111116
StatePanel:0.23
ForestLayouter:0.22666666666666666
JGraph:0.21333333333333335
JGraphPanel:0.19666666666666666
AspectJModel:0.18777777777777777
JAttr:0.18
AspectJGraph:0.14833333333333334
EditGraphAction:0.14333333333333334
RefreshEdit:0.07333333333333333
MyGraphLayoutCache:0.06
