SessionFactoryImpl:0.6366666666666667
ConfigurationService:0.5921666666666668
ConfigurationServiceImpl:0.21333333333333335
JtaPlatformInitiator:0.2
