FastDOReader:0.8416666666666667
FedoraAccessSoapServlet:0.2633333333333333
