BMechTemplate:0.58
MethodProperties:0.08666666666666667
Method:0.08666666666666667
ServiceProfile:0.07611111111111112
ServiceSoftware:0.07611111111111112
