ActivityLogEntry:0.5066666666666667
ApplicationEntityManagerImpl:0.30333333333333334
ApplicationEntityManagerRemote:0.28
ApplicationEntityManager:0.28
