CommunicationPreferencePage:0.5066666666666667
AudioEncoder:0.29333333333333333
AudioPlayer:0.25083333333333335
AudioRecorder:0.15666666666666668
AudioDecoder:0.13333333333333333
