DatabaseConfiguration:0.8033333333333333
ManagedDataSourceFactory:0.26
ManagedDataSourceFactoryTest:0.24666666666666667
