JFXScrollPane:0.9666666666666667
ScrollPaneDemo:0.2633333333333333
ScrollPaneController:0.24333333333333335
