JtdsResultSet:0.6055555555555555
SAfeTest:0.5166666666666667
MSCursorResultSet:0.35333333333333333
