Buffer:0.5533333333333333
BufferedSink:0.455
BufferedSource:0.455
ByteString:0.2866666666666667
RealBufferedSink:0.20666666666666667
RealBufferedSource:0.20333333333333334
ByteStringTest:0.19666666666666666
GzipSource:0.19333333333333333
BufferTest:0.18
Okio:0.17
