CodeFormatter:0.55
RubyPlugin:0.46
RuntimeConfigurationFile:0.33
ShamLaunchConfiguration:0.30666666666666664
TS_RdtAllTests:0.25
TC_ResourceAdapterFactory:0.24333333333333335
TC_RubyApplicationShortcut:0.22666666666666666
TC_RubyCore:0.18666666666666668
