AspectParser:0.40066666666666667
JModel:0.35
ForestLayouter:0.3233333333333333
RuleAspect:0.28
AttributeAspect:0.28
GraphJVertex:0.2791666666666667
AspectJModel:0.27
AspectGraph:0.27
NamedAspectValue:0.24333333333333335
AspectJVertex:0.23333333333333334
AspectualGraphView:0.23
AbstractLayouter:0.2227777777777778
ContentAspectValue:0.22
ParameterAspectValue:0.21666666666666667
ParameterAspect:0.19733333333333333
ConstantAspectValue:0.11333333333333333
