Function:0.5166666666666667
ProcessStatus:0.37666666666666665
Config:0.37666666666666665
ProcessFactory:0.26666666666666666
IqAdHocCommands:0.13
