SaajXmlReader:0.8866666666666667
SaajXmlReaderTest:0.22666666666666666
