LicenseManager:0.8607539682539683
LicenseChecker:0.4066666666666667
NullLicenseManager:0.38
