TransportReplicationAction:0.44666666666666666
IndexShardOperationsLock:0.39666666666666667
AsyncReplicaAction:0.34833333333333333
AsyncPrimaryAction:0.34833333333333333
