PainlessParser:0.62
WhenThingsGoWrongTests:0.33916666666666667
BasicStatementTests:0.33
DelimiterContext:0.19166666666666668
