QueueContainer:0.7233333333333334
TxnPollBackupOperation:0.30333333333333334
TxnPrepareBackupOperation:0.17
