AbsTaskQueue:0.5666666666666667
BaseExecutePool:0.2866666666666667
BaseCachePool:0.27666666666666667
