Generator:0.8733333333333333
JavaGenerator:0.46
AbstractGenerator:0.30333333333333334
GenerationTool:0.21777777777777782
