HighlightBuilder:0.5233333333333333
AbstractHighlighterBuilder:0.3566666666666667
SearchSourceBuilder:0.3433333333333333
HighlightBuilderTests:0.2633333333333333
SearchService:0.23799999999999996
SearchSourceBuilderTests:0.20111111111111113
