Editor:0.4766666666666667
ChoiceWidget:0.43333333333333335
TextFieldWidget:0.38333333333333336
Preview:0.2866666666666667
Model:0.25666666666666665
ViewManager:0.225
DateWidget:0.22333333333333333
ControlCenter:0.22
ProxyXRef:0.20666666666666667
ObservableBoolean:0.19
ProxySimpleValue:0.16666666666666666
ProxySex:0.15666666666666668
ProxyFile:0.15333333333333332
SpinnerWidget:0.15
ProxyEvent:0.13666666666666666
ActionUpdate:0.13666666666666666
Proxy:0.13555555555555554
ProxyDate:0.13333333333333333
ProxyChoice:0.13333333333333333
ActionChoose:0.12666666666666668
ProxyAge:0.12583333333333332
ProxyName:0.12333333333333334
ProxyMLE:0.1225
SwitchCalendar:0.105
OK:0.09
TextAreaWidget:0.09
LookNFeelPanel:0.07
ProxyEntity:0.05333333333333334
SelectionChange:0.05
ActionView:0.03
Gender:0.0033333333333333335
