VehicleMission:0.6466666666666666
MissionEvent:0.4257222222222222
CollectResourcesMission:0.31333333333333335
