ElementUtil:0.8966666666666666
TranslationUtil:0.43666666666666665
InnerClassExtractor:0.35333333333333333
InitializationNormalizer:0.25333333333333335
DefaultConstructorAdder:0.15
