ATime:0.5366666666666666
OrbitViewer:0.46
Matrix:0.43333333333333335
Xyz:0.36
UdMath:0.33666666666666667
BuildingPanelAstronomicalObservation:0.31333333333333335
Astro:0.25666666666666665
Comet:0.20333333333333334
Planet:0.2
OrbitCanvas:0.18
PlanetExpP0:0.08
DateDialog:0.07166666666666667
PlanetElm:0.06666666666666667
PlanetExp:0.051666666666666666
CometOrbit:0.05
OrbitPlayer:0.04666666666666667
PlanetOrbit:0.041666666666666664
PlanetElmP1:0.016666666666666666
PlanetExpP2:0.006666666666666667
PlanetExpP1:0.006666666666666667
TimeSpan:0.006666666666666667
PlanetElmP2:0.006666666666666667
