DefinitionModuleImpl:0.47
FolderModuleImpl:0.41333333333333333
BinderModuleImpl:0.27
AdminModuleImpl:0.2633333333333333
