MappedBufferManagement:0.4533333333333333
BufferManagement:0.315
MediaConductor:0.30666666666666664
MappedBufferManagementTest:0.2833333333333333
ClientConductor:0.235
FileMappingConvention:0.18666666666666668
