DnsResponse:0.33666666666666667
ClientConnection:0.32
AssembledFullHttpResponse:0.29
NettyFileUpload:0.2866666666666667
PooledChannelHandlerContext:0.2733333333333333
AssembledHttpResponse:0.27
DnsResource:0.25666666666666665
VertxEventLoopGroup:0.21666666666666667
AssembledHttpRequest:0.20666666666666667
AssembledFullHttpRequest:0.19666666666666666
AssembledLastHttpContent:0.19333333333333333
