TigerParser:0.51
CUNode:0.37
TigerNode:0.28822222222222216
JavaParser:0.27666666666666667
Type:0.25666666666666665
ImportNode:0.18833333333333332
JavaCompletionFinder:0.18
JavaCompletion:0.14777777777777779
JavaSideKickPlugin:0.0
