MockSnmpAgent:0.44
IfSnmpCollectorTest:0.44
SNMP4JV1:0.36366209716209713
JoeSnmpV2:0.36366209716209713
JoeSnmpV1:0.36366209716209713
SNMP4JV2:0.36366209716209713
SNMP4JV3:0.36366209716209713
OpenNMSTestCase:0.29333333333333333
Node:0.25333333333333335
MockSnmpAgentTest:0.21666666666666667
JoeSnmpTests:0.0
SNMP4JTests:0.0
