AppResource:0.4
InstallServiceImpl:0.27
InstallServiceAsync:0.25666666666666665
InstallService:0.25666666666666665
