RedissonSetCacheReactiveTest:0.2733333333333333
RedissonMapReactiveTest:0.25
RedissonBlockingQueueReactiveTest:0.22666666666666666
RedissonScriptTest:0.22
RedissonScriptReactiveTest:0.19
RedissonQueueReactiveTest:0.16
RedissonMapCacheReactiveTest:0.15333333333333332
