MutableHandlerRegistryImplTest:0.5533333333333333
TestServiceServiceDescriptor:0.37333333333333335
MutableHandlerRegistryImpl:0.21333333333333335
TestServiceGrpc:0.2
