Version:0.5166666666666667
BootstrapService:0.36333333333333334
SymmetricEngine:0.3283333333333333
UpgradeService:0.13666666666666666
