DuoAuthenticationService:0.7323611111111111
BaseDuoAuthenticationService:0.48
AbstractMultifactorAuthenticationProvider:0.39
DefaultDuoMultifactorAuthenticationProvider:0.26666666666666666
SimpleHttpClient:0.21333333333333335
