Planner:0.33666666666666667
PlannerTest:0.3
PlanVisitor:0.29
InsertFromSubQueryAnalyzedStatement:0.21333333333333335
Visitor:0.20466666666666666
ConsumingPlanner:0.13333333333333333
DDLTask:0.11333333333333333
GlobalAggregateConsumer:0.05333333333333334
RelationPlanner:0.0225
