AtomicBuffer:0.48333333333333334
LogAppender:0.34
Flyweight:0.3333333333333333
Publication:0.30666666666666664
ClientConductor:0.18583333333333332
PublicationTest:0.14
