ImmutableValueUserType:0.44333333333333336
ImmutableValueUserTypeTests:0.43333333333333335
BatchStatusUserType:0.23
