ObjectKeys:0.47904761904761906
WebKeys:0.47904761904761906
MobileAjaxController:0.38333333333333336
RelevanceDashboardHelper:0.23666666666666666
