Simulation:0.54
MainWindow:0.36666666666666664
ScientificStudyManager:0.32
Function:0.2733333333333333
MainDesktopPane:0.27
Mars:0.25666666666666665
MalfunctionFactory:0.25666666666666665
MarsProject:0.22333333333333333
SettlementWindow:0.22333333333333333
MissionManager:0.22333333333333333
RelationshipManager:0.22
MedicalManager:0.20333333333333334
TransportManager:0.14
CreditManager:0.13
MainWindowFX:0.11166666666666666
