MultiResourceItemReader:0.8066666666666666
MultiResourceItemReaderIntegrationTests:0.47333333333333333
