BaseTestHelper:0.6633333333333333
TestJPPFExecutorService:0.33666666666666667
BaseSetup:0.2633333333333333
TestJPPFJobSLA:0.17
MyCallableTask:0.11
SimpleRunnable:0.07666666666666666
SimpleTask:0.07666666666666666
TaskResult:0.07478835978835979
LifeCycleTask:0.06333333333333334
SimpleCallable:0.05
