RubyScript:0.7066666666666667
Openable:0.33666666666666667
RubyDocumentProvider:0.2866666666666667
CommitWorkingCopyOperation:0.20166666666666666
