Socks5ProxySocketFactory:0.5216666666666666
HTTPProxySocketFactory:0.5216666666666666
Socks4ProxySocketFactory:0.5216666666666666
