HTMLElementTest:0.43
HTMLElement:0.36666666666666664
HtmlArticle:0.3021624579124578
HtmlMark:0.3021624579124578
HtmlFooter:0.3021624579124578
HtmlAside:0.3021624579124578
HtmlFigure:0.3021624579124578
HtmlSection:0.3021624579124578
HtmlHeader:0.3021624579124578
HtmlNav:0.3021624579124578
HTMLParser2Test:0.23
HTMLElementsTest:0.23
DefaultElementFactory:0.20666666666666667
