HTMLCollection:0.7566666666666667
DebugFrameImpl:0.31333333333333335
SimpleScriptableTest:0.25333333333333335
