SlidingTableTag:0.6066666666666667
SlidingTableRowTag:0.5733333333333334
SlidingTableRowAncestorTag:0.5558333333333333
