DataManager:0.4033333333333333
SearchManager:0.3333333333333333
ThreadUtils:0.33
LuceneIndexReaderFactory:0.25083333333333335
Spatial:0.22333333333333333
SpatialIndexWriter:0.19333333333333333
Geonetwork:0.16666666666666666
ImportMetadataReindexer:0.11833333333333333
BatchOpsMetadataReindexer:0.11666666666666667
IndexMetadataTask:0.08666666666666667
Config:0.03
ImportCallable:0.0033333333333333335
BatchOpsCallable:0.0
