SubflowState:0.6733333333333333
FlowExecutionTests:0.2866666666666667
