RegisteredServiceAccessStrategyUtils:0.48
AbstractServiceValidateController:0.41333333333333333
SurrogateRegisteredServiceAccessStrategy:0.36333333333333334
DefaultCentralAuthenticationService:0.2633333333333333
