ShardingUpsertExecutor:0.49666666666666665
BatchIteratorBackpressureExecutor:0.4166666666666667
ShardDMLExecutor:0.29333333333333333
