TreeUtil:0.6166666666666667
ObjectiveCHeaderGeneratorTest:0.27666666666666667
TypeDeclarationGenerator:0.27
TypePrivateDeclarationGenerator:0.22833333333333333
TypeImplementationGenerator:0.22583333333333333
MetadataGenerator:0.22083333333333333
