TreeTableModel:0.4473412698412699
ParameterDisjunction:0.42333333333333334
AbstractTreeTableModel:0.42
ApplicationViewer:0.41333333333333333
XJTable:0.33
AnnotationEditor:0.27
NewResourceDialog:0.25333333333333335
DocumentImpl:0.24666666666666667
ProcessingResource:0.24333333333333335
DelayedListener:0.19666666666666666
MainFrame:0.16833333333333333
JTreeTable:0.11333333333333333
AbstractProcessingResource:0.11
SerialController:0.09444444444444446
CustomTreeCellRenderer:0.07722222222222222
ParameterDisjunctionEditor:0.07666666666666666
ModulesTableModel:0.04833333333333333
PRsAndParamsTTModel:0.04777777777777777
ParameterValueRenderer:0.03333333333333333
RunAction:0.024166666666666666
AddPRAction:0.015
RemovePRAction:0.0
ParameterValueEditor:0.0
