SimplePolishIntegrationTests:0.4633333333333333
SimplePolishTokenFilterTests:0.22444444444444442
PolishAnalysisTests:0.19333333333333333
