DriverConductor:0.6366666666666667
Sender:0.33666666666666667
DriverConductorProxy:0.31333333333333335
