SQLTransportExecutor:0.59
SQLTransportIntegrationTest:0.3933333333333333
JobLogIntegrationTest:0.27666666666666667
FetchOperationIntegrationTest:0.08666666666666667
