TestLoginModule:0.4633333333333333
JaasAuthenticationProviderTests:0.3
TestAuthorityGranter:0.22333333333333333
TestCallbackHandler:0.20666666666666667
