ClusterControl:0.42333333333333334
SequencerAgent:0.37666666666666665
ConsensusModule:0.37
