FileObserver:0.75
ResourceWatcherService:0.25
ScriptChangesListener:0.18333333333333332
FileWatcher:0.09333333333333334
