TreeTag:0.6258333333333334
ViewController:0.35
WebKeys:0.28977777777777775
AjaxController:0.21333333333333335
