ObjectKeys:0.7930555555555554
WebKeys:0.7930555555555554
RelevanceDashboardHelper:0.5766666666666667
RelevanceAjaxController:0.23333333333333334
