BasePermission:0.6466666666666666
AbstractPermission:0.4066666666666667
