Http:0.53
Sender:0.42333333333333334
RawView:0.24333333333333335
ProxySwitcher:0.20111111111111113
FilePostSender:0.17666666666666667
