Criteria:0.63
JsonProvider:0.6179166666666667
GsonProvider:0.5233333333333333
AbstractJsonProvider:0.23666666666666666
GsonConverter:0.13
