STreeNode:0.8133333333333334
SyntaxTreeViewer:0.6733333333333333
