Receiver:0.6366666666666667
UnicastReceiverTest:0.42
RcvFrameHandlerFactory:0.19777777777777777
ReceiverTest:0.17666666666666667
UdpTransport:0.17333333333333334
