Flow:0.5133333333333333
JobFlowExecutor:0.5124523809523811
State:0.5033333333333333
StateTransition:0.48
BasicFlowTests:0.3
FlowJobTests:0.2833333333333333
StateTransitionTests:0.24333333333333335
EndState:0.22333333333333333
SimpleFlow:0.18666666666666668
DecisionState:0.16333333333333333
StepState:0.16333333333333333
PauseState:0.12
AbstractState:0.11666666666666667
JobFlowExecutorSupport:0.08666666666666667
FlowJob:0.07583333333333334
SplitStateTests:0.06666666666666667
SplitState:0.043333333333333335
StateSupport:0.02666666666666667
