AbstractProjection:0.5066666666666667
BearingProjection:0.31333333333333335
LatLongProjection:0.2966666666666667
