HttpSecurityBeanDefinitionParserTests:0.38666666666666666
HttpSessionSecurityContextRepository:0.37666666666666665
SessionManagementFilter:0.3653333333333333
