BooleanGrid:0.6233333333333333
AllSTLsToBuild:0.4066666666666667
Producer:0.33444444444444443
BooleanGridList:0.32
