ResourceExtractor:0.6966666666666667
TestAttributeSetTest:0.4266666666666667
ResourceExtractorTest:0.2744444444444445
