VirtualMars:0.4166666666666667
MainWindow:0.31333333333333335
MainDesktopPane:0.27666666666666667
UnitDialog:0.16111111111111112
MainWindowMenu:0.15833333333333333
MonitorWindow:0.12833333333333333
MarsProject:0.09333333333333334
