SpectrumResource:0.5133333333333333
Bc_databasePlugin:0.37
DatabaseManager:0.36333333333333334
DBFolderResource:0.29333333333333333
RunDemo:0.20333333333333334
BioResourceLabelProvider:0.14
DBFolderFactory:0.04666666666666667
