ToolbarItem:0.6166666666666667
MenuBarPopup:0.28
GwtRpcServiceImpl:0.23
ContextMenuItem:0.21666666666666667
GwtRpcServiceAsync:0.19583333333333333
GwtRpcService:0.19503968253968257
MainMenuControl:0.18
ActionsMenuPopup:0.15
ManageMenuPopup:0.15
ShowMenuPopup:0.12333333333333334
FavoritesMenuPopup:0.09642857142857142
MyTeamsMenuPopup:0.09642857142857142
