GeometryOperatorFilter:0.5130555555555555
CollectionHelper:0.48333333333333334
Filters:0.48
