ModelUtils:0.44666666666666666
AbstractGenerator:0.3933333333333333
CmisQueryModel:0.3333333333333333
