Graphics:0.77
MockGraphics:0.23333333333333334
IOSGraphics:0.23333333333333334
LwjglGraphics:0.23333333333333334
GwtGraphics:0.23
Lwjgl3Graphics:0.23
AndroidGraphics:0.23
JglfwGraphics:0.23
Lwjgl3DebugStarter:0.12
LwjglDebugStarter:0.12
