PublicXMPPServerComposite:0.47932539682539677
TimedActivityDataObjectTest:0.36
NetworkSimulator:0.18666666666666668
ImageTileEncoder:0.17333333333333334
StartupSaros:0.16166666666666665
RemoteProgressManager:0.14
RosterSessionContentProvider:0.12916666666666668
ShareProjectWizard:0.11
FollowModeInformationTreeElement:0.11
IsShellOpen:0.04
IsMenuEnabled:0.04
