SubPlan:0.35333333333333333
DefaultTraversalVisitor:0.2866666666666667
PlanVisitor:0.25333333333333335
Field:0.24
Rewriter:0.23333333333333334
Visitor:0.20333333333333334
PlanNodeRewriter:0.16333333333333333
TupleAnalyzer:0.16333333333333333
RewritingVisitor:0.06333333333333334
RelationPlanner:0.03
