FieldSetMapper:0.8533333333333334
BatchMetaDataExplorer:0.5533333333333333
FlatFileItemReader:0.39
CompositeItemWriter:0.29
BeanWrapperFieldSetMapperTests:0.27
OrderItemReader:0.24
FlatFileItemReaderBasicTests:0.19333333333333333
AggregateItemFieldSetMapperTests:0.15333333333333332
BeanWrapperFieldSetMapper:0.14666666666666667
AbstractFieldSetMapperTests:0.14333333333333334
CompositeItemWriterTests:0.12
OrderItemReaderTests:0.10833333333333334
PassThroughFieldSetMapperTests:0.09333333333333334
FlatFileItemReaderCommonTests:0.08666666666666667
MultiResourceItemReaderFlatFileTests:0.08666666666666667
AggregateItemFieldSetMapper:0.08
GameFieldSetMapper:0.04
AddressFieldSetMapper:0.0033333333333333335
OrderItemFieldSetMapper:0.0033333333333333335
BillingFieldSetMapper:0.0033333333333333335
HeaderFieldSetMapper:0.0033333333333333335
PlayerFieldSetMapper:0.0033333333333333335
TradeMapper:0.0
CustomerFieldSetMapper:0.0
ShippingFieldSetMapper:0.0
PassThroughFieldSetMapper:0.0
TradeFieldSetMapper:0.0
