MongoCollectionStream:0.6733333333333333
MongoCollectionImpl:0.45666666666666667
MongoReadableStream:0.33166666666666667
