LogicalPlanner:0.43333333333333335
Analyzer:0.4166666666666667
StatementAnalyzer:0.22666666666666666
SqlQueryExecution:0.20333333333333334
RelationAnalyzer:0.1822222222222222
LocalQueryRunner:0.15666666666666668
AbstractSqlBenchmark:0.11
WindowAnalyzer:0.09
AggregateAnalyzer:0.06666666666666667
