OrthoMatcher:0.8266666666666667
DumpingPR:0.4033333333333333
