FileSystem:0.8333333333333334
FileSystemImpl:0.43333333333333335
FileSystemTest:0.30333333333333334
