ExportPDF:0.42
MapMerger:0.38333333333333336
BoundingBox:0.3466666666666667
ImageMerger:0.3466666666666667
PE:0.31666666666666665
ScaleBar:0.25666666666666665
