jdbcConnection:0.5133333333333333
Server:0.39666666666666667
WebServerConnection:0.27444444444444444
WebServer:0.27
