AtomTest:0.6266666666666667
AtomType:0.5066666666666667
