Builder:0.2966666666666667
TestExpressionInterpreter:0.29
Visitor:0.25666666666666665
TestVarbinaryFunctions:0.25333333333333335
LiteralVisitor:0.25333333333333335
Formatter:0.21666666666666667
TestExpressionCompiler:0.21333333333333335
GenericLiteral:0.19333333333333333
AstVisitor:0.17777777777777778
InMemoryRecordCursor:0.17333333333333334
InMemoryRecordSet:0.16833333333333333
AstBuilder:0.16666666666666666
BlockAssertions:0.15666666666666668
ParsingException:0.12333333333333334
TreePrinter:0.11666666666666667
TestSqlParser:0.09333333333333334
TestPageSourceProvider:0.07666666666666666
