DatabaseTaskXmlParser:0.7966666666666666
QueryElement:0.5066666666666667
