TestSearchContext:0.6633333333333333
SearchService:0.36333333333333334
ESSingleNodeTestCase:0.31
ContextIndexSearcher:0.2966666666666667
