JsonArray:0.7033333333333334
JsonObjectTest:0.41866666666666663
JsonArrayTest:0.36
