BaseTest:0.5743888888888888
Utils:0.3
Trees:0.21333333333333335
