Name:0.4603333333333334
jOOQAbstractTest:0.4
CTETests:0.25333333333333335
NameImpl:0.16
