StructureTablePage:0.6576666666666667
ReactionTablePage:0.6576666666666667
