AbstractMapReduceTask:0.3466666666666667
ClientMapReduceTest:0.33
ClientMapReduceProxy:0.2733333333333333
DistributedMapperClientMapReduceTest:0.17333333333333334
ClientJob:0.13799999999999998
AbstractClientMapReduceJobTest:0.04
