FilesetBuilder:0.57
WebBuilder:0.5327777777777777
MediaComposerService:0.35533333333333333
