LexerATNFactory:0.52
CharSetParseState:0.2633333333333333
TestToolSyntaxErrors:0.22333333333333333
TestATNConstruction:0.2
