DiskQueue:0.5333333333333333
DevNull:0.5166666666666667
