PDSRemoteServiceImpl:0.7669444444444444
DocumentRemoteServiceImpl:0.6754444444444445
