RootScope:0.6
WordPerfectParser:0.48333333333333334
SearchPanel:0.3433333333333333
PreviewPanel:0.3433333333333333
DocFetcher:0.26666666666666666
DropDownManager:0.24333333333333335
MainPanel:0.20666666666666667
RemoveIndexAction:0.15
