BrowserVersion:0.84
WebDriverTestCase:0.43666666666666665
BrowserVersionClassRunner:0.30333333333333334
BrowserRunner:0.16444444444444445
