MethodListenerFactory:0.6581190476190476
LogListenerFactory:0.5438888888888889
MirrorFactory:0.2966666666666667
