DefinitionModule:0.8633333333333333
DefinitionModuleImpl:0.6566666666666666
ImportDefinitionController:0.15933333333333333
