Constants:0.6266666666666667
EventBuilder:0.5372222222222222
EventWriterTest:0.18666666666666668
