LogoutBuilderTests:0.30666666666666664
ServerHttpSecurityConfiguration:0.2733333333333333
WebFluxSecurityConfiguration:0.23333333333333334
SecurityConfig:0.17
