SeqFeature:0.72
BaseFineEditor:0.34
DrawableAnnotatedSeqFeature:0.33
Controller:0.2833333333333333
BaseEditorPanel:0.25666666666666665
SeqAlignPanel:0.21
DataLoader:0.20666666666666667
BOFEWindowListener:0.165
ExampleFileFilter:0.13333333333333333
AnnotationChangeDoodad:0.10972222222222223
