BinderModule:0.865
BinderModuleImpl:0.6016666666666667
ViewController:0.30666666666666664
