Mongo:0.6466666666666666
SslSettings:0.34
SocketStream:0.2733333333333333
ClusterFixture:0.23
MongoClientOptions:0.22666666666666666
NettyStream:0.21916666666666668
Builder:0.13666666666666666
SocketChannelStream:0.13666666666666666
Fixture:0.13333333333333333
SocketStreamHelper:0.12333333333333334
SocketStreamFactory:0.11
