HPDisplaySet:0.44666666666666666
Service:0.3933333333333333
HangingProtocol:0.39
DicomImageReader:0.30333333333333334
LazyIterator:0.25666666666666665
DcmSnd:0.23666666666666666
HPImageSet:0.23
GraphicLayerModule:0.22611111111111115
Txt2DcmSR:0.19333333333333333
HPRegistry:0.19111111111111112
HPNavigationGroup:0.16666666666666666
HPScrollingGroup:0.14
MPPSSCP:0.13333333333333333
ByAcqTimeComparator:0.11666666666666667
