PersistedTaskInfo:0.5933333333333334
TasksIT:0.43333333333333335
TransportGetTaskAction:0.19
PersistedTaskInfoTests:0.16666666666666666
