BsonBinaryReader:0.5566666666666666
ByteBufferBsonInputStream:0.43
BsonInputStream:0.3466666666666667
