ParentQuery:0.6333333333333333
ChildScorer:0.45666666666666667
ParentConstantScoreQueryTests:0.30666666666666664
ChildWeight:0.24
