JChemPaintEditorPanel:0.4633333333333333
JChemPaintPanel:0.43333333333333335
JChemPaintMenuBar:0.22638888888888892
AddHydrogenAction:0.21666666666666667
JChemPaintAbstractApplet:0.19
ArrowRenderer2DTest:0.1775
Renderer2DModelEditor:0.17333333333333334
PluginClassLoader:0.14
CDKPluginManager:0.13722222222222222
OpenAction:0.11666666666666667
