Dialect:0.6866666666666666
AbstractTransactSQLDialect:0.30333333333333334
CUBRIDDialect:0.2966666666666667
DB2Dialect:0.2866666666666667
Oracle8iDialect:0.2866666666666667
SupportPartitionBy:0.08
