StaticNodeFactory:0.54
PartitionRecordStore:0.28
HazelcastInstanceFactory:0.2633333333333333
MaxSizeConfig:0.23616666666666664
TryRemoveOperation:0.1725
MapEvictionTest:0.16
CountDownLatchTest:0.15333333333333332
TopicTest:0.15
QueryTest:0.13333333333333333
SimpleLocalMapTest:0.13333333333333333
QueueStoreTest:0.12333333333333334
MapTransactionTest:0.12333333333333334
MapEvictTask:0.12
AtomicLongTest:0.12
SemaphoreTest:0.11666666666666667
