Convertor:0.5411111111111111
MDMoleculeCustomizer:0.3577936507936508
