LoadPathEntryLabelProvider:0.41
TestUnitLaunchShortcut:0.33666666666666667
RubyApplicationShortcut:0.33666666666666667
RubyEnvironmentTab:0.30666666666666664
