LdapUserPlugin:0.35333333333333333
StringUtils:0.3333333333333333
JFlexXref:0.2966666666666667
UserPluginTest:0.29333333333333333
JFlexXrefTest:0.25
CustomAssertions:0.21666666666666667
OSSODecoderTest:0.19666666666666666
PerlSymbolTokenizerTest:0.19333333333333333
LdapUserPluginTest:0.13666666666666666
LdapAttrTest:0.13666666666666666
RubySymbolTokenizerTest:0.11666666666666667
FakeOSSOHeaderDecoder:0.11666666666666667
AdaSymbolTokenizerTest:0.11666666666666667
StringUtilsTest:0.02666666666666667
HtmlConsts:0.0
