OutlookResource:0.5533333333333333
Mail:0.22
OutlookDataSourceDetector:0.16111111111111112
ThunderbirdAddressbookActivator:0.15333333333333332
AppleAddressbookActivator:0.15333333333333332
OutlookActivator:0.09416666666666666
