BasicEditor:0.6833333333333333
PopupBean:0.52
OK:0.4066666666666667
