ModelBatch:0.32666666666666666
Array:0.27
Intersector:0.26
CharArray:0.25666666666666665
CircularFloatBuffer:0.24666666666666667
CircularBuffer:0.23666666666666666
TmxMapLoader:0.23666666666666666
ParticleEffect:0.23666666666666666
XmlReader:0.22333333333333333
BitmapFontCache:0.21666666666666667
IntArray:0.21
AtlasTmxMapLoader:0.20833333333333334
BooleanArray:0.2
LongArray:0.2
ShortArray:0.2
JsonReader:0.18666666666666668
UBJsonReader:0.18666666666666668
Parameters:0.10666666666666667
LwjglDebugStarter:0.09333333333333334
AtlasTiledMapLoaderParameters:0.07
