ConcordancesEditor:0.5233333333333333
GetConcordancesDialog:0.26666666666666666
VocabularyEditor:0.24333333333333335
ApplicationWorkbenchAdvisor:0.21333333333333335
ExecuteScriptGroovy:0.18666666666666668
ScriptPreferencePage:0.12666666666666668
TxmCommand:0.0475
