WordVectorSerializer:0.41333333333333333
ParameterAveragingTrainingWorker:0.3566666666666667
ParameterAveragingTrainingMaster:0.3466666666666667
AbstractCache:0.3333333333333333
StatsListener:0.2975
CSVReader:0.25666666666666665
EmbeddingLayer:0.21944444444444447
TestSparkMultiLayerParameterAveraging:0.21
TrainModule:0.19833333333333333
WordVectorSerializerTest:0.16
TestSparkComputationGraph:0.11666666666666667
