JChemPaintAbstractApplet:0.5033333333333333
BondEditor:0.49
AbstractJChemPaintPanel:0.4533333333333333
EditChemObjectPropsAction:0.17666666666666667
