BasicDBObject:0.528888888888889
DefaultDBDecoder:0.4725
DefaultDBEncoder:0.30666666666666664
