Toolbar:0.24
LinearLayout:0.23333333333333334
RecyclerView:0.21333333333333335
CollapsingToolbarLayout:0.20666666666666667
CoordinatorLayout:0.20333333333333334
GridLayout:0.20333333333333334
FlowLayout:0.20333333333333334
FrameLayout:0.20333333333333334
RelativeLayout:0.20333333333333334
DrawerLayout:0.20333333333333334
ConstraintLayout:0.20333333333333334
AppBarLayout:0.16333333333333333
