ScheduledEntry:0.44333333333333336
MapService:0.41333333333333333
SecondsBasedEntryTaskScheduler:0.3
Merger:0.19777777777777777
EntryProcessorExecutor:0.14777777777777779
MapStoreWriteProcessor:0.08666666666666667
