ConsoleCommandRequest:0.23666666666666666
ExecuteScriptRequest:0.23666666666666666
MemberConfigRequest:0.23666666666666666
MapConfigRequest:0.15666666666666668
ThreadDumpRequest:0.13666666666666666
GetLogsRequest:0.13666666666666666
ShutdownMemberRequest:0.12333333333333334
StateSendThread:0.12333333333333334
