CommandLineOptions:0.6616666666666666
AvailableOptions:0.36
JOptSimpleCommandLineOptionsParserTests:0.3566666666666667
DiscoveryRequestCreator:0.3333333333333333
