ASTParserLoadingTest:0.7333333333333333
BigIntegerValueHandler:0.38
BigDecimalValueHandler:0.38
LiteralProcessor:0.26666666666666666
LiteralNode:0.25736507936507935
SqlASTFactory:0.12666666666666668
