ProblemChoco:0.66
PathCondition:0.4066666666666667
ProblemGeneral:0.3466666666666667
SymbolicConstraintsGeneral:0.20666666666666667
