CommunicationsStub:0.7
ListTypeItemNode:0.26
ObjectNode:0.22333333333333333
Delete:0.195
ObjectNodeProperty:0.18555555555555558
Create:0.1761111111111111
DeleteObjectAction:0.17555555555555558
ListTypeNode:0.15222222222222223
ListTypeItemChildren:0.12666666666666668
