TestInterface:0.6015
OkHttpClient:0.35333333333333333
DefaultClientTest:0.17666666666666667
OkHttpClientTest:0.16333333333333333
ApacheHttpClientTest:0.13333333333333333
