AggregateStatus:0.5733333333333334
SurveillanceView:0.4266666666666667
DefaultSurveillanceService:0.39
DefaultAggregateStatusService:0.33
CellStatusStrategy:0.195765873015873
