GwtRpcService:0.6683333333333333
GwtRpcServiceAsync:0.571888888888889
ProfileAttribute:0.38
ProfileInfo:0.2866666666666667
GwtProfileSimpleDlg:0.2633333333333333
GwtProfileHelper:0.22333333333333333
GwtTeamingImageBundle:0.20083333333333334
GwtRpcServiceImpl:0.185
GwtMainPage:0.18333333333333332
ProfileAttributeWidget:0.17
ProfileAttributeListElement:0.12333333333333334
ProfileAttributeAttachment:0.08333333333333333
ProfileClientUtil:0.05333333333333334
