SeleniumTestCase:0.42
ActiveBuildPageTest:0.23666666666666666
BuildDetailTest:0.22333333333333333
FailedBuildMoreThan24HourTest:0.22333333333333333
NoDeadLinkTest:0.22333333333333333
SuccessfulBuildMoreThan24HourTest:0.22333333333333333
DownloadTest:0.21333333333333335
LongTextLeakOutTest:0.17666666666666667
ElapsedTimeTest:0.13
