SingleConsumerArrayQueue:0.5533333333333333
SingleConsumerLinkedQueue:0.26666666666666666
Node:0.15666666666666668
SingleConsumerLinkedQueue2:0.13333333333333333
SingleConsumerQueue:0.11
SingleConsumerLinkedQueue1:0.04666666666666667
QueueIterator:0.02666666666666667
