SQLRebuilder:0.5266666666666666
Rebuilder:0.47333333333333333
ResourceIndexRebuilder:0.36666666666666664
