Ehcache3:0.5966666666666667
Ehcache3Policy:0.5366666666666666
