Enhancer:0.73
UndeclaredException:0.4666666666666667
Source:0.38333333333333336
CheckedException:0.3566666666666667
TestEnhancer:0.3333333333333333
