CreateUserOperation:0.45666666666666667
UpdateUserOperation:0.45666666666666667
UserOperationHelper:0.20333333333333334
