ResourceIndexIntegrationTest:0.43
MockMethodInfoStore:0.4266666666666667
ParamDomainMap:0.3333333333333333
ResourceIndexAddDelMiscIntegrationTest:0.29
ParamDomain:0.26666666666666666
