MethodInfo:0.6833333333333333
CallStackDataStorage:0.5366666666666666
ClassInformationProvider:0.29333333333333333
