HazelcastStatistics:0.6833333333333333
HealthCheckController:0.5702777777777778
