Groove:0.62
Converter:0.4266666666666667
MyCellRenderer:0.31333333333333335
LabelTree:0.26
