QuerySystemTable:0.18333333333333332
TaskSystemTable:0.18333333333333332
NodesSystemTable:0.17
SystemTable:0.14
CatalogSystemTable:0.12055555555555557
