GUIRegistry:0.32666666666666666
PhexSecurityManager:0.32666666666666666
MsgQuery:0.30333333333333334
GWebCacheConnection:0.20333333333333334
DownloadConfigDialog:0.17
FileSizeCellRenderer:0.15
TransferSizeCellRenderer:0.14666666666666667
EditBtnListener:0.14666666666666667
