Selection:0.5466666666666666
TextField:0.43333333333333335
List:0.33666666666666667
TextFieldClickListener:0.2644444444444444
Tree:0.25666666666666665
ArraySelection:0.22666666666666666
