EntityBinding:0.8233333333333334
EntityBinder:0.38
InheritanceTypeTest:0.24333333333333335
CacheBindingTests:0.23666666666666666
AbstractEntityBinder:0.23333333333333334
HbmBinder:0.23
