Code2HTML:0.5133333333333333
Code2HTMLUtilities:0.4033333333333333
HTMLPainter:0.25666666666666665
WaitForBuffer:0.14444444444444446
