ServiceDynamicInterceptor:0.49
RetryTemplate:0.48
BaseIntegrationTest:0.33
ProxyDestructionTest:0.07666666666666666
ServiceReferer:0.05564814814814814
