DefaultConfiguration:0.7433333333333333
Dispatcher:0.44166666666666665
AbstractBeanSelectionProvider:0.26666666666666666
