DefinitiveDOWriter:0.5823333333333333
FastDOReader:0.5719444444444445
