ToArrayFunction:0.9183333333333333
ScalarFunctionModule:0.5166666666666667
