Node:0.48
AbstractRegistryNode:0.36
RegistryLocaleNode:0.2833333333333333
SitemapNode:0.26
ContentFolderNode:0.24166666666666667
RegistryBundleNode:0.23666666666666666
InnerList:0.23333333333333334
AbstractAttribute:0.22444444444444447
AttributeRegistryEditor:0.20666666666666667
TestSitemapNode:0.19666666666666666
XSLTOutputter:0.19666666666666666
LocaleCopy:0.19333333333333333
LifecycleHibernateTasks:0.19
SetupTestContents:0.14333333333333334
AbstractTreeViewer:0.08666666666666667
