GL30Profiler:0.69
GL20Profiler:0.27222222222222225
GLProfiler:0.24333333333333335
Benchmark3DTest:0.07666666666666666
