Wallet:0.59
WalletEventListener:0.5392222222222222
ToyWallet:0.33666666666666667
WalletTest:0.28
AbstractWalletEventListener:0.24333333333333335
