ComplexType:0.49666666666666665
CrawlSettingsSAXSource:0.29333333333333333
CrawlerModule:0.29
AbstractSettingsHandler:0.2
Controller:0.15333333333333332
MapType:0.13666666666666666
SimpleType:0.013333333333333334
