Tree:0.84
BasicWidgets:0.54
BasicWidgetsImp:0.4033333333333333
PEViewImp:0.38166666666666665
TreeImp:0.3233333333333333
FileMImp:0.3
RosterViewImp:0.2833333333333333
ShellImp:0.2833333333333333
SessionViewImp:0.27944444444444444
TestBasicComponentByAlice:0.25333333333333335
RefactorMImp:0.25
EditMImp:0.25
SarosMImp:0.24
EclipsePart:0.22337301587301586
SarosPEViewImp:0.22
Tester:0.20666666666666667
STFController:0.13
