MainActivity:0.6133333333333333
SwipeToDismissTouchListener:0.5883333333333334
