TestSysNodesExpressions:0.5233333333333333
SysNodeExpressionModule:0.41
TestModule:0.35333333333333333
NodeStatsTest:0.18666666666666668
