BoundedLocalCache:0.5605555555555556
BoundedPolicy:0.34
BoundedEviction:0.2936666666666667
BoundedExpireAfterWrite:0.29033333333333333
BoundedExpireAfterAccess:0.29033333333333333
LocalManualCache:0.21066666666666667
