TestSharedBuffer:0.7163333333333335
PartitionBuffer:0.5133333333333333
