View:0.8033333333333333
BufferPrintable:0.30333333333333334
BrowserJTree:0.18666666666666668
MouseHandler:0.16333333333333333
