RaListNewUsersCommand:0.5133333333333333
RaFindUserCommand:0.5133333333333333
CARepublishCommand:0.4866666666666667
