HandlerData:0.4533333333333333
AlfHandler:0.4
WSObjectAccessor:0.18
JavaObjectAccessor:0.16666666666666666
RejectMyDoc:0.03333333333333333
ApproveMyDoc:0.03333333333333333
AlfExecuteWebScriptHandler:0.03
CreateMyDoc:0.02
AlfSetContent:0.016666666666666666
