DashboardConfigService:0.5117777777777778
DashboardXmlConfigService:0.38333333333333336
SystemPropertyConfigService:0.37333333333333335
ConfigXmlFileService:0.23333333333333334
DashboardXmlConfigServiceTest:0.21333333333333335
EnvironmentService:0.21333333333333335
ServletContextConfigService:0.2
DashboardXMLManager:0.19666666666666666
DefaultDashboardConfigService:0.17
