StatusEvent:0.38
StatusManager:0.3333333333333333
NBrowseApplet:0.29
Stat:0.2758333333333333
NBrowseFrame:0.23444444444444448
