ModuleWindow:0.5333333333333333
DefinitionWindow:0.32666666666666666
LogWindow:0.2795
InstanceWindow:0.24
MethodInstanceWindow:0.18333333333333332
LoopInstanceWindow:0.16666666666666666
LoopDefinitionWindow:0.11666666666666667
MethodDefinitionWindow:0.10666666666666667
