FlowExecutionImplStateRestorer:0.6833333333333333
FlowControllerTests:0.30666666666666664
PortletFlowControllerTests:0.30666666666666664
FlowActionTests:0.20333333333333334
