ProtocolOcspHttpTest:0.5366666666666666
AuditLogger:0.38666666666666666
TransactionLogger:0.38666666666666666
OcspResponseGeneratorSessionBean:0.29
OCSPServlet:0.19333333333333333
