SimpleEntryView:0.4766666666666667
ReplicatedMapEntryView:0.35333333333333333
ClientMapProxy:0.29
AbstractReplicatedRecordStore:0.2733333333333333
LazyEntryView:0.23666666666666666
EntryViews:0.21333333333333335
MapSplitBrainHandlerService:0.14333333333333334
Merger:0.12333333333333334
EntryViewTest:0.10666666666666667
CacheSplitBrainHandlerService:0.08994444444444445
