ResourceUtil:0.45
FileProperties:0.3433333333333333
UniversalBuilder:0.27
EntryBrief:0.24666666666666667
ShareResource:0.24
Entry:0.23333333333333334
SearchableObject:0.23
BinderBrief:0.22666666666666666
AbstractBinderResource:0.21
BaseFileProperties:0.14666666666666667
FileVersionProperties:0.13666666666666666
MiscResource:0.12
Binder:0.11333333333333333
FolderEntryBriefBuilder:0.09666666666666666
