jOOQOracleTest:0.6783333333333333
AbstractDataType:0.3233333333333333
ArrayTable:0.23
DBMS_XPLAN:0.22333333333333333
