PeriodFormatterBuilder:0.35
FieldFormatter:0.3333333333333333
TestPeriodFormatterBuilder:0.2733333333333333
ISOPeriodFormat:0.2711111111111111
FormatUtils:0.24333333333333335
TestISOPeriodFormat:0.22111111111111115
