OutgoingBatchService:0.5933333333333334
AlertResourceHandler:0.42333333333333334
IOutgoingBatchService:0.25666666666666665
MockOutgoingBatchService:0.20666666666666667
