WebHelper:0.5233333333333333
DefinitionModuleImpl:0.3466666666666667
AbstractEntryProcessor:0.2911111111111111
