MFontComboBoxBeanInfo:0.4633333333333333
MButtonBeanInfo:0.4633333333333333
MToggleButtonBeanInfo:0.4633333333333333
