CacheProxy:0.37
CacheProxyUtil:0.33166666666666667
AbstractCacheProxy:0.30666666666666664
MapProxySupport:0.27666666666666667
MapProxyImpl:0.23666666666666666
ClientCacheProxy:0.23
MapPreconditionsTest:0.22666666666666666
AbstractInternalCacheProxy:0.21333333333333335
