ProjectPosition:0.5566666666666666
ProjectBackingBean:0.34
FreelancerBackingBean:0.3233333333333333
FreelancerDAO:0.31666666666666665
ProjectServiceImpl:0.24666666666666667
FreelancerServiceImpl:0.24666666666666667
FreelancerService:0.23166666666666666
FreelancerDAOHibernateImpl:0.20333333333333334
FreelancerBackingBeanDataModel:0.19333333333333333
ProjectPositionStatus:0.12
ProjectDAO:0.11
ProjectDAOHibernateImpl:0.06666666666666667
ProjectService:0.0
