HierachicalSOPInstanceReference:0.7266666666666667
SRDocumentGeneralModule:0.5666666666666667
KODocumentModule:0.3233333333333333
