MethodDatabase:0.5116666666666667
InstrumentMethod:0.48
InstrumentationTKB:0.44111111111111106
