KryoCodec:0.5373333333333333
JsonJacksonCodec:0.42333333333333334
SerializationCodec:0.2866666666666667
