MapUnnester:0.5666666666666667
ArrayUnnester:0.5266666666666666
UnnestOperator:0.3233333333333333
