SqlTaskExecution:0.38
SqlTaskManager:0.3433333333333333
QueryManagerConfig:0.32
TestQueryManagerConfig:0.23666666666666666
SplitWorker:0.11333333333333333
