AbsTask:0.63
ChildDownloadListener:0.28
Downloader:0.28
AbsSchedulers:0.27
UploadListener:0.24166666666666667
IEventListener:0.24166666666666667
HttpThreadTask:0.23166666666666666
AbsThreadTask:0.23166666666666666
DownloadGroupActivity:0.23
SimpleDownloadUtil:0.19
AbsGroupUtil:0.19
AbsFileer:0.18333333333333332
BaseUListener:0.14
BaseDListener:0.14
FtpDirDownloadUtil:0.13333333333333333
