JadxArgs:0.6980555555555555
OverlayIcon:0.3486111111111111
