FolderService:0.5150555555555555
BinderService:0.4769285714285714
TeamingServiceEndpoint:0.43333333333333335
BinderServiceImpl:0.28
TeamingServiceClientWithCall:0.21666666666666667
FolderServiceImpl:0.13333333333333333
