Compiler:0.8566666666666667
ClassDescriptor:0.4683333333333333
