Flyway:0.8238888888888889
FlywaySmallTest:0.14666666666666667
