ProgressProvider:0.7566666666666667
CloseRequestSupport:0.5438888888888889
SecureSession:0.5066666666666667
ModuleSelectorPanel:0.45
MessageWindowPanel:0.2966666666666667
