Extent:0.6666666666666666
DOMProducer:0.4866666666666667
ProducerBase:0.4766666666666667
