FileHandle:0.5666666666666667
GdxFont:0.5066666666666667
Sprite:0.3566666666666667
SpriteBatch:0.31
JoglPixmap:0.25
LwjglApplication:0.22194444444444447
SpriteBatchTest:0.22
FloatTest:0.21
GdxCacheContext:0.19
AndroidFileHandle:0.16333333333333333
GdxTexture:0.15444444444444444
TextAreaTest:0.13333333333333333
GDXTester:0.12333333333333334
FontState:0.07333333333333333
TextureAreaBase:0.06666666666666667
GdxFontCache:0.04416666666666667
JoglFileHandle:0.04
LwjglFileHandle:0.04
