SerDeUtils:0.47
ColumnarTextHiveRecordCursor:0.3433333333333333
ColumnarBinaryHiveRecordCursor:0.33
GenericHiveRecordCursor:0.32666666666666666
TestSerDeUtils:0.30333333333333334
TestHiveFileFormats:0.13333333333333333
ColumnarBinaryHiveRecordCursorProvider:0.12666666666666668
ColumnarTextHiveRecordCursorProvider:0.12666666666666668
GenericHiveRecordCursorProvider:0.11666666666666667
AbstractTestHiveFileFormats:0.013333333333333334
