MetaWeblogAPIHandler:0.4633333333333333
BloggerAPIHandler:0.42
MovableTypeAPIHandler:0.2833333333333333
