HeaderTuple:0.45
HttpBase:0.39
HttpResponse:0.37666666666666665
HttpRequestTest:0.26666666666666666
HttpBrowserOfflineTest:0.23
RawTest:0.20777777777777778
