INodeService:0.5922777777777778
NodeService:0.42333333333333334
AbstractDbDialect:0.38666666666666666
BootstrapService:0.25666666666666665
ConfigurationService:0.19666666666666666
IConfigurationService:0.17472222222222222
PullServlet:0.17
AbstractServlet:0.11333333333333333
