AutoSuspendablesScanner:0.43666666666666665
MethodNode:0.31333333333333335
ClassLoaderUtil:0.2866666666666667
ClassNode:0.2733333333333333
AutoSuspendablesScannerTest:0.19444444444444445
SuspendableClassifier:0.14333333333333334
ClassNodeVisitor:0.03666666666666667
CallGraphVisitor:0.016666666666666666
