Window2Test:0.6797222222222223
WindowTest:0.4352777777777778
