OrcTester:0.5166666666666667
DwrfMetadataReader:0.5033333333333333
BasicOrcPredicate:0.16
TestingOrcPredicate:0.04666666666666667
BooleanOrcPredicate:0.0033333333333333335
DoubleOrcPredicate:0.0033333333333333335
CharOrcPredicate:0.0033333333333333335
DateOrcPredicate:0.0033333333333333335
LongOrcPredicate:0.0033333333333333335
StringOrcPredicate:0.0033333333333333335
DecimalOrcPredicate:0.0
