TimeSlotsInterface:0.6568888888888889
Configuration:0.4633333333333333
Starter:0.30666666666666664
Timeslots:0.26666666666666666
UserIdleDetectorConfigTab:0.16
UserIdleDetector:0.14666666666666667
