Concordance:0.31333333333333335
TxmRenderer:0.30666666666666664
Line:0.3
Vocabulary:0.2966666666666667
JSeshRenderer:0.29
Selection:0.24333333333333335
