Reflection:0.58
Interface:0.4666666666666667
jq:0.46
BootImage:0.30333333333333334
ObjectTraverser:0.2633333333333333
Empty:0.17
ReflectiveVMInterface:0.14
CommonObjectTraverser:0.13333333333333333
Bootstrapper:0.07
