GwtApplication:0.5066666666666667
GwtGraphics:0.42333333333333334
GwtPreferences:0.27
BufferUtils:0.18
GwtTestStarter:0.14333333333333334
PreferencesTest:0.12333333333333334
