GwtRpcServiceImpl:0.56
FolderProperties:0.36333333333333334
EntryProperties:0.32666666666666666
FolderWidget:0.24
GetFolderEntriesCmd:0.22666666666666666
EnhancedViewWidget:0.03333333333333333
