ConnectionEngine:0.6711111111111111
FlowControlQueue:0.37083333333333335
