LocalTask:0.64
CommunicationsStub:0.6266666666666667
TopologyViewScene:0.2833333333333333
ChildrenViewBuilder:0.27666666666666667
SubscribeUserAction:0.14333333333333334
TaskManagerRootNode:0.11
CreateTaskAction:0.10166666666666667
ExecuteTaskAction:0.06666666666666667
TaskManagerActionFactory:0.06333333333333334
TaskManagerTopComponent:0.05
TaskManagerService:0.0375
DeleteTaskAction:0.03666666666666667
LocalUserObjectLight:0.03333333333333333
TaskNode:0.02666666666666667
UsersFrame:0.013333333333333334
