OperationService:0.6039722222222224
OperationExecutor:0.5733333333333334
IsInvocationAllowedFromCurrentThreadTest:0.43
ClassicOperationExecutor:0.35
InvocationBuilder:0.28915079365079366
OperationServiceImpl:0.28
Invocation:0.2
InvocationBuilderImpl:0.10444444444444444
TargetInvocation:0.07666666666666666
PartitionInvocation:0.06
