HopCompletionItem:0.54
HopCompletionDocumentation:0.3466666666666667
HopCode:0.27666666666666667
HopCompletionProvider:0.23333333333333334
