Administrator:0.59
CurrentVersionPane:0.2
BatchBuildGUI:0.2
BatchBuildIngestGUI:0.2
ExportActionListener:0.19
ExportObject:0.17222222222222225
PriorVersionPane:0.14666666666666667
