OsgiServiceFactoryBean:0.7566666666666667
OsgiServiceNamespaceHandlerTest:0.31333333333333335
OsgiLifecycleNotificationTest:0.23
LoggerListener:0.14
