NodeAction:0.8633333333333333
NodeActionRequestHandler:0.37666666666666665
SendResponsePageResultListener:0.17
TransportDistributedResultAction:0.15
TransportKillJobsNodeActionTest:0.1
NodeOperationRunnable:0.09
TransportKillAllNodeActionTest:0.08
KillTaskTest:0.08
TransportKillNodeAction:0.07833333333333334
TransportFetchNodeAction:0.02
TransportJobAction:0.018333333333333333
TransportNodeStatsAction:0.009166666666666667
