ConvertedFileModule:0.6866666666666666
SsfsUtil:0.39
ConvertedFileModuleImpl:0.18666666666666668
