TaskId:0.58
TestNodeScheduler:0.24
TestSqlTask:0.17333333333333334
AbstractOperatorBenchmark:0.16333333333333333
BenchmarkData:0.16333333333333333
TestingTaskContext:0.12
