SVGCreator:0.7133333333333334
WaveFormChannel:0.30666666666666664
WaveFormGroup:0.3016666666666667
ECGSupport:0.19333333333333333
