XMPPAccount:0.5666666666666667
XMPPAccountStore:0.2733333333333333
XMPPAccountStoreTest:0.25
EditXMPPAccountWizardPage:0.22555555555555556
XMPPAccountTest:0.21
EnterXMPPAccountWizardPage:0.2088888888888889
