AliasActions:0.5966666666666667
AliasAction:0.5633333333333334
IndicesAliasesRequest:0.38666666666666666
Builder:0.35
NewAliasValidator:0.27051984126984113
MoreLikeThisIT:0.24333333333333335
IndexAliasesIT:0.22333333333333333
IndicesAliasesRequestBuilder:0.21666666666666667
IndicesServiceTests:0.20666666666666667
TransportRolloverAction:0.17666666666666667
AliasResolveRoutingIT:0.17
AliasValidator:0.16666666666666666
AliasRoutingIT:0.16166666666666665
TransportIndicesAliasesAction:0.15333333333333332
TransportRolloverActionTests:0.12666666666666668
ClusterSearchShardsIT:0.11666666666666667
RestIndicesAliasesAction:0.09666666666666666
Add:0.09333333333333334
IndicesAliasesClusterStateUpdateRequest:0.09
RestIndexDeleteAliasesAction:0.06666666666666667
Remove:0.05333333333333334
RestIndexPutAliasAction:0.051666666666666666
MetaDataIndexAliasesService:0.04
RemoveIndex:0.01
MetaDataDeleteIndexService:0.0033333333333333335
