CertificateData:0.5666666666666667
HardTokenData:0.37666666666666665
ValueExtractor:0.35
CertificateExpirationNotifierWorker:0.23333333333333334
