OperationService:0.5061666666666667
MapService:0.33666666666666667
AddInterceptorOperation:0.32666666666666666
MapProxySupport:0.27666666666666667
OperationServiceImpl:0.23666666666666666
