Hash:0.41
HiFormer:0.4033333333333333
Cons:0.3566666666666667
DefinitionManager:0.30666666666666664
GlobalViewWindow:0.224
Workstation:0.18333333333333332
