API:0.8166666666666667
APITest:0.32666666666666666
