TableManager:0.7433333333333333
Database:0.4583333333333333
