Packet:0.7366666666666667
BufferUtil:0.4766666666666667
WriteHandler:0.2966666666666667
ReadHandler:0.19333333333333333
