AuthenticationManagerUtil:0.4066666666666667
AuthenticationManager:0.36333333333333334
AuthenticationManagerImpl:0.32
BasicLoginModule:0.22666666666666666
AuthenticationManagerImplTests:0.16333333333333333
CrossContextConstants:0.15833333333333333
DispatchServer:0.14333333333333334
DigestBasedHardAuthenticationFilter:0.14333333333333334
DigestBasedSoftAuthenticationFilter:0.14333333333333334
