Builder:0.6711111111111111
AtmosphereResponseImpl:0.5938888888888889
