HTMLElement:0.5866666666666667
HtmlPage:0.5066666666666667
DomNode:0.29333333333333333
StaticNodeList:0.22
