SessionStatistic:0.42333333333333334
FeedbackPreferencePage:0.30333333333333334
StatisticManager:0.23
StatisticsAggregator:0.17666666666666667
SessionDataCollector:0.17333333333333334
PreferenceConstants:0.04666666666666667
