WebserviceBeanLocal:0.5833333333333334
CustomGoogleMap:0.49666666666666665
MessageDialogWindow:0.43
RemoteObjectLight:0.4166666666666667
WebserviceBean:0.41
PhysicalConnectionConfiguration:0.35800000000000004
Polyline:0.33666666666666667
Polygon:0.27666666666666667
MarkerPoint:0.2733333333333333
ListTypeChildNode:0.2683333333333333
ContainmentNode:0.2683333333333333
ConnectionPolyline:0.25
BusinessEntityManagerImpl:0.23666666666666666
PhysicalConnectionWizard:0.22
ConnectLinksWindow:0.21
GoogleMapWrapper:0.17
SaveTopologyWindow:0.15666666666666668
DynamicTree:0.15333333333333332
ListTypeNode:0.14666666666666667
PolylineImpl:0.14666666666666667
PolylineDblClickListenerImpl:0.13166666666666665
PolygonDblClickListenerImpl:0.13166666666666665
NodeProperty:0.13142857142857142
MarkerClickListenerImpl:0.12
ObjectNodePropertyChangeValueListener:0.115
MapClickListenerImpl:0.115
CreateInventoryObjectAction:0.11333333333333333
ContainmentManagerComponent:0.11333333333333333
MarkerDblClickListenerImpl:0.11083333333333334
MarkerDragListenerImpl:0.1075
AbstractTooledComponent:0.09833333333333333
OpenViewWindow:0.09666666666666666
OutsidePlantComponent:0.09666666666666666
OutsidePlantTooledComponent:0.08666666666666667
EndpointNode:0.06333333333333334
AbstractNodeProperty:0.05
DeleteInventoryObjectWindows:0.043333333333333335
DeleteListTypeWindows:0.043333333333333335
FilterByWindow:0.035
SecondStepConnectionSettings:0.035
DeleteWindow:0.03333333333333333
CleanViewWindow:0.03333333333333333
FirstStepChooseEndpoint:0.03333333333333333
SaveViewDialog:0.03
ShowObjectIdWindow:0.0225
MarkerNode:0.01
PolylineClickListenerImpl:0.01
