WikipediaExample:0.7280952380952381
ResponseAdapter:0.44
GitHubExample:0.18444444444444444
