ListFolderHelper:0.5266666666666666
WorkspaceTreeHelper:0.3466666666666667
ProfilesBinderHelper:0.21
AccessControlController:0.20666666666666667
MailtoTag:0.18
