FindServicesQuery:0.6066666666666667
AdhocQuerySearch:0.27166666666666667
