MockAmazonS3:0.5666666666666667
DefaultS3OutputStream:0.52
S3BlobContainer:0.29
S3BlobStoreContainerTests:0.2866666666666667
