JdbcChadoAdapter:0.6966666666666667
DataInput:0.4766666666666667
ChadoAdapterGUI:0.44666666666666666
