ConfigWizard:0.5366666666666666
NewLuceneHANodeDialog:0.36
LuenePage:0.35333333333333333
LuceneHighAvailabilityPanel:0.295
