ALUT:0.7502777777777777
OpenALTest:0.49
ALUTLoadWAVData:0.4533333333333333
