Grammar:0.68
Tool:0.37666666666666665
TestPerformance:0.30333333333333334
GrammarTransformPipeline:0.21011111111111114
