TestLibrary:0.7333333333333333
Structure:0.5633333333333334
DirectTestLibrary:0.3584285714285714
Function:0.32666666666666666
ArgumentsMarshalTest:0.2733333333333333
DirectArgumentsMarshalTest:0.19476190476190477
FFIType:0.19111111111111112
LayoutInfo:0.014285714285714285
