Updater:0.746904761904762
MultiLayerNetwork:0.415
ConvexOptimizer:0.32466666666666666
BarnesHutTsne:0.2733333333333333
BaseOptimizer:0.27
Tsne:0.25333333333333335
BaseUpdater:0.2
AdaGradTest:0.17333333333333334
GradientAdjustment:0.14
