ApplicationViewer:0.5533333333333333
SinglePhaseTransducer:0.47
AbstractVisualResource:0.30333333333333334
