Indi:0.8466666666666667
Fam:0.47833333333333333
