Provider:0.68
SyncUtils:0.32
Tool:0.31
Providers:0.21
ProviderService:0.19416666666666665
RouteUtils:0.13333333333333333
ProviderServiceImpl:0.12666666666666668
