FingerprintAnalyzer:0.56
FingerprintAnalyzerTests:0.4266666666666667
FingerprintAnalyzerProvider:0.2211111111111111
