RWorkspace:0.7066666666666667
CwbProcess:0.33444444444444443
Specificites:0.25333333333333335
SpecificitesResult:0.2525
PatchCwbRegistry:0.22833333333333333
CAH:0.1902222222222222
