DBCollection:0.32
MongoCollectionImpl:0.17666666666666667
DBObjectSerializer:0.15
FindAndModifyCommand:0.13
DocumentSerializer:0.12333333333333334
PrimitiveSerializers:0.08333333333333333
MongoInsert:0.07333333333333333
MongoFindAndReplace:0.043333333333333335
DBTest:0.0
