FeatureProperty:0.9333333333333333
DrawableUtil:0.3
TiersIO:0.21666666666666667
