Issue:0.5566666666666666
ReportValidate:0.20333333333333334
SolvableIssue:0.06876984126984126
Test:0.06
TestDate:0.03333333333333333
TestValid:0.02
TestSpouseGender:0.005555555555555555
TestAge:0.0033333333333333335
