BuiltInUsersHelper:0.6166666666666667
SZoneConfig:0.43
MiscUtil:0.39666666666666667
IdTriple:0.36
GwtServerHelper:0.30666666666666664
AuthenticationManagerImpl:0.26
TeamingServiceClientWithStub:0.23666666666666666
ProfileModuleImpl:0.22666666666666666
LdapModuleImpl:0.22333333333333333
WebHelper:0.21333333333333335
RequestContextAndSessionSetupFilter:0.19666666666666666
AbstractAuthenticationProviderModule:0.18666666666666668
BinderHelper:0.18583333333333332
FolderModuleListener:0.13666666666666666
