GL20:0.7163333333333335
GL14:0.3016666666666667
