DefaultResultSetHandler:0.6216666666666667
OrdersMapper:0.36527777777777787
MapperMethod:0.2633333333333333
RefCursorTest:0.22333333333333333
