NeuralNetworkScene:0.42
NeuronWidget:0.3433333333333333
NeuralLayerWidget:0.3433333333333333
GraphViewTopComponent:0.25333333333333335
KeyboardMoveAction:0.18
NeuronConnectionWidget:0.15666666666666668
