EntityHelper:0.5883333333333334
ListHelper:0.5033333333333333
EntryHelper:0.295
