AlignFrame:0.84
TierPopupMenu:0.35333333333333333
AlignFrameWindowListener:0.23199999999999998
