StreamTracer:0.3233333333333333
MessageDeframerTest:0.2833333333333333
TestServerStreamTracer:0.27
TestStreamTracer:0.2683333333333333
TestBaseStreamTracer:0.2633333333333333
StatsTraceContext:0.2633333333333333
GetFramer:0.23333333333333334
MessageFramerTest:0.21666666666666667
MessageFramer:0.21666666666666667
ClientCallTracer:0.21594444444444444
AbstractTransportTest:0.21
AbstractInteropTest:0.19666666666666666
CensusModulesTest:0.17666666666666667
MessageDeframer:0.17333333333333334
AbstractClientStreamTest:0.16
TestClientStreamTracer:0.13333333333333333
CensusTracingModule:0.10833333333333334
ServerTracer:0.10333333333333333
ClientTracer:0.01
