Attribute:0.66
MLEngine:0.4745555555555557
DatasetDefintion:0.32666666666666666
Wrapper:0.07666666666666666
MachineLearningPR:0.07333333333333333
