MultiLayerNetwork:0.65
SubsamplingLayer:0.49666666666666665
ConvolutionLayerTest:0.2633333333333333
