ResourcesManager:0.5983333333333334
GUI:0.5966666666666667
