Publication:0.7516111111111111
ConnectedSubscription:0.42861111111111116
