GwtConstants:0.5336111111111111
GwtMainPage:0.4033333333333333
ActivityStreamCtrl:0.35333333333333333
ContentControl:0.2866666666666667
ViewBase:0.11333333333333333
ASCLayoutPanel:0.07666666666666666
