STFBot:0.71
STFBotMenu:0.5733333333333334
STFBotShell:0.5533333333333333
Bot:0.5166666666666667
STFBotView:0.5133333333333333
STFWorkbenchBot:0.5083333333333333
STFBotTable:0.47333333333333333
STFBotList:0.4
STFBotShellImp:0.35333333333333333
STFBotMenuImp:0.35
RefactorMImp:0.335
STFBotImp:0.3233333333333333
SarosCImp:0.31333333333333335
WindowMImp:0.30333333333333334
SarosMImp:0.3011111111111111
STFBotEditorImp:0.29333333333333333
TeamCImp:0.2633333333333333
STFBotTableImp:0.26
SarosPreferencesImp:0.24833333333333332
STFBotToolbarButtonImp:0.24533333333333332
EditMImp:0.24
TestBasicWidgetTree:0.23333333333333334
STFTest:0.23
STFBotTableItemImp:0.23
TestSarosPreferences:0.22666666666666666
FileMImp:0.22666666666666666
STFBotListImp:0.22333333333333333
STFBotButtonImp:0.22
STFBotViewImp:0.21333333333333335
Tester:0.20866666666666667
STFWorkbenchBotImp:0.20666666666666667
STFBotTreeItemImp:0.20333333333333334
STFBotCheckBoxImp:0.19666666666666666
EclipseComponentImp:0.18476190476190477
TestHandleContacts:0.17666666666666667
STFBotTreeImp:0.17333333333333334
STFBotCheckBox:0.17194444444444443
STFController:0.13
SarosComponentImp:0.11
STFBotPerspectiveImp:0.10333333333333333
AbstractRmoteWidget:0.023333333333333334
