BeanDefinition:0.6933333333333334
PetiteContainer:0.48333333333333334
ParamManager:0.28
ParamTest:0.21666666666666667
