Dialect:0.8
SQL92SQLGenerator:0.3433333333333333
OracleDialect:0.23666666666666666
OracleReverseEngineeringStrategy:0.22333333333333333
