XCAAdhocQueryRequest:0.48
XCAGateway:0.38666666666666666
XCARetrieveDocumentSet:0.3511111111111111
XCAGatewayAsync:0.22
