IDataService:0.33666666666666667
StagingDataWriter:0.33666666666666667
DataService:0.3233333333333333
ProtocolDataWriter:0.2733333333333333
TriggerRouterService:0.25333333333333335
AbstractDataLoaderServiceTest:0.23333333333333334
AbstractProtocolDataWriter:0.22333333333333333
NamedParameterUtils:0.22
RandomTimeSlot:0.22
DataLoaderService:0.21
IIncomingBatchService:0.205
DataExtractorService:0.20333333333333334
ExtensionPointManager:0.20333333333333334
AbstractJob:0.19666666666666666
ITriggerRouterService:0.19583333333333333
IncomingBatchService:0.19
RegistrationService:0.18777777777777777
StagingDataWriterTest:0.12333333333333334
