Style:0.8533333333333334
DefaultLayoutPainter:0.37666666666666665
