PredictionContext:0.64
LexerATNSimulator:0.4166666666666667
TestATNLexerInterpreter:0.23666666666666666
LexerATNConfig:0.19666666666666666
