MathFunctions:0.55
ColumnInfo:0.34
StandardTypes:0.3056666666666667
FunctionRegistry:0.2866666666666667
BaseJdbcClient:0.2733333333333333
TestMathFunctions:0.2633333333333333
TypeRegistry:0.26
MaterializedResult:0.25722222222222224
QueryResults:0.24333333333333335
JdbcRecordCursor:0.24333333333333335
Visitor:0.21
DoubleOperators:0.17083333333333334
ColumnJdbcTable:0.14666666666666667
VarcharOperators:0.1175
BigintOperators:0.1175
