Tools:0.5456111111111112
AbstractTree:0.4533333333333333
SortedPropertyList:0.43
