BoundedLocalCache:0.6833333333333333
Stresser:0.2633333333333333
BoundedLocalCacheTest:0.22666666666666666
PerformCleanupTask:0.18666666666666668
