ClientConnectionManagerImpl:0.6133333333333333
ClusterListenerThread:0.29
ClientIssueTest:0.2633333333333333
ConnectionProcessor:0.19
