JPAOverriddenAnnotationReader:0.84
SimpleXmlOverriddenTest:0.14166666666666666
TheEntity:0.08333333333333333
TheEntity2:0.08333333333333333
