XWorkConverter:0.495
ServletDispatcherResult:0.3688095238095238
DefaultTypeConverterCreator:0.23666666666666666
ServletDispatcherResultTest:0.23666666666666666
DefaultConversionAnnotationProcessor:0.19333333333333333
TypeConverterCreator:0.013333333333333334
