IStructuredbManager:0.7522222222222222
StructuredbManager:0.5827777777777778
