CompilerVariable:0.5304166666666666
DataManagerNode:0.5066666666666667
DataManager:0.4634166666666667
HopCompilerVariable:0.44
HopDataManager:0.3
CompilerVariableProperty:0.0
HopCompilerVariableProperty:0.0
