RmiSWTWorkbenchBot:0.4
SarosRmiSWTWorkbenchBot:0.3233333333333333
SarosConditions:0.26666666666666666
EditorObject:0.26
TestFileOperations:0.25333333333333335
SarosConstant:0.2211111111111111
TestDriverSavesFiles:0.22
ISarosState:0.21833333333333332
RmiTest:0.21333333333333335
ISarosRmiSWTWorkbenchBot:0.20083333333333334
IRmiSWTWorkbenchBot:0.19694444444444445
SarosState:0.15333333333333332
TestFollowMode:0.12666666666666668
MakeOperationConcurrently:0.11333333333333333
MainObject:0.09
IsClassContentsSame:0.04
ExistNoInvitationProgress:0.03333333333333333
