AbstractMap3DProjection:0.7033333333333334
Map3DSourceRenderer:0.37333333333333335
