CallbackReference:0.5866666666666667
CallbacksTest:0.4572222222222222
AttachOptions:0.22
