SerializeWriter:0.75
SerializeWriterTest:0.19333333333333333
ListSerializerTest:0.07666666666666666
