VintageTestEngineExecutionTests:0.6877777777777778
TestRun:0.5130555555555556
