InsnNode:0.36666666666666664
InsnArg:0.36
ArgType:0.35
CodeShrinker:0.32666666666666666
LoopRegion:0.25666666666666665
RegisterArg:0.24566666666666667
InsnGen:0.21
RegionMaker:0.19666666666666666
TestCF3:0.18666666666666668
BlockUtils:0.18
RegionGen:0.17333333333333334
RootNode:0.15333333333333332
InternalJadxTest:0.15333333333333332
Jadx:0.14666666666666667
ConstructorInsn:0.11833333333333333
ArgsInfo:0.10666666666666667
TestLoopCondition:0.09333333333333334
WrapInfo:0.056666666666666664
MyException:0.03
TestStringBuilderElimination:0.0033333333333333335
