SimpleJobRepository:0.4483333333333333
SimpleJob:0.44333333333333336
SimpleJobTests:0.38333333333333336
JdbcJobExecutionDao:0.25666666666666665
SimpleJobRepositoryIntegrationTests:0.17333333333333334
