Settings:0.6266666666666667
SettingsTest:0.29
QualityAssurance:0.09666666666666666
BursterSettings:0.02
