RestartDataConverter:0.6002777777777776
SqlCursorInputSource:0.38505555555555554
SingleKeySqlDrivingQueryInputSource:0.18333333333333332
CompositeKeySqlDrivingQueryInputSource:0.08666666666666667
