Restriction:0.26
Progress:0.26
Classification:0.26
ScopeCode:0.26
MaintenanceFrequency:0.26
LegalConstraints:0.24
MaintenanceInformation:0.18944444444444442
SecurityConstraints:0.075
Constraints:0.0011111111111111111
ScopeDescription:0.0
