DataStructureAdapter:0.7333333333333333
TransactionalMapDataStructureAdapterTest:0.24333333333333335
IMapDataStructureAdapterTest:0.24333333333333335
ReplicatedMapDataStructureAdapterTest:0.24333333333333335
ReplicatedMapDataStructureAdapter:0.18833333333333332
ICacheDataStructureAdapter:0.18833333333333332
IMapDataStructureAdapter:0.18833333333333332
ICacheDataStructureAdapterTest:0.15333333333333332
TransactionalMapDataStructureAdapter:0.13
