Node:0.6133333333333333
JoinConfig:0.38333333333333336
DiscoveryJoiner:0.2733333333333333
