Generator:0.88
JavaGenerator:0.39666666666666667
AbstractGenerator:0.27
JavaWriter:0.26666666666666666
GenerationTool:0.21777777777777782
