SpecMolResource:0.6016666666666667
SpecMolEditoContributor:0.5612142857142858
SpecMolEditor:0.32
