CommunicationsStub:0.9266666666666666
AttributeCustomizerTopComponent:0.39
ClassMetadataChildren:0.31333333333333335
