MiniMapZoomInAction:0.663298
ActionManager:0.27681938
MapControlsAction:0.2255487
MapboardAction:0.13903373
FreeColAction:0.07248823
