TestAction:0.82
SelectTest:0.2966666666666667
ServletRedirectResultTest:0.17
OptGroupTest:0.03333333333333333
