Input:0.49666666666666665
Formatter:0.31666666666666665
Visitor:0.3
TestInterpretedProjectionFunction:0.17333333333333334
LocalExecutionPlanner:0.15666666666666668
DoubleSumAggregationBenchmark:0.15222222222222223
CountAggregationBenchmark:0.15222222222222223
HandTpchQuery6:0.15222222222222223
TestAggregationOperator:0.12666666666666668
