IndexShard:0.5266666666666666
PercolatorQueriesRegistry:0.36333333333333334
PercolateContext:0.31916666666666665
CommonStats:0.2611111111111111
IndexService:0.2511111111111111
InternalTestCluster:0.18333333333333332
PercolatorService:0.1811111111111111
