AGraph:0.5233333333333333
Graph:0.35333333333333333
GGraph:0.3466666666666667
