JUMPConfiguration:0.58
ExtractLayersByGeometry:0.3933333333333333
CombineSelectedLayersPlugIn:0.27
SortCategoryByFeaturesPlugIn:0.24333333333333335
