WarDeployment:0.38
Utils:0.34
JettyContextUndeployer:0.3272804232804233
TomcatContextUndeployer:0.3272804232804233
OsgiBundleXmlWebApplicationContext:0.32
WarDeployer:0.27051984126984113
ContextPathStrategy:0.27051984126984113
WarDeploymentContext:0.2653333333333333
BaseWebIntegrationTest:0.22333333333333333
OsgiCatalinaLoader:0.17
BundleSpaceJettyResource:0.12333333333333334
TomcatWarDeployer:0.09
OsgiWarDeploymentException:0.06
DefaultWarDeploymentContext:0.056666666666666664
JettyWarDeployer:0.056666666666666664
JasperUtils:0.04
OsgiWebAppContext:0.03333333333333333
TomcatWarDeployment:0.03194444444444445
JettyWarDeployment:0.03194444444444445
DefaultContextPathStrategy:0.03
AbstractWarDeployer:0.027777777777777773
ChainedClassLoader:0.013333333333333334
