AbstractButtonRecorder:0.5133333333333333
JComboBoxRecorder:0.503611111111111
JListRecorder:0.44
