Jnet:0.5733333333333334
Net:0.23
AbstractView:0.2
QueryCompletionTable:0.18333333333333332
EdgeTableView:0.18333333333333332
Node_Info:0.18333333333333332
JnetPanel:0.18166666666666667
Navigation:0.15666666666666668
GO_Term:0.15333333333333332
Animation:0.13
ZoomSliderListener:0.09
