Sender:0.30666666666666664
DriverConnection:0.2733333333333333
SystemCounters:0.25
BufferPositionReporter:0.22666666666666666
UdpTransport:0.19444444444444445
ReceiveChannelEndpoint:0.19444444444444445
Receiver:0.18444444444444444
DataFrameDispatcher:0.15666666666666668
PositionReporter:0.013333333333333334
