CookieManager:0.57
HTMLDocument:0.4266666666666667
HttpWebConnection:0.33666666666666667
CookieManagerTest:0.17333333333333334
CommaCookieServlet:0.1
