MaterialAttribute:0.35333333333333333
TextureAttribute:0.2833333333333333
BlendingAttribute:0.25666666666666665
Material:0.18666666666666668
PrototypeRendererGL20:0.15583333333333332
ColorAttribute:0.15
DrawableManager:0.013333333333333334
