NicelyResynchronizingAjaxController:0.4066666666666667
HtmlElementTest:0.30333333333333334
WebClient2Test:0.2866666666666667
HtmlTextInputTest:0.25666666666666665
DomNodeTest:0.21666666666666667
Window2Test:0.21666666666666667
WebTestCase:0.21
DefaultCredentialsProviderTest:0.17
NicelyResynchronizingAjaxControllerTest:0.06333333333333334
