PluginManager:0.39666666666666667
SessionController:0.2966666666666667
DefaultContainer:0.2966666666666667
ColumbaServer:0.26666666666666666
MessageManagerDialog:0.23
DefaultConfigDirectory:0.21333333333333335
PluginTree:0.2
ColumbaClient:0.185
ProfileManager:0.18333333333333332
DockFrameController:0.18
Bootstrap:0.18
Snippet:0.0033333333333333335
