RedissonMapTest:0.665
ObjectSetReplayDecoder:0.20666666666666667
ObjectMapReplayDecoder:0.20666666666666667
ObjectMapEntryReplayDecoder:0.20666666666666667
