ClientConnection:0.6566666666666666
SocketOptions:0.5666666666666667
ClientConnectionManagerImpl:0.36333333333333334
ConnectionProcessor:0.1811111111111111
