Parser:0.7733333333333333
ParserRuleContext:0.4675
TrimToSizeListener:0.2075
TestT:0.20666666666666667
TraceListener:0.12666666666666668
