RenderingLayerPainter:0.59
ARINCWidgetRenderer:0.5133333333333333
Logging:0.49333333333333335
SwingPainterUtils:0.47
JFXPainterUtils:0.34
LayerRendererBridge:0.3333333333333333
SwingRendererBridge:0.31
AbstractProjectedMapItem:0.2733333333333333
ProjectedMapItem:0.2733333333333333
SynthTabbedPaneUI:0.25
PPTGraphics2D:0.21777777777777782
CustomSyntheticWidget:0.20666666666666667
TabbedPanelGroupRenderer:0.20166666666666666
LayerTreeEditorCreate1Test:0.19666666666666666
NumericReadoutRenderer:0.19666666666666666
MapHorzContainerRenderer:0.19666666666666666
SwingServerWindow:0.19666666666666666
JFXServerWindow:0.19666666666666666
SwingEditorPanel:0.19666666666666666
DefaultConnectorRenderer:0.19166666666666668
EditBoxNumericRenderer:0.19
TreeEditorCopyHelper:0.18333333333333332
AbstractEditorPanel:0.18333333333333332
JFXRendererBridge:0.18
PopUpMenuButtonRenderer:0.17333333333333334
WatchDogRenderer:0.17333333333333334
LoggingTest:0.17
AbstractRenderingPainter:0.16
MutuExclRenderer:0.15333333333333332
PicturePushButtonRenderer:0.13666666666666666
ARINCContainerRenderer:0.09666666666666666
AbstractARINCPanel:0.09
