ActionSplitter:0.39
ANTLRLexer:0.38333333333333336
Grammar:0.3
AttributeChecks:0.25666666666666665
Rule:0.22666666666666666
AttributeResolver:0.15833333333333333
Alternative:0.13333333333333333
DFA30:0.10666666666666667
DFA23:0.041666666666666664
