jOOQAbstractTest:0.5
Val:0.32
jOOQOracleTest:0.2966666666666667
JoinTests:0.2538888888888889
InsertUpdateTests:0.2388888888888889
InsertQueryImpl:0.22
ExoticTests:0.15
