ByteCodeUtils:0.49666666666666665
TestArrayOperators:0.2966666666666667
ArraySubscriptOperator:0.2833333333333333
