Cookie:0.7233333333333334
ServiceRequestImpl:0.4222222222222222
CookieBasedSSO:0.15666666666666668
