MappedStatement:0.3433333333333333
Builder:0.31
LogFactory:0.2833333333333333
MethodSignature:0.2725
MapperAnnotationBuilder:0.25
SelectKeyGenerator:0.24305555555555558
ProviderSqlSource:0.19333333333333333
EnhancedResultObjectProxyImpl:0.18
BaseExecutor:0.16
CacheKey:0.16
ByteArrayUtils:0.15666666666666668
ParameterExpression:0.13666666666666666
JndiDataSourceFactory:0.13
MapperMethod:0.11333333333333333
JavassistProxyFactory:0.10333333333333333
CglibProxyFactory:0.10333333333333333
