FlowPhaseListener:0.41333333333333333
ResponseInstructionHandler:0.3433333333333333
RuntimeResponseHandlingException:0.08
