HopLexer:0.5966666666666667
HopParser:0.5466666666666666
DFA15:0.36
AntlrTokenReader:0.17
