EventBuilder:0.47
EventConfDataTest:0.36
EventConfDao:0.3027420634920635
EventConfWrapper:0.24
EventConfDaoTest:0.16333333333333333
DefaultEventConfDao:0.085
