ValidatorSupport:0.5366666666666666
ValidatorSupportTest:0.24
EmailValidatorTest:0.20333333333333334
ShortRangeFieldValidatorTest:0.19333333333333333
LongRangeFieldValidatorTest:0.19333333333333333
IntRangeFieldValidatorTest:0.19333333333333333
DoubleRangeValidatorTest:0.14666666666666667
DateRangeFieldValidatorTest:0.14
