Evaluation:0.4821111111111111
RecordReaderDataSetiteratorTest:0.2966666666666667
