SimpleFluentIterable:0.8036666666666666
App:0.48944444444444446
