ScriptMetaData:0.73
ScriptServiceTests:0.33
Builder:0.3233333333333333
ScriptMetaDataTests:0.3233333333333333
