WritableDataStoreDataSource:0.6433333333333333
PostGISDataStoreDataSource:0.37333333333333335
PostGISSaveDriverPanel:0.25666666666666665
DataStoreTransactionManager:0.25
AddWritableDataStoreLayerWizard:0.1877777777777778
PostGISSaveDataSourceQueryChooser:0.14333333333333334
DataStoreDataSourceFactory:0.1
PanelAncestorListener:0.03333333333333333
