CharUtilIWhitespaceBenchmark:0.39666666666666667
Base64Benchmark:0.3566666666666667
StringUtilReplaceBenchmark:0.27
