StackTraceInspector:0.53
Processor:0.32666666666666666
ProgressListener:0.2733333333333333
