DiscoveryRequest:0.6533333333333333
EngineDiscoveryRequest:0.2792222222222222
DiscoveryConfigurationParameterTests:0.25333333333333335
