DnComponents:0.9033333333333333
DNFieldExtractor:0.365
TestCertTools:0.33
TestDnComponents:0.28
TestDnFieldExtractor:0.21666666666666667
