BatchNormalization:0.6966666666666667
BatchNormalizationParamInitializer:0.4066666666666667
BatchNormalizationTest:0.25
