UploadServlet:0.6688888888888889
StreamUtility:0.3433333333333333
