SA10_genTest:0.32
SA30_genTest:0.22666666666666666
SA4_genTest:0.18
SA3_genTest:0.17
SA5_genTest:0.17
SA11_genTest:0.10333333333333333
SA24_genTest:0.1
