TermVectorsRequest:0.69
TermVectorsResponse:0.46
ShardTermVectorsService:0.32666666666666666
RestTermVectorsAction:0.21333333333333335
TermVectorsRequestBuilder:0.17666666666666667
GetTermVectorsTests:0.15333333333333332
RestActions:0.07333333333333333
MultiTermVectorsTests:0.03333333333333333
