TimeOfDay:0.5633333333333334
PartialConverter:0.36527777777777787
BasePartial:0.17333333333333334
AbstractConverter:0.13666666666666666
