ShadowAssetManager:0.7866666666666666
ShadowResourcesTest:0.32666666666666666
ShadowThemeTest:0.19333333333333333
