Planner:0.5066666666666667
PlannerTest:0.49333333333333335
PlanVisitor:0.30333333333333334
NoPredicateVisitor:0.27
Visitor:0.24666666666666667
TestModule:0.22
RelationPlanner:0.15333333333333332
ConsumingPlanner:0.05
