CommandLineOptions:0.5633333333333334
JOptSimpleCommandLineOptionsParserTests:0.3433333333333333
AvailableOptions:0.23
ExecuteTestsTask:0.20666666666666667
