JsonReader:0.6366666666666667
JsonReaderTest:0.5666666666666667
LwjglDebugStarter:0.21
