Target:0.6566666666666666
Client:0.531468253968254
