CasDelegatingLogger:0.5486666666666666
LoggingConfigController:0.4066666666666667
StatisticsController:0.30333333333333334
