AuditLogger:0.4766666666666667
TransactionLogger:0.47
OCSPServletBase:0.39666666666666667
PatternLogger:0.22666666666666666
