Summary:0.6566666666666666
TaskPanel:0.43333333333333335
TaskSummary:0.2833333333333333
TaskInfoButton:0.05333333333333334
