IndexRequest:0.48
UpdateRequest:0.32
VersionTypeTests:0.30666666666666664
DeleteRequest:0.28
InternalEngine:0.28
GetRequest:0.27666666666666667
UpdateTests:0.23333333333333334
BulkTests:0.21333333333333335
UpdateHelper:0.17666666666666667
