SimpleCrawlerHandler:0.6933333333333334
ExampleFileCrawler:0.5166666666666667
FileAccessor:0.25833333333333336
