AbstractCasWebflowEventResolver:0.6877777777777778
RiskAwareAuthenticationWebflowEventResolver:0.38666666666666666
