NetworkParameters:0.5666666666666667
WalletTool:0.2833333333333333
ToyWallet:0.23333333333333334
