BioMobyInputsWizard:0.5833333333333334
PrimaryArticlesPage2:0.31333333333333335
ExecuteMobyServiceAction2:0.31333333333333335
PrimaryArticlesPage:0.23
ExecuteMobyServiceAction:0.22416666666666665
MobyView:0.19416666666666665
