BeanNameServicePropertiesResolver:0.485
OsgiServiceFactoryBean:0.36333333333333334
BundleFactoryBean:0.3466666666666667
OsgiConfig:0.27
