InternalClusterService:0.6933333333333334
UpdateTask:0.30333333333333334
ClusterDynamicSettingsModule:0.19666666666666666
ApplySettings:0.15333333333333332
ClusterServiceTests:0.14333333333333334
