JobManager:0.4
Areologist:0.25666666666666665
Engineer:0.25666666666666665
Chef:0.25666666666666665
Driver:0.25666666666666665
Botanist:0.25666666666666665
Doctor:0.25666666666666665
