HttpServer:0.6594444444444445
HttpServerImpl:0.37666666666666665
HttpTest:0.2833333333333333
