Sessions:0.6616666666666666
UserMgmtService:0.5483333333333333
SymphonyServletListener:0.2833333333333333
