TokenAuthenticationAction:0.5433333333333333
TokenAuthenticationHandler:0.525
TerminateSessionAction:0.39666666666666667
TokenAuthenticationConfiguration:0.2833333333333333
