HtmlTag:0.64
ParserUtil:0.36
WikiHeadingTag:0.29333333333333333
JAMWikiTestSuite:0.2733333333333333
HtmlTagTest:0.08333333333333333
