Record:0.53
CMap:0.43333333333333335
Request:0.2833333333333333
ConcurrentMapManager:0.24
InitialState:0.2227777777777778
BetweenPredicate:0.19666666666666666
EqualPredicate:0.16
IndexAwarePredicate:0.12666666666666668
QOperationHandler:0.08
AndOrPredicate:0.08
AbstractPredicate:0.0
