PasswordComparisonAuthenticator:0.58
LdapAuthenticationProviderConfigurer:0.43666666666666665
PasswordComparisonAuthenticatorTests:0.3333333333333333
