FieldMapper:0.54
StringFieldMapper:0.47
TypeParsers:0.28
SimpleGetFieldMappingsIT:0.20333333333333334
SignificantTermsIT:0.15666666666666668
TypeParser:0.15
SimpleNumericTests:0.09
