MappedRawLog:0.6966666666666667
RawLogFactory:0.4033333333333333
