MURLButton:0.47333333333333333
MWebBrowser:0.4066666666666667
FeedViewer:0.32666666666666666
Tester:0.30666666666666664
SafeBrowsing:0.22
TestSafeBrowsing:0.013333333333333334
