GwtClientHelper:0.5433333333333333
LoginDlg:0.44
WindowTitleSetEvent:0.31666666666666665
EventHelper:0.29333333333333333
