Builder:0.96
AuthorizationCodeAuthenticationProcessingFilter:0.30666666666666664
AuthorizationCodeRequestRedirectFilter:0.2733333333333333
