ConfigurationProcessor:0.8133333333333334
ProcessUtils:0.42333333333333334
ConfigurationPostProcessor:0.25333333333333335
