ApplicationEntityManager:0.5561111111111111
ApplicationEntityManagerImpl:0.4266666666666667
WebserviceBean:0.4
WebserviceBeanRemote:0.3466666666666667
