Node:0.7133333333333334
LagartoDOMBuilder:0.48333333333333334
LagartoDOMBuilderTagVisitor:0.26666666666666666
HtmlFosterRules:0.26666666666666666
MalformedTest:0.13333333333333333
