Query:0.6333333333333333
MStorage:0.4766666666666667
M_Production_Run:0.30333333333333334
ImportBillOfExchange:0.10666666666666667
