Canvas:0.6666666666666666
GUI:0.6166666666666667
VictoryPanel:0.2544444444444445
FreeColClient:0.24
RetireAction:0.19
ReportHighScoresAction:0.16
