DefaultAuthorization:0.45888888888888885
PolicyFinderModule:0.42333333333333334
PolicyEnforcementPoint:0.4166666666666667
