RSSFeedItem:0.42
DirFileFilter:0.34814285714285714
SDF2IChI:0.30666666666666664
Utils:0.22
WWMMCDKPlugin:0.20666666666666667
SplitSDF:0.17077777777777778
RSSFeedCreator:0.17
RSSFeedCreator10:0.14333333333333334
XindiceUpdate:0.13666666666666666
