AbstractCasWebflowConfigurer:0.26
SurrogateWebflowConfigurer:0.23
ConsentWebflowConfigurer:0.21333333333333335
AbstractCasMultifactorWebflowConfigurer:0.21333333333333335
Pac4jWebflowConfigurer:0.21333333333333335
AcceptableUsagePolicyWebflowConfigurer:0.21333333333333335
SpengoWebflowConfigurer:0.21333333333333335
InterruptWebflowConfigurer:0.21333333333333335
PasswordManagementWebflowConfigurer:0.21333333333333335
DefaultWebflowConfigurer:0.20333333333333334
RiskAwareAuthenticationWebflowConfigurer:0.18333333333333332
ScimWebflowConfigurer:0.18333333333333332
GraphicalUserAuthenticationWebflowConfigurer:0.18333333333333332
X509WebflowConfigurer:0.18333333333333332
AbstractMultifactorTrustedDeviceWebflowConfigurer:0.15666666666666668
