Reader:0.43
Writer:0.33666666666666667
SpdyConnection:0.22
Http20Draft04:0.13333333333333333
HpackTest:0.12666666666666668
