HtmlElement:0.7733333333333333
Event:0.5341666666666667
EventTest:0.39666666666666667
