SearchContext:0.7
FetchSubPhase:0.45
FetchPhase:0.3466666666666667
TermVectorsFetchSubPhase:0.30333333333333334
DefaultSearchContext:0.2633333333333333
SearchService:0.2511111111111111
FilteredSearchContext:0.19666666666666666
TestSearchContext:0.19333333333333333
TermVectorsFetchParser:0.02
