GraphQueue:0.645
Operator:0.4592222222222222
GraphQueueImpl:0.37333333333333335
RuntimeModel:0.30666666666666664
Graph:0.2833333333333333
Producer:0.27
GraphImpl:0.1877777777777778
Neighbors:0.09666666666666666
ConnectionTransformation:0.07
NodeEdgePair:0.02666666666666667
