CongestionControl:0.7708333333333334
PublicationImage:0.41
CubicCongestionControl:0.2866666666666667
StaticWindowCongestionControl:0.0975
