PercolateQuery:0.5366666666666666
BaseScorer:0.34
ControlQuery:0.29333333333333333
PercolatorHighlightSubFetchPhase:0.24666666666666667
