ExtentsStrategy:0.6633333333333333
FormatsStrategy:0.3993333333333333
