TestOptimizers:0.6238888888888888
BackTrackLineSearchTest:0.41583333333333333
