CrawlJob:0.7
CrawlJobHandler:0.5233333333333333
SelfTestCrawlJobHandler:0.13222222222222224
