VarModel:0.6266666666666667
XmlFlowModelBuilder:0.36222222222222217
FlowModelFlowBuilder:0.3333333333333333
FlowModelFlowBuilderTests:0.27
XmlFlowModelBuilderTests:0.22305555555555556
FlowModelTests:0.19
