DOReader:0.7555555555555555
DefaultDOManager:0.36833333333333335
SimpleDOReader:0.33666666666666667
FastDOReader:0.27
DirectoryBasedRepositoryReader:0.26666666666666666
SimpleBMechReader:0.22333333333333333
SimpleDOWriter:0.21472222222222223
SimpleBDefReader:0.21333333333333335
DOManager:0.1842063492063492
SimpleServiceAwareReader:0.15333333333333332
