AndTest:0.29
ProductTest:0.23333333333333334
OrTest:0.23
WeightedSumTest:0.22666666666666666
IntensityTest:0.21
SumSqrTest:0.20333333333333334
SumTest:0.20333333333333334
DifferenceTest:0.09
