BranchChoiceGenerator:0.8233333333333334
InvocationChoiceGenerator:0.25
BASTORE:0.16
ALOAD:0.08
BALOAD:0.08
ANEWARRAY:0.08
AALOAD:0.08
ARRAYLENGTH:0.08
ASTORE:0.08
AASTORE:0.08
ACONST_NULL:0.08
ScanChoiceGenerator:0.05333333333333334
