Context:0.8433333333333334
EditView:0.28
Model:0.19666666666666666
Callback:0.11666666666666667
