AbstractOneDReader:0.4411111111111111
BufferedImageMonochromeBitmapSource:0.39555555555555555
BlackPointEstimator:0.3333333333333333
