ClientXMLDFHandlerSupp5Test:0.5733333333333333
ServerEngineParserSupp5Test:0.5322222222222223
