XmlHandler:0.46685657
HandlerBase:0.25035182
Registers:0.1107978
KillRing:0.0879889
BufferHistory:0.08389397
PerspectiveManager:0.08004788
DockableWindowManager:0.063178524
ActionSet:0.050913416
jEdit:0.05007215
ServiceManager:0.048002735
PluginManager:0.029022412
HelpTOCPanel:0.025069218
