OpenActionNeuralNet:0.6166666666666667
OpenSpecific:0.5233333333333333
