FragmentWorker:0.45666666666666667
StaticQueryManager:0.4033333333333333
SqlFragmentMaster:0.31333333333333335
