DaoAuthenticationProvider:0.47
BasicProcessingFilterTests:0.37
DaoAuthenticationProviderTests:0.35333333333333333
SecureIndexController:0.24333333333333335
CasProcessingFilterEntryPointTests:0.20666666666666667
WebContactAddController:0.17666666666666667
ContactManagerFacade:0.16333333333333333
ContactSecurityVoter:0.15
