IndicesService:0.6466666666666666
InternalNode:0.36333333333333334
