ReverseEngineeringStrategy:0.6416666666666667
ERDesignerComponent:0.49
ReverseEngineerSwingWorker:0.4166666666666667
JDBCReverseEngineeringStrategy:0.18
