GedcomWriter:0.8333333333333334
GedcomReader:0.38333333333333336
