Window:0.6666666666666666
JavaScriptJobManager:0.5316666666666666
WebClient:0.45666666666666667
JavaScriptJobManagerImpl:0.29
WebWindowImpl:0.24
JavaScriptJobManagerTest:0.23333333333333334
ExecutingJobTracker:0.21666666666666667
ThreadSynchronizer:0.08333333333333333
JavaScriptJobsSupervisor:0.056666666666666664
WebClientWaitForBackgroundJobsTest:0.02666666666666667
