PerformanceLog:0.6833333333333333
PerformanceMonitor:0.6233333333333333
