TransportSQLActionTest:0.5077777777777777
TestingHelpers:0.30666666666666664
Fields:0.2916666666666667
Visitor:0.20777777777777778
ESQueryBuilder:0.19777777777777777
ESQueryBuilderTest:0.14666666666666667
