XmlConfigBuilder:0.47333333333333333
XmlConfigPreProcessor:0.34
XmlClientConfigBuilder:0.30666666666666664
