GridPoint:0.23666666666666666
SequenceRule:0.18666666666666668
FootPrint:0.18666666666666668
GridEnvelope:0.18666666666666668
GridCell:0.16
