Node:0.5033333333333333
InternalPartitionServiceImpl:0.49166666666666664
HazelcastInstanceFactory:0.3333333333333333
TestHazelcastInstanceFactory:0.25333333333333335
NodeExtensionTest:0.23666666666666666
DummyNodeContext:0.17333333333333334
HazelcastInstanceFactoryTest:0.08333333333333333
InstanceFuture:0.07333333333333333
