GrizzlyChannel:0.49833333333333335
MinaChannel:0.49666666666666665
GrizzlyCodecAdapter:0.2111111111111111
FormattingTuple:0.19666666666666666
MinaClient:0.18444444444444444
GrizzlyClient:0.15333333333333332
GrizzlyHandler:0.14777777777777779
MinaHandler:0.14777777777777779
InternalDecoder:0.11
InternalEncoder:0.09333333333333334
