SeqFeatureI:0.8166666666666667
SeqFeature:0.5466666666666666
FeatureSet:0.36333333333333334
Transcript:0.33
PeptideLinker:0.23666666666666666
