GwtViewHelper:0.6166666666666667
GwtServerHelper:0.4766666666666667
GwtSharedMeItem:0.36
