MultifactorAuthnTrustConfiguration:0.29333333333333333
AbstractCipherExecutor:0.25333333333333335
MultifactorAuthenticationProperties:0.19
MultifactorAuthenticationSetTrustAction:0.18666666666666668
EncodingUtils:0.16
MultifactorAuthenticationVerifyTrustAction:0.15333333333333332
Trusted:0.12
