jq_NativeThread:0.5566666666666666
BytecodeToQuad:0.5066666666666667
SimpleCompiler:0.41
