EntityView:0.5183333333333333
TreeView:0.41333333333333333
Content:0.39
EntityViewSettings:0.30666666666666664
TreeViewSettings:0.16
