WanReplicationService:0.5666111111111111
HttpPostCommandProcessor:0.44666666666666666
RestTest:0.20666666666666667
WanReplicationServiceImpl:0.12
HTTPCommunicator:0.08666666666666667
HttpCommandProcessor:0.0
