Response:0.7666666666666667
DataUtil:0.3566666666666667
HttpConnectionTest:0.08666666666666667
