BaseMultiLayerNetwork:0.585
DeepAutoEncoder:0.49133333333333334
StochasticHessianFree:0.31
DeepAutoEncoderSDA:0.20333333333333334
