Catalog:0.4866666666666667
Schema:0.33
Table:0.3233333333333333
Column:0.27
Index:0.27
Parameter:0.25333333333333335
Routine:0.25333333333333335
Sequence:0.25333333333333335
TableConstraint:0.15333333333333332
