RubyApplicationShortcut:0.43666666666666665
RubyEntryPointTab:0.30333333333333334
RubySourceLocator:0.23333333333333334
ManageBreakpointRulerActionDelegate:0.19666666666666666
OpenNewRubyProjectWizardAction:0.19333333333333333
RubyViewerFilter:0.18666666666666668
CreateWsdlFileAction:0.15
