ItemWriterRetryCallback:0.76
ItemWriterRetryPolicy:0.37666666666666665
ExternalRetryTests:0.2966666666666667
StatefulRetryItemHandler:0.21333333333333335
ExternalRetryInBatchTests:0.19666666666666666
SynchronousTests:0.18333333333333332
StatefulRetryStepFactoryBean:0.15333333333333332
ItemWriterRetryPolicyTests:0.056666666666666664
ItemWriterRetryCallbackTests:0.03666666666666667
