RuntimeEnvironment:0.7066666666666667
PageConfig:0.42333333333333334
ProjectHelper:0.38333333333333336
WebappListener:0.14666666666666667
