FullMetaDefinitionAction2Test:0.7066666666666667
FullMetaDefinitionAction3Test:0.3466666666666667
ARINCDefinitionParser4Test:0.30666666666666664
