Sequence:0.4573333333333333
SeqFeature:0.43666666666666665
Config:0.31
DrawableSeqFeature:0.3
EvidencePanel:0.25
FeatureView:0.24666666666666667
