ComponentDescriptionContent:0.88
ComponentDescriptor:0.39166666666666666
ComponentDescriptionXMLReader:0.32111111111111107
ComponentView2D:0.26666666666666666
ComponentDescriptionXMLWriter:0.12333333333333334
