WithinFunctionTest:0.49666666666666665
TestingHelpers:0.4755555555555556
WithinFunction:0.37
AbstractScalarFunctionsTest:0.36
ScalarFunctionModule:0.14811111111111108
GeoShapeIntegrationTest:0.09333333333333334
