TypeGraph:0.612
GraphView:0.5986666666666667
Simulator:0.42333333333333334
AspectualGraphView:0.33
AspectGraph:0.30666666666666664
DefaultTypeView:0.24333333333333335
StoredGrammarView:0.23
