Errors:0.5716666666666667
TypeConversionTest:0.3933333333333333
InjectorImpl:0.35
