OAuth20ServiceImpl:0.5
DefaultApi20:0.20666666666666667
FacebookExample:0.16
OAuthConstants:0.06333333333333334
FacebookApi:0.016666666666666666
