StandardTypes:0.6666666666666666
TestJsonFunctions:0.4666666666666667
JsonFunctions:0.25
TypeRegistry:0.22666666666666666
