ChronicleMapBuilder:0.6766666666666666
Builder:0.4522222222222223
Monitor:0.22611111111111115
ProcessInstanceLimiter:0.21944444444444447
JSR166TestCase:0.21666666666666667
Issue63Test:0.21666666666666667
ReplicationCheckingMap:0.21666666666666667
CHMUseCasesTest:0.18666666666666668
ProcessInstanceLimiterMain:0.18333333333333332
CHMTest5:0.14
