Common:0.5580555555555556
NotificationMgmtService:0.5283333333333333
NotificationProcessor:0.38666666666666666
