NetworkParameters:0.5766666666666667
AbstractBlockChain:0.44
FullPrunedBlockChain:0.33666666666666667
TestNet3Params:0.26
AbstractBitcoinNetParams:0.07333333333333333
