OptionSet:0.7133333333333334
Options:0.6166666666666667
JUTestOptions:0.17666666666666667
