Connection:0.4533333333333333
OkHttpClient:0.4
Builder:0.36
CallTest:0.3
RouteSelector:0.21555555555555558
OkHttpClientTest:0.15666666666666668
ConnectionSpecTest:0.08666666666666667
