IStructuredbManager:0.7679761904761905
StructuredbManager:0.5966666666666667
StructuredbManagerTest:0.37333333333333335
