Edge:0.64
ModelLoader:0.32
EdgeView:0.22666666666666666
NBrowseApplet:0.20583333333333337
EdgeViewI:0.19416666666666665
EdgeIterator:0.135
