ActionMethodParserTest:0.34
OneRedirectAction:0.30666666666666664
ActionsManagerTest:0.3
PathMacroTest:0.27666666666666667
RestAction:0.16
