ROC:0.49666666666666665
EvaluationTools:0.27
EvaluationToolsTests:0.24666666666666667
Chart:0.2
PrecisionRecallPoint:0.13666666666666666
