DayViewDecorator:0.5812777777777778
DayView:0.43333333333333335
MonthView:0.37
MonthPagerAdapter:0.24
BasicActivityDecorated:0.19666666666666666
OneDayDecorator:0.18
RouteViewHolder:0.14
TextDecorator:0.11666666666666667
HighlightWeekendsDecorator:0.08333333333333333
