MiscUtil:0.6766666666666666
WebKeys:0.5577777777777777
RequestInfo:0.44484523809523807
GwtMainPage:0.41333333333333333
GwtUIHelper:0.3433333333333333
ViewPermalinkController:0.19777777777777777
LoginController:0.17
ShowHelpTag:0.14333333333333334
