AnnotationDiff:0.76
AnnotDiffDialog:0.6333333333333333
DiffRunner:0.25666666666666665
