ResName:0.6166666666666667
ResNameTest:0.3333333333333333
PackageResourceTable:0.31
ShadowResourcesTest:0.20333333333333334
StaxStyleLoader:0.19
