RepeatOperationsInterceptorTests:0.2866666666666667
RepeatListenerTests:0.2733333333333333
InitializingDataSourceFactoryBean:0.27
StatefulRetryOperationsInterceptorTests:0.26
ExceptionClassifierRetryPolicyTests:0.26
TransactionAwareProxyFactoryTests:0.23333333333333334
RecoveryRetryCallbackTests:0.22166666666666668
CompositeRetryPolicyTests:0.21333333333333335
TransactionAwareListFactoryTests:0.21333333333333335
RecoveryRetryPolicyTests:0.20833333333333334
SubclassExceptionClassifierTests:0.19666666666666666
RetryOperationsInterceptorTests:0.19666666666666666
SimpleRepeatTemplateTests:0.18666666666666668
TransactionAwareMapFactoryTests:0.18333333333333332
DummySleeper:0.17
AsynchronousRepeatTests:0.16333333333333333
RetryListenerTests:0.16166666666666665
CompositeRepeatListenerTests:0.11
