ServerBuilder:0.48
ClientCallImpl:0.4066666666666667
ServerTransportListenerImpl:0.24333333333333335
JumpToApplicationThreadServerStreamListener:0.22666666666666666
AsyncServer:0.21666666666666667
AbstractBenchmark:0.20666666666666667
Utils:0.19666666666666666
ManagedChannelBuilder:0.15083333333333335
ClientCallImplTest:0.14333333333333334
AbstractManagedChannelImplBuilder:0.1252777777777778
TransportBenchmark:0.12333333333333334
AbstractServerImplBuilder:0.09821428571428571
RealChannel:0.09
