OldCodeFormatter:0.8333333333333334
TC_CodeFormatter:0.30333333333333334
