GwtViewHelper:0.4
AddFilesHtml5Popup:0.30333333333333334
MiscUtil:0.30333333333333334
FileBlob:0.19666666666666666
MD5Digest:0.17666666666666667
