CoolHeader:0.9466666666666667
ScriptError:0.30666666666666664
PrintPreviewPanel:0.26666666666666666
