MockHttpServletResponse:0.6
SecurityEnforcementFilter:0.32666666666666666
SecurityEnforcementFilterTests:0.31333333333333335
BasicProcessingFilter:0.21
BasicProcessingFilterTests:0.20333333333333334
AuthenticationEntryPoint:0.14333333333333334
AuthenticationProcessingFilterEntryPointTests:0.09333333333333334
BasicProcessingFilterEntryPointTests:0.07666666666666666
MockAuthenticationEntryPoint:0.043333333333333335
BasicProcessingFilterEntryPoint:0.02666666666666667
AuthenticationProcessingFilterEntryPoint:0.016666666666666666
