SymbolTable:0.711111111111111
HopVirtualMachine:0.4166666666666667
