AnalysisInput:0.7166666666666667
AnalysisFilter:0.42333333333333334
Sim4FilterPanel:0.31666666666666665
AnalysisAdapterGUI:0.29
AnalysisPanel:0.29
GenscanParser:0.2725
bop:0.26
GenbankAdapter:0.22194444444444447
BlastFilterPanel:0.21666666666666667
AnalysisAdapter:0.20833333333333334
displayTierItemListener:0.20666666666666667
FilterPanel:0.08
