RecordingInputStream:0.48333333333333334
HttpRecorder:0.31666666666666665
FetchHTTP:0.26
FlipFileInputStream:0.20666666666666667
RecorderTimeoutException:0.11055555555555555
RecorderLengthExceededException:0.11055555555555555
RecorderIOException:0.0
