ApplicationEntityManager:0.7283333333333334
OSPNode:0.36333333333333334
ApplicationEntityManagerImpl:0.2633333333333333
WebserviceBean:0.25833333333333336
ZabbixGraphDashboardWidget:0.25
AbstractDashboardWidget:0.24666666666666667
ProcessInstanceView:0.23333333333333334
OSPEdge:0.22666666666666666
WebserviceBeanImpl:0.21666666666666667
ObjectViewScene:0.19
KuwaibaService:0.19
SelectLinkEndpointsStep:0.18333333333333332
ChooseConfigurationStep:0.14333333333333334
OutsidePlantViewDashboardWidget:0.06
