NettyWebSocket:0.6633333333333333
NettyAsyncHttpProviderConfig:0.43
WebSocketProtocol:0.3233333333333333
NettyWebSocketFactory:0.20555555555555555
DefaultNettyWebSocketFactory:0.08666666666666667
