BoundingBox:0.42
Capabilities:0.3933333333333333
ZoomToWMSPlugIn:0.3333333333333333
IParser:0.3272804232804233
MapRequest:0.29
MapLayer:0.26666666666666666
WMService:0.24333333333333335
WMSLayer:0.23666666666666666
URLWizardPanel:0.23333333333333334
MapImageFormatChooser:0.23166666666666666
MapLayerAttributes:0.21
WMSViewer:0.15666666666666668
OpenJumpConfiguration:0.12666666666666668
AbstractParser:0.11444444444444445
ParserWMS1_0:0.09666666666666666
ParserWMS1_1:0.06666666666666667
ParserWMS1_3:0.03666666666666667
ZoomToWMSLayerPlugIn:0.02
