PyInteger:0.41333333333333333
PyList:0.4066666666666667
PyFloat:0.38666666666666666
PyString:0.3566666666666667
PyComplex:0.31666666666666665
PyDictionary:0.3
