UURIFactory:0.8266666666666667
UURIFactoryTest:0.24666666666666667
