AffineTransformation:0.5933333333333334
AffineTransformationPlugIn:0.38
AffineTransControlPointExtracter:0.33
Matrix:0.19000000000000003
NotRepresentableException:0.1311111111111111
UpdateParamListener:0.12777777777777777
GenericNames:0.014285714285714285
