SnmpPeerFactory:0.89
Snmpv3PluginTest:0.23
SnmpHelpers:0.18333333333333332
SnmpV3Monitor:0.17666666666666667
SnmpV3Plugin:0.16
