ProfileDao:0.571888888888889
ProfileModule:0.571888888888889
SharedEntity:0.5666666666666667
RelevanceDashboardHelper:0.32
FolderModule:0.31437301587301586
EntityIdentifier:0.29
ProfileDaoImpl:0.19
RelevanceAjaxController:0.16666666666666666
ProfileModuleImpl:0.14333333333333334
AbstractFolderModule:0.14333333333333334
EntryComparator:0.056666666666666664
