CSSStyleDeclaration:0.81
HTMLElement:0.45666666666666667
HTMLElementTest:0.36333333333333334
