Builder:0.6183333333333333
DataExceptionMapper:0.18222222222222223
ConstraintViolationExceptionMapper:0.16333333333333333
NamePrependingTemplateEngineTest:0.15666666666666668
