PropertyPlace:0.5133333333333333
ReportValidate:0.32666666666666666
SetPlaceHierarchy:0.20666666666666667
PlaceBean:0.1988888888888889
TestPlace:0.11
