RangeBoundedCursor:0.4066666666666667
Blocks:0.31666666666666665
TestRangeBoundedCursor:0.30666666666666664
TestTupleStreamChunker:0.30333333333333334
TupleStreamChunker:0.24
ConvertCsv:0.23666666666666666
