InjectProcessor:0.49666666666666665
ProvidesProcessor:0.4533333333333333
FullGraphProcessor:0.35
