DebugReactionScheme:0.27666666666666667
DebugAtomContainerSet:0.23
DebugMoleculeSet:0.20666666666666667
DebugLonePair:0.20666666666666667
