AttributeCaseTest:0.33666666666666667
XMLHttpRequest:0.31666666666666665
HtmlPageTest:0.25333333333333335
EventTarget:0.25333333333333335
HTMLSpanElement:0.22
AlphanumericTest:0.22
ProxyAutoConfigTest:0.20666666666666667
HtmlFormTest:0.19333333333333333
TestCaseCorrector:0.16333333333333333
URLCreatorStandard:0.11
LowerCaseFunction:0.09
Upload2Servlet:0.09
