FileAccessor:0.6833333333333333
FileSystemCrawler:0.37333333333333335
