LongArrayConverter:0.5566666666666666
IntegerArrayConverter:0.51
IntegerArrayConverterTest:0.23333333333333334
LongArrayConverterTest:0.23333333333333334
