ServerJob:0.5466666666666666
AbstractServerJob:0.42
AbstractNodeContext:0.33555555555555555
NodeTaskWrapper:0.31333333333333335
WaitingJobState:0.14333333333333334
WaitingResultsState:0.14333333333333334
