APIAStubFactory:0.43666666666666665
APIMStubFactory:0.43666666666666665
