StandardServiceRegistryBuilder:0.36
ClassLoadingException:0.23444444444444448
StrategySelectorBuilder:0.23333333333333334
SimpleAvailabilityImpl:0.23333333333333334
StrategySelectorImpl:0.21666666666666667
StrategySelectionException:0.1582222222222222
