WebXML:0.3388888888888889
FOXMLDOSerializer:0.2966666666666667
METSFedoraExtDOSerializer:0.2733333333333333
DOTranslationUtility:0.25333333333333335
TestAPIM:0.24333333333333335
TestXMLDOSerializer:0.15833333333333333
TestXMLDODeserializer:0.10666666666666667
