MURLButton:0.13280392
MList:0.1306807
MSystemTray:0.12759255
MTip:0.12320222
MInternalFrame:0.10895241
BackgroundTaskManager:0.10819192
MScrollPane:0.106482744
MouseGestures:0.105551995
MNotification:0.10284108
MButton:0.09817685
MCalendar:0.09396673
MDialog:0.08145244
MRating:0.07729256
MLabel:0.07512837
MTogglePanel:0.0704733
MMessage:0.060845498
MAction:0.055413883
MText:0.048171327
MTable:0.04469346
UI:0.02340635
OS:0.0047553275
BooleanProperty:0.0020811448
Property:0.0015395541
