RecordStore:0.6733333333333333
IMap:0.4976746031746032
MapService:0.30666666666666664
MapProxyImpl:0.29333333333333333
NearCache:0.27
DefaultRecordStore:0.24
MapReplicationOperation:0.19
ClientNearCache:0.1638888888888889
MapProxySupport:0.14666666666666667
MapPortableHook:0.14333333333333334
ClientMapProxy:0.13833333333333334
LoadAllKeysTask:0.0033333333333333335
