Context:0.57
UdpChannelTest:0.5383333333333333
MultiDriverTest:0.2866666666666667
