KeyCollector:0.7633333333333333
DrivingQueryItemReaderTests:0.3433333333333333
MultipleColumnJdbcKeyCollector:0.25666666666666665
SingleColumnJdbcKeyCollector:0.21666666666666667
IbatisKeyCollector:0.21666666666666667
ItemPreparedStatementSetter:0.1162777777777778
MockKeyGenerator:0.04416666666666667
CustomerCreditUpdatePreparedStatementSetter:0.02
