ConnectionPool:0.8633333333333333
RestClientTests:0.2997777777777778
