GwtServerHelper:0.4622222222222222
EventValidation:0.39888888888888885
ActionsPopupMenu:0.27
