ConnectionManager:0.6966666666666667
RedisCommands:0.32777777777777783
RedissonLock:0.2658333333333333
RedisPubSubConnection:0.2633333333333333
RedissonCountDownLatch:0.23333333333333334
MasterSlaveConnectionManager:0.21
RedissonTopic:0.18333333333333332
JsonJacksonCodec:0.15833333333333333
