Parameter:0.65
ParamWrapper:0.2773055555555555
ParameterProcessor:0.25666666666666665
TestUtils:0.25333333333333335
SimpleReaderTest:0.23666666666666666
ApiParamWrapper:0.18083333333333335
ApiImplicitParamWrapper:0.18083333333333335
