Visitor:0.47
Executor:0.41111111111111115
TransportExecutor:0.38333333333333336
TransportExecutorModule:0.3466666666666667
TransportExecutorTest:0.23
FakeJobExecutor:0.056666666666666664
