GraphState:0.53
AbstractGraphState:0.4666666666666667
StateCache:0.46
LTSJModel:0.25
RecipeTest:0.25
CtrlState:0.22416666666666665
GTSCounter:0.22
CtrlFrame:0.15833333333333333
CtrlSchedule:0.13321428571428573
FrameStateMatches:0.09666666666666666
