HopProject:0.48333333333333334
ActionProviderImpl:0.31666666666666665
SourcesNode:0.3
HopCopyOperation:0.14333333333333334
HopDeleteOperation:0.06666666666666667
