DefaultElasticBytes:0.4666666666666667
BytesMarshallableDataAccess:0.29
SizedMarshallableDataAccess:0.2733333333333333
SerializableDataAccess:0.27
ExternalBytesMarshallableDataAccess:0.23666666666666666
ExternalizableDataAccess:0.15666666666666668
AbstractCharSequenceUtf8DataAccess:0.11333333333333333
StringBuilderUtf8DataAccess:0.06
StringUtf8DataAccess:0.05333333333333334
CharSequenceUtf8DataAccess:0.05333333333333334
