InitializationStrategy:0.6833333333333333
MethodTransformerSimpleTest:0.26666666666666666
AgentBuilderInitializationStrategySelfInjectionDispatcherTest:0.24555555555555553
AgentBuilderInitializationStrategyTest:0.16
Foo:0.11355555555555556
