WMService:0.4766666666666667
Capabilities:0.4
FeatureInfoTool:0.25666666666666665
FeatureInfoRequest:0.18
WMSRequest:0.13666666666666666
BasicRequest:0.04
AbstractWMSRequest:0.03333333333333333
