DriverConnection:0.6622222222222223
LossHandler:0.4166666666666667
DataFrameDispatcher:0.39666666666666667
