HTTPHeaderGroup:0.7861111111111111
EmptyHTTPHeaders:0.3977777777777778
