Xml2Latex:0.49166666666666664
Xml2Xml:0.48333333333333334
Xml2Wiki:0.375
