DefaultFlowExecutionRepositoryTests:0.27
AbstractFlowExecutionRepository:0.24333333333333335
SessionBindingConversationManager:0.20666666666666667
CompositeFlowExecutionKey:0.19
FlowHandlerAdapter:0.18666666666666668
FlowController:0.18666666666666668
DefaultFlowExecutionRepository:0.18333333333333332
ConversationContainer:0.15666666666666668
SpringJavascriptAjaxHandler:0.12
CompositeFlowExecutionKeyTests:0.10666666666666667
AjaxHandler:0.07216666666666667
