MethodToken:0.4
LazyMethodDescription:0.37333333333333335
FieldToken:0.27
ForLoadedExecutable:0.25
TypeExtractor:0.23666666666666666
ParameterList:0.2305555555555555
Explicit:0.23
LazyTypeList:0.2095
MethodExtractor:0.20333333333333334
FieldExtractor:0.1877777777777778
LazyParameterDescription:0.18
LazyParameterList:0.11333333333333333
LazyFieldDescription:0.10666666666666667
ForSignature:0.07666666666666666
Empty:0.04
