NodeCertificate:0.47
Block:0.36
PaigeTarjanMcKay:0.31666666666666665
DefaultIsoChecker:0.30333333333333334
ValueNodeCertificate:0.20166666666666666
Edge2Certificate:0.14
EdgeCertificate:0.13333333333333333
