JSONGetITest:0.37
ResponseITest:0.31333333333333335
Cookie:0.28
Header:0.26666666666666666
Headers:0.25
Cookies:0.22666666666666666
Builder:0.22
MultiValueEntity:0.14666666666666667
CookieITest:0.07
WithJetty:0.013333333333333334
