JPAMetaModelEntityProcessor:0.5066666666666667
TestUtil:0.48
CompilationTest:0.32666666666666666
