TestApp:0.5666666666666667
SimpleMapTest:0.26
SimpleMultiMapTest:0.22333333333333333
LongRunningTest:0.21666666666666667
SimpleFunctionalMapTest:0.19333333333333333
DefaultLineReader:0.18666666666666668
TheNode:0.14333333333333334
SimulateLoadTask:0.06
