AbstractProducedQuery:0.525
SQLFunctionsTest:0.42111111111111116
ParameterMetadataImpl:0.3283333333333333
