KeyShieldConfig:0.5955555555555556
LastUpdateTimeAware:0.3538333333333334
KeyShieldModuleImpl:0.3433333333333333
ZoneInterceptor:0.33
