DriverConnection:0.7233333333333334
DriverConductor:0.44333333333333336
Receiver:0.31666666666666665
