IndexShardRoutingTable:0.8
OperationRouting:0.3566666666666667
RoutingIteratorTests:0.3
SearchPreferenceIT:0.11666666666666667
