GwtMenuHelper:0.33666666666666667
GwtTeamingMessages:0.31666666666666665
EventHelper:0.29
CalendarShowHintEvent:0.2866666666666667
GwtTeamingMainMenuImageBundle:0.23666666666666666
EntryMenuPanel:0.21333333333333335
CalendarFolderView:0.20333333333333334
ToolPanelBase:0.15833333333333333
