RedissonTest:0.5533333333333333
Node:0.45633333333333337
RedisClientEntry:0.43666666666666665
RedisCommands:0.016666666666666666
