ClassDefinition:0.5933333333333334
PortableContext:0.5483333333333333
DefaultPortableReader:0.4033333333333333
ClassDefinitionImpl:0.31333333333333335
MorphingPortableReader:0.27444444444444444
BinaryClassDefinitionProxy:0.26666666666666666
DefaultPortableWriter:0.23333333333333334
PortableContextImpl:0.23
SerializationServiceImpl:0.23
PortableSerializer:0.12666666666666668
PortableTest:0.08666666666666667
ParentPortableObject:0.04666666666666667
GrandParentPortableObject:0.041666666666666664
ChildPortableObject:0.023333333333333334
