WorkspaceTreeHelper:0.47
WebKeys:0.32255555555555554
ViewController:0.27666666666666667
ViewChangeLogController:0.12666666666666668
