CDKManagerPluginTest:0.5955555555555555
CDKManagerTest:0.4802777777777777
