GwtTeamingImageBundle:0.6588888888888889
GwtTeamingMessages:0.6433333333333333
Palette:0.38666666666666666
GwtTeaming:0.34
LandingPageEditor:0.12777777777777777
