Scenario1:0.38666666666666666
ScenarioAlpha:0.3566666666666667
Scenario5:0.3
Scenario4:0.2866666666666667
Scenario2:0.28
ScenarioRoot:0.16583333333333333
