SkipSection:0.7866666666666666
SkipSectionParserTests:0.27666666666666667
RestTestParserTests:0.21777777777777776
