DriverContext:0.39666666666666667
PipelineContext:0.39666666666666667
TaskContext:0.34
OperatorSystemMemoryContext:0.22666666666666666
