BinderModule:0.6733333333333333
Binder:0.6233333333333333
FileModuleImpl:0.28
BinderModuleImpl:0.2633333333333333
ExportHelper:0.23333333333333334
ManageVersionControlsController:0.11666666666666667
