NodeService:0.5033333333333333
SelectFromTableSource:0.3333333333333333
MockNodeService:0.29333333333333333
INodeService:0.2833333333333333
