GwtMainPage:0.49
GwtUser:0.31333333333333335
SearchResultItemWidget:0.27666666666666667
GwtTag:0.18666666666666668
