AdminModule:0.665
BinderModule:0.5966666666666667
EntryProcessor:0.5105555555555557
BinderProcessor:0.4533333333333333
AbstractBinderProcessor:0.4066666666666667
AbstractEntryProcessor:0.31333333333333335
AbstractAdminModule:0.31
DefaultTemplateCoreProcessor:0.23333333333333334
BinderModuleImpl:0.19333333333333333
