Attribute:0.4633333333333333
ERDesignerComponent:0.36
ERDesignerBundle:0.3522222222222222
ERDesignerWorldConnector:0.24666666666666667
HistoryModificationTracker:0.21333333333333335
TableEditor:0.21
ReverseEngineerSwingWorker:0.19666666666666666
ModelItem:0.19333333333333333
SquirrelMogwaiTabSheet:0.18666666666666668
ReverseEngineeringStrategy:0.16642857142857143
ERDesignerMainFrame:0.15333333333333332
SquirrelReverseEngineeringStrategy:0.14166666666666666
JDBCReverseEngineeringStrategy:0.10666666666666667
