ResultLoader:0.54
FastResultSetHandler:0.45666666666666667
DeferredLoad:0.2966666666666667
