ESCountNode:0.4533333333333333
Planner:0.3933333333333333
PlannerTest:0.36333333333333334
TransportExecutorTest:0.25666666666666665
ESCountTask:0.19000000000000003
