Groove:0.7938888888888889
CtrlPreviewAction:0.3433333333333333
ControlPanel:0.25333333333333335
