DBTCPConnector:0.6733333333333333
DBCleanerThread:0.37
DBConnector:0.31333333333333335
