Config:0.95
ProxyService:0.41977777777777786
ServiceManager:0.32166666666666666
ProxyManager:0.3
RecordStatistics:0.2866666666666667
ProxyServiceImpl:0.23166666666666666
ClientClusterServiceImpl:0.23
ClientClusterService:0.15833333333333333
FactoryIdHelper:0.08633333333333335
