AbstractCollectionRegionAccessStrategyTestCase:0.43333333333333335
AbstractEntityRegionAccessStrategyTestCase:0.43333333333333335
OptimisticInvalidatedTransactionalTestCase:0.30666666666666664
OptimisticReadOnlyTestCase:0.30666666666666664
