MetadataUtils:0.43166666666666664
KuwaibaWebservice:0.41
BackendBeanRemote:0.37
BackendBean:0.32666666666666666
