ElectronicFenceConfiguration:0.6243333333333333
SamlMetadataUIConfiguration:0.45666666666666667
