EnableCheckFactory:0.5833333333333334
AttributeTab:0.485
JUMPConfiguration:0.44333333333333336
