SwingServerWrapper:0.7733333333333333
JFXServerWrapper:0.5133333333333333
