CacheLoadingTest:0.4166666666666667
AbstractLinkedDeque:0.4033333333333333
CaffeineSpec:0.3233333333333333
TimerWheel:0.27
Configurator:0.25333333333333335
StripedBuffer:0.22333333333333333
