Node:0.5466666666666666
InternalPartitionServiceImpl:0.53
MigrateTask:0.29
RepartitioningTask:0.24333333333333335
BackupTest:0.20333333333333334
MigrationThread:0.19444444444444445
SyncReplicaVersionTask:0.12777777777777777
