SessionView:0.5866666666666667
RosterView:0.5333333333333333
SarosC:0.51
Tester:0.3466666666666667
SessionViewImp:0.2966666666666667
ConfigTester:0.26666666666666666
EclipsePart:0.24666666666666667
SarosCImp:0.24
TestBasicComponentByAlice:0.22666666666666666
TestMainMenuComponent:0.22
STFTest:0.21666666666666667
SarosMImp:0.21
WorkbenchImp:0.20166666666666666
MakeOperationConcurrently:0.19055555555555556
RosterViewImp:0.18666666666666668
TestSVNStateUpdates:0.18166666666666667
TestEditorComponentByAliceAndBob:0.18
TestSessionViewComponent:0.18
TestBasicSarosElements:0.16666666666666666
TestSVNStateInitialization:0.155
TestCreatingNewFile:0.15
TestHandleContacts:0.15
TestChangingNameInRosterView:0.15
RmiTest:0.14666666666666667
TestEditDuringInvitation:0.14333333333333334
TestFollowMode:0.13666666666666666
TestUserWithWriteAccessResetsFiles:0.13666666666666666
TestParallelInvitationWithTerminationByInvitees:0.13333333333333333
TestShare2UsersSequentially:0.13333333333333333
TestShare3UsersSequentially:0.13
TestConcurrentEditing:0.13
TestParallelInvitationWithTerminationByHost:0.13
TestShare3UsersConcurrently:0.13
TestRosterViewComponent:0.12666666666666668
TestChangingUserWithWriteAccessWhileOtherFollow:0.12333333333333334
TestWriteAccessChangeAndImmediateWrite:0.12333333333333334
TestBasicComponentByAliceAndBob:0.11333333333333333
