ProfileBackingBean:0.47333333333333333
PowerstaffSystemParameterService:0.4666666666666667
NavigationBackingBean:0.3433333333333333
ProfileSearchService:0.2132777777777778
ProfileSearchServiceImpl:0.20333333333333334
