Trust:0.4494444444444445
HttpTLSTest:0.38
KeyStoreHelper:0.2472222222222222
TrustOptions:0.24333333333333335
SSLHelper:0.22055555555555556
NetTest:0.19666666666666666
