Model:0.6633333333333333
TreeView:0.5333333333333333
