HttpSecurityBeanDefinitionParser:0.4633333333333333
HttpConfigurationBuilder:0.375
HttpSecurityBeanDefinitionParserTests:0.35333333333333333
