InternalSettingsPreparer:0.5633333333333334
Node:0.37333333333333335
InternalSettingsPreparerTests:0.2866666666666667
Bootstrap:0.26
SettingsTests:0.23333333333333334
AddFileKeyStoreCommandTests:0.22
AddStringKeyStoreCommandTests:0.22
RemoveSettingKeyStoreCommandTests:0.19666666666666666
ListKeyStoreCommandTests:0.19
CreateKeyStoreCommandTests:0.14333333333333334
MockNode:0.11333333333333333
EnvironmentAwareCommand:0.1
MockRemovePluginCommand:0.006666666666666667
