MediaGridFragment:0.7733333333333333
MediaActivity:0.43666666666666665
PermissionCheckUtils:0.26666666666666666
