HeaderFieldSetMapperTests:0.08333333333333333
ShippingFieldSetMapperTests:0.06333333333333334
OrderItemFieldSetMapperTests:0.06333333333333334
AddressFieldSetMapperTests:0.06333333333333334
BillingFieldSetMapperTests:0.06333333333333334
CustomerFieldSetMapperTests:0.06333333333333334
OrderItemReaderTests:0.06
FlatFileOrderWriterTests:0.03333333333333333
OrderTransformerTests:0.006666666666666667
