Document:0.6166666666666667
ReportSummaryOfRecords:0.22
DocumentTest:0.013333333333333334
