TigerParser:0.5066666666666667
AntClassLoader:0.3566666666666667
TigerNode:0.26
JavaCompletionFinder:0.25166666666666665
Path:0.22333333333333333
MutableDisplayOptions:0.19666666666666666
GeneralOptions:0.19333333333333333
MutableFilterOptions:0.16666666666666666
JavaTools:0.08333333333333333
JavaSideKickPlugin:0.08333333333333333
