Trace:0.6266666666666667
FormulaChecker:0.33666666666666667
SaxDefaultHandler:0.29333333333333333
LatexTextParser:0.245
Qedeq2Latex:0.21333333333333335
Qedeq2Wiki:0.20333333333333334
ModuleContext:0.185
SaxEntityResolver:0.1822222222222222
MathParser:0.17333333333333334
XPathLocationParser:0.17
SaxParser:0.16333333333333333
LatexMathParser:0.15333333333333332
Context2XPath:0.15
AsciiMathParser:0.13666666666666666
LoadXmlOperatorListUtility:0.13
LogicalEquivalence:0.11333333333333333
