BytecodeGen:0.5633333333333334
ProviderMethod:0.31333333333333335
ProxyConstructor:0.23
ImplicitBindingTest:0.16333333333333333
DefaultConstructionProxyFactory:0.16
SingleMethodInjector:0.14666666666666667
FastClassProviderMethod:0.12999999999999998
ReflectiveProxy:0.09
FastClassProxy:0.08
