Manager:0.65
SwarmingManager:0.36333333333333334
SWDownloadSegment:0.34444444444444444
Environment:0.32666666666666666
SWDownloadWorker:0.17333333333333334
ExitPhexAction:0.14666666666666667
PhexPerformanceSuite:0.13666666666666666
PhexTestSuite:0.08666666666666667
