BinderHelper:0.7533333333333333
ListFolderHelper:0.4166666666666667
AjaxController:0.35333333333333333
ListProfilesController:0.20666666666666667
ListFolderController:0.14333333333333334
