ClusterTest:0.5209444444444442
UnresolvedIssues:0.3883333333333333
