SQL92SQLGenerator:0.7833333333333333
MySQLSQLGenerator:0.22666666666666666
MSSQLSQLGenerator:0.22333333333333333
OracleSQLGenerator:0.22333333333333333
