Message:0.556
MsgPushRequest:0.4166666666666667
MsgQuery:0.3433333333333333
MsgResRecord:0.29333333333333333
MsgUnknown:0.29
MsgManager:0.25333333333333335
MsgQueryResponse:0.23666666666666666
GGEPBlock:0.16333333333333333
MsgPong:0.09333333333333334
MsgPing:0.07
InvalidGGEPBlockException:0.02
