HistoryModelSaver:0.1580839
JEditHistoryModelSaver:0.14705761
HistoryText:0.14693469
MutableListModel:0.08574465
HistoryTextField:0.084678665
HistoryTextArea:0.07035829
Registers:0.045868706
RecentDirectoriesProvider:0.044899378
VFSBrowser:0.04242806
SearchDialog:0.04031054
jEdit:0.022484494
View:0.020331677
InputHandler:0.014847562
