ParserRuleSet:0.13863873
TokenMarker:0.13031672
XModeHandler:0.09630871
Token:0.03585057
