ProgressObserver:0.10351157
Roster:0.09460793
PluginManager:0.093042
InstallPanel:0.07216006
jEdit:0.053724527
