ProfileEntryInfoRpcResponseData:0.38333333333333336
GwtProfileHelper:0.3333333333333333
GwtTeamingMessages:0.31666666666666665
ProfileEntryDlg:0.24
GwtRpcServiceImpl:0.22444444444444447
DlgBox:0.2211111111111111
GwtViewHelper:0.20666666666666667
GwtServerHelper:0.19666666666666666
GetProfileEntryInfoCmd:0.10333333333333333
