METSLikeDODeserializer:0.6666666666666666
METSLikeDOSerializer:0.6266666666666667
