FileConvertor:0.6133333333333333
SVGWriter:0.6066666666666667
