ObjectStore:0.6338888888888888
LocalRepoObjectStore:0.44
Messages:0.2733333333333333
FileUtil:0.23333333333333334
