Dialect:0.37666666666666665
SessionFactoryOptionsStateStandardImpl:0.315
MySQLDialect:0.29
AbstractDelegatingSessionFactoryOptions:0.29
CriteriaLiteralsTest:0.2633333333333333
SessionFactoryOptionsImpl:0.25238095238095243
SessionFactoryBuilderImpl:0.23
SessionFactoryOptions:0.22333333333333333
LiteralExpression:0.18
SessionFactoryOptionsState:0.1571031746031746
AvailableSettings:0.14
CriteriaCompiler:0.13666666666666666
RenderingContext:0.09821428571428571
