ClassExecution:0.4866666666666667
IntermediateExecutionBuilder:0.4411111111111111
LinearExecution:0.3333333333333333
