SubsamplingLayer:0.6133333333333333
ImageLoader:0.38333333333333336
Word2Vec:0.31666666666666665
WordVectorsImpl:0.26666666666666666
ActivationMeanIterationListener:0.21
