ProcessorTestSuite:0.6066666666666667
Source:0.45
V13ProcessorTestSuite:0.24333333333333335
TestSuite:0.023333333333333334
