InterceptorsManager:0.4981111111111111
InterceptorManagerTest:0.25
TestConfigableStack2:0.08333333333333333
TestConfigableStack:0.08333333333333333
