Node:0.6266666666666667
ClusterTest:0.4633333333333333
MemberImpl:0.36666666666666664
MemberInfo:0.17666666666666667
