OrderedHashSet:0.48333333333333334
ParserATNSimulator:0.38666666666666666
DFAState:0.3566666666666667
LexerATNSimulator:0.2966666666666667
NoViableAltException:0.25
DOTGenerator:0.15666666666666668
LexerNoViableAltException:0.09666666666666666
NoViableTreeGrammarAltException:0.056666666666666664
