Model:0.6553333333333333
RefModel:0.38666666666666666
ModelImpl:0.37333333333333335
ArrayModel:0.28
ComposedModel:0.23333333333333334
