ShadowCopyThread:0.6616666666666666
AbstractCoOccurrences:0.3333333333333333
GloveCalculationsThread:0.33
