TermTable:0.46
ObsoleteArticle:0.39
GeneralDB:0.37333333333333335
StorableAnnotationBeanImpl:0.26
NullHitBean:0.23666666666666666
ArticleTable:0.14744444444444446
AddHit:0.07
