Constants:0.9604444444444444
TransportBaseSQLAction:0.4066666666666667
