QSARFormEditor:0.45
DescriptorsPage:0.42333333333333334
QsarLabelProvider:0.13666666666666666
QsarContentProvider:0.12
Stopwatch:0.05333333333333334
