XMLDOMElement:0.5966666666666667
XMLDOMDocument:0.4816666666666667
HtmlArea:0.38666666666666666
