Partner:0.41333333333333333
FormLocator:0.32
Renderer:0.2866666666666667
NodeHandler:0.26
FormSerializer:0.19
TableNodeHandler:0.16333333333333333
DumpNodeHandler:0.16
Profile:0.04666666666666667
IterateNodeHandler:0.016666666666666666
XMLRendererConfig:0.0033333333333333335
ProfileRenderer:0.0
