Address:0.92
ConnectionManager:0.43
Connector:0.20777777777777778
Acceptor:0.19777777777777777
