INodeService:0.5433333333333333
NodeService:0.48333333333333334
DataService:0.42333333333333334
MockNodeService:0.31666666666666665
RegistrationService:0.2544444444444445
