ColonyPanel:0.06694827
ReportReligiousPanel:0.05870138
ReportContinentalCongressPanel:0.04639792
