ConnectionVisualPanel:0.3333333333333333
ServerInstallVisualPanel:0.3333333333333333
ServerInstallPanel:0.3
ConnectionIterator:0.29
