BooleanOption:0.37512165
OptionGroup:0.36676708
IntegerOption:0.3245224
Option:0.11359065
