URLConnectionTest:0.6255555555555555
IosHttpURLConnection:0.5366666666666666
