RouterService:0.43333333333333335
NodeService:0.39666666666666667
INodeService:0.27166666666666667
MockNodeService:0.23666666666666666
RouterServiceTest:0.21666666666666667
TestConstants:0.07333333333333333
