FolderViewBase:0.4866666666666667
CalendarDisplayDataProvider:0.4464166666666665
CalendarFolderView:0.3466666666666667
CalendarNavigationPanel:0.31333333333333335
