LogType:0.5566666666666666
JTableDestination:0.35333333333333333
Runner:0.23111111111111116
FileFollower:0.19
