HazelcastTestSupport:0.766888888888889
AbstractCollectionProxyImpl:0.43166666666666664
