JavaBeanSerializer:0.51
DefaultJSONParser:0.38666666666666666
Model:0.37666666666666665
WriteClassNameTest_Map:0.14333333333333334
ListSerializer:0.13
WriteClassNameTest_Set5:0.13
CollectionCodec:0.12666666666666668
MapSerializer:0.12
WriteClassNameTest_List3:0.10666666666666667
