List:0.6666666666666666
ContactsStrategy:0.47333333333333333
Update:0.23666666666666666
Get:0.15666666666666668
