PrecisionAtK:0.59
EvaluationMetric:0.35833333333333334
PrecisionAtKTests:0.09
TransportRankEvalAction:0.06333333333333334
RankEvalRequestIT:0.056666666666666664
