MergePolicyConfig:0.6633333333333333
MergePolicySettingsTests:0.28
ClusterModule:0.27666666666666667
