JbpmExecutionLogic:0.6711111111111111
ExecutionServiceDelegateSubstitutionAssignTaskTest:0.6133333333333333
