Assert:0.7733333333333333
AssertionTest:0.48333333333333334
JUnitMatchers:0.32
