AbstractTestQueries:0.44
AbstractTestType:0.30666666666666664
Signature:0.24666666666666667
FunctionRegistry:0.2377777777777778
ArraySortFunction:0.23
FunctionListBuilder:0.21666666666666667
TestingRowConstructor:0.13666666666666666
RowType:0.10666666666666667
TestRowOperators:0.06666666666666667
