TopicEvent:0.51
TopicService:0.49
ClientTopicProxy:0.17666666666666667
TopicProxySupport:0.1688888888888889
PublishOperation:0.16555555555555557
EventServiceTest:0.11666666666666667
