ARINC661App:0.5688888888888889
LookElementTypes:0.33666666666666667
LookModelPlugin:0.33
MenuFactory:0.2697222222222222
OpenLookCapacitiesAction:0.16
OpenLookDefinitionAction:0.07
