IndexShard:0.56
Engine:0.3933333333333333
IndexService:0.22666666666666666
RecoveryPercolatorTests:0.21
IndexDynamicSettingsModule:0.15666666666666668
OpenCloseIndexTests:0.14
ApplyRefreshSettings:0.13666666666666666
CorruptedTranslogTests:0.11666666666666667
MockContext:0.11333333333333333
MockInternalEngine:0.09833333333333333
