AbstractManagedChannelImplBuilder:0.45666666666666667
ManagedChannelImpl:0.37666666666666665
ManagedChannelImplTest:0.25
ManagedChannelImplIdlenessTest:0.22166666666666668
AbstractManagedChannelImplBuilderTest:0.16333333333333333
Builder:0.13666666666666666
