LuceneDocCollector:0.5433333333333333
TransportExecutorModule:0.2966666666666667
TestModule:0.29333333333333333
