RrRectangle:0.5833333333333334
PCB:0.4866666666666667
PCBOffsets:0.4533333333333333
MaterialRadioButtons:0.25333333333333335
