MetaModel:0.8433333333333334
IMetaModel:0.3407539682539682
