Greeting:0.5583333333333333
ScalatraObject:0.4
ObjectMappingITest:0.20666666666666667
