SWTComponentsProviderMessages:0.4527936507936508
SWTChartsComponentProvider:0.44
JFCChartsSWTComponentsProvider:0.30666666666666664
SVGChartsSWTComponentProvider:0.25333333333333335
RasterImageChartsComponentProvider:0.23111111111111116
ChartsEnginePreferencePage:0.16444444444444445
ExportChart:0.11333333333333333
