GenericStepperMotor:0.67
Reprap:0.44055555555555564
AxisRepeatabilityTest:0.15666666666666668
