ScriptPanel:0.4033333333333333
ScenarioPanel:0.25666666666666665
ScenarioListDialog:0.25333333333333335
ManageScriptPanel:0.24666666666666667
ScriptSettings:0.22333333333333333
ScenarioReaderImpl:0.21333333333333335
OpenRawDialog:0.21333333333333335
OpenRawAction:0.20944444444444443
OpenRawListDialog:0.20666666666666667
ScriptPlugin:0.20666666666666667
ScenarioOptions:0.205
LoadScriptPanel:0.19666666666666666
XULPanel:0.19333333333333333
ScriptEditorListener:0.14333333333333334
ScenarioPlugin:0.14
ValueCell:0.14
