ExecutionContextImpl:0.3233333333333333
ForkContext:0.26048809523809524
DefaultForkHandler:0.2353333333333333
ForkHandlersTest:0.21733333333333335
ActionExecutionTest:0.21
TestForkContextInvocationHandler:0.19211111111111112
