ClientMapTest:0.5183333333333333
ClusterQueueTest:0.3616666666666667
HazelcastTestSupport:0.35
