Namematch:0.8416666666666667
TestNamematch:0.36666666666666664
