UpdateResult:0.5
DeleteResult:0.4533333333333333
MongoCollectionImpl:0.38
UnacknowledgedBulkWriteResult:0.30333333333333334
UnacknowledgedWriteConcernResult:0.20333333333333334
