HazelcastInstance:0.6966666666666667
TransactionManagerService:0.42333333333333334
TxnMapProxy:0.32666666666666666
HazelcastClient:0.27666666666666667
TransactionContextImpl:0.2527777777777778
TransactionImpl:0.22833333333333333
MapTransactionTest:0.22666666666666666
HazelcastInstanceImpl:0.20333333333333334
TransactionQueueTest:0.18333333333333332
HazelcastInstanceProxy:0.18
TransactionManagerServiceImpl:0.17
