AngleBending:0.6633333333333333
StretchBendInteractions:0.32666666666666666
Torsions:0.3233333333333333
