ProviderDefinition:0.49
PetiteBeans:0.44666666666666666
PetiteContainer:0.2966666666666667
PetiteResolvers:0.19
