DriverConductor:0.5583333333333333
EventEncoder:0.4033333333333333
EventLogger:0.36
ClientProxy:0.31
DissectFunction:0.21
EventLogAgent:0.15666666666666668
