RrPolygon:0.5666666666666667
RrCSGPolygon:0.49
RrPolygonList:0.43333333333333335
RrGraphics:0.36333333333333334
