HttpEngine:0.6666666666666666
HttpURLConnectionImpl:0.33666666666666667
Call:0.2
