AspectEdge:0.55
AspectNode:0.5
TypeLabel:0.37
JAttr:0.3262301587301587
Level:0.31666666666666665
LevelIndex:0.2966666666666667
CtrlBuildTest:0.27666666666666667
VariableNode:0.27666666666666667
ValueNode:0.27666666666666667
AspectElement:0.25805555555555554
AspectLabel:0.25666666666666665
LevelMap:0.24
AspectJModel:0.23166666666666666
GraphJVertex:0.22666666666666666
AspectJEdge:0.21666666666666667
AspectParser:0.20666666666666667
DefaultRuleView:0.20333333333333334
GraphJModel:0.20333333333333334
Parameters:0.19166666666666668
JaxbGxlIO:0.19
JVertexView:0.19
ShapeGenerator:0.18
AspectJVertex:0.18
DefaultTypeView:0.15166666666666667
Values:0.04666666666666667
