Utils:0.5233333333333333
TomcatWarDeployer:0.39
JettyWarDeployer:0.37666666666666665
WarLoaderListener:0.18333333333333332
