ProjectionToProjectorVisitor:0.4266666666666667
ColumnIndexWriterProjector:0.30142857142857143
IndexWriterProjector:0.30142857142857143
ShardingUpsertExecutor:0.14
BatchIteratorBackpressureExecutor:0.14
ShardDMLExecutor:0.12083333333333333
IndexWriterProjectorUnitTest:0.11
