IpType:0.815
QueryThenFetchIntegrationTest:0.14666666666666667
IpTypeTest:0.04666666666666667
