ResultHandler:0.45666666666666667
HistoryManager:0.45
CaptureActivity:0.37
URIResultHandler:0.24666666666666667
HistoryClickListener:0.22
