Glyph:0.77
BitmapFontData:0.2966666666666667
BitmapFontWriter:0.22333333333333333
BMFontUtil:0.21333333333333335
