AEDTO:0.54
HL7SendService:0.28
AEModel:0.26666666666666666
AEBean:0.2633333333333333
AEManagerBean:0.2633333333333333
AEService:0.25
AEDelegate:0.15
AENewCtrl:0.11666666666666667
