ObjectViewTopComponent:0.4
ViewScene:0.39666666666666667
ObjectConnectionWidget:0.37
PhysicalConnectionProvider:0.24583333333333332
ViewBuilder:0.23333333333333334
ObjectViewService:0.22861111111111115
