MacOSXDisplay:0.5666666666666667
MacOSXApplicationListener:0.5488888888888889
