MetadataEntityManager:0.7099999999999999
ApplicationEntityManager:0.6622222222222222
