ClientConnection:0.52
ClientClusterServiceImpl:0.4033333333333333
SimpleMapTestFromClient:0.25
ClientAbstractSelectionHandler:0.23
ClusterListenerThread:0.20055555555555554
ClientWriteHandler:0.155
