CameraManager:0.5611111111111111
CaptureActivity:0.47333333333333333
ViewfinderView:0.2966666666666667
CaptureActivityHandler:0.22333333333333333
DecodeHandler:0.13
