MolecularFormulaManipulator:0.8266666666666667
MolecularFormulaManipulatorTest:0.3433333333333333
