ResourceGroupConfigurationManager:0.322
ResourceGroupNameTemplate:0.31
DbSourceExactMatchSelector:0.25666666666666665
ResourceGroupIdTemplate:0.23666666666666666
TestStaticSelector:0.21333333333333335
InternalResourceGroupManager:0.18333333333333332
StaticSelector:0.18
TestFileResourceGroupConfigurationManager:0.14
FileResourceGroupConfigurationManager:0.13111111111111112
DbResourceGroupConfigurationManager:0.11916666666666667
LegacyResourceGroupConfigurationManager:0.11333333333333333
TestDbSourceExactMatchSelector:0.08333333333333333
NameFragment:0.05333333333333334
AbstractResourceConfigurationManager:0.043333333333333335
TestResourceGroupIdTemplate:0.03666666666666667
LegacyResourceGroupConfigurationManagerFactory:0.017777777777777778
