Network:0.46
Keywords:0.45
AbstractXMLDFHandler:0.34
Channel:0.33666666666666667
AbstractBinaryDFHandler:0.29
AbstractWidgetRefHandler:0.2866666666666667
ExtensionManager:0.25333333333333335
TCPProtocol:0.21666666666666667
ProtocolInputDecoder:0.21333333333333335
ConnectionThread:0.18833333333333332
LayerRequest:0.11666666666666667
ARINCLayerNotification:0.06333333333333334
