Robot:0.6466666666666666
AWT:0.52
ComponentRecorder:0.37333333333333335
EventNormalizerTest:0.22111111111111115
DragAwareEventQueue:0.20333333333333337
