Sym:0.5333333333333333
Vertex:0.46
Graphic:0.3933333333333333
Edge:0.2866666666666667
MangoAnnotation:0.26
EdgeSym:0.22666666666666666
BackupAlg:0.19
TrailManager:0.18
UconData:0.17333333333333334
MethodEntrySym:0.14666666666666667
OpenDefinitionMsg:0.11666666666666667
SelectTargetMsg:0.08666666666666667
BlowupChoiceGenerator:0.08333333333333333
