StandaloneOcspResponseGeneratorSessionLocal:0.6666666666666666
TokenAndChainCache:0.6566666666666666
StandaloneOcspResponseGeneratorSessionBean:0.3933333333333333
OcspResponseSessionBean:0.32
