ExtractQueryTermsServiceTests:0.5633333333333334
PercolatorQuerySearchIT:0.415
PercolatorQueryTests:0.18666666666666668
