MapService:0.46
QueryTest:0.4266666666666667
MapTransactionTest:0.28
TransactionalMultiMapProxySupport:0.24666666666666667
TransactionSupport:0.22166666666666668
TransactionalQueueProxy:0.20333333333333334
TransactionalMultiMapProxy:0.17666666666666667
TransactionalSetProxy:0.16666666666666666
TransactionalListProxy:0.16666666666666666
TransactionalQueueProxySupport:0.14333333333333334
TransactionQueueTest:0.07333333333333333
TxnMultiMapTest:0.05333333333333334
