GwtRpcService:0.571888888888889
GwtUIHelper:0.44666666666666666
ContextMenuItem:0.3333333333333333
GwtRpcServiceAsync:0.31437301587301586
GwtRpcServiceImpl:0.2633333333333333
ToolbarItem:0.25333333333333335
ContextItemClickHandler:0.24666666666666667
ListFolderHelper:0.24
ManageMenuPopup:0.19333333333333333
GwtMainPage:0.17666666666666667
WorkspaceTreeHelper:0.09
ProfilesBinderHelper:0.08333333333333333
WebKeys:0.08
