CollisionMesh:0.5441666666666667
CollisionPacket:0.49666666666666665
CollisionDetection:0.31
