GrowableArrayPanel:0.49
SymbolPanel:0.4246666666666667
EditorWidgetTableConstructor:0.34
GrowableTablePanel:0.25
PropertyPanelFactory:0.21333333333333335
