IfHandler:0.2645396825396826
OtherwiseHandler:0.2645396825396826
ChooseHandler:0.1
DynamicCheckerTokenParser:0.05333333333333334
SetHandler:0.013333333333333334
WhereHandler:0.013333333333333334
BindHandler:0.013333333333333334
TrimHandler:0.013333333333333334
ForEachHandler:0.013333333333333334
