StatusLine:0.5433333333333333
BinaryContent:0.4166666666666667
AbstractWrappedDataSpace:0.38333333333333336
HexText:0.3333333333333333
AbstractDataSpaceEditor:0.30333333333333334
AbstractDataSpaceEditorDelegate:0.24666666666666667
DataAreaText:0.24
AbstractMessageFileCompareEditor:0.23833333333333334
TextControlKeyListener:0.23666666666666666
MyMouseAdapter:0.23333333333333334
ModifyListener:0.21333333333333335
HexDataSpaceEditorDelegate:0.20333333333333334
EditorAction:0.19
DecimalDataAreaEditorDelegate:0.17333333333333334
DataSpaceEditorDelegate:0.17142857142857143
CharacterDataAreaEditorDelegate:0.16333333333333333
DataAreaTextStatusChangedListener:0.15333333333333332
TextControlVerifyListener:0.14833333333333334
StatusChangedEvent:0.13666666666666666
StateChangeEvent:0.11946693121693124
ModifyEvent:0.11946693121693124
MyVerifyKeyAdapter:0.11333333333333333
MyTraverseAdapter:0.11333333333333333
MyKeyAdapter:0.08666666666666667
StateChangeListener:0.08
AbstractDataSpaceEditorActionBarContributor:0.07833333333333334
UnsupportedDataAreaEditorDelegate:0.07666666666666666
MySelectionAdapter:0.07
LogicalDataAreaEditorDelegate:0.06666666666666667
StatusLineContributionItem:0.06
AbstractMessageFileCompareEditorActionBarContributor:0.05305555555555555
CopyAction:0.04666666666666667
PasteAction:0.04666666666666667
CutAction:0.03333333333333333
MyMouseMoveListener:0.0033333333333333335
