Rule:0.61
NodeSetEdgeSetGraph:0.35777777777777775
GraphTest:0.31666666666666665
GGraph:0.23666666666666666
EdgeMapGraph:0.23327777777777778
HostGraphMorphism:0.19744444444444442
GraphCreationTest:0.19666666666666666
RegAutCalculator:0.19666666666666666
Level2:0.19333333333333333
