Token:0.5033333333333333
Default:0.315
MethodDescriptionTokenTest:0.20666666666666667
ForJVMMethod:0.20444444444444446
Key:0.19666666666666666
MethodGraphCompilerDefaultTest:0.18333333333333332
ParameterDescriptionTokenTest:0.15
ForJavaMethod:0.12444444444444445
FieldDescriptionTokenTest:0.08333333333333333
