TableManager:0.4766666666666667
Database:0.45
DBConnection:0.31333333333333335
DBConnectionWrapper:0.26666666666666666
DataHolder:0.26
SQLDBConnection:0.12777777777777777
