TextArea:0.19660379
ExtensionManager:0.19371973
TextAreaPainter:0.16179138
FirstLine:0.1234073
DisplayManager:0.122623235
Gutter:0.09994042
TextAreaMouseHandler:0.08233702
JEditBuffer:0.053908736
BufferHandler:0.053312805
ElasticTabStopBufferListener:0.03605461
Chunk:0.02987736
DisplayTokenHandler:0.02931198
TokenMarker:0.02571059
DefaultTokenHandler:0.0176238
Debug:0.013707742
Log:0.01243045
Token:0.007739174
