ActionRequestValidationException:0.35
QueryStringQueryBuilder:0.33
BytesRestResponse:0.2966666666666667
ExceptionSerializationTests:0.2866666666666667
MetaDataIndexTemplateService:0.26666666666666666
JarHellTests:0.25333333333333335
PluginInfo:0.23333333333333334
PluginInfoTests:0.22666666666666666
MetaDataCreateIndexService:0.20666666666666667
MultiSearchRequestTests:0.19
JarHell:0.18666666666666668
BytesRestResponseTests:0.16666666666666666
DetailedExceptionRestChannel:0.15555555555555556
DetailedErrorsEnabledIT:0.09666666666666666
MetaDataIndexTemplateServiceTests:0.02666666666666667
