TextProviderSupportTest:0.5133333333333333
DefaultTextProviderTest:0.36333333333333334
CompositeTextProviderTest:0.35
