FileReadingCollector:0.2733333333333333
BlobDocCollector:0.15
InformationSchemaCollector:0.15
SystemTableCollector:0.15
UnassignedShardsCollector:0.15
SingleBucketBuilder:0.12666666666666668
SimpleOneRowCollector:0.12666666666666668
