AbstractTraversableTest:0.54
TreeSet:0.4766666666666667
RedBlackTree:0.4033333333333333
RedBlackTreeTest:0.35
Traversable:0.30666666666666664
PriorityQueueTest:0.23666666666666666
TreeSetTest:0.17333333333333334
NaturalComparator:0.15444444444444444
TraversableModule:0.06666666666666667
