Store:0.84
TransportNodesListGatewayStartedShards:0.37666666666666665
StoreTest:0.13333333333333333
