Buffer:0.6566666666666666
BufferTest:0.29333333333333333
BufferedSink:0.2678730158730158
BufferedSource:0.2678730158730158
RealBufferedSink:0.22666666666666666
RealBufferedSource:0.18
