ScriptEditor:0.5866666666666667
ComponentTester:0.45666666666666667
ScriptTestCase:0.27
ScriptEditorFrame:0.23666666666666666
ArrowButtonTester:0.2
