DeleteStudyOrder:0.6033333333333334
FileSystemMgt2Service:0.5
FileSystemMgt2Bean:0.34
StudyOnFileSystemBean:0.31333333333333335
DeleteStudyService:0.3
DeleteStudyDelegate:0.02
