DSLContext:0.6466666666666666
ParserImpl:0.5933333333333334
DefaultDSLContext:0.42333333333333334
