MapServiceContext:0.5091666666666667
ExpirationManager:0.4633333333333333
ExpirationManagerTest:0.4
MapServiceContextImpl:0.3933333333333333
ClearExpiredRecordsTask:0.1822222222222222
