Shape:0.8533333333333334
Materialisation:0.30333333333333334
TestShapeGenerator:0.2555555555555556
