PurchaseManager:0.7
PurchaseListener:0.31333333333333335
PayTest:0.22666666666666666
PurchaseManagerAndroidOpenIAB:0.22666666666666666
PurchaseObserver:0.22615079365079369
PurchaseManagerAndroidOUYA:0.22
PurchaseSystem:0.16083333333333333
PurchaseManagerGwtGoogleWallet:0.10833333333333334
PurchaseManageriOSApple:0.10833333333333334
PurchaseManagerDesktopApple:0.10833333333333334
