AbstractVirtualMachine:0.8133333333333334
StackTraceManagerPlugin:0.3
ErrorPlugin:0.23666666666666666
