ApolloDataAdapterI:0.6133333333333333
ChadoInstance:0.48333333333333334
ChadoAdapter:0.43333333333333335
DataInputType:0.43
Apollo:0.41
AnalysisAdapter:0.28
GAMEAdapter:0.24333333333333335
JdbcChadoAdapter:0.22666666666666666
CommandLine:0.21
EnsCGIAdapter:0.20666666666666667
GbrowseAdapter:0.20333333333333334
NavigationBar:0.2
EnsJAdapter:0.19333333333333333
ChadoDatabase:0.18666666666666668
TigrSybilChadoInstance:0.18
AbstractApolloAdapter:0.16666666666666666
InputFileCommandOption:0.16333333333333333
ChadoAdapterGUI:0.15666666666666668
FlybaseChadoInstance:0.13666666666666666
SelfLinker:0.11666666666666667
LocationGAMEPanel:0.11333333333333333
ChromosomeFeatureLocImp:0.09666666666666666
SequenceUtil:0.08333333333333333
InputFormatCommandOption:0.07333333333333333
LocationCommandOption:0.03833333333333333
