RBucket:0.8766666666666667
RedissonBucket:0.44666666666666666
RedissonBucketTest:0.06333333333333334
