DocumentEvent:0.8733333333333333
DocumentListener:0.37333333333333335
