DcmQR:0.7383333333333333
DcmSnd:0.6576666666666667
