CompletionFieldMapper:0.5677777777777777
AnalyzingCompletionLookupProvider:0.36
CompletionSuggestSearchTests:0.32666666666666666
