RuntimeEnvironment:0.52
Configuration:0.4666666666666667
AuthorizationFramework:0.4066666666666667
IAuthorizationPlugin:0.35833333333333334
TestPlugin:0.35833333333333334
AuthorizationFrameworkTest:0.3233333333333333
AuthorizationPluginClassLoader:0.26666666666666666
HttpBasicAuthorizationPlugin:0.215
ProjectHelperTestBase:0.2
RuntimeEnvironmentTest:0.19
SampleAuthorizationPlugin:0.11666666666666667
StackSetup:0.04
TestCase:0.01
