UpdateAllele:0.6366666666666667
AddAllele:0.6366666666666667
