ReferenceSnmpSyncProvider:0.44666666666666666
EntPhysicalSynchronizer:0.43333333333333335
KuwaibaService:0.35333333333333333
WebserviceBeanImpl:0.33
BGPSynchronizer:0.25
IPSynchronizer:0.24666666666666667
EndToEndViewScene:0.19666666666666666
