FieldEditor:0.4166666666666667
charEnumEditor:0.27666666666666667
intEditor:0.17
textEditor:0.16333333333333333
charEditor:0.16333333333333333
