PerformLaboratoryExperiment:0.71
PerformMathematicalModeling:0.24666666666666667
PerformLaboratoryResearch:0.24666666666666667
StudyFieldSamples:0.24666666666666667
PerformLaboratoryExperimentMeta:0.19333333333333333
PerformLaboratoryResearchMeta:0.18666666666666668
PerformMathematicalModelingMeta:0.18666666666666668
StudyFieldSamplesMeta:0.18666666666666668
