TriggerRouter:0.6533333333333333
AbstractSymmetricDialect:0.39666666666666667
TriggerRouterService:0.31666666666666665
DataService:0.26
TriggerRouterServiceSqlMap:0.14777777777777779
TriggerRouterMapper:0.07
