JFXDrawer:0.48133333333333334
JFXDrawersStack:0.3466666666666667
