TickerChannelLongConsumer:0.6011111111111112
TickerChannelFloatConsumer:0.4625555555555555
