Database:0.5833333333333334
DatabaseXmlUtil:0.35
AbstractDdlBuilder:0.2866666666666667
AbstractSymmetricDialect:0.19333333333333333
AbstractJdbcDdlReader:0.18666666666666668
XmlDataReader:0.13
WriterWrapper:0.13
