UnloadVehicleEVA:0.3446666666666667
EnterAirlock:0.2633333333333333
LoadVehicleEVA:0.24300000000000002
ToggleFuelPowerSource:0.2396666666666667
ExitAirlock:0.22366666666666665
ToggleResourceProcess:0.21366666666666664
DigLocalRegolith:0.197
MaintainGroundVehicleEVA:0.197
MaintenanceEVA:0.197
RepairEVAMalfunction:0.197
