RuleJTree:0.47333333333333333
StateJList:0.4066666666666667
MyCellRenderer:0.21666666666666667
MyTreeCellRenderer:0.18333333333333332
