Aligner:0.4166666666666667
DataManager:0.27
AlignerResult:0.24666666666666667
Visitor:0.22611111111111115
AbstractHarvester:0.20666666666666667
GeonetHarvester:0.13
GroupMapper:0.07666666666666666
CategoryMapper:0.07666666666666666
