StringExpression:0.43
PathCondition:0.4266666666666667
SymbolicStringBuilder:0.33666666666666667
StringConstant:0.33666666666666667
StringPathCondition:0.25
BytecodeUtils:0.20333333333333334
StringSymbolic:0.18333333333333332
Helper:0.15333333333333332
StringConstraint:0.15
SymbolicStringHandler:0.11333333333333333
DerivedStringExpression:0.08611111111111112
SymbolicStringConstraintsGeneral:0.049166666666666664
NEW:0.04416666666666667
SpecialIntegerExpression:0.042777777777777776
SpecialRealExpression:0.042777777777777776
IFNONNULL:0.0
IFNULL:0.0
