TemplatesTest:0.5733333333333334
QueryController:0.38
StaticJSModelTest:0.37666666666666665
DynamicJSModelTest:0.26
