H2Test:0.5666666666666667
Keys:0.3333333333333333
Tables:0.2881666666666666
Public:0.2833333333333333
UniqueKeys0:0.011111111111111112
