SQLGenerator:0.49666666666666665
DataBrowserEditor:0.36333333333333334
PaginationDataModel:0.28
SQLEditor:0.2
SQL92SQLGenerator:0.15666666666666668
DataBrowserEditorView:0.11333333333333333
ERDesignerBundle:0.06666666666666668
JDBCUtils:0.04
