NearCacheProvider:0.4533333333333333
NearCacheInvalidatorImpl:0.4066666666666667
MapServiceContextImpl:0.38
NearCacheInvalidator:0.23644444444444446
MapManagedService:0.2
MapRemoteService:0.13
