VisitorFieldValidator:0.43333333333333335
ExpressionValidator:0.30222222222222217
FieldExpressionValidator:0.30222222222222217
ConditionalVisitorFieldValidator:0.26666666666666666
