EffectivePredicateExtractor:0.5233333333333333
Rewriter:0.49
ExpressionUtils:0.26666666666666666
TestEffectivePredicateExtractor:0.20333333333333334
