UiController:0.21333333333333335
AdminServerProperties:0.15333333333333332
AbstractInstancesProxyController:0.14333333333333334
AdminServerWebConfiguration:0.12
AdminServerUiAutoConfiguration:0.1
ReactiveRestApiConfiguration:0.09333333333333334
ServletRestApiConfirguation:0.09333333333333334
SecuritySecureConfig:0.08
ReactiveUiConfiguration:0.07666666666666666
ServletUiConfiguration:0.07666666666666666
