AbstractInteropTest:0.49
TestServiceClient:0.235
MethodHandlers:0.23444444444444448
TestServiceStub:0.23
TestServiceGrpc:0.20333333333333334
TestServiceBlockingStub:0.18666666666666668
TestServiceFutureStub:0.15666666666666668
TestCasesTest:0.14
TestServiceImplBase:0.11666666666666667
