ComponentNode:0.48
ComponentBrowser:0.4066666666666667
ComponentPropertyModel:0.3261111111111111
ComponentReferenceTest:0.24833333333333332
AppClassLoaderTest:0.21555555555555553
ComponentNodeTest:0.19333333333333333
ComponentBrowserTest:0.1
TestComponentBrowser:0.05333333333333334
