HopParser:0.49666666666666665
SodbeansSoundMap:0.31
PrintStepAction:0.2733333333333333
PrintStep:0.165
DFA20:0.1487777777777778
DFA19:0.13544444444444442
