ResourceData:0.84
TestCreole:0.3566666666666667
CreoleXmlHandler:0.30666666666666664
TestGate:0.10444444444444444
