GwtServerHelper:0.6661666666666667
ActivityStreamUIEntry:0.41
ActivityStreamComment:0.30333333333333334
ActivityStreamTopEntry:0.21333333333333335
