ResourcePath:0.44
AndroidManifest:0.4
ResourceExtractor:0.31
AndroidManifestTest:0.28
TestUtil:0.23
SdkEnvironment:0.17333333333333334
ResourceLoaderTest:0.12333333333333334
