LocalEventBusTest:0.37
NetTest:0.27166666666666667
WebsocketTest:0.27166666666666667
ClusteredEventBusTest:0.2
TimerTest:0.2
HttpRequestStreamTest:0.013333333333333334
