IndexShardTests:0.3466666666666667
ElasticsearchDirectoryReader:0.3
CacheFriendlyReaderWrapper:0.25666666666666665
VersionsTests:0.24
ShardUtils:0.21333333333333335
IndexSearcherWrapper:0.19
AbstractFieldDataTestCase:0.16333333333333333
ElasticsearchLeafReader:0.13
