SubmitWizard:0.5233333333333333
SubmitJob:0.49333333333333335
