KuwaibaService:0.505
LocalFileObjectLight:0.42
ObjectFactory:0.4033333333333333
CommunicationsStub:0.23666666666666666
AttachmentsTopComponent:0.21666666666666667
FileObjectNode:0.2
TaskNode:0.16666666666666666
DownloadAttachmentAction:0.10333333333333333
UpdateFileProperties:0.08666666666666667
Constants:0.08
UpdateFilePropertiesResponse:0.023888888888888887
