ParentChildInnerHits:0.44666666666666666
InnerHitsParseElement:0.25666666666666665
HasParentQueryParser:0.17333333333333334
HasChildQueryParser:0.13
InnerHitsTests:0.08666666666666667
