SQLConverter:0.4633333333333333
Metadata:0.39666666666666667
MetaDataTest:0.3
UcanaccessDatabaseMetadata:0.29333333333333333
CrudTest:0.26
UcanaccessDriver:0.25333333333333335
UcanaccessTestBase:0.22666666666666666
DBReference:0.22666666666666666
TablesLoader:0.21
Persist2Jet:0.2
UcanaccessResultSetMetaData:0.18
Pivot:0.14666666666666667
NoRomanCharacterTest:0.14333333333333334
MemoryTest:0.12666666666666668
DDLCommandEnlist:0.12333333333333334
CreateTableCommand:0.09388888888888888
RomanCharacterTest:0.06333333333333334
DisableAutoIncrementTest:0.043333333333333335
ConcatTest:0.006666666666666667
