JPF_gov_nasa_jpf_complexcoverage_Debug:0.5633333333333334
StartJPFManager:0.51
ASWMainClass:0.12666666666666668
EvaluateParallelGeneration:0.05333333333333334
