JmxTableHandle:0.48
JmxMetadata:0.3566666666666667
JmxRecordSetProvider:0.22666666666666666
JmxQueryRunner:0.2188888888888889
JmxConnectorFactory:0.17666666666666667
JmxConnectorTests:0.16666666666666666
TestJmxQueries:0.13
TestJmxMetadata:0.07666666666666666
TestJmxSplitManager:0.05
