Scans:0.605
ScansTest:0.23333333333333334
LocalResourceScan:0.23
AbstractResourceScan:0.18333333333333332
