EventConstants:0.45666666666666667
EventUtils:0.44666666666666666
TroubleTicketer:0.3333333333333333
TicketerServiceLayer:0.2941111111111111
DefaultTicketerServiceLayer:0.23333333333333334
DefaultTroubleTicketProxy:0.19666666666666666
