ExecutionPlanner:0.35333333333333333
TestQueries:0.31666666666666665
Analyzer:0.19333333333333333
Visitor:0.19
RelationAnalyzer:0.16
StaticQueryManager:0.12333333333333334
AbstractSqlBenchmark:0.12
StatementAnalyzer:0.11333333333333333
AnalysisContext:0.08666666666666667
SplitWorker:0.08333333333333333
SqlQueryWorker:0.08333333333333333
ExpressionAnalyzer:0.08
FragmentPlanner:0.07333333333333333
AggregateAnalyzer:0.04
