StorageBean:0.2833333333333333
ContentEditBean:0.2833333333333333
SeriesBean:0.24666666666666667
InstanceBean:0.23333333333333334
StudyBean:0.21666666666666667
