TransportSQLActionTest:0.779388888888889
Context:0.3127777777777778
