CleanupService:0.5333333333333333
Value:0.51
Timestamp:0.33666666666666667
Invalidation:0.26
IMapRegionCache:0.15333333333333332
RegionCache:0.13444444444444442
HazelcastEntityRegion:0.10222222222222221
HazelcastCollectionRegion:0.10222222222222221
LocalRegionCache:0.04
TimestampsRegionCache:0.013333333333333334
