TokenImpl:0.5133333333333333
PersistenceSession:0.46366666666666667
ExecutionService:0.45366666666666666
ExecutionServiceImpl:0.37333333333333335
VariableInstanceImpl:0.36666666666666664
StateImpl:0.2633333333333333
HibernateSession:0.24333333333333335
EnumType:0.22166666666666668
ActionImpl:0.21916666666666668
ExecutionContextImpl:0.20333333333333334
DefaultHibernateSessionFactory:0.18666666666666668
ProcessStateImpl:0.15
MilestoneImpl:0.13666666666666666
EndStateImpl:0.12333333333333334
