SpectrumResource:0.4666666666666667
SpectrumMetadataView:0.31
MetadataUtils:0.2277777777777778
JCampLabelProvider:0.22111111111111115
CMLValidationAction:0.20666666666666667
JcampToCMLSpectrumMapper:0.20277777777777778
PeakCellModifier:0.19333333333333333
CMLResource:0.17333333333333334
JCampEditCellModifier:0.16916666666666666
