AeronArchive:0.75
ClusteredServiceAgent:0.37666666666666665
SequencerAgent:0.3433333333333333
