RecordDataObject:0.7009444444444445
NodeRecord:0.4166666666666667
SarosSXETransmitter:0.25777777777777783
WhiteboardManager:0.24876190476190477
WhiteboardEditor:0.24
BlockableGraphicalEditor:0.18666666666666668
SXEPacketFilter:0.17400000000000002
SarosPermissionsGraphicalEditor:0.09
SetRecordDataObject:0.016666666666666666
