FluentParserContext:0.67
FlowModelFlowBuilder:0.25666666666666665
FlowTests:0.23
BindingModel:0.18783333333333332
ELExpressionParserTests:0.18333333333333332
MvcView:0.17
JsfViewFactoryTests:0.16333333333333333
OgnlExpressionParserTests:0.16333333333333333
WebFlowOgnlExpressionParserTests:0.15
WebFlowELExpressionParserTests:0.15
EndStateTests:0.14666666666666667
TextToTransitionCriteria:0.11666666666666667
JsfFinalResponseActionTests:0.11333333333333333
TextToTargetStateResolver:0.11333333333333333
