TransformerChain:0.39666666666666667
ClassTransformer:0.33666666666666667
ExampleTransformer:0.2733333333333333
AbstractClassGenerator:0.25666666666666665
TestTransformingLoader:0.24333333333333335
EmittingTransformer:0.19
AbstractLoader:0.14333333333333334
TransformingGenerator:0.14
