GeneratorKeys:0.5433333333333333
InjectAdapterProcessor:0.34
ModuleAdapterProcessor:0.30333333333333334
GraphAnalysisProcessor:0.25666666666666665
BuildLogValidator:0.12666666666666668
