SequenceI:0.5541666666666667
Exon:0.4266666666666667
GAMEAdapter:0.3233333333333333
AbstractSequence:0.3
GenomicRange:0.24
DrawableGeneSeqFeature:0.17333333333333334
