FactoryImpl:0.5622222222222222
ListenerManager:0.4927777777777778
OutRunnable:0.48333333333333334
