DBCursor:0.5766666666666667
DBCollection:0.36
MyCollection:0.2966666666666667
