Glove:0.63
Word2VecPerformer:0.37666666666666665
GlovePerformer:0.29833333333333334
