DefaultAbstrGraph:0.6066666666666667
AbstrGraphCreator:0.43
TestingTransforming:0.3433333333333333
