ListTypeManagerTopComponent:0.47333333333333333
DeviceLayoutsTopComponent:0.47333333333333333
DeviceLayoutChildren:0.23666666666666666
ListTypeChildren:0.22333333333333333
DeviceLayoutsRootNode:0.18333333333333332
