OracleDataStore:0.5572222222222223
PostgresDataStore:0.37916666666666665
