TestLeftRecursion:0.6833333333333333
TestListeners:0.44333333333333336
