RecordStore:0.8933333333333333
DefaultRecordStore:0.37
IndexService:0.23333333333333334
MapReplicationOperation:0.21333333333333335
RecordStoreTest:0.17333333333333334
MapSplitBrainHandlerService:0.11666666666666667
