AbstractClassAgent:0.42
DefaultMirrorFactory:0.30333333333333334
AsmClassAgent:0.2755555555555555
Pair2:0.1517063492063492
Pair:0.1517063492063492
ClassAgent:0.11
