MultiLayerNetwork:0.6266666666666667
GravesLSTM:0.38
GRU:0.27
BaseRecurrentLayer:0.17333333333333334
