ReaperFuture:0.43666666666666665
PerRequestTimeoutTest:0.4
GrizzlyPerRequestTimeoutTest:0.19666666666666666
NettyPerRequestTimeoutTest:0.14333333333333334
