PageRequest:0.8588888888888888
DbPager:0.39666666666666667
