TomcatJsp:0.5966666666666667
TagExceptionServlet:0.4166666666666667
