ReferenceMap:0.45
Parameter:0.2997619047619048
ConfigurationException:0.25038888888888894
InjectionPoint:0.24666666666666667
ConstructorInjector:0.2
ReferenceCache:0.18833333333333332
Strings:0.14
BoundProviderFactory:0.135
UniqueAnnotations:0.013333333333333334
