MapProxySupport:0.43666666666666665
WanReplicationTest:0.35333333333333333
EvictionTest:0.32
MapEvictAllTest:0.31
WanReplicationServiceImpl:0.2833333333333333
