User:0.5833333333333334
FolderEntryBrief:0.4266666666666667
BaseService:0.29333333333333333
WsDomTreeBuilder:0.2833333333333333
TrashBrief:0.18333333333333332
DefinableEntity:0.08333333333333333
