ImpFormatRow:0.4533333333333333
MPriceListVersion:0.39666666666666667
MPriceList:0.38333333333333336
ImportListPrice:0.2966666666666667
