EXT_robustness:0.6766666666666666
EXT_debug_label:0.6766666666666666
EXT_debug_marker:0.605
EXT_texture_storage:0.5533333333333333
EXT_occlusion_query_boolean:0.21777777777777782
EXT_separate_shader_objects:0.21
EXT_multisampled_render_to_texture:0.006666666666666667
EXT_sRGB:0.0
NV_EGL_stream_consumer_external:0.0
EXT_texture_rg:0.0
EXT_color_buffer_half_float:0.0
EXT_shadow_samplers:0.0
