VirtualFileSystem:0.6333333333333333
AbstractDAVServlet:0.4166666666666667
DAVStore:0.3661111111111111
VFSDAVStore:0.3233333333333333
VFSPropFindResponse:0.15
