Util:0.5066666666666667
PEView:0.32
StfTestCase:0.26
IInternal:0.22166666666666668
IPEView:0.20833333333333334
SVNStateInitializationTest:0.20666666666666667
FolderOperationsTest:0.15
InviteAndLeaveStressTest:0.10333333333333333
InternalImpl:0.07333333333333333
InternalTest:0.03333333333333333
GeneratingInputStream:0.006666666666666667
