Http2NettyLocalChannelTest:0.5466666666666666
Http2NettyTest:0.5466666666666666
Tester:0.22277777777777777
