List:0.6966666666666667
Store:0.6266666666666667
NodeGatewayStartedShards:0.25
TestFetch:0.24083333333333334
AsyncShardFetchTests:0.21666666666666667
AsyncShardFetch:0.2
Request:0.17333333333333334
NodeRequest:0.17
TransportNodesListGatewayStartedShards:0.12
TransportNodesListShardStoreMetaData:0.10666666666666667
TransportIndicesShardStoresAction:0.10666666666666667
InternalReplicaShardAllocator:0.08666666666666667
InternalPrimaryShardAllocator:0.08666666666666667
RecoveryFromGatewayIT:0.06
AsyncShardStoresInfoFetches:0.04
