HtmlPage:0.7866666666666666
HtmlPageTest:0.3433333333333333
HtmlPageTest2:0.18666666666666668
