ValuePoolHashMap:0.0813579
BaseHashMap:0.010621883
