FileStatusCallback:0.6470555555555556
AsyncRecursiveWalker:0.54
TestAsyncRecursiveWalker:0.36333333333333334
HiveSplitIterable:0.25
MockFileStatusCallback:0.08
