ObjectKeys:0.66
AbstractAdminModule:0.45666666666666667
WorkflowProcessUtils:0.31666666666666665
ManageSearchIndexController:0.16
ConfigureRolesController:0.15333333333333332
Constants:0.08666666666666666
