HazelcastHttpSession:0.6866666666666666
WebFilter:0.425
LocalCacheEntry:0.26666666666666666
