BatchPresentation:0.5666666666666667
ProfileDAO:0.5433333333333334
Profile:0.53
ProfileFactory:0.32
ProfileLogic:0.16666666666666666
TaskClassPresentation:0.14
ProfileDAOHibernateImpl:0.09
