Pointer:0.6
Loader:0.51
Generator:0.2633333333333333
AdapterTest:0.21666666666666667
IndexerTest:0.19666666666666666
PointerTest:0.1311111111111111
