Parameter:0.4033333333333333
Module:0.3566666666666667
Server:0.35
Configuration:0.2833333333333333
SQLUtilityImpl:0.23
Rebuild:0.20333333333333334
ServerUtility:0.2
SQLUtility:0.2
ServerConfiguration:0.19333333333333333
SQLRebuilder:0.18666666666666668
ResourceIndexRebuilder:0.18333333333333332
Parameterized:0.18333333333333332
RebuildServer:0.17666666666666667
RebuildDOManager:0.13333333333333333
DatastoreConfig:0.10666666666666667
