RmiSWTWorkbenchBot:0.48
IRmiSWTWorkbenchBot:0.4372222222222223
Musician:0.36666666666666664
SarosRmiSWTWorkbenchBot:0.23666666666666666
RmiTest:0.22333333333333333
