ParserATNSimulator:0.5466666666666666
ANTLRErrorListener:0.34
BaseErrorListener:0.2896666666666667
ProxyErrorListener:0.17
SummarizingDiagnosticErrorListener:0.12666666666666668
DiagnosticErrorListener:0.08
