Platform:0.6738888888888889
SchemaModifier:0.3466666666666667
Generic:0.23
PlatformDelegate:0.23
SchemaModifierTest:0.15666666666666668
DatabaseSource:0.09333333333333334
SQLite:0.09
