Heritrix:0.5433333333333333
CrawlController:0.5366666666666666
Processor:0.3466666666666667
Postselector:0.2
FetchHTTP:0.19666666666666666
