RemoteWorkbenchBot:0.47
BuddiesByAliceBobTest:0.29333333333333333
MenuSarosByAliceBobTest:0.20333333333333334
IsShellClosed:0.17
