Gate:0.8133333333333334
GateConstants:0.25594227994228
