ShadowIntent:0.7488888888888889
ShadowAlarmManager:0.4522222222222223
AlarmManagerTest:0.21333333333333335
