BaseSetup:0.6033333333333334
Setup:0.5033333333333333
GenericProcessLauncher:0.21333333333333335
TestJPPFClient:0.20666666666666667
JMXHandler:0.18222222222222223
AbstractNonStandardSetup:0.16333333333333333
JPPFTestRunner:0.15333333333333332
JMXThreadsRunner:0.11
AbstractSetupOfflineNode:0.09333333333333334
