StatementGenerator:0.53
StatementGeneratorTest:0.43666666666666665
AutoboxerTest:0.24333333333333335
UnsequencedExpressionRewriterTest:0.22333333333333333
AssertTest:0.07
