HiveColumnHandle:0.44333333333333336
HiveUtil:0.4066666666666667
TestHiveIntegrationSmokeTest:0.31
