HopLexer:0.4533333333333333
HopSymbolTableWalker:0.4166666666666667
HopParser:0.3793333333333333
DFA27:0.14333333333333334
