Compiled:0.6583333333333333
FlatDynamicTypeBuilder:0.3466666666666667
RebaseInstrumentationTarget:0.29333333333333333
MethodRegistryDefaultTest:0.2733333333333333
SubclassDynamicTypeBuilder:0.24333333333333335
