ConfigurationProcessor:0.5988888888888888
BeanShadowingTests:0.27666666666666667
Second:0.16777777777777778
