ConfigurationManagerTest:0.29333333333333333
SimpleActionValidationTest:0.29333333333333333
ContainerImplTest:0.27666666666666667
