FunctionInliner:0.45666666666666667
FunctionCall:0.44333333333333336
MqlSqlWalker:0.43066666666666664
