InjectProcessor:0.4766666666666667
ProvidesProcessor:0.3933333333333333
FullGraphProcessor:0.34
