FunctionCall:0.5466666666666666
ExpressionInterpreter:0.43
RewritingVisitor:0.2966666666666667
TestStatementBuilder:0.18666666666666668
