InGameController:0.5866666666666667
NativeAIPlayer:0.2966666666666667
NetworkConstants:0.28977777777777775
EuropeanAIPlayer:0.2733333333333333
