TriggerHistory:0.5433333333333333
TriggerRouterService:0.4533333333333333
ITriggerRouterService:0.35
