ISwimlaneElementListener:0.62
SwimlaneElement:0.47333333333333333
LDAPServerSettingsPage:0.25666666666666665
DesignerSwimlaneEditorPageNew:0.24666666666666667
SwimlaneGroupElement:0.245
ConnectionSettingsWizard:0.23
ConnectionSettingsDialog:0.20333333333333334
ExternalEditorDialog:0.19
SwimlaneManualElement:0.17
SwimlaneWFGroupElement:0.09666666666666666
SwimlaneWFElement:0.056666666666666664
SwimlaneOrgElement:0.04
RunaWFESettingsPage:0.03333333333333333
SwimlaneADElement:0.02666666666666667
