AbstractRubyScanner:0.3933333333333333
RubyEditorColoringConfigurationBlock:0.32
PreferenceConstants:0.21333333333333335
PreferencesMessages:0.19026984126984126
HighlightingColorListItem:0.18666666666666668
SemanticHighlightingColorListItem:0.056666666666666664
