HashMap:0.42333333333333334
HashSet:0.42333333333333334
List:0.37
Iterator:0.28
SerializationProxy:0.19333333333333333
HashMapTest:0.18333333333333332
