ParserFactory:0.43
RuleFunction:0.39361111111111113
BaseTreeAdaptor:0.33666666666666667
DefaultOutputModelFactory:0.26
OutputModelController:0.25
CodeGenerator:0.24
MatchToken:0.23
TreeAdaptor:0.19416666666666665
CodeGeneratorExtension:0.15666666666666668
ParserASTExtension:0.04
