MapContainer:0.6025
EvictionMaxSizePolicyTest:0.4066666666666667
EvictionCheckerImpl:0.4033333333333333
IndexIntegrationTest:0.14
