FolderEntry:0.6422222222222222
MultipleWorkflowSupport:0.3516111111111111
SingletonWorkflowSupport:0.27161111111111114
