JSONReader:0.7666666666666667
JSONWriter:0.39666666666666667
