RequestBeanLoader:0.24333333333333335
MultipartRequestBeanLoader:0.24333333333333335
MultipartRequestWrapperBeanLoader:0.23666666666666666
BaseBeanLoader:0.22
SessionBeanLoader:0.12666666666666668
ServletContextBeanLoader:0.12666666666666668
RequestParamBeanLoader:0.12666666666666668
MapBeanLoader:0.10666666666666667
ResultSetBeanLoader:0.10666666666666667
