FileSystemMgtService:0.61
FileSystemDTO:0.3616666666666667
FileSystemMgtBean:0.30333333333333334
FileSystemBean:0.2966666666666667
