RecordStatistics:0.5513333333333333
AbstractRecord:0.3433333333333333
RecordInfo:0.33
ObjectRecordFactory:0.28
OffHeapRecord:0.23333333333333334
DataRecord:0.23333333333333334
