Vector2:0.62
Quaternion:0.5433333333333333
Matrix3:0.44083333333333335
