ScriptEngineService:0.7066666666666667
ScriptService:0.39
ScriptChangesListener:0.23
TestEngineService:0.21361111111111114
CacheKey:0.20666666666666667
Node:0.16833333333333333
ScriptCacheRemovalListener:0.14
ScriptServiceTests:0.11333333333333333
IndexedScript:0.07333333333333333
OnDiskScriptTests:0.056666666666666664
ApplySettings:0.043333333333333335
