Vtor:0.5448333333333333
ProfileTest:0.29333333333333333
Too:0.0
