EncodingUtils:0.86
BaseStringCipherExecutor:0.38666666666666666
EncodingUtilsTests:0.14666666666666667
