AbstractInteropTest:0.5991666666666666
LogExceptionRunnable:0.39666666666666667
ServerStreamListenerImpl:0.37
