NumberLinesEmitter:0.42
CalloutEmitter:0.29800000000000004
ColumnScanEmitter:0.2833333333333333
Table:0.255
Verbatim:0.23666666666666666
Params:0.19580952380952382
FormatUnicodeCallout:0.19333333333333333
