ClusterUtils:0.41
Distributions:0.3630952380952381
GradientCheckUtil:0.24
ConvolutionUtils:0.16166666666666665
DataSets:0.16166666666666665
GraphLoader:0.12916666666666668
GraphVectorSerializer:0.04
ComputationGraphUtil:0.04
Dropout:0.02666666666666667
ByteUtil:0.0
DeepLearningIOUtil:0.0
EnumUtil:0.0
ArchiveUtils:0.0
ImageRender:0.0
DistributedDeepLearningTrainer:0.0
