Executor:0.5933333333333334
JDBCHistoryCache:0.4766666666666667
FileHistoryCache:0.25666666666666665
Indexer:0.18666666666666668
