AdaGrad:0.5266666666666666
RBM:0.3566666666666667
NeuralNetworkOptimizer:0.34
DenoisingAutoEncoder:0.3333333333333333
