Options:0.6933333333333334
PackagePrefixes:0.3466666666666667
TypeGenerator:0.33
PackagePrefixesTest:0.25666666666666665
