_PropsLexer:0.5766666666666667
PropsParser:0.3
PropsParserDefinition:0.20666666666666667
PropsElementTypes:0.14622222222222223
PropsTokenTypes:0.14622222222222223
PropsSyntaxHighlighter:0.013333333333333334
