EquationSystem:0.39666666666666667
Materialisation:0.3233333333333333
MultVar:0.13
EdgeSigMultVar:0.10666666666666667
EdgeBundle:0.10666666666666667
EdgeMultVar:0.10666666666666667
