Subscription:0.54
ClientConductor:0.36
SubscriptionTest:0.31666666666666665
Context:0.2733333333333333
Aeron:0.25333333333333335
