SelectAnalyzerTest:0.5877777777777777
Context:0.4166666666666667
StatementAnalyzer:0.25333333333333335
PrimaryKeyVisitor:0.25
KeyBucket:0.07416666666666667
