BuildingConfig:0.4766666666666667
Cooking:0.35333333333333333
HotMeal:0.325
Crop:0.26666666666666666
EatMeal:0.19333333333333333
PreparingDessert:0.18
