PartitionedOutputOperator:0.8177777777777778
PartitionedOutputOperatorFactory:0.4066666666666667
TaskManagerConfig:0.3433333333333333
PageBuilder:0.32666666666666666
LocalExecutionPlanner:0.23666666666666666
PagePartitioner:0.18194444444444444
TestTaskManagerConfig:0.13666666666666666
PartitionedOutputFactory:0.07333333333333333
