XKMSProvider:0.4
KRSSResponseGenerator:0.25333333333333335
RevokeResponseGenerator:0.2
ReissueResponseGenerator:0.15666666666666668
RegisterResponseGenerator:0.09
RecoverResponseGenerator:0.08333333333333333
