HardTokenSessionBean:0.43333333333333335
ProfileID:0.35
CertificateProfileSessionBean:0.2113888888888889
RoleManagementSessionBean:0.20805555555555558
EndEntityProfileSessionBean:0.20805555555555558
ProfileIDTest:0.12
