IOSApplication:0.44666666666666666
IOSGraphics:0.43
BufferUtils:0.28
IOSUIViewController:0.07
IOSApplicationConfiguration:0.011111111111111112
