Articles:0.8066666666666666
ListUtils:0.5011111111111112
