Setting:0.8033333333333333
MulticastZenPing:0.45666666666666667
SettingTests:0.19
MulticastDiscoveryPlugin:0.13333333333333333
