AtmosphereResource:0.5466666666666666
AtmosphereFramework:0.47
AtmosphereInterceptor:0.42866666666666664
AsynchronousProcessor:0.2833333333333333
AtmosphereInterceptorTest:0.25666666666666665
DefaultAnnotationProcessor:0.15333333333333332
SSEAtmosphereInterceptor:0.12
JSONPAtmosphereInterceptor:0.08666666666666667
SocketIOAtmosphereInterceptor:0.085
MessageLengthInterceptor:0.056666666666666664
ApplicationConfig:0.02666666666666667
