XRecyclerView:0.7183333333333334
CustomFragment:0.38333333333333336
