DBTableModel:0.30001706
DBRecordPanel:0.111178026
DBTable:0.07028967
DBView:0.055012118
DBRecordDialog:0.038386393
DBException:0.010424728
