ParallelPair:0.5733333333333334
CriticalPair:0.5283333333333333
TestDeleteUseWithAttributes:0.12333333333333334
