LikeOperator:0.4066666666666667
IsNullPredicate:0.30666666666666664
OrOperator:0.2816666666666667
AndOperator:0.2816666666666667
NotPredicate:0.27666666666666667
AbsFunction:0.14
CmpOperator:0.12333333333333334
