Dialog:0.6622222222222222
BeanPanel:0.5566666666666666
EditNote:0.3566666666666667
