TXLog:0.9166666666666666
BasicBlobStoreSession:0.43666666666666665
TXLogEntry:0.17666666666666667
SimpleTXLog:0.14333333333333334
TXLogManager:0.13
FileTXLogManager:0.03333333333333333
TXLogEntryIterator:0.02666666666666667
