BdbFrontier:0.5733333333333334
BdbMultiQueue:0.30666666666666664
BdbFrontierMarker:0.23
