NumberingRule:0.6166666666666667
Rule2dot1:0.24666666666666667
