ResourcesTest:0.5066666666666667
ShadowDevicePolicyManager:0.45666666666666667
ShadowResourcesTest:0.43666666666666665
ShadowDevicePolicyManagerTest:0.18666666666666668
