DeploymentGroup:0.46
ZooKeeperMasterModel:0.4266666666666667
Builder:0.30333333333333334
DeploymentGroupResource:0.14
DeploymentGroupInspectCommand:0.11666666666666667
