Util:0.47333333333333333
RubyProject:0.42333333333333334
RubyModelManager:0.36333333333333334
RubyCore:0.33066666666666666
IndexManager:0.24666666666666667
