GwtClientHelper:0.78
ActivityStreamTopEntry:0.27777777777777773
ContentControl:0.2733333333333333
ActivityStreamUIEntry:0.24
