HopClassDescriptor:0.47
HopFileDescriptor:0.23666666666666666
CompilerMethodDescriptor:0.20333333333333334
CompilerFileDescriptor:0.10333333333333333
CompilerClassDescriptor:0.07666666666666666
