MapItemListRenderer:0.32666666666666666
DefaultProcessingListener:0.2
BlinkingContainerRenderer:0.2
ApplyScriptAction2Test:0.16333333333333333
ApplyScriptAction3Test:0.16333333333333333
ApplyScriptActionTest:0.16333333333333333
ServerApplet3Test:0.07666666666666666
