ResourceLoader:0.6166666666666667
PackageResourceLoader:0.33666666666666667
XmlFileLoader:0.31666666666666665
XmlFileLoaderTest:0.29333333333333333
ShadowResources:0.26
RoutingResourceLoader:0.21666666666666667
