BsonBinaryWriter:0.5433333333333333
LevelCountingBsonWriter:0.3933333333333333
AbstractBsonWriter:0.29333333333333333
RequestMessage:0.2
ElementExtendingBsonWriter:0.17333333333333334
CommandMessage:0.16666666666666666
BsonBinaryWriterTest:0.10666666666666667
BsonHelper:0.07
SplittablePayloadBsonWriter:0.05
