ChildQuerySearchIT:0.4766666666666667
HasParentQueryParser:0.32033333333333336
ChildSearchBenchmark:0.249
HasChildQueryParser:0.22333333333333333
HasChildQueryBuilder:0.20666666666666667
ChildSearchShortCircuitBenchmark:0.14666666666666667
HasParentQueryBuilder:0.085
