Chatroom:0.5633333333333334
IChatroom:0.235
ContextMenusInBuddiesArea:0.20666666666666667
CreateSameFileAtOnceTest:0.18333333333333332
AddJIDToChatTest:0.15
IContextMenusInBuddiesArea:0.09916666666666667
