BookCustomFragment:0.5433333333333333
BookAdapter:0.5183333333333333
