InheritanceState:0.4666666666666667
AnnotationBinder:0.27
BinderHelper:0.26
AnnotationConfiguration:0.26
ClassPropertyHolder:0.22
EntityBinder:0.19688888888888886
