BatchNormalization:0.6166666666666667
BatchNormalizationTest:0.2833333333333333
BatchNormalizationParamInitializer:0.28
MultiLayerTest:0.24666666666666667
ConvolutionLayerSetup:0.21666666666666667
