Workbench:0.5116666666666667
View:0.38
ViewDockable:0.21666666666666667
Menu:0.21333333333333335
GedcomDockable:0.19666666666666666
WorkbenchPane:0.19666666666666666
Toolbar:0.19666666666666666
WorkbenchAction:0.19333333333333333
WorkbenchAdapter:0.19333333333333333
StatusBar:0.17666666666666667
ReportPlugin:0.16333333333333333
LayoutPlugin:0.12666666666666668
