ReportValidate:0.6133333333333333
TestLeftover:0.4633333333333333
