QueueContainer:0.5733333333333334
QueueService:0.4066666666666667
TxnReservePollOperation:0.31
TxnReserveOfferOperation:0.25333333333333335
QueueDataSerializerHook:0.21
TransactionalQueueProxySupport:0.17
