PartitionedLookupSourceFactory:0.5266666666666666
HashBuilderOperator:0.52
HashBuilderOperatorFactory:0.25333333333333335
HashSemiJoinOperatorFactory:0.24
