FFmpegFrameGrabber:0.7541666666666667
FFmpegFrameRecorder:0.44666666666666666
