Map:0.5938888888888889
HashMap:0.47
SortedMap:0.2833333333333333
ComparableMethod:0.26
