FluxSceneBuilder:0.5866666666666667
GPUFluxLightModel:0.37
FluxSensor:0.32666666666666666
FluxParallelLight:0.15666666666666668
