BootstrapService:0.5716666666666667
SimpleIntegrationTest:0.37666666666666665
AbstractEmbeddedTrigger:0.3433333333333333
IBootstrapService:0.22166666666666668
