Function:0.4766666666666667
AdminModuleImpl:0.4533333333333333
BinderHelper:0.32
FunctionManagerImpl:0.16
ConfigureRolesController:0.14666666666666667
