HtmlFormCredential:0.7666666666666667
Rfc2617Credential:0.6466666666666666
