CastResolver:0.33
TreeUtil:0.26666666666666666
EnumConstantDeclaration:0.24333333333333335
ConstructorInvocation:0.24333333333333335
ClassInstanceCreation:0.23666666666666666
SuperConstructorInvocation:0.19666666666666666
