NavpointMapLayer:0.8933333333333333
NavpointPanel:0.38333333333333336
