StepParser:0.49
SplitState:0.18333333333333332
FlowParser:0.17277777777777778
SplitParser:0.16833333333333333
DecisionParser:0.16111111111111112
FlowJobTests:0.10666666666666667
EndState:0.06666666666666667
AbstractState:0.06333333333333334
StopJobParserTests:0.03666666666666667
