OtherPersonBase:0.6586666666666667
PluralAttributePath:0.49666666666666665
SuperclassCollectionTest:0.46
PersonBaseBase:0.40944444444444444
PersonBase:0.07666666666666666
