ComponentRecorder:0.6797222222222223
AbstractSemanticRecorderTest:0.3988888888888889
