DefaultTypeInferrer:0.4533333333333333
CompletionEngine:0.44666666666666666
ExternalRubyScript:0.19333333333333333
ExternalSourceFolder:0.14333333333333334
