PrintableResult:0.6233333333333333
WithOnlyTestAnnotations:0.35333333333333333
ResultMatchers:0.28
