Context:0.6533333333333333
ContextFactory:0.34
Arguments:0.3144444444444444
IRFactory:0.29
ArgumentsTest:0.17
WriteReadOnlyPropertyTest:0.14
FunctionNullSetTest:0.115
