MethodHandlers:0.32666666666666666
TestServiceImplBase:0.17666666666666667
BenchmarkServiceGrpc:0.16666666666666666
MetricsServiceGrpc:0.16666666666666666
LoadBalancerGrpc:0.16666666666666666
TestServiceGrpc:0.16666666666666666
ReconnectServiceGrpc:0.16666666666666666
UnimplementedServiceGrpc:0.16666666666666666
WorkerServiceImplBase:0.16666666666666666
HealthGrpc:0.16666666666666666
WorkerServiceGrpc:0.16666666666666666
BenchmarkServiceImplBase:0.13333333333333333
MetricsServiceImplBase:0.13333333333333333
ReconnectServiceImplBase:0.13333333333333333
LoadBalancerImplBase:0.12333333333333334
UnimplementedServiceImplBase:0.12333333333333334
HealthImplBase:0.12333333333333334
