RuleKey:0.63
QedeqNotNullTraverser:0.31333333333333335
Qedeq2LatexExecutor:0.2833333333333333
ModuleLabelsCreator:0.27666666666666667
Qedeq2UnicodeVisitor:0.25333333333333335
ChangedRuleHandler:0.24
QedeqVoBuilder:0.22500000000000006
ModuleLabels:0.21333333333333335
ControlVisitor:0.18333333333333332
WellFormedCheckerExecutor:0.17722222222222223
