Simulation:0.5366666666666666
MarsProject:0.39666666666666667
MainWindow:0.37333333333333335
SimulationConfigEditor:0.264
SplashWindow:0.18
