Action:0.39666666666666667
RuleFunction:0.37333333333333335
OutputModelFactory:0.355
BlankOutputModelFactory:0.26666666666666666
OutputModelController:0.21333333333333335
ParserFactory:0.20666666666666667
ParserFile:0.18733333333333335
LexerFile:0.15333333333333332
SemPred:0.09666666666666666
ArgAction:0.013333333333333334
