ValueType:0.8133333333333334
ValueTypeComposer:0.37
TypeIntrospectionBase:0.31666666666666665
