SpectralLight:0.63
Type:0.5733333333333334
Legend:0.29333333333333333
