TriangleContext:0.49333333333333335
Triangle:0.4533333333333333
TriangleDouble:0.39
InterfaceProperties:0.19666666666666666
RelatedPoint:0.15666666666666668
