TrainingWorker:0.6333333333333333
TrainingMaster:0.6233333333333333
ParameterAveragingTrainingWorker:0.4066666666666667
ParameterAveragingTrainingMaster:0.39666666666666667
Builder:0.18666666666666668
