AbstractTestQueries:0.4633333333333333
Visitor:0.32666666666666666
AbstractTestIndexedQueries:0.2866666666666667
Rewriter:0.2866666666666667
