HttpRequestInfo:0.6687777777777778
ProfileAttributeWidget:0.5736666666666667
