QueryInfo:0.7046666666666667
TaskInfo:0.47333333333333333
StageInfo:0.4683333333333333
SqlQueryExecution:0.29
TaskInfoFetcher:0.2833333333333333
HttpRemoteTask:0.23666666666666666
Query:0.18666666666666668
