MaxSizeConfig:0.7066666666666667
MapEvictionTest:0.3933333333333333
MapEvictTask:0.21333333333333335
EvictionTest:0.17666666666666667
