Channel:0.5266666666666666
ClientConductor:0.38
ConsumerChannel:0.22
ConsumerSession:0.19
ChannelNotifiable:0.11516666666666665
