XavaPreferences:0.57
DefaultLayoutPainter:0.39
DefaultLayoutParser:0.33666666666666667
AbstractBasePainter:0.3233333333333333
LayoutPainterManager:0.16
ILayoutParser:0.0938095238095238
