LocalTime:0.7033333333333334
LocalDateTime:0.46
TestLocalTime_Basics:0.30333333333333334
TestLocalDateTime_Basics:0.2966666666666667
