CrawlController:0.39666666666666667
CrawlOrder:0.29333333333333333
Scope:0.24333333333333335
Filter:0.21333333333333335
CrawlScope:0.18333333333333332
SeedExtensionFilter:0.09666666666666666
TransclusionFilter:0.05333333333333334
