Gen:0.73
Arbitrary:0.4533333333333333
ArbitraryTest:0.4033333333333333
