Robolectric:0.8522222222222222
RobolectricWiringTest:0.36666666666666664
