SettlementMapPanel:0.5833333333333334
PersonMapLayer:0.41
LabelMapLayer:0.36666666666666664
SettlementWindow:0.18333333333333332
