Flyway:0.5933333333333334
AppliedMigration:0.39666666666666667
MetaDataTable:0.34
DbMigrator:0.1866666666666667
DbValidator:0.16777777777777778
DbInit:0.12777777777777777
