WebMvcConfiguration:0.6
MessageWebApplicationInitializer:0.3233333333333333
SecurityConfig:0.25
MessageController:0.10333333333333333
