Project:0.6866666666666666
ProjectConfig:0.4533333333333333
ProjectTest:0.21
