NativeLibrary:0.8133333333333334
NativeLibraryTest:0.38666666666666666
Handler:0.18666666666666668
