Node:0.5466666666666666
Attr:0.5266666666666666
HTMLElement:0.49
SimpleScriptable:0.22333333333333333
AttrTest:0.06333333333333334
HTMLDelElement:0.02666666666666667
HTMLQuoteElement:0.02666666666666667
HTMLPreElement:0.02666666666666667
HTMLInsElement:0.02666666666666667
