Builder:0.7266666666666667
ClassScanner:0.37
BuildMojo:0.14666666666666667
