ModuleTestBase:0.41333333333333333
MapFacadeBean:0.4033333333333333
HibernateValidatorInhibitor:0.37
ColorTest:0.27666666666666667
BooleanFormatter:0.25666666666666665
EntityValidatorValidator:0.25
PropertyValidatorValidator:0.25
RequiredValidator:0.25
EntityManagerDecorator:0.16333333333333333
CallBackLogTest:0.09333333333333334
