DataStore:0.5833333333333334
SystemDataRes:0.36666666666666664
Scheduler:0.36666666666666664
