PortableTest:0.44666666666666666
NamedPortable:0.3466666666666667
MainPortable:0.32666666666666666
InnerPortable:0.28
RawDataPortable:0.26
InvalidRawDataPortable:0.24944444444444447
InvalidRawDataPortable2:0.24944444444444447
NamedPortableV2:0.24666666666666667
CustomSerializationTest:0.19833333333333333
TestObject1:0.19305555555555554
TestObject2:0.19
PortableClassVersionTest:0.18666666666666668
TestPortableFactory:0.12
Foo:0.10333333333333333
TestDataSerializableFactory:0.03333333333333333
