RatedDocument:0.43333333333333335
RatedDocumentKey:0.32
RatedRequest:0.24944444444444447
PrecisionAtN:0.22333333333333333
ReciprocalRank:0.22333333333333333
DiscountedCumulativeGainAt:0.22333333333333333
RankEvalSpec:0.21222222222222223
