FindFile:0.43666666666666665
ClasspathScanner:0.37
FindClass:0.36666666666666664
AutomagicPetiteConfigurator:0.3233333333333333
InputStreamProvider:0.22
PetiteExample:0.18666666666666668
WireTest:0.14333333333333334
AutomagicMadvocConfigurator:0.13111111111111112
AutomagicDbOrmConfigurator:0.10333333333333333
fc:0.09333333333333334
WildcardTest:0.043333333333333335
