InputFile:0.48
MainWindow:0.36133333333333334
ResourcesLoader:0.31333333333333335
RenameVisitor:0.20333333333333334
JRoot:0.19
AndroidResourcesUtils:0.15333333333333332
