ConnectionNode:0.4866666666666667
ManagementNode:0.45666666666666667
ConnectionIterator:0.23333333333333334
ConnectionVisualPanel:0.23
ServerInstallPanel:0.2275
JBossConnectionNode:0.20333333333333334
WebsphereConnectionNode:0.14666666666666667
JSR160ConnectionNode:0.14666666666666667
Mx4jConnectionNode:0.14666666666666667
JDMKConnectionNode:0.11666666666666667
WeblogicConnectionNode:0.06333333333333334
