FileHandler:0.45666666666666667
Environment:0.36333333333333334
Utilities:0.33666666666666667
JAMWikiServlet:0.22666666666666666
AdminServlet:0.21333333333333335
JAMWikiFilter:0.11333333333333333
