Router:0.36333333333333334
FrameCodec:0.27
Notify:0.25666666666666665
NotifyDeliver:0.16666666666666666
