TransportShardUpsertAction:0.39
TransportShardUpsertActionTest:0.37666666666666665
Visitor:0.16333333333333333
SymbolToFieldExtractorContext:0.13333333333333333
Context:0.11666666666666667
UpdateIntegrationTest:0.11333333333333333
GetResultFieldExtractorFactory:0.1
