PollableInterface:0.49666666666666665
PollablesTest:0.42
MockDatabase:0.33
TemporaryDatabase:0.25333333333333335
