GlobalConfiguration:0.7466666666666667
ServiceSessionBean:0.43666666666666665
ServiceConfigurationView:0.41333333333333333
EditServiceManagedBean:0.24333333333333335
