MainScreen:0.5566666666666666
QueryRetrieve:0.32666666666666666
SeriesListUpdator:0.27666666666666667
WindowingImagePanel:0.25333333333333335
DicomListenerPanel:0.24666666666666667
DicomTagsReader:0.24333333333333335
ThumbnailImage:0.20666666666666667
SeriesPanel:0.20333333333333334
ServerManager:0.19666666666666666
LayoutManagerPanel:0.14666666666666667
SendReceivePanel:0.12333333333333334
WindowingManagerPanel:0.12
