Extruder:0.7033333333333334
Attributes:0.4766666666666667
RrCSGPolygon:0.4533333333333333
RrPolygon:0.3433333333333333
RrPolygonList:0.33
NullExtruder:0.28
RrGraphics:0.2783333333333333
NullCartesianMachine:0.23333333333333334
Reprap:0.22333333333333333
STLSlice:0.21666666666666667
STLObject:0.21666666666666667
Printer:0.21527777777777782
Previewer:0.21444444444444447
PreviewPanel:0.17333333333333334
TestMain:0.15666666666666668
Producer:0.15333333333333332
RrCSGPolygonList:0.14666666666666667
LineSegment:0.13666666666666666
LayerProducer:0.12666666666666668
LinePrinter:0.125
PreviewWindow:0.12333333333333334
MaterialRadioButtons:0.12
SquareTest:0.07
MaterialLists:0.024444444444444446
AandT:0.016666666666666666
