ParserATNSimulator:0.36333333333333334
ATNConfig:0.32666666666666666
DFAState:0.2833333333333333
LL1Analyzer:0.19
TestSemPredEvalParser:0.15
TestJavaLR:0.11
AnalysisPipeline:0.10666666666666667
DFASerializer:0.10666666666666667
PredPrediction:0.04
