MockMvcRequestSpecificationImpl:0.6133333333333333
MockMvcRequestSpecification:0.6089722222222222
MockMvcRequestSender:0.4766666666666667
RestAssuredMockMvc:0.3552619047619048
MockMvcRequestLogSpecificationImpl:0.24866666666666665
RequestLoggingTest:0.13
