Node:0.5216666666666666
TcpIpJoinerOverAWS:0.275
XmlConfigBuilder:0.23333333333333334
EC2RequestSigner:0.23333333333333334
AwsURLEncoder:0.20666666666666667
EventServiceImpl:0.19
GroupProperties:0.18333333333333332
ServiceLoader:0.17333333333333334
HazelcastInstanceFactory:0.16
DescribeInstances:0.1361111111111111
XMLConfigBuilderTest:0.12333333333333334
AWSClient:0.10666666666666667
ServiceDefinition:0.03222222222222222
