ElementMatchers:0.4166666666666667
ObjectPropertyAssertion:0.4
ModifierMatcher:0.2866666666666667
MethodSortMatcher:0.2733333333333333
ApplicableCreator:0.25333333333333335
Simple:0.22611111111111115
BooleanMatcher:0.19733333333333333
AnnotationTypeMatcher:0.19733333333333333
BooleanMatcherTest:0.16666666666666666
MethodExceptionTypeMatcher:0.14666666666666667
MethodParameterTypesMatcher:0.14666666666666667
AnnotationTypeMatcherTest:0.11666666666666667
AbstractElementMatcherTest:0.03666666666666667
