MessagesSupportedVMsg:0.7033333333333334
VendorMsg:0.4066666666666667
VendorMessageConstants:0.014071428571428572
