AuthenticationModulesTest:0.4166666666666667
CmpRevokeResponseMessage:0.4
RevocationMessageHandler:0.22666666666666666
CrmfMessageHandler:0.19333333333333333
CmpMessageDispatcherSessionBean:0.19
CrmfKeyUpdateHandler:0.14
BaseCmpMessageHandler:0.09444444444444444
