Dialog:0.81
SimpleDialog:0.30666666666666664
TimePickerLayout:0.29333333333333333
DatePickerLayout:0.24666666666666667
