BDDPointerAnalysis:0.44
CSPointerAnalysis:0.39666666666666667
CSPA:0.3933333333333333
