ValidTag:0.48
NotValidTagTest:0.36333333333333334
ValidTagTest:0.3
PermissionFactoryTest:0.23333333333333334
GroupTest:0.19333333333333333
DomainTest:0.19
CaptchaRegistrationHandlerTest:0.14
