PlatformColumn:0.58
AbstractDdlBuilder:0.47
AbstractJdbcDdlReader:0.29333333333333333
DatabaseXmlUtil:0.2733333333333333
AbstractDdlBuilderTest:0.18333333333333332
