UploadFile:0.6133333333333333
DownloadFile:0.5238888888888888
UploadFilesTableModel:0.25333333333333335
ShareTab:0.22333333333333333
DownloadTableModel:0.2
