FileAccess:0.112651885
SimpleLog:0.027351499
StringUtil:0.014260246
HsqlArrayList:0.0070835543
