ClientConnection:0.05384872
FunctionCustom:0.047315855
Session:0.040499628
Scanner:0.03476905
