HsqlByteArrayOutputStream:0.10831661
HsqlByteArrayInputStream:0.07357277
