Spark:0.5466666666666666
JettyServerFactory:0.32
SparkInstance:0.2833333333333333
HaltException:0.2783333333333333
Access:0.16115079365079368
JettyServerFactoryTest:0.16
ExternalResourceHandler:0.14333333333333334
