User:0.4866666666666667
Role:0.47333333333333333
Group:0.3466666666666667
