ArraysTest:0.39
ChoiceFormatTest:0.3233333333333333
FloatTest:0.32
FieldTest:0.29
JSONArrayTest:0.27
JSONStringerTest:0.27
DoubleTest:0.26666666666666666
JSONObjectTest:0.25333333333333335
MathTest:0.25
StrictMathTest:0.23666666666666666
MaxFloatingPointTest:0.22
