MapService:0.55
ClearOperation:0.41333333333333333
MapProxySupport:0.35
PartitionContainer:0.32
NearCacheKeySetInvalidationOperation:0.2833333333333333
