ConnectionBuffersReadyFlyweight:0.4046666666666667
DriverConductor:0.4
PublicationBuffersReadyFlyweight:0.388
ClientProxy:0.3466666666666667
ClientConductorTest:0.2833333333333333
EventCodec:0.28
DriverConductorTest:0.19666666666666666
