JPPFTaskBundle:0.5466666666666666
Bundler:0.39555555555555555
JPPFStats:0.3933333333333333
ApplicationConnection:0.25666666666666665
AutoTuneProfile:0.22166666666666668
JPPFClient:0.22
JPPFNIOServer:0.22
JPPFNodeServer:0.16666666666666666
AutoTunedBundler:0.12333333333333334
SmoothProfile:0.12
CWaitingResult:0.10333333333333333
JPPFQueue:0.1
FixedSizedBundler:0.07333333333333333
NodeChannelContext:0.05333333333333334
AnnealingTuneProfile:0.03
