HtmlFormTest:0.5453333333333333
HtmlInlineFrameTest:0.33666666666666667
HtmlFrameSetTest:0.29333333333333333
HtmlFrameTest:0.21333333333333335
