Workbench:0.5866666666666667
RunExternal:0.3466666666666667
Options:0.3333333333333333
Registry:0.3233333333333333
ReportView:0.22
Menu:0.18333333333333332
EditPlugin:0.17
Log:0.16333333333333333
Startup:0.16
EditorHyperlinkSupport:0.11333333333333333
FileBean:0.10666666666666667
ActionOpen:0.04666666666666667
