LocalBlockBinarizer:0.4716666666666667
GlobalHistogramBinarizer:0.32666666666666666
ByteMatrix:0.29333333333333333
ByteArray:0.21
