Saros:0.73
XMPPTransmitter:0.41
AddProjectToSessionWizard:0.2833333333333333
ActivityUtils:0.24333333333333335
ActivitySequencer:0.23
LoggingUtils:0.1717063492063492
