DrawableGeneFeatureSet:0.5233333333333333
TranslationView:0.4447222222222222
EvidenceSelectionSet:0.3466666666666667
