SharedBuffer:0.5033333333333333
TestSharedBuffer:0.2733333333333333
GetPagesJob:0.2602777777777778
SqlTaskExecution:0.2505
AddPagesJob:0.24277777777777776
MockTask:0.12333333333333334
