MoleculeTableManager:0.6383333333333333
MoleculeTableViewer:0.5133333333333333
ExtractMolecules:0.23
