Jnet:0.5766666666666667
JnetPanel:0.30633333333333335
DatasetFilter:0.18416666666666667
ValueRange:0.17833333333333334
NodeInfoView:0.14583333333333334
