AbstractTestHiveClient:0.6203333333333333
TestHiveClient:0.21666666666666667
TestHiveClientSplitIteratorBackPressure:0.19
