CSSStyleDeclaration:0.5533333333333333
HTMLElement:0.46
HTMLElementTest:0.42333333333333334
ComputedCSSStyleDeclaration:0.20333333333333334
