btDbvtNode:0.5766666666666667
CollisionJNI:0.5388888888888889
BulletEntity:0.44
