StyleSheetList:0.9355555555555555
StyleSheetListTest:0.24777777777777776
