Image:0.42
SunshineSceneVisitor:0.36333333333333334
TextureHandler:0.36
SunshineRaytracer:0.25666666666666665
Kernel:0.24094444444444443
Sunshine:0.23333333333333334
SunshineImage:0.15
CountVisitor:0.13333333333333333
SunshinePhong:0.11333333333333333
TraceRayKernel:0.04
