LuceneQueryBuilderTest:0.5266666666666666
Visitor:0.2425
LuceneQueryBuilderIntegrationTest:0.16666666666666666
CollectionType:0.14083333333333334
Context:0.09666666666666666
