ChiPathClusterDescriptor:0.58
ChiPathClusterDescriptorTest:0.4666666666666667
MqsarMolecularTests:0.17666666666666667
