GwtTeamingMessages:0.6877777777777778
UserPropertiesDlg:0.5233333333333333
