Vector:0.53
Matrix:0.4266666666666667
Quaternion:0.35333333333333333
Vector2D:0.2572222222222222
OrthographicCamera:0.25333333333333335
PerspectiveCamera:0.22666666666666666
BoundingBox:0.20333333333333334
Intersector:0.16333333333333333
CatmullRomSpline:0.13333333333333333
EarCutTriangulator:0.12333333333333334
