GL30:0.38666666666666666
ARB_uniform_buffer_object:0.33916666666666667
GL32:0.22583333333333333
NV_texture_barrier:0.15694444444444444
