Delegate:0.65
ControlCenter:0.38333333333333336
ActionDelegate:0.33
HelpWidget:0.17333333333333334
LastOpenLoader:0.1425
AboutWidget:0.13666666666666666
GedcomFileChooser:0.013055555555555556
