ShamLaunchConfigurationWorkingCopy:0.31666666666666665
ShamFolder:0.26
ShamResource:0.25333333333333335
ShamFile:0.25333333333333335
RuntimeConfigurationFile:0.25333333333333335
ShamLaunchConfiguration:0.20666666666666667
ShamLaunchManager:0.2
ShamLaunchConfigurationType:0.18333333333333332
