WFSPanel:0.43
TransactionFactory:0.25666666666666665
WFServiceWrapper_1_1_0:0.245
AbstractWFSWrapper:0.2386111111111111
UpdateWFSLayerPlugIn:0.23583333333333334
JUMPFeatureFactory:0.22916666666666666
WFSPlugIn:0.15333333333333332
