CastorTest:0.5466666666666666
NutConf:0.2916666666666667
MaplTest:0.2733333333333333
NutFilter:0.22333333333333333
NutActionChainMaker:0.17666666666666667
String2Enum:0.17666666666666667
XmlsTest:0.17666666666666667
