DefaultJSONParser:0.43666666666666665
JSON:0.38666666666666666
ASMJavaBeanDeserializer:0.28111111111111114
FilterUtils:0.26111111111111107
JavaBeanDeserializer:0.23666666666666666
