AgentConfig:0.6327777777777777
PollingDockerClient:0.325
AgentService:0.2966666666666667
AgentParser:0.27
