TermHelper:0.5433333333333333
DriverConnection:0.47333333333333333
ReceiverTest:0.31333333333333335
