NutDao:0.5133333333333333
Chain:0.44
Daos:0.2966666666666667
FieldMatcher:0.26666666666666666
