ObjectId:0.52
JavaClientTest:0.2966666666666667
ByteEncoder:0.2833333333333333
ByteTest:0.22
ByteDecoder:0.19666666666666666
MyAsserts:0.1927777777777778
ObjectIdTest:0.15333333333333332
Element:0.11333333333333333
