ChangeCoordsEdit:0.37333333333333335
CleanUpEditTest:0.23666666666666666
CleanUpEdit:0.23
FlipEdit:0.23
ChangeCoordsEditTest:0.21
CleanupAction:0.17333333333333334
FlipEditTest:0.17
FlipAction:0.15333333333333332
