FileExtensionComparator:0.24333333333333335
FolderFirstComparator:0.24333333333333335
FileNameComparator:0.24333333333333335
MultiComparator:0.24333333333333335
FileLastModifiedTimeComparator:0.24333333333333335
ComparableComparator:0.0
