Page:0.49
AddShowPage:0.4
AddShowPageController:0.30333333333333334
MainPage:0.2733333333333333
MainPageController:0.26
AddShowPageControllerTest:0.19
PageContainer:0.17333333333333334
LocalShowInfoProvider:0.15333333333333332
PageDataLoadedListener:0.1162777777777778
PageController:0.041388888888888885
