LuceneHandler:0.7433333333333333
CrawlerPanel:0.5466666666666666
