Simulator:0.4533333333333333
CAPanel:0.44
JGraphPanel:0.34
GCPLoader:0.15666666666666668
