RecordStore:0.5150555555555555
IMap:0.46283333333333343
DataMapProxy:0.39666666666666667
MapRecordStateOperation:0.33666666666666667
DefaultRecordStore:0.32
MapProxySupport:0.29333333333333333
ObjectMapProxy:0.2866666666666667
