QedeqNumbers:0.7133333333333334
QedeqNotNullTraverser:0.5333333333333333
