HighlighterSearchIT:0.5633333333333334
AllTermQuery:0.24666666666666667
MultiPhrasePrefixQuery:0.22333333333333333
CustomPassageFormatter:0.16333333333333333
