Type:0.5733333333333334
Field:0.47
ReflectionCacheSourceCreator:0.36
SwitchedCodeBlockByString:0.29333333333333333
ClassReflection:0.17333333333333334
