CMap:0.52
IndexAwarePredicate:0.4666666666666667
QueryContext:0.25
ConcurrentMapManager:0.25
BetweenPredicate:0.23333333333333334
GreaterLessPredicate:0.23333333333333334
QueryService:0.23
InPredicate:0.21333333333333335
EqualPredicate:0.21
AddMapIndex:0.19333333333333333
PartitionManager:0.19
SqlPredicate:0.18666666666666668
InitialState:0.17333333333333334
QueryTest:0.16666666666666666
QueryOperationHandler:0.14
AndOrPredicate:0.13333333333333333
ContainsValueOperationHandler:0.12
PredicateBuilder:0.07666666666666666
