Skin:0.46
Label:0.23555555555555557
ImageButton:0.20666666666666667
CheckBox:0.17666666666666667
ImageToggleButton:0.17
List:0.15666666666666668
ScrollPane:0.12333333333333334
ComboBox:0.11333333333333333
