Detector:0.5316666666666666
DecodedBitStreamParser:0.37
DecodeHandler:0.29972222222222217
