ShadowBitmap:0.4633333333333333
Robolectric:0.43666666666666665
SdkConfig:0.31666666666666665
SdkEnvironment:0.24
TestUtil:0.19
ShadowBitmapTest:0.16333333333333333
InstrumentingClassLoaderFactory:0.13333333333333333
