Resource:0.5633333333333334
DocumentImpl:0.4766666666666667
Factory:0.37333333333333335
AnnotationSetImpl:0.36333333333333334
SerialDatastoreViewer:0.22859523809523807
AbstractVisualResource:0.15833333333333333
AbstractProcessingResource:0.051666666666666666
AbstractLanguageResource:0.013333333333333334
