RelationSwimlaneInitializer:0.7333333333333333
SwimlaneInitializerHelper:0.46166666666666667
EscalationActionHandler:0.2
