ReferencesResolver:0.6333333333333333
CtorResolver:0.22333333333333333
MethodResolver:0.14
PropertyResolver:0.08333333333333333
