SyncAction:0.4442619047619048
ChangeClass:0.4066666666666667
AbstractSyncProvider:0.3433333333333333
