BaseMultiLayerNetwork:0.8166666666666667
MasterActor:0.25666666666666665
WorkerActor:0.25
ActorNetworkRunner:0.20666666666666667
ZookeeperBuilder:0.19
RBMMnistExample:0.13
MnistExample:0.1
