ThreadContext:0.43
NodeServiceImpl:0.3566666666666667
MapProxySupport:0.27666666666666667
MessageListenerManagerTest:0.15
Services:0.09666666666666666
GroupProperties:0.043333333333333335
