GwtTeamingMessages:0.7208333333333333
AddFilesHtml5Popup:0.56
GwtClientHelper:0.4866666666666667
