PyComplex:0.6
ExtraMath:0.38666666666666666
math:0.36
StringFormatter:0.3433333333333333
