CommunicationsStub:0.7533333333333333
ObjectNode:0.43333333333333335
RootObjectNode:0.2111111111111111
CreateObjectAction:0.21
DeleteObjectAction:0.11666666666666667
EditObjectAction:0.09333333333333334
RelateToServiceAction:0.04416666666666667
ShowRelatedServicesAction:0.04416666666666667
RefreshObjectAction:0.013333333333333334
