ClusterManager:0.36
Block:0.2966666666666667
CMap:0.29
ConcurrentMapManager:0.25666666666666665
MAdd:0.23666666666666666
WriteHandler:0.21666666666666667
MBackupAwareOp:0.19333333333333333
ReadHandler:0.19000000000000003
OrderedEventQueue:0.13333333333333333
