IndexDatabase:0.7766666666666666
DefaultIndexChangedListener:0.37333333333333335
CommandLineOptions:0.34
Indexer:0.19
