TextureAttribute:0.43
ColorAttribute:0.3566666666666667
BlendingAttribute:0.31666666666666665
Model:0.3
MeshPartBuilder:0.21777777777777782
Node:0.18333333333333332
TestShader:0.13666666666666666
ModelBuilder:0.12666666666666668
ModelInstance:0.0911111111111111
MeshPartMaterial:0.08
FloatAttribute:0.03666666666666667
Renderable:0.023888888888888887
JsonModelLoader:0.011111111111111112
ShaderProvider:0.006666666666666667
