IndexShard:0.67
IndicesModule:0.23666666666666666
TermVectorsFetchSubPhase:0.22666666666666666
IndexShardModule:0.17666666666666667
ShadowIndexShard:0.16333333333333333
TransportTermVectorsAction:0.15
TransportShardMultiTermsVectorAction:0.15
