Support:0.44
TdsCore:0.36333333333333334
JtdsResultSet:0.31666666666666665
TdsData:0.3
JtdsCallableStatement:0.28
TimestampTest:0.25
Tds8Test:0.23666666666666666
JtdsPreparedStatement:0.21
MSCursorResultSet:0.20333333333333334
CachedResultSet:0.20333333333333334
ParameterMetaDataImpl:0.19
RequestStream:0.16
NamedPipeUnitTest:0.13
