Spell:0.7066666666666667
Spellbook:0.57
Wizard:0.30666666666666664
DaoBase:0.2633333333333333
App:0.25333333333333335
BaseEntity:0.10666666666666667
