MqlParameterTransformer:0.6133333333333333
Query:0.41333333333333333
ParameterAssigner:0.41333333333333333
SQLUpdate:0.25333333333333335
