RetryDriver:0.5833333333333334
PrestoS3FileSystemStats:0.475
TestPrestoS3FileSystem:0.31666666666666665
