ParcelableAnalysisTest:0.5433333333333333
ParcelableGenerator:0.43
ParcelableAnalysis:0.32666666666666666
