DataEnvironment:0.5033333333333333
ErrorTypeDescriptor:0.3466666666666667
ExceptionManager:0.3466666666666667
Execution:0.3233333333333333
HopSymbolTableWalker:0.31666666666666665
HopParser:0.30333333333333334
StepFactory:0.29333333333333333
AbstractVirtualMachine:0.26666666666666666
AlwaysEndStep:0.24
AlertStep:0.23444444444444448
ErrorPlugin:0.23
HopVirtualMachine:0.2
StackTraceManagerPlugin:0.18333333333333332
OnCreateStep:0.08666666666666667
SimpleAlertStep:0.08666666666666667
alert_statement_scope:0.07
DFA61:0.05088888888888889
DFA50:0.015
DFA80:0.015
DFA57:0.015
