SynsetImpl:0.6466666666666666
TestWordNet:0.38333333333333336
