VorbisTest:0.6033333333333334
SoundTouchTest:0.5733333333333334
LwjglDebugStarter:0.31777777777777777
