Insert:0.44333333333333336
AstVisitor:0.39
InsertAnalyzerTest:0.25666666666666665
TestStatementBuilder:0.24333333333333335
AnalyzerDispatcher:0.21666666666666667
DefaultTraversalVisitor:0.17333333333333334
InsertStatementAnalyzer:0.1
