RaptorRecordSink:0.36
RaptorTableHandle:0.3466666666666667
RaptorMetadata:0.27666666666666667
StorageManager:0.23916666666666667
RaptorSplit:0.22333333333333333
RaptorPageSourceProvider:0.12666666666666668
RaptorRecordSinkProvider:0.12
RaptorSplitManager:0.10333333333333333
StorageModule:0.1
RaptorPartition:0.051111111111111114
