BeanConfig:0.5944444444444443
ReflectiveJaxrsScanner:0.2633333333333333
SwaggerConfig:0.19
WebXMLReader:0.13
