P4:0.8333333333333334
XMLLogHelper:0.32666666666666666
