WebserviceBean:0.44666666666666666
Reports:0.44333333333333336
