LocalAreaUtil:0.5666666666666667
BuildingConstructionMission:0.22333333333333333
Resupply:0.22333333333333333
