ServerTransport:0.53
ManagedClientTransport:0.3131111111111111
OkHttpClientTransport:0.26
ManagedChannelImpl:0.24
NettyClientHandler:0.24
NettyServerHandler:0.23666666666666666
SimpleServerTransport:0.23
ServerImpl:0.22
InProcessTransport:0.2
ServerListenerImpl:0.19333333333333333
AbstractTransportTest:0.19
NettyClientTransport:0.13888888888888887
OobTransportProviderImpl:0.10966666666666666
ServerImplTest:0.1
NettyServerTransport:0.07666666666666666
ManagedChannelImplTest:0.06666666666666667
TransportSet:0.06333333333333334
ManagedChannelImplTransportManagerTest:0.04666666666666667
