SystemTestBase:0.7266666666666667
JobCreateCommand:0.23
JobInspectCommand:0.18666666666666668
Stop:0.15666666666666668
