TCQueryFilterValue:0.46
AcquisitionModality:0.4033333333333333
TCObject:0.38333333333333336
TCViewOverviewTab:0.31
TCUtilities:0.2866666666666667
TCPanel:0.23333333333333334
TCComboBox:0.14666666666666667
TCEditableComboBox:0.12666666666666668
