SamlProfileSamlResponseBuilder:0.5266666666666666
SamlProfileSamlSubjectBuilder:0.32
SamlProfileSamlAssertionBuilder:0.18888888888888888
