CassandraClientConfig:0.45
CassandraSplitManager:0.43666666666666665
TestCassandraConnector:0.29
CassandraClientModule:0.20333333333333334
HostAddressFactory:0.10666666666666667
