AtmosphereServlet:0.4666666666666667
JettyWebSocketHandler:0.41333333333333333
AtmosphereRequest:0.41333333333333333
AtmosphereResponse:0.33
AtmosphereResourceEventImpl:0.26666666666666666
EchoProtocol:0.2633333333333333
AtmosphereResourceImpl:0.25333333333333335
FakeHttpSession:0.21666666666666667
WebSocketProcessor:0.21666666666666667
GrizzlyApplication:0.2
JettyRequestFix:0.17666666666666667
SimpleHttpProtocol:0.14333333333333334
JettyWebSocketUtil:0.07333333333333333
