JavaBeanDeserializer:0.4533333333333333
ParserConfig:0.37666666666666665
ASMJavaBeanDeserializer:0.3466666666666667
TypeUtils:0.33
DefaultJSONParser:0.27666666666666667
ASMDeserializerFactory:0.21666666666666667
JSONFieldTest_1:0.15
JSONFieldTest_0:0.15
