Line:0.5
Toolbox:0.2733333333333333
Base:0.2733333333333333
LangFormater:0.23333333333333334
CwbProcess:0.22333333333333333
CorpusManager:0.21333333333333335
MainCorpus:0.1613888888888889
