AttributeMetadata:0.49
Util:0.3933333333333333
ApplicationEntityManagerImpl:0.37666666666666665
ClassMetadata:0.34
MetadataEntityManagerImpl:0.2866666666666667
BusinessEntityManagerImpl:0.2733333333333333
Constants:0.20055555555555557
