WebSocketClient:0.5566666666666666
WebSocketServer:0.5233333333333333
Frame:0.3466666666666667
