ConfigurationFactory:0.48
Environment:0.3333333333333333
JacksonMessageBodyProvider:0.2733333333333333
Service:0.22666666666666666
AbstractService:0.21
HttpConfigurationTest:0.19333333333333333
ServerCommand:0.17633333333333334
GzipConfigurationTest:0.13666666666666666
ConfiguredCommand:0.12666666666666668
ManagedCommand:0.10333333333333333
JerseyClientFactory:0.09333333333333334
RequestLogConfigurationTest:0.08333333333333333
JavaBundle:0.08333333333333333
ResourceTest:0.06916666666666667
JavaBundleTest:0.023333333333333334
ScalaBundle:0.006666666666666667
