ClientAPIUtilities:0.6
ServerCockpitMultiLayer3Test:0.38
ServerMapItemsUtilities:0.3433333333333333
MapsPanelTest2:0.26666666666666666
ServerUtilities:0.15666666666666668
