Uid:0.5433333333333333
OperationRouting:0.38333333333333336
InternalTestCluster:0.36333333333333334
TransportUpdateAction:0.235
TransportGetAction:0.20666666666666667
TransportTermVectorsAction:0.20666666666666667
TransportBulkAction:0.19
RoutingBackwardCompatibilityTests:0.17222222222222222
TransportExplainAction:0.14333333333333334
TransportMultiGetAction:0.12333333333333334
UidTests:0.07
