Actor:0.7133333333333334
LocalActorRef:0.31333333333333335
ActorRunner:0.22333333333333333
Copier:0.19111111111111112
InstanceUpgrader:0.13666666666666666
