Message:0.4633333333333333
RuntimeEnvironment:0.3538888888888889
Messages:0.2633333333333333
