Pool:0.44
HttpClientStream:0.41666666666666663
ClientConnection:0.36666666666666664
ConnQueue:0.36666666666666664
HttpTest:0.3233333333333333
HttpClientRequestImpl:0.30333333333333334
Http2ClientStream:0.23333333333333334
HttpClientImpl:0.21333333333333335
VertxHttp2ClientHandler:0.17
Http1xPool:0.15666666666666668
Http2Pool:0.15
ConnectionManager:0.07
