Bootstrap:0.5466666666666666
MonitorModule:0.2633333333333333
TermsAggregationSearchBenchmark:0.19666666666666666
ClusterStatsTests:0.19
ManyMappingsBenchmark:0.16666666666666666
ReplicaRecoveryBenchmark:0.16666666666666666
SubAggregationSearchCollectModeBenchmark:0.15666666666666668
TermsAggregationSearchAndIndexingBenchmark:0.15666666666666668
GlobalOrdinalsBenchmark:0.15666666666666668
