Parser:0.67
LexerATNSimulator:0.44
DummyParser:0.29
ParserATNSimulator:0.23555555555555557
TestATNParserPrediction:0.21666666666666667
BaseTest:0.21333333333333335
TestATNInterpreter:0.20666666666666667
LexerInterpreter:0.18333333333333332
ParserInterpreter:0.16611111111111113
