XMLObject:0.52
Layer:0.5133333333333333
XMLObjectAttribute:0.5
ARINCRuntimeException:0.47333333333333333
XMLMessage:0.44
Converter:0.4066666666666667
Cursor:0.3463888888888889
Message:0.33666666666666667
DefaultARINCDefinition:0.32
AbstractWidgetRefHandler:0.31333333333333335
ParameterStruct:0.2833333333333333
CursorListener:0.27051984126984113
DefaultARINCUtils:0.26
JFXCursor:0.25333333333333335
AbstractWidgetFactory:0.25
ClientBinaryDFHandlerTest:0.23666666666666666
AbstractBinaryDFHandler:0.23666666666666666
BufferLogger:0.23333333333333334
DefaultBufferOfItemsConverter:0.23333333333333334
ServerXMLWidget:0.22866666666666666
XMLMessageTest:0.22666666666666666
LayerRequest:0.22666666666666666
ServerXMLExtension:0.22
CheckDefinitionAction3Test:0.21666666666666667
DefaultClientXMLDFHandler:0.20333333333333334
AbstractClientEngine:0.20333333333333334
MessagePanel:0.2
AbstractServerEngine:0.19666666666666666
ServerNotificationReinitOnConnectionTest:0.19666666666666666
DefaultBinaryExporter:0.19166666666666668
ObjectGenerator:0.19
MessageDefinition:0.19
CDSNotificationStructTest:0.17666666666666667
UARequestStructTest:0.17666666666666667
WidgetsRefHandler:0.17166666666666666
WidgetMessage:0.16333333333333333
ProtocolInputDecoderServer_KOTest:0.16
ARINCLayerNotification:0.16
ProtocolInputDecoderClientTest:0.15666666666666668
ARINCBroadcastReceiver:0.15
LayerPanel:0.12333333333333334
AbstractCursor:0.12333333333333334
NewDefaultUtils:0.12
ARINCException:0.11
MessageSizeExceededException:0.09333333333333334
AbstractDataScalingWidget:0.09
DefaultBufferFormatUtils:0.07833333333333334
ARINC661:0.07
ExtensionClient6Test:0.056666666666666664
ScenarioMessageProcessor:0.05527777777777779
A661Constants:0.04666666666666667
CursorEvent:0.016666666666666666
