AbstractTestQueries:0.6966666666666667
AstBuilder:0.47
PlanNodeSearcher:0.4166666666666667
PlanOptimizers:0.25
