NativeString:0.5816666666666667
CallbacksTest:0.5533333333333333
