DriverConductor:0.3811111111111111
DriverContext:0.36333333333333334
AeronTest:0.30622222222222223
CommonContext:0.24333333333333335
Aeron:0.23
ClientContext:0.19611111111111112
