FlatFileItemReader:0.5266666666666666
FlatFileItemReaderBasicTests:0.29333333333333333
StaxEventItemReader:0.2833333333333333
StaxEventWriterItemWriterTests:0.27
StagingItemReader:0.24333333333333335
StaxEventItemWriter:0.22666666666666666
StaxEventItemReaderTests:0.19666666666666666
StagingItemReaderTests:0.16
FlatFileItemReaderAdvancedTests:0.11333333333333333
FixedLengthImportJobFunctionalTests:0.11333333333333333
AbstractTradeBatchTests:0.016666666666666666
