MasterMetrics:0.606388888888889
VersionResponseFilter:0.44333333333333336
MasterService:0.3466666666666667
MasterMetricsImpl:0.20333333333333334
NoopMasterMetrics:0.14583333333333334
