SosaPlugin:0.4266666666666667
Indexation:0.36666666666666664
SosaIndexation:0.3566666666666667
Remove:0.2633333333333333
Root:0.24666666666666667
Maintain:0.16
Index:0.1375
