QueryResults:0.6366666666666667
LoginProcessor:0.5522222222222222
ArticleProcessor:0.21666666666666667
