WalletPasswordController:0.8483333333333334
WalletSetPasswordController:0.22333333333333333
