ConsensusModuleHarness:0.7533333333333333
MultiNodeTest:0.2833333333333333
SingleNodeTest:0.2
