SampleApp:0.53
WidgetLocator:0.51
MenuItemTester:0.27666666666666667
SWTPatchTest1:0.16
MenuTester:0.056666666666666664
