PortalStyle:0.8166666666666667
MetaAction:0.7233333333333334
