TestQueries:0.6919444444444444
Range:0.43666666666666665
Ranges:0.29
Cursors:0.16666666666666666
