HTMLDocument:0.49
DocumentTest:0.44
Document:0.3233333333333333
StringUtils:0.15666666666666668
