ToStringBuilder:0.5733333333333334
ToStringBuilderTests:0.49666666666666665
ObjectUtils:0.26
