CommonConfiguration:0.55
ServerConfiguration:0.2733333333333333
AbstractServerEngine:0.26666666666666666
JFXConfiguration:0.26111111111111107
SwingConfiguration:0.2577777777777778
GenerateWORDAction:0.25
LibrariesDependencyTest:0.24833333333333332
AbstractClientEngine:0.22666666666666666
JFXRenderersHandler:0.20333333333333334
SwingRenderersHandler:0.20333333333333334
ExtractSupplementAction:0.18166666666666667
ClientWidgetsRefHandlerTest:0.16833333333333333
ExtensionDefParser:0.15
ClientWidgetsRefHandler5Test:0.12666666666666668
RenderersHandler:0.09753968253968254
WidgetDefPluginConfiguration:0.09666666666666666
GenerateDocumentDialog:0.08
WidgetDefPlugin:0.07666666666666666
