Default:0.5166666666666667
TypeWriterDefaultTest:0.3333333333333333
TypeDescriptionGenericAnnotationReaderTest:0.2808333333333333
ParameterDescriptionForLoadedParameterDispatcherTest:0.2733333333333333
ForInlining:0.17666666666666667
TypeWriterModifierPreservationTest:0.13666666666666666
Foo:0.11
