Study:0.47333333333333333
Series:0.4666666666666667
WadoParameters:0.3175
Patient:0.2633333333333333
