VertxImpl:0.7911111111111111
DeploymentTest:0.6877777777777778
