Node:0.6566666666666666
HealthMonitorThread:0.11333333333333333
