Mode:0.25642776
jEdit:0.2555165
Log:0.051394697
TokenMarker:0.017866034
