Mode:0.16417612
XModeHandler:0.105694495
JEditBuffer:0.10342441
ModeCatalogHandler:0.085558064
jEdit:0.0845279
Buffer:0.06985623
StandaloneTextArea:0.065406054
IOUtilities:0.033522744
Log:0.031618264
TokenMarker:0.026776236
JEditEmbeddedTextArea:0.021921258
