MethodMatchersTest:0.43666666666666665
MethodMatchers:0.27
SubclassDynamicTypeBuilderTest:0.22333333333333333
Compound:0.22
Cached:0.20872222222222223
ForStaticField:0.20872222222222223
MethodConstantTest:0.20666666666666667
TypeExtensionDelegate:0.19111111111111112
TypeExtensionDelegateTest:0.12333333333333334
MethodDescriptionLatentTest:0.12
Foo:0.08166666666666667
ImplicitlyTypedUnboxingResponsible:0.07
