TimerSupport:0.43
MCMScuService:0.37666666666666665
MPPSEmulatorService:0.31666666666666665
FileSystemMgtService:0.30666666666666664
MD5CheckService:0.29333333333333333
ConsistenceCheckService:0.29333333333333333
CompressionService:0.22333333333333333
