ERDesignerComponent:0.5533333333333333
RepositoryEntryDesciptor:0.3333333333333333
SaveToRepositoryEditor:0.24
SaveToRepositoryView:0.19666666666666666
DictionaryModelSerializer:0.15333333333333332
SaveToRepositoryDataModel:0.03166666666666667
