ClientDurableExecutorServiceTest:0.35333333333333333
DurableRetrieveResultTest:0.35333333333333333
DurableExecutorServiceTest:0.23666666666666666
InstanceAsserterRunnable:0.20166666666666666
ClientDurableRetrieveResultTest:0.08666666666666667
