MembersPanel:0.6516666666666666
NavpointEditLayer:0.3566666666666667
CreateMissionWizard:0.33666666666666667
EllipseLayer:0.2966666666666667
