MultiLayerNetwork:0.5933333333333334
GravesLSTM:0.42
MultiLayerTestRNN:0.11333333333333333
