DefinableEntity:0.615
ResourceUtil:0.5066666666666667
AbstractFileResource:0.31333333333333335
RestExceptionWrapper:0.24
ConflictException:0.14333333333333334
