MenuResult:0.5633333333333334
GetFullSitemap:0.4
SitemapMenuConfig:0.37666666666666665
