SnmpUtil:0.51
SnmpPduTrap:0.35
SnmpSession:0.2833333333333333
SnmpPduPacket:0.27666666666666667
Scheduler:0.2175
SnmpTrapSession:0.2
CleanupRequest:0.1841666666666667
SnmpTimer:0.1786111111111111
Receiver:0.13444444444444442
