SequencerAgent:0.5533333333333333
RecordingCatchUpSupplier:0.31711111111111107
MultiNodeTest:0.30666666666666664
RecordingCatchUp:0.2966666666666667
