HtmlInput:0.35
HtmlOption:0.33
HtmlResetInput:0.2914285714285714
HtmlTextArea:0.25333333333333335
HtmlSelect:0.23666666666666666
HtmlIsIndex:0.23333333333333334
HtmlResetInputTest:0.165
HtmlImageInput:0.16166666666666665
HtmlSubmitInput:0.11
HtmlRadioButtonInput:0.05333333333333334
HtmlCheckBoxInput:0.03
HtmlHiddenInput:0.023333333333333334
HtmlTextInput:0.023333333333333334
HtmlPasswordInput:0.023333333333333334
HtmlButtonInput:0.0
HtmlFileInput:0.0
