CDKManager:0.5466666666666666
CDKManagerHelper:0.48333333333333334
