Config:0.47
Model:0.36333333333333334
Element:0.25
WapitiCRFModel:0.23666666666666666
MyStaticValue:0.22
SplitWord:0.21333333333333335
CRFModel:0.17666666666666667
MakeTrainFile:0.11333333333333333
