ApolloPanel:0.62
StrandedZoomableApolloPanel:0.4066666666666667
SplitterView:0.3433333333333333
