Mongo:0.49666666666666665
MongoCollectionImpl:0.38666666666666666
DBCollection:0.33666666666666667
MongoCollection:0.31617857142857136
DB:0.24777777777777782
MapReduceIterableImpl:0.21
AggregateIterableImpl:0.2
ChangeStreamIterableImpl:0.11333333333333333
DistinctIterableImpl:0.08
ListIndexesIterableImpl:0.06
