DriverConductor:0.44666666666666666
ClientConductor:0.33444444444444443
Context:0.2633333333333333
Aeron:0.24333333333333335
ActivePublications:0.22333333333333333
ClientConductorTest:0.21833333333333332
DriverProxy:0.17
ActiveSubscriptions:0.16666666666666666
