Attribute:0.79
SchemaModifier:0.33
AttributeBuilder:0.25666666666666665
AttributeMember:0.23333333333333334
BaseAttribute:0.22
AttributeDescriptor:0.19916666666666666
ImmutableAttribute:0.1316111111111111
