ConfiguredClass:0.43
EntityBinder:0.41333333333333333
SimpleAttribute:0.35333333333333333
MappedAttribute:0.24666666666666667
MappedSuperclassTests:0.11666666666666667
MyMappedSuperClassBase:0.10838095238095237
MyEntity:0.014285714285714285
MyMappedSuperClass:0.014285714285714285
