IngestDocument:0.5733333333333334
RandomDocumentPicks:0.3433333333333333
SimulatePipelineRequest:0.25666666666666665
IngestDocumentTests:0.23666666666666666
ForEachProcessorTests:0.16666666666666666
IngestDocumentMustacheIT:0.16333333333333333
WriteableIngestDocument:0.16166666666666665
SimulatePipelineRequestParsingTests:0.14333333333333334
DateIndexNameProcessorTests:0.14
PipelineExecutionServiceTests:0.13
IngestClientIT:0.12666666666666668
AppendProcessorTests:0.12666666666666668
SetProcessorTests:0.11333333333333333
WriteableIngestDocumentTests:0.11333333333333333
ValueSourceMustacheIT:0.08333333333333333
IngestDocumentMatcher:0.06
