RemoveNthNodeFromEndofList:0.41
Targetsum:0.4033333333333333
MergekSortedLists:0.31666666666666665
