ConnectionBuffersReadyFlyweight:0.35
PublicationBuffersReadyFlyweight:0.3433333333333333
ClientConductor:0.27666666666666667
FlyweightTest:0.22666666666666666
BuffersReadyFlyweight:0.21661111111111112
BufferManager:0.1162777777777778
MappedBufferManager:0.09333333333333334
