DownloadFile:0.6533333333333333
DownloadManager:0.4066666666666667
