InjectorImpl:0.45
Scopes:0.33
ScopesTest:0.30666666666666664
BindingProcessor:0.17333333333333334
Implementation:0.11888888888888888
ProvidedBySingleton:0.11666666666666667
ImplementedBySingleton:0.10838095238095237
ImplementationProvider:0.006666666666666667
