ECKey:0.74
LazyECPoint:0.4633333333333333
BIP38PrivateKey:0.27666666666666667
