CertificateProfile:0.5066666666666667
ApprovalException:0.4033333333333333
EjbcaException:0.37333333333333335
TestApprovalException:0.04666666666666667
