URIRegExpFilter:0.6866666666666666
DomainSensitiveFrontier:0.5533333333333333
