SPORule:0.5422222222222222
CtrlState:0.43666666666666665
CtrlSchedule:0.29
