AbstractCollectionPersister:0.63
OneToManyPersister:0.35333333333333333
OrderByTest:0.3333333333333333
BasicCollectionPersister:0.21083333333333334
