ConnectionTask:0.6733333333333333
SettlementRegistry:0.55
MultiplayerClient:0.37666666666666665
MultiplayerTray:0.23333333333333334
MultiplayerServer:0.21666666666666667
SettlementTableModel:0.21
ScenarioConfigEditorFX:0.2
CentralRegistry:0.16
