MiscCodec:0.7633333333333333
ParserConfig:0.39666666666666667
SerializeConfig:0.28
