Utils:0.5233333333333333
Query:0.43
QueryState:0.42
BytecodeSerialization:0.37
Matcher:0.22666666666666666
Frame:0.2063968253968254
AttributeListPredicate:0.16666666666666666
CompoundPredicate:0.16333333333333333
EdgePredicate:0.14666666666666667
TransitiveTraversal:0.135
NumericConversionPredicate:0.13
WrappedTypePredicate:0.13
UserDefinedPattern:0.13
TypePredicate:0.1
AbstractExpressionPredicate:0.006666666666666667
