NeurophProject:0.4766666666666667
VisualTopComponent:0.44333333333333336
NeuralNetworkClass:0.2833333333333333
NeurophProjectLogicalView:0.26
TextNode:0.17333333333333334
