Environment:0.5533333333333333
FavoritesContainer:0.33
HostManager:0.2633333333333333
SaveFavoritesTimer:0.2111111111111111
GWebCacheConnection:0.18472222222222223
SaveFavoritesRunner:0.0575
