ExSymExe:0.3233333333333333
ExSymExe1:0.3
ExSymExe9:0.1337777777777778
ExSymExe7:0.1337777777777778
ExSymExe6:0.1337777777777778
ExSymExe5:0.1337777777777778
ExSymExe4:0.1337777777777778
ExSymExe8:0.12194444444444442
ExSymExe3:0.1097777777777778
ExSymExe2:0.1097777777777778
ExSymExe17:0.08783333333333333
ExSymExe16:0.08783333333333333
ExSymExe11:0.07005555555555555
ExSymExe10:0.07005555555555555
ExSymExe15:0.07005555555555555
ExSymExe13:0.07005555555555555
ExSymExe12:0.06138888888888888
ExSymExe14:0.06138888888888888
