IndexWriterProjector:0.45
ProjectionToProjectorVisitor:0.4033333333333333
AbstractIndexWriterProjector:0.22666666666666666
IndexWriterProjectorUnitTest:0.15666666666666668
IndexWriterProjectorTest:0.15333333333333332
ColumnIndexWriterProjector:0.15166666666666667
