Request:0.7746031746031746
DefaultRequest:0.49
RequestBuilderBase:0.46888888888888886
