LazyAttributeLoader:0.57
AbstractEntityPersister:0.39666666666666667
Hibernate:0.37333333333333335
PojoEntityTuplizer:0.20666666666666667
