UserService:0.87
UserServiceImpl:0.47
LoginAction:0.20333333333333334
AddIssueRelationAction:0.13666666666666666
