Constants:0.9604444444444444
EverydayFragment:0.6466666666666666
