ClassName:0.4666666666666667
ClassWriter:0.21333333333333335
Writable:0.18
Writables:0.14333333333333334
TypeVariableName:0.14
ParameterizedTypeName:0.13666666666666666
BlockWriter:0.11666666666666667
Snippet:0.11333333333333333
Modifiable:0.1125
VariableWriter:0.09333333333333334
ConstructorWriter:0.09
AnnotationWriter:0.08333333333333333
WildcardName:0.07666666666666666
MethodWriter:0.07333333333333333
FieldWriter:0.04666666666666667
Context:0.03666666666666667
InterfaceWriter:0.03
