ParameterConstants:0.5947777777777777
TransformWriter:0.43666666666666665
TransformService:0.42333333333333334
BshColumnTransform:0.30666666666666664
