EntrySpliterator:0.32666666666666666
AsMapTest:0.30333333333333334
ValueSpliterator:0.15
KeySpliterator:0.15
KeySetView:0.13666666666666666
ValuesView:0.13666666666666666
EntrySetView:0.09666666666666666
