DistributedMasterBuilderTest:0.41333333333333333
BuildAgent:0.39666666666666667
MulticastDiscovery:0.32666666666666666
BuildAgentServiceImplTest:0.32666666666666666
BuildAgentTest:0.24
DelayedAction:0.125
MulticastDiscoveryTest:0.12333333333333334
