ContainerRunTimeScope:0.5866666666666667
DataEnvironment:0.5805555555555555
HopDataManager:0.24703174603174602
