MURLButton:0.25478137
MMainWindow:0.13493128
TK:0.12541388
MAction:0.026825119
