ClientIssueTest:0.7021111111111111
ListenerUtil:0.43944444444444436
