CallbackImpl:0.41333333333333333
MapGetRequest:0.21666666666666667
MapRemoveRequest:0.21666666666666667
MapPutRequest:0.21666666666666667
PartitionClientRequest:0.1525
