InGameInputHandler:0.45130226
PreGameInputHandler:0.42827085
Controller:0.048428796
FreeColServerHolder:0.03453675
