PropertyClass:0.4066666666666667
DAMLAdapterGUI:0.38
TypeClass:0.35833333333333334
NodeUtil:0.35
RestrictionClass:0.3488888888888889
HistoryItem:0.33199999999999996
Controller:0.29444444444444445
DAMLAdapter:0.29
ClassSignature:0.2733333333333333
NodeImpl:0.2633333333333333
URI:0.26
Thing:0.25976190476190475
DefaultEditorKit:0.24
DefaultMenuNameResolver:0.23166666666666666
DefaultTreeModel:0.22
AbstractDatatype:0.21
DefaultOperationModel:0.21
HistoryWrappedNode:0.2
DefaultGestureRecognizer:0.17666666666666667
DefaultMenuFactory:0.16333333333333333
AddHistoryItem:0.16
DeleteHistoryItem:0.16
DefaultDAMLRenderer:0.15
URIHistoryItem:0.14333333333333334
PropertyEditor:0.13333333333333333
CoreMenuNameResolver:0.13166666666666665
TextEditHistoryItem:0.12666666666666668
CopyHistoryItem:0.12666666666666668
History:0.11333333333333333
DefaultEditorFactory:0.10333333333333333
MoveHistoryItem:0.08833333333333333
DefaultNodeComparator:0.07333333333333333
