StoredClientPaymentChannel:0.45
PaymentChannelClientState:0.44
StoredPaymentChannelClientStates:0.25
StoredClientChannel:0.19666666666666666
ChannelConnectionTest:0.17666666666666667
StoredClientPaymentChannelOrBuilder:0.14416666666666667
