Configuration:0.5666666666666667
NLSPropertiesFile:0.38
NLSImporter:0.3233333333333333
NLSExporter:0.2733333333333333
NLSResourceBundle:0.15666666666666668
