Block:0.6033333333333334
PagesIndex:0.36
AbstractTestBlock:0.26666666666666666
PagesIndexComparatorCacheKey:0.20666666666666667
AbstractVariableWidthBlock:0.20333333333333334
AbstractFixedWidthBlock:0.20333333333333334
GroupByIdBlock:0.2
RunLengthEncodedBlock:0.19666666666666666
SnappyBlock:0.19333333333333333
DictionaryEncodedBlock:0.19333333333333333
WindowOperator:0.17
OrderingCompiler:0.15
WindowOperatorFactory:0.10666666666666667
TopNBuilder:0.1
TopNOperator:0.1
OrderByOperator:0.09666666666666666
TopNOperatorFactory:0.09333333333333334
OrderByOperatorFactory:0.09333333333333334
SimplePagesIndexComparator:0.03333333333333333
RowComparator:0.03333333333333333
