DomainEditorView:0.6033333333333334
ERDesignerBundle:0.32255555555555554
DomainEditor:0.2733333333333333
RelationEditor:0.19633333333333333
