SSLHelper:0.5366666666666666
Http2ServerTest:0.3822222222222222
Http2ClientTest:0.29
TestClient:0.14333333333333334
