SetOfMoleculesManipulator:0.41
ReactionManipulator:0.39
ToolsTests:0.22666666666666666
ReactionManipulatorTest:0.19
SetOfReactionsManipulator:0.17333333333333334
SetOfAtomContainersManipulator:0.15
SetOfMoleculesManipulatorTest:0.12666666666666668
ManipulatorsTests:0.11333333333333333
ChemModelManipulator:0.08666666666666667
AtomContainerManipulator:0.016666666666666666
ChemSequenceManipulator:0.013333333333333334
ChemFileManipulator:0.0
