ExecutionServiceDelegateGetTasksTest:0.5666666666666667
ListTaskTestSelenium:0.5177777777777777
ProfileChangingTestSelenium:0.20666666666666667
TaskDeadlineTDBuilder:0.16333333333333333
