Node:0.5333333333333333
Jerry:0.32
DOMBuilderTagVisitor:0.27
DomTreeTest:0.25666666666666665
