GraphEltSet:0.77
NBrowseApplet:0.40055555555555555
EdgeInfoStepObserver:0.18666666666666668
