CacheConfig:0.6133333333333333
AbstractCacheService:0.43666666666666665
CacheService:0.4166666666666667
CachePartitionSegment:0.34
ICacheService:0.24666666666666667
