Q:0.45666666666666667
Config:0.4266666666666667
CipherHelper:0.42333333333333334
ThreadContext:0.38666666666666666
Hazelcast:0.36333333333333334
Node:0.36
MultiMapProxy:0.30833333333333335
IdGeneratorProxy:0.305
BaseVariables:0.25333333333333335
MProxyImpl:0.23333333333333334
CMap:0.23333333333333334
RequestBasedCall:0.22666666666666666
ClusterManager:0.22666666666666666
MulticastService:0.225
AsymmetricCipherPacketWriter:0.22333333333333333
TopicProxyImpl:0.20333333333333334
ClusterMBean:0.19333333333333333
XmlConfigBuilder:0.18333333333333332
ReadHandler:0.18
WriteHandler:0.1791111111111111
AddressPicker:0.17666666666666667
SymmetricCipherPacketWriter:0.17
FactoryImpl:0.16333333333333333
ExecutorManager:0.16
SymmetricCipherPacketReader:0.15333333333333332
AsymmetricCipherPacketReader:0.1075
AsymmetricCipherBuilder:0.09666666666666666
FactoryAwareNamedProxy:0.08
SymmetricCipherBuilder:0.06
ManagementService:0.05
ConfigBuilder:0.025833333333333333
