Optimize:0.56
OptimizeRequest:0.46
CompletionSuggestSearchTests:0.3233333333333333
ShardOptimizeRequest:0.24666666666666667
TransportOptimizeAction:0.22
RobinEngine:0.2
RestOptimizeAction:0.13666666666666666
OptimizeRequestBuilder:0.11666666666666667
Defaults:0.0
