Window:0.8416666666666667
SelectionTest:0.2633333333333333
