SimpleDirectPosition:0.6166666666666667
SimpleEnvelope:0.3466666666666667
Objects:0.28
SimpleEnvelopeTest:0.03666666666666667
SimpleDirectPositionTest:0.013333333333333334
