Flyway:0.6266666666666667
CompositeMigrationResolver:0.38666666666666666
MigrationTestCase:0.32
CompositeMigrationResolverSmallTest:0.31666666666666665
