FeaturesConfig:0.6688888888888889
TestQueues:0.42333333333333334
TestFeaturesConfig:0.32
CoordinatorModule:0.16666666666666666
