SortSymbolVisitor:0.4088888888888889
NullFieldComparatorSource:0.3933333333333333
LuceneMissingValue:0.39
