OsgiBundleResource:0.39
OsgiHeaderUtils:0.29333333333333333
ClassSpaceWildcardTest:0.29333333333333333
BundleClassPathWildcardTest:0.23666666666666666
OsgiBundleResourcePatternResolver:0.21666666666666667
OsgiBundleResourceTest:0.2055
BaseIoTest:0.19388888888888892
PackageAdminResolver:0.12277777777777776
OsgiHeaderUtilsTest:0.12
UrlContextResource:0.02666666666666667
