SingleConsumerQueue:0.4666666666666667
SingleConsumerArrayQueue:0.38
SingleConsumerLinkedQueue:0.28
SingleConsumerLinkedArrayQueue:0.26666666666666666
