Engine:0.46111111111111114
GetResult:0.37
InternalEngine:0.37
InternalEngineTests:0.22333333333333333
