XCPDInitiatingGatewayRequestHandler:0.7
XCPDGatewayRequestHandler:0.29333333333333333
XCPDInitiatingGateway:0.22666666666666666
XCPDRespondingGatewayRequestHandler:0.18666666666666668
SoapActionFactory:0.08666666666666667
