LookDefinitionWriter:0.6783333333333333
LookCapacitiesWriter:0.44344444444444453
