Configuration:0.5566666666666666
Utils:0.43
ReflectionUtils:0.3933333333333333
Reflections:0.38
Store:0.33
ReflectionsTest:0.32
ConfigurationBuilder:0.30666666666666664
VfsTest:0.22333333333333333
Vfs:0.22166666666666668
C7:0.2063968253968254
JavaCodeSerializer:0.205
TypeElementsScanner:0.205
JarInputFile:0.18333333333333332
XmlSerializer:0.14777777777777779
Exclude:0.13666666666666666
ReflectionUtilsTest:0.13
Usage:0.12
Match:0.11146031746031748
JarInputDir:0.11
ReflectionsParallelTest:0.10333333333333333
