RubyPlugin:0.59
IRubyEditorTextHover:0.27051984126984113
IStringButtonAdapter:0.27051984126984113
IViewPartInputProvider:0.27051984126984113
DefaultRubyFoldingStructureProvider:0.27
RubyFileMatcher:0.24333333333333335
RubyOutlineContentProvider:0.19
RubyPluginImages:0.17833333333333334
OptionalMessageDialog:0.16333333333333333
RubyElementLabelProvider:0.13333333333333333
RubyUI:0.12666666666666668
RubyUIStatus:0.11333333333333333
WorkbenchRunnableAdapter:0.10666666666666667
SWTUtil:0.09666666666666666
RubyElementSorter:0.08666666666666667
StringButtonDialogField:0.056666666666666664
IUIConstants:0.0
