HardTokenSessionBean:0.44333333333333336
ProfileID:0.35
AdminGroupSessionBean:0.2725
CertificateProfileSessionBean:0.2113888888888889
EndEntityProfileSessionBean:0.20805555555555558
ProfileIDTest:0.12333333333333334
