SocketAcceptorThread:0.45666666666666667
TcpIpConnectionManager:0.4266666666666667
SocketConnector:0.39
