GUI:0.8066666666666666
NewEmptyMapAction:0.13666666666666666
ReportCargoAction:0.11333333333333333
ReportForeignAction:0.11333333333333333
ReportColonyAction:0.11333333333333333
ReportContinentalCongressAction:0.11333333333333333
ReportIndianAction:0.11333333333333333
ReportMilitaryAction:0.11333333333333333
ReportExplorationAction:0.11333333333333333
ReportEducationAction:0.11333333333333333
ReportNavalAction:0.11333333333333333
ReportProductionAction:0.11333333333333333
