AnnotationTable:0.45666666666666667
GeneAliasTable:0.3377777777777778
ArticleBean:0.32666666666666666
UpdateGene:0.32
DisplayGene:0.3111111111111111
HitBean:0.31
TermBean:0.31
Login:0.29
EvidenceDescriptionListBean:0.2866666666666667
AnnotationBean:0.23333333333333334
SearchHits2:0.23
GeneTable:0.22666666666666666
DisplayArticle:0.21116666666666664
SearchGenes:0.2102222222222222
AddSequence:0.2101111111111111
UpdateAnnotation:0.21
Search:0.20333333333333334
SearchTerms:0.20333333333333334
DisplaySequenceAssociations:0.19333333333333333
SearchArticles:0.18333333333333332
AnalysisReferenceBean:0.18
DisplayAnnotation:0.18
AnnotationTests:0.17666666666666667
DisplayLocus:0.175
GeneAliasBean:0.17
HitTable:0.16333333333333333
DisplayTerm:0.15666666666666668
TermBeanFactory:0.15555555555555556
AddGene:0.155
AddComment:0.15166666666666667
DisplayHit:0.15
DisplayGoTerm:0.14
CommunicationBean:0.14
UpdateTerm:0.13333333333333333
ArticleAssociatedTerms:0.115
ArticleReferenceListAsTable:0.10333333333333333
UpdateArticleWithId:0.08666666666666667
PubReferenceBean:0.05444444444444444
DisplayReference:0.03666666666666667
PubReferenceTable:0.02
PubAnalysisReferenceTable:0.0025
PubCommunicationTable:0.0025
HTMLUtils:0.0
