SerDeUtils:0.42333333333333334
TypeJsonUtils:0.31
HiveQueryRunner:0.25
TestHiveIntegrationSmokeTest:0.10333333333333333
