BulletWorld:0.525
BulletTestCollection:0.36
BaseBulletTest:0.2966666666666667
BulletTest:0.27166666666666667
RayPickRagdollTest:0.17666666666666667
RayCastTest:0.15333333333333332
