SimulationConfig:0.5833333333333334
Simulation:0.5133333333333333
MasterClock:0.30333333333333334
AmountResource:0.23666666666666666
ItemResource:0.23666666666666666
PartConfig:0.2
MarsProject:0.19666666666666666
AmountResourceConfig:0.12333333333333334
