Utils:0.6033333333333334
NettyServerHandler:0.33
ProtocolNegotiator:0.26666666666666666
ProtocolNegotiators:0.2425
ServerTlsHandler:0.20666666666666667
ProtocolNegotiatorsTest:0.1875
TlsNegotiator:0.12
PlaintextUpgradeNegotiator:0.056666666666666664
PlaintextNegotiator:0.02
