WorkerActor:0.6066666666666667
DeepLearningTest:0.43
MasterActor:0.42
WorkerActorFactory:0.21333333333333335
MasterActorFactory:0.013333333333333334
