H2DbSupport:0.5066666666666667
HsqlDbSupport:0.46
OracleMigrationMediumTest:0.16
MigrationTestCase:0.13666666666666666
