DescriptorImpl:0.8119444444444444
BaseEPObject:0.5286111111111111
DescriptorInstance:0.365
DescriptorsPage:0.2866666666666667
DescriptorLabelProvider:0.22333333333333333
