CmpRevokeResponseMessage:0.4633333333333333
AuthenticationModulesTest:0.44333333333333336
CmpTestCase:0.3233333333333333
RevocationMessageHandler:0.20666666666666667
CmpMessageDispatcherSessionBean:0.13
