SimpleName:0.5566666666666666
SimpleNameFactory:0.5166666666666667
Scoped:0.245
SimpleNameSpace:0.21
SimpleNameTest:0.12833333333333333
Member:0.10333333333333333
Type:0.016666666666666666
