UserDataVOWS:0.6566666666666666
EjbcaWSHelper:0.37666666666666665
EjbcaWSTest:0.18333333333333332
