SoapMessage:0.74
AxiomSoapMessage:0.3933333333333333
AxiomSoapMessageContextFactory:0.2833333333333333
AxiomAttachment:0.27
AxiomAttachmentException:0.19333333333333333
SaajSoapMessage:0.19055555555555556
AxiomSoapMessageContextFactoryTest:0.18333333333333332
AbstractSoapMessageContextFactoryTestCase:0.12333333333333334
SaajSoapMessageContextFactoryTest:0.10666666666666667
AxiomAttachmentIterator:0.04
