MyErrorHandler:0.5433333333333333
ISO19139CHEtoGM03:0.44666666666666666
TranslateAndValidate:0.43333333333333335
