FeatureView:0.5166666666666667
LinearView:0.32
StrandedZoomableApolloPanel:0.31666666666666665
SplitterView:0.24
AnnotationView:0.24
ScaleView:0.18333333333333332
GridApolloLayout:0.14
