Processes:0.7133333333333334
UCM:0.35
VssJournal:0.3233333333333333
XMLLogHelper:0.2833333333333333
ClearCaseViewstrapper:0.22
SnapshotCMBootstrapper:0.1527777777777778
ClearCaseBootstrapper:0.14333333333333334
ClearCaseAuditLogger:0.13
