IsotopeFactory:0.5
AtomContainerManipulator:0.3933333333333333
GENMDeterministicGenerator:0.37666666666666665
CDKHydrogenAdderTest:0.31666666666666665
ShelXWriter:0.28
DeAromatizationTool:0.22816666666666663
AtomContainerManipulatorTest:0.22666666666666666
IsotopeFactoryTest:0.21666666666666667
JChemPaintModel:0.21333333333333335
ExtendedFingerprinter:0.19666666666666666
SingleStructureRandomGeneratorTest:0.14333333333333334
VAdjMaDescriptor:0.13666666666666666
MomentOfInertiaDescriptor:0.13666666666666666
AutocorrelationDescriptorMass:0.13666666666666666
MformulaTests:0.08333333333333333
