SecurityContextHolderAwareRequestFilterTests:0.58
SecurityNamespaceHandlerTests:0.25666666666666665
DebugFilterTest:0.18666666666666668
DefaultFilterChainValidatorTests:0.15666666666666668
