StatementAnalyzer:0.5066666666666667
AbstractTestDistributedQueries:0.38666666666666666
AbstractTestQueryFramework:0.35
MetadataUtil:0.30666666666666664
AstBuilder:0.23666666666666666
AstVisitor:0.23666666666666666
TestAnalyzer:0.15666666666666668
