EditorTag:0.5133333333333333
CustomizeListTestBase:0.3433333333333333
ReallocationTest:0.3233333333333333
ReallocationDetailsEditOnlyTest:0.20555555555555557
