IcalCrawler:0.7533333333333333
NCAL:0.426626984126984
TestIcalCrawler:0.38666666666666666
