ConfigurationService:0.6933333333333334
ConfigInterceptor:0.2644444444444445
AdminControllerTest:0.25666666666666665
BuildDetailControllerTest:0.23
ConfigurationServiceTest:0.18666666666666668
AdminController:0.1811111111111111
ConfigInterceptorTest:0.16
ConfigXmlFileService:0.12666666666666668
