OGAgent:0.7133333333333334
OGAgentTest:0.20833333333333334
AgentConnectionTest:0.2025
