State:0.66
MJIEnv:0.5605555555555555
JPF_gov_nasa_jpf_sc_State:0.17333333333333334
