ResultSetTest:0.32
ClientReplicatedMapProxy:0.28583333333333333
ReplicatedMapProxy:0.28111111111111114
ClientMapProxy:0.28
ResultIterator:0.26733333333333337
ResultSet:0.22666666666666666
TestPagingPredicate:0.18333333333333332
BasicMapTest:0.17333333333333334
ClientMapBasicTest:0.15666666666666668
