DataObjectFactory:0.48333333333333334
Vocabulary:0.2720555555555556
ConfigurationUtil:0.21333333333333335
ImapCrawler:0.2
ImapCrawlerFactory:0.008333333333333333
HttpClientUtil:0.0
