NumberFieldType:0.2608333333333333
NumberFieldMapperTests:0.24
IpFieldMapper:0.233
IpFieldMapperTests:0.23
DateFieldMapper:0.22805555555555557
GeoShapeFieldMapper:0.22805555555555557
ScaledFloatFieldMapper:0.22805555555555557
DateFieldMapperTests:0.21333333333333335
ScaledFloatFieldMapperTests:0.21333333333333335
GeoPointFieldMapper:0.16333333333333333
