ViewportAnnotation:0.44
EditorManager:0.44
ContributionAnnotationManager:0.26
SarosAnnotation:0.26
EditorAPI:0.24
SessionLabelProvider:0.16333333333333333
SelectionAnnotation:0.14333333333333334
ContributionAnnotation:0.13733333333333334
