ContextLoaderListener:0.6683333333333333
DependencyServiceManager:0.5102777777777778
