MergeSelectedPolygonsPlugIn:0.30333333333333334
EliminateSmallBuildingsPlugIn:0.3
DisplaceLinesPlugIn:0.28
ChangeElongationSelectedBuildingPlugIn:0.25666666666666665
EliminatePointsInLineOfBuildingPlugIn:0.20333333333333334
