Workstation:0.7633333333333333
WorkstationWindow:0.43333333333333335
RuleBaseAction:0.2833333333333333
WorkstationMenuItem:0.24
CoreTierWindow:0.22666666666666666
CoreRuleBaseWindow:0.19
LoadCoreRuleBaseAction:0.18444444444444444
CoreSuperWindow:0.18
ApplicationWorkbenchWindowAdvisor:0.16666666666666666
WindowMenu:0.11666666666666667
StringCellRenderer:0.056666666666666664
CoreRuleCellRenderer:0.049166666666666664
CoreVariableStringCellRenderer:0.049166666666666664
CoreTierCellRenderer:0.049166666666666664
