PercolateSourceBuilder:0.5266666666666666
PercolateRequest:0.49
NoMasterNodeTests:0.44
PercolateResponse:0.4321666666666667
