ListProxyImpl:0.43666666666666665
CollectionSizeOperation:0.38666666666666666
ListContainer:0.2
CollectionContainer:0.17472222222222225
CollectionDataSerializerHook:0.17166666666666666
ListTest:0.16666666666666666
