OutputLayer:0.6683333333333333
BackTrackLineSearch:0.42333333333333334
OutputLayerTest:0.22333333333333333
