NodeSecurity:0.46
ParameterConstants:0.45866666666666667
RegistrationService:0.45
INodeService:0.44156349206349205
DataService:0.37333333333333335
NodeService:0.32666666666666666
RouterService:0.3233333333333333
MockNodeService:0.31
NodeManagementService:0.19333333333333333
AbstractSymmetricEngine:0.1888888888888889
SymmetricAdmin:0.18333333333333332
IDataService:0.1608730158730159
ConfigurationChangedDataRouter:0.16
NodeServiceSqlMap:0.12416666666666666
NodeSecurityRowMapper:0.02
