Add:0.4166666666666667
ExtentHelper:0.37505555555555553
Update:0.35
Get:0.30666666666666664
Delete:0.13666666666666666
