Grammar:0.65
Alternative:0.3433333333333333
ParserFactory:0.26666666666666666
BasicSemanticChecks:0.24666666666666667
SymbolChecks:0.21333333333333335
RewriteRefs:0.16666666666666666
SemanticPipeline:0.15333333333333332
UseDefAnalyzer:0.14666666666666667
AltAST:0.14
