Property:0.6366666666666667
EditViewFactory:0.4066666666666667
MetaProperty:0.27
LinkedBy:0.25333333333333335
CreateRelationship:0.19333333333333333
ChildOf:0.18
ChildIn:0.18
ParentOf:0.18
SpouseOf:0.18
ParentIn:0.18
SiblingOf:0.18
Relationship:0.10944444444444443
