TestingJtaPlatformImpl:0.7266666666666667
BaseEnversJPAFunctionalTestCase:0.30666666666666664
TestingJtaBootstrap:0.30333333333333334
JtaExceptionListener:0.2
JtaAwareConnectionProviderImpl:0.1938888888888889
JtaTransaction:0.16333333333333333
TransactionJoiningTest:0.16
