DOTranslationUtility:0.5766666666666667
TestAPIM:0.35333333333333333
FOXMLDOSerializer:0.24666666666666667
METSLikeDOSerializer:0.21333333333333335
