SeriesStored:0.5666666666666667
AssociationBean:0.2966666666666667
FileSystemMgtService:0.2733333333333333
StoreScp:0.27
ContentEditService:0.25666666666666665
StorageBean:0.23333333333333334
StorageBeanTest:0.19611111111111112
StoreScpService:0.19333333333333333
FileInfo:0.15
