X509CAInfo:0.48333333333333334
CmsCAService:0.33666666666666667
OCSPCAService:0.2833333333333333
XKMSCAService:0.2833333333333333
