OOITBuilder:0.41333333333333333
CommCore:0.2733333333333333
ListCommChannel:0.26166666666666666
Execution:0.21
IfProcess:0.2
CommListener:0.18
LocalCommChannel:0.11666666666666667
LocalListener:0.08
