HopDateTime:0.8833333333333333
DateTimePlugin:0.37333333333333335
