DriverContext:0.35
LocalExecutionPlanner:0.3466666666666667
TaskManagerConfig:0.3233333333333333
UpdateRequest:0.2833333333333333
Visitor:0.27166666666666667
DistributedQueryRunner:0.24333333333333335
IndexLoader:0.21
LocalQueryRunner:0.16666666666666666
PagesIndexBuilderOperator:0.16666666666666666
PagesIndexBuilderOperatorFactory:0.1611111111111111
TestTaskManagerConfig:0.13666666666666666
ExceededMemoryLimitException:0.13333333333333333
TestSqlTaskManager:0.12333333333333334
TestSqlTaskExecution:0.10666666666666667
IndexLookupSource:0.1
IndexLookupSourceSupplier:0.08333333333333333
ServerMainModule:0.0825
IndexSnapshotLoader:0.08
