Gem:0.44
GemManager:0.38
RemoveGemDialog:0.29333333333333333
GemsView:0.20333333333333334
IGemManager:0.155
GemsMessages:0.12883333333333333
