Node:0.6902777777777778
Context:0.6477777777777778
SimpleNode:0.4266666666666667
AbstractContext:0.23
