Node:0.7966666666666666
Document:0.4166666666666667
LagartoDOMBuilderTagVisitor:0.2833333333333333
LagartoParserEngine:0.26
