ManagedDataSourceFactory:0.4166666666666667
SessionFactoryFactory:0.41333333333333333
HibernateBundle:0.30333333333333334
JDBITest:0.29
ManagedLiquibase:0.21333333333333335
DBIFactory:0.15333333333333332
ManagedDataSourceFactoryTest:0.056666666666666664
