InputStream:0.43
ByteArrayOutputStream:0.42333333333333334
ByteArrayInputStream:0.37666666666666665
