AnimUtils:0.5333333333333333
ProgressBarsActivity:0.3333333333333333
ProgressBarDrawable:0.19666666666666666
