DoubleSumAggregation:0.12333333333333334
LongSumAggregation:0.12333333333333334
BooleanOrAggregation:0.12333333333333334
CustomSum:0.12333333333333334
BooleanAndAggregation:0.12333333333333334
