FireMachineGuns:0.43333333333333335
Rout:0.4066666666666667
MoveMultiple:0.27
PickupUnit:0.24333333333333335
