ParentFieldMapper:0.36666666666666664
MapperService:0.33
Builder:0.3217222222222222
DocumentMapperParser:0.20333333333333334
RootObjectMapper:0.17333333333333334
ChildQuerySearchIT:0.17
TypeParser:0.16333333333333333
AbstractFieldDataTestCase:0.13
ParentFieldLoadingIT:0.12833333333333333
FieldDataWarmer:0.12666666666666668
ParentFieldLoadingBwcIT:0.06166666666666667
Defaults:0.03
