Application:0.6866666666666666
GwtApplication:0.32666666666666666
AndroidApplication:0.24666666666666667
LwjglApplication:0.21
JglfwApplication:0.17333333333333334
Lwjgl3Application:0.17333333333333334
HeadlessApplication:0.17333333333333334
IOSApplication:0.17333333333333334
AndroidFragmentApplication:0.17
LwjglCanvas:0.17
AndroidLiveWallpaper:0.17
LwjglAWTCanvas:0.17
AndroidDaydream:0.17
