DecorationsTracker:0.37
SWTHierarchy:0.35333333333333333
SampleApp:0.23666666666666666
BasicFinder:0.20333333333333334
TestHierarchy:0.1827777777777778
FinderTest:0.16
Sample:0.13666666666666666
NameMatcher:0.03666666666666667
TextMatcher:0.016666666666666666
DecorationsMatcher:0.016666666666666666
ClassMatcher:0.013333333333333334
AbstractMatcher:0.0
