BytecodeEnhancementMetadata:0.5397777777777778
AbstractEntityTuplizer:0.4533333333333333
EnhancerTest:0.36666666666666664
BytecodeEnhancementMetadataPojoImpl:0.3333333333333333
BytecodeEnhancementMetadataNonPojoImpl:0.15666666666666668
