ManagedChannelImplTransportManagerTest:0.2833333333333333
TransportSet:0.2527777777777778
ScheduledExecutorImpl:0.23666666666666666
ManagedChannelImplTest:0.20666666666666667
TestUtils:0.1630396825396825
TransportSetTest:0.13138888888888892
