Loader:0.66
Parser:0.5633333333333334
Token:0.5233333333333333
