NodesResult:0.5833333333333334
AbstractTreeEditor:0.51
ContentRegistryEditor:0.30666666666666664
SitemapEditor:0.23666666666666666
NodeResult:0.13
ContentRegistryTreeNodeComparator:0.05
AbstractTreeViewer:0.043333333333333335
