TagElement:0.6477777777777777
JavadocGenerator:0.5766666666666667
JavadocGeneratorTest:0.3566666666666667
