EventFactory:0.49333333333333335
AlarmFactory:0.46
EventUtil:0.37333333333333335
LogMessageMatchesAnyFilter:0.36333333333333334
AlarmUtil:0.3566666666666667
AlarmQueryParms:0.20666666666666667
EventQueryParms:0.20666666666666667
EventQueryServlet:0.19333333333333333
AlarmQueryServlet:0.19333333333333333
AcknowledgeAlarmServlet:0.12400000000000001
AcknowledgeEventServlet:0.12400000000000001
AcknowledgeAlarmByFilterServlet:0.11
AcknowledgeEventByFilterServlet:0.10666666666666667
AlarmFilterServlet:0.09666666666666666
EventFilterServlet:0.09666666666666666
AlarmIdNotFoundException:0.04
EventIdNotFoundException:0.04
