EntityManagerFactoryBuilderImpl:0.38333333333333336
EnhancementContextWrapper:0.2833333333333333
EnhancingClassTransformerImpl:0.26666666666666666
PersistenceUnitDescriptorAdapter:0.25666666666666665
EntityManagerMessageLogger:0.24666666666666667
PersistenceUnitInfoDescriptor:0.23333333333333334
PersistenceUnitDescriptor:0.21
ParsedPersistenceXmlDescriptor:0.20583333333333334
AvailableSettings:0.19944444444444445
AbstractExecutable:0.15666666666666668
TestingPersistenceUnitDescriptorImpl:0.14583333333333334
InstrumentedClassLoader:0.09
