HTMLElement:0.5833333333333334
HTMLBodyElement:0.41
HTMLTableElement:0.23666666666666666
HTMLTableElementTest:0.23
HTMLTableCellElementTest:0.14666666666666667
HTMLTableRowElement:0.13
HTMLTableRowElementTest:0.13
HTMLTableCellElement:0.06
