LinearStrategy:0.5866666666666667
ReteLinearStrategy:0.3
ReteRandomLinearStrategy:0.18611111111111112
RandomLinearStrategy:0.18611111111111112
