Application:0.45
Perspective:0.44333333333333336
WorkbenchAdvisorHack:0.3
NavigatorRoot:0.22666666666666666
ApplicationActionBarAdvisor:0.17666666666666667
ApplicationWorkbenchAdvisor:0.11
ApplicationWorkbenchWindowAdvisor:0.054444444444444455
