Task:0.5833333333333334
TaskEndLog:0.25
MultiTaskNode:0.20666666666666667
PermissionTableBuilder:0.19
WFCommonLogic:0.18666666666666668
TaskExpiredLog:0.17838888888888887
TaskNode:0.1717222222222222
TaskLogic:0.13333333333333333
ActionLog:0.13333333333333333
ProcessLog:0.12666666666666668
ExpiredJobCheckerTask:0.12
TaskEndBySubstitutorLog:0.11982539682539685
