GwtMainPage:0.44666666666666666
ActivityStreamCtrl:0.4033333333333333
MainMenuControl:0.2966666666666667
ActivityStreamEnterEvent:0.21666666666666667
MainContentLayoutPanel:0.08666666666666667
