JsEnvironment:0.8366666666666667
JsThread:0.2866666666666667
