StreamServiceManager:0.51
StreamSession:0.49666666666666665
StopSessionRunnable:0.19
StreamSessionListener:0.09277777777777778
