Robot:0.5666666666666667
TreeItemTester:0.43666666666666665
ItemPath:0.43666666666666665
WidgetTester:0.4
TreeTester:0.29
ItemTester:0.26
ControlTester:0.25
MenuTester:0.21
