HtmlPage:0.81
HtmlSelect:0.4066666666666667
HTMLSelectElement:0.2833333333333333
