MapProxySupport:0.37
MapProxyImpl:0.3466666666666667
BasicMapTest:0.31333333333333335
Preconditions:0.25333333333333335
NearCachedMapProxyImpl:0.23666666666666666
