QueueImpl:0.53
RGGGraph:0.47333333333333333
Runtime:0.41
Iterator:0.13666666666666666
