ViewFactory:0.56
Option:0.49666666666666665
Registry:0.49666666666666665
WindowManager:0.49333333333333335
Model:0.41
Context:0.38666666666666666
Workbench:0.37666666666666665
BlueprintManager:0.315
Content:0.30333333333333334
Report:0.29333333333333333
Impl:0.2733333333333333
Worker:0.2683333333333333
AdvancedEditor:0.26166666666666666
UserHomeGenJOption:0.255
EditView:0.25333333333333335
OptionProvider:0.24666666666666667
MultipleChoiceOption:0.24333333333333335
PrintTask:0.24333333333333335
ReportView:0.24333333333333335
SearchView:0.23
ViewDockable:0.22333333333333333
PropertyOption:0.21476190476190476
TimelineView:0.21333333333333335
SelectEntityWidget:0.21
BasicEditor:0.19872222222222222
Mode:0.18666666666666668
EditPlugin:0.18333333333333332
PrintRegistry:0.17666666666666667
FileAssociationOption:0.17333333333333334
EditViewFactory:0.16
TableView:0.15333333333333332
SwitchMode:0.15
Startup:0.14666666666666667
Images:0.13
EntityView:0.12666666666666668
Shutdown:0.12666666666666668
Menu:0.12666666666666668
ActionAbout:0.10833333333333334
App:0.10333333333333333
NavigatorView:0.09333333333333334
HelpActionGroup:0.07
HelpPluginFactory:0.02666666666666667
HelpWidget:0.02
HelpViewFactory:0.02
ReportViewFactory:0.019166666666666665
TableViewFactory:0.016666666666666666
SearchViewFactory:0.016666666666666666
NavigatorViewFactory:0.016666666666666666
TimelineViewFactory:0.016666666666666666
EntityViewFactory:0.016666666666666666
HelpView:0.0033333333333333335
