GraphVertex:0.7366666666666667
ComputationGraph:0.39
GraphBuilder:0.21666666666666667
MergeVertex:0.17
LayerVertex:0.16666666666666666
TestGraphNodes:0.16666666666666666
ComputationGraphConfiguration:0.16444444444444445
InputVertex:0.14666666666666667
SubsetVertex:0.09666666666666666
ElementWiseVertex:0.07333333333333333
