GlobalCheckpointTracker:0.5
Engine:0.4
InternalEngineTests:0.36333333333333334
SequenceNumbersService:0.29
GlobalCheckpointTrackerTests:0.2866666666666667
EngineConfig:0.24
InternalEngine:0.22666666666666666
