QuickFormGpdProperty:0.5433333333333333
QuickTemplateRegister:0.45666666666666667
QuickFormEditor:0.4066666666666667
QuickFormXMLUtil:0.26555555555555554
PropertyTableLabelProvider:0.1877777777777778
