TestComputationGraphNetwork:0.38333333333333336
RecordReaderMultiDataSetIteratorTest:0.30333333333333334
DataSetIteratorTest:0.20666666666666667
SequenceVectorsTest:0.2
TestSparkComputationGraph:0.19
