HttpTest:0.6165555555555555
ClientConnection:0.3933333333333333
