ReplicationUpdate:0.7383333333333333
RemoteOperationContext:0.5638055555555556
DefaultEventualConsistencyStrategy:0.5008333333333334
