PrintManager:0.6675
PrintTask:0.5066666666666667
TreeViewPrinter:0.3497222222222222
