UnreadableMockFile:0.5566666666666666
SFEEFrsPublisherTest:0.40555555555555556
ValidationHelperTest:0.24333333333333335
