InternalPartitionServiceImpl:0.8466666666666667
InternalPartitionService:0.7644444444444445
MigrateTask:0.21444444444444447
PartitionReplicaVersions:0.19333333333333333
LocalPartitionListener:0.16666666666666666
SyncReplicaVersionTask:0.11111111111111109
ReplicaSyncEntryProcessor:0.07333333333333333
