Follow:0.9227777777777779
Common:0.3028730158730159
ArticleProcessor:0.21333333333333335
FollowMgmtService:0.14666666666666667
UserProcessor:0.13333333333333333
FollowQueryService:0.13
FollowProcessor:0.04
