Future:0.46
FutureImpl:0.4033333333333333
CoreExamples:0.3466666666666667
FutureTest:0.18
