SizeMarshaller:0.57
Segment:0.44666666666666666
ChronicleMapBuilder:0.35333333333333333
VanillaChronicleMap:0.34833333333333333
ByteableMarshaller:0.29
TCPSocketReplicationTest:0.19666666666666666
AbstractChronicleMapConverter:0.15666666666666668
ConstantSizeMarshaller:0.125
HeapWriteLocked:0.10666666666666667
SizeMarshallers:0.08
