TableManager:0.49666666666666665
QueryAST:0.4033333333333333
Table:0.38
Database:0.31333333333333335
Query:0.2425
DbcpDatabase:0.14666666666666667
QedDatabase:0.14666666666666667
PgsqlDatabase:0.14
CloudscapeDatabase:0.14
MsqlDatabase:0.11666666666666667
SQLUpdate:0.08333333333333333
OQLAST:0.04666666666666667
IdAST:0.02666666666666667
ParamAST:0.02
AggregateAST:0.016666666666666666
