Operation:0.8033333333333333
Swagger:0.4866666666666667
Reader:0.2833333333333333
ResourceWithScheme:0.23666666666666666
