AnnotationInvocationHandler:0.5033333333333333
AnnotationDescriptionAnnotationInvocationHandlerTest:0.23333333333333334
ForLoadedAnnotation:0.22
RawAnnotationValue:0.1522222222222222
Loadable:0.13555555555555554
