JFinal:0.635
FileRender:0.24333333333333335
Tx:0.2
Redirect301Render:0.18333333333333332
RedirectRender:0.17666666666666667
CacheInterceptor:0.16666666666666666
