GroupImpl:0.8570000000000001
UserImpl:0.6066666666666667
