Constants:0.5334444444444444
CommunicationsStub:0.5266666666666666
