Evaluation:0.49
NeuralNetConfiguration:0.4166666666666667
EvaluationUtils:0.2633333333333333
JapaneseTokenizer:0.2633333333333333
ROC:0.26
ConfusionMatrix:0.23666666666666666
ROCMultiClass:0.23333333333333334
IEvaluation:0.22166666666666668
EvaluationBinary:0.22
MergeVertex:0.19333333333333333
JapaneseTokenizerFactory:0.19333333333333333
ROCTest:0.1877777777777778
ROCBinary:0.15666666666666668
EvaluationTools:0.15666666666666668
ListBuilder:0.13666666666666666
EvalTest:0.07333333333333333
BaseEvaluation:0.05277777777777778
JapaneseTokenizerTest:0.03
