VertxImpl:0.5266666666666666
HostnameResolverOptions:0.47333333333333333
CoreExamples:0.39
SharedWorkerPool:0.21
HostnameResolutionTest:0.08666666666666667
