AbstractTestHiveClient:0.6766666666666666
BytesHiveRecordCursor:0.24333333333333335
GenericHiveRecordCursor:0.24333333333333335
