StatusEvent:0.38
MetaData:0.37333333333333335
StatusManager:0.36
TabFileAdapter:0.29
DatabaseList:0.24833333333333332
DataLoader:0.24333333333333335
OpenDialog:0.24333333333333335
StatLis:0.05333333333333334
