InstanceTracker:0.5262222222222221
SnmpObjId:0.35
SnmpTableTest:0.29333333333333333
SpecificInstanceTracker:0.2866666666666667
SnmpColumn:0.14666666666666667
ColumnInstanceTracker:0.07333333333333333
