FunctionAssertions:0.55
TestExpressionCompiler:0.43
TestStringFunctions:0.21333333333333335
TestJsonFunctions:0.21333333333333335
TestMathFunctions:0.19333333333333333
AssertFilterTask:0.18333333333333332
AssertExecuteTask:0.18333333333333332
TestUnixTimeFunctions:0.16666666666666666
TestCustomFunctions:0.12
TestUrlFunctions:0.07333333333333333
TestConditions:0.07333333333333333
TestRegexpFunctions:0.06
