ImagePanel:0.5388888888888889
ThumbnailImage:0.37
WindowingImagePanel:0.2633333333333333
ShowImageViewDelegate:0.24
Thumbnail:0.22111111111111115
