MapProxySupport:0.5877777777777777
HazelcastInstanceProxy:0.5388888888888889
