CVSElement:0.65
CVSElementTest:0.5666666666666667
CVSStreamHandler:0.31666666666666665
