AnonymousClassConverter:0.5719047619047619
J2ObjC:0.4744444444444444
AnonymousClassConverterTest:0.41333333333333333
