BiomobyManager:0.45
RunFastaService:0.31666666666666665
AbstractMobyImplMultiple:0.2966666666666667
MobyConverter:0.13333333333333333
DownloadSimpleMobyMultiple:0.12666666666666668
DownloadSimpleMoby:0.11666666666666667
IMobyRunnable:0.03
AbstractMobyRunnableSingle:0.01
Bogus:0.0033333333333333335
ConvertFastaToPir:0.0
