Backup:0.5433333333333333
BasicClusterStateTest:0.3566666666666667
PrimaryAllowedDuringPassiveStateOperation:0.2833333333333333
PartitionBackupReplicaAntiEntropyOperation:0.20666666666666667
BackupOperation:0.14666666666666667
