Polygon:0.6266666666666667
LayoutMigrator:0.37333333333333335
