GraphWidget:0.43
ShapeMenuItemWidget:0.39666666666666667
DnDIdle:0.23666666666666666
DefaultGraphRenderer:0.22
TreeLayoutRenderer:0.17666666666666667
