AbstractNearCachePreloaderTest:0.5596666666666666
ClientMapNearCachePreloaderTest:0.4085714285714286
