ClientEngineImpl:0.36666666666666664
AbstractMessageTask:0.3566666666666667
MultiTargetCallback:0.25355555555555553
AbstractMapReduceTask:0.21666666666666667
AbstractInvocationMessageTask:0.19666666666666666
AbstractPartitionMessageTask:0.19666666666666666
AbstractAllPartitionsMessageTask:0.17666666666666667
AbstractCallableMessageTask:0.16333333333333333
AbstractMultiTargetMessageTask:0.16333333333333333
