JbpmExecutionLogic:0.6797222222222223
OrgFunctionHelper:0.4338888888888889
