CertificateCache:0.6133333333333333
OCSPUtil:0.44666666666666666
ProtocolOcspHttpTest:0.36333333333333334
OCSPServletStandAlone:0.33
OCSPServletBase:0.29333333333333333
TestCertificateCache:0.12333333333333334
OCSPServlet:0.11111111111111112
CertificateCacheInternal:0.01
CertificateCacheStandalone:0.01
