AccessorProvider:0.6159444444444444
ValueType:0.5194444444444445
AccessorAttributesCollector:0.31333333333333335
SourceOrdering:0.2966666666666667
Constitution:0.22
BaseFromTest:0.05
