WADOSupport:0.7283333333333334
RIDSupport:0.495
RIDService:0.31333333333333335
