ObjectNode:0.56
ChildrenViewScene:0.25583333333333336
LocalNode:0.22833333333333333
PhysicalConnectionProvider:0.22833333333333333
LocalEdge:0.20750000000000002
GraphicalRepSpecialRelationshipService:0.19666666666666666
RunSynchronizationProcessAction:0.17272222222222222
CellRenderer:0.1411111111111111
