TypeUtils:0.71
ASMSerializerFactory:0.4633333333333333
SerializeConfig:0.25
Issue1555:0.09333333333333334
Model:0.07333333333333333
