ScriptEditor:0.6333333333333333
ScriptEditorFrame:0.33
ScriptEditorJMenuBar:0.31
RunScriptAction:0.20666666666666667
ClearScriptAction:0.20666666666666667
DeleteScriptAction:0.20666666666666667
InsertLaunchStepAction:0.20666666666666667
StopOnFailureAction:0.20666666666666667
SaveScriptAction:0.20666666666666667
InsertTerminateStepAction:0.20666666666666667
LaunchScriptAction:0.20666666666666667
StopOnErrorAction:0.20666666666666667
InsertSequenceStepAction:0.20666666666666667
MoveUpStepAction:0.20666666666666667
SelectTestSuiteAction:0.20666666666666667
OpenScriptAction:0.20666666666666667
InsertScriptStepAction:0.20666666666666667
MoveDownStepAction:0.20666666666666667
SaveAsScriptAction:0.20666666666666667
TerminateScriptAction:0.20666666666666667
RenameScriptAction:0.20666666666666667
ExitAction:0.20666666666666667
CutStepAction:0.20666666666666667
NewScriptAction:0.20666666666666667
DuplicateScriptAction:0.20666666666666667
ScriptTableSelectionHandler:0.20333333333333334
AbstractEditorAction:0.14777777777777776
AbstractEditorToggleAction:0.04
EditorConstants:0.0
