Submission:0.47
Quota:0.2833333333333333
Status:0.24666666666666667
Sorting:0.24666666666666667
Survey:0.23
Type:0.17333333333333334
Questionnaire:0.16
