OidcConfiguration:0.38666666666666666
DefaultPrincipalAttributesRepository:0.22333333333333333
DefaultRefreshTokenFactory:0.15833333333333333
DefaultAccessTokenFactory:0.15833333333333333
DefaultOAuthCodeFactory:0.15833333333333333
DefaultTicketFactory:0.09916666666666667
DefaultCasEventListener:0.013333333333333334
PasswordPolicyConfiguration:0.013333333333333334
DefaultTicketGrantingTicketFactory:0.013333333333333334
DefaultProxyGrantingTicketFactory:0.013333333333333334
