GwtShareHelper:0.5566666666666666
EmailHelper:0.55
SendMailErrorWrapper:0.4683333333333333
