RedissonMapCache:0.7133333333333334
RedissonMapCacheTest:0.3233333333333333
MapOptions:0.23833333333333334
