Session:0.8216666666666667
SessionTest:0.24464285714285713
