WebHelper:0.5433333333333333
AjaxController:0.33
WebKeys:0.18833333333333332
