ConvolutionLayer:0.66
ConvolutionUtils:0.31666666666666665
InputTypeUtil:0.24666666666666667
TestConvolutionModes:0.21666666666666667
