IOUtil:0.78
GetCommand:0.44666666666666666
SetCommand:0.29333333333333333
GetCommandProcessor:0.21666666666666667
SetCommandProcessor:0.16666666666666666
