CollectionIdSource:0.5396269841269841
IdentifierGeneratorDefinition:0.37
AbstractPluralAttributeSecondPass:0.32666666666666666
PluralAttributeSourceIdBagImpl:0.3
CollectionIdSourceImpl:0.2866666666666667
