AlfObject:0.545
EqualsUtil:0.365
JavaObjectAccessor:0.29333333333333333
WSObjectAccessor:0.21666666666666667
