InchiDisplayPage:0.5633333333333334
InchiServerPage:0.49333333333333335
