SpdyConnection:0.47
InFrame:0.25777777777777783
Http2ConnectionTest:0.24333333333333335
Main:0.23166666666666666
HpackDecodeTestBase:0.15833333333333333
HpackRoundTripTest:0.013333333333333334
