HeadersMessage:0.5015555555555554
BitcoindComparisonTool:0.3433333333333333
BlockAndValidity:0.28638888888888886
