AddressBookParsedResult:0.42
Code128Reader:0.26666666666666666
EmailAddressParsedResult:0.2633333333333333
TelParsedResult:0.25666666666666665
Code39Reader:0.16
CalendarParsedResult:0.16
DecodedBitStreamParser:0.16
SMSParsedResult:0.16
URIParsedResult:0.16
VCardResultParser:0.13666666666666666
