ConsolePlugin:0.5933333333333334
CommandoCommand:0.5333333333333333
GeneralOptionPane:0.27
