IOSCharset:0.7166666666666667
IOSCharsetEncoder:0.32666666666666666
IOSCharsetDecoder:0.26666666666666666
