HTMLAnchorElement:0.48333333333333334
HTMLAreaElement:0.36333333333333334
JavaScriptConfigurationTest:0.312
