WebUtils:0.5566666666666666
Response:0.36
BlockAuthenticationContingencyPlan:0.33666666666666667
RiskBasedAuthenticationProperties:0.30333333333333334
ElectroFenceConfiguration:0.16666666666666666
AdaptiveMultifactorAuthenticationWebflowEventResolver:0.15
AuthenticationRiskContingencyResponse:0.12333333333333334
MultifactorAuthenticationContingencyPlan:0.11333333333333333
BaseAuthenticationRiskContingencyPlan:0.08333333333333333
RiskAwareAuthenticationWebflowEventResolver:0.06
