MessageDescription:0.44333333333333336
RTVM0400:0.43666666666666665
Messages:0.42333333333333334
APIProgramCallDocument:0.30333333333333334
IQMHRTVM:0.26
IQMHRTVMResult:0.22
AbstractMessageFileCompareEditor:0.20666666666666667
MessageDescriptionHelper:0.2
RTVM0300:0.19666666666666666
SearchResultViewer:0.19
ContentProviderTableViewer:0.17
SubstitutionVariableFormat:0.13777777777777778
SpecialReplyValueEntry:0.12666666666666668
ValidReplyEntry:0.10666666666666667
SpecialReplyValueEntryFormat:0.08777777777777779
ValidReplyEntryFormat:0.08666666666666667
