HtmlElement:0.59
DomNode:0.56
HTMLElementTest:0.30333333333333334
Window:0.29833333333333334
DomNodeTest:0.05
