CommonConfiguration:0.8466666666666667
EmbedClient:0.41
AbstractConfigurationParser:0.38333333333333336
