Tab:0.7866666666666666
View:0.6033333333333334
DateFormatter:0.21
AddElementsToCollectionAction:0.19333333333333333
GoListAction:0.19333333333333333
DeselectRowsAction:0.16333333333333333
DeleteSelectedAction:0.16
