AsyncConnectionSettings:0.38666666666666666
MongoClients:0.29333333333333333
Builder:0.25666666666666665
DefaultAsyncConnectionFactory:0.24777777777777782
