AmazonS3Client:0.49333333333333335
S3V4AuthErrorRetryStrategy:0.30333333333333334
AWSS3V4Signer:0.29333333333333333
S3ClientOptions:0.15333333333333332
