ChemObjectBuilder:0.9233333333333333
DefaultChemObjectBuilder:0.30666666666666664
DebugChemObjectBuilder:0.30666666666666664
