DBCollection:0.5522222222222222
MapReduceOutput:0.4066666666666667
JavaClientTest:0.36666666666666664
