CoreAuthenticationTestUtils:0.5733333333333334
RegisteredServiceResourceTests:0.4766666666666667
RegisteredServiceResource:0.43666666666666665
AuthenticationCredentialMatcher:0.42
RestServicesConfiguration:0.06
