ApplicationViewSelector:0.6233333333333333
FlowTests:0.3233333333333333
StateTests:0.18666666666666668
FlowExecutionTests:0.17333333333333334
TransitionExecutingStateExceptionHandlerTests:0.16666666666666666
SimpleFlow:0.14
TextToViewSelector:0.13
