TestRESTAPI:0.7933333333333333
FedoraWebXML:0.35611111111111116
