BooleanCheckBox:0.5533333333333333
GreenLabEnvironmentPanel:0.35
GreenLabTopologyPanel:0.3044444444444444
GreenLabOutputTPanel:0.2733333333333333
GreenLabGUI:0.12444444444444443
GreenLabOutputPanel:0.12
AgeComboBox:0.0
