Right:0.6005555555555555
Left:0.31333333333333335
