Receiver:0.5016666666666667
ReceiverTest:0.27666666666666667
RecordDescriptor:0.23
Transmitter:0.22666666666666666
