SimpleDASAdapter:0.6866666666666666
SimpleDASAdapterGUI:0.4522222222222222
