WhereClauseAnalyzerTest:0.6366666666666667
WhereClauseAnalyzer:0.48
ComparisonReplaceVisitor:0.24333333333333335
GeneratedColumnComparisonReplacer:0.23666666666666666
