TrashListLocal:0.8112698412698413
TrashListBean:0.6127777777777778
TrashListPage:0.5066666666666667
