FolderEntryComposite:0.5033333333333333
FolderEntryCookies:0.45
FolderEntryHeader:0.33666666666666667
FolderEntryDocument:0.22111111111111115
