BuildAgentService:0.6566666666666666
RemoteResult:0.46
BuildAgentServiceImplTest:0.43333333333333335
RemoteResultTest:0.3333333333333333
PropertiesHelper:0.31666666666666665
BuildAgentServiceImpl:0.30666666666666664
DistributedMasterBuilder:0.2833333333333333
DistributedMasterBuilderTest:0.24111111111111114
InteractiveBuildUtility:0.10166666666666667
DistributedMasterBuilderNoLookupTest:0.028333333333333332
