OleAut32:0.6277777777777778
IUnknown:0.21666666666666667
IDispatch:0.2
OleAut32Util:0.09666666666666666
Variant:0.07222222222222223
COMObject:0.04666666666666667
MSWord:0.01
OaIdl:0.0
