Aggregator:0.6566666666666666
BucketsAggregator:0.2833333333333333
AggregatorFactories:0.21333333333333335
AggregationPhase:0.18
FacetPhase:0.16666666666666666
