Activator:0.31333333333333335
BiomartContentProvider:0.2758333333333333
BiomartView:0.26
BiomartLabelProvider:0.2302777777777778
BiomartManager:0.14
IBiomartManager:0.11666666666666667
Database:0.10333333333333333
BiomartTools:0.07333333333333333
InvisibleRoot:0.045
BiomartConstants:0.023888888888888887
BiomartManagerFactory:0.021666666666666667
