Config:0.615
SliderWindow:0.5133333333333333
PropertyPanel:0.37833333333333335
