SimpleIntegrationTest:0.7466666666666667
TestTablesService:0.7107777777777778
