IOOptions:0.5633333333333334
ChadoAdapter:0.49
CommandLine:0.33
BatchInputFile:0.24333333333333335
BatchFile:0.22666666666666666
DbUserCommandOption:0.17222222222222225
LocationCommandOption:0.11666666666666667
InputFileCommandOption:0.11333333333333333
WriteFileCommandOption:0.11333333333333333
InputFilesListCommandOption:0.11
InputListFileCommandOption:0.11
DbPassCommandOption:0.09
DbFlatFileOutputCommandOption:0.03166666666666667
SequenceFileCommandOption:0.0
