Server:0.8416666666666667
ServerController:0.31666666666666665
