LocalMapOperationStats:0.7333333333333333
MapOperationsCounter:0.49333333333333335
MapOperationStatsImpl:0.47333333333333333
MapOperationsCounterTest:0.2733333333333333
