RaSearchCertsBean:0.64
RaCertificateSearchRequest:0.5883333333333334
RaMasterApiSessionBean:0.30833333333333335
