Native:0.6833333333333333
StructureTest:0.36333333333333334
NativeTest:0.30333333333333334
CallbacksTest:0.24222222222222223
TypeMapperTest:0.23333333333333334
ArgumentsMarshalTest:0.23222222222222225
PointerTest:0.21222222222222223
JNAUnloadTest:0.17
