OAuth20Service:0.6233333333333333
OAuth10aService:0.23333333333333334
HMACSha1SignatureService:0.1513888888888889
RSASha1SignatureService:0.1513888888888889
InstanceHolder:0.13333333333333333
Base64Encoder:0.13
