AbstractDbDialect:0.5
MsSqlDbDialect:0.4247619047619048
AbstractSymmetricEngine:0.32666666666666666
Db2DbDialect:0.29
ISymmetricEngine:0.2733333333333333
OracleDbDialect:0.2733333333333333
FirebirdDbDialect:0.2733333333333333
Db2zSeriesDbDialect:0.2733333333333333
DerbyDbDialect:0.2733333333333333
MySqlDbDialect:0.27
PostgreSqlDbDialect:0.27
AbstractEmbeddedDbDialect:0.215
IDbDialect:0.20083333333333334
