XavaPreferences:0.8116666666666666
Emails:0.5466666666666666
