FileBean:0.5
FileInfo:0.37333333333333335
StorageBean:0.25
StorageBeanTest:0.20666666666666667
FileBeanTest:0.2
CodeBean:0.18333333333333332
RetrieveCmd:0.14111111111111113
