SimpleLdapOperations:0.48333333333333334
SimpleLdapTemplate:0.47333333333333333
SimpleLdapTemplateITest:0.3463888888888889
