Bucket:0.9833333333333333
InternalBinaryRange:0.5433333333333333
