XMLObjectAttribute:0.8
WidgetsRefHandler:0.4033333333333333
AbstractXMLDFHandler:0.3333333333333333
ClientWidgetsRefHandler:0.22666666666666666
XMLBoundedAttribute:0.21333333333333335
