Grammar:0.43
AttributeChecks:0.4
Alternative:0.3333333333333333
Rule:0.27666666666666667
AttributeResolver:0.06
