StreamManager:0.7133333333333334
AbstractDataSourceItemReaderIntegrationTests:0.3233333333333333
AbstractJdbcItemReaderIntegrationTests:0.30333333333333334
SimpleStepExecutor:0.28488888888888897
SimpleStreamManager:0.25666666666666665
FooItemReader:0.25
StagingItemReader:0.25
StepSupport:0.24333333333333335
DelegatingItemReader:0.23666666666666666
DrivingQueryItemReaderTests:0.22666666666666666
StaxEventItemReaderTests:0.22666666666666666
FlatFileItemWriterTests:0.21666666666666667
SimpleStepExecutorTests:0.20666666666666667
SimpleStepConfigurationTests:0.19666666666666666
DelegatingItemWriter:0.19666666666666666
SimpleStepContext:0.18666666666666668
JdbcCursorItemReader:0.18666666666666668
SimpleStreamManagerTests:0.18
StaxEventWriterItemWriterTests:0.17666666666666667
MockOutputSource:0.16333333333333333
HibernateCursorItemReader:0.15333333333333332
SimpleStepContextTests:0.15333333333333332
ItemStreamAdapter:0.15
StaxEventItemWriter:0.14666666666666667
FlatFileItemWriter:0.14666666666666667
StaxEventItemReader:0.14333333333333334
DefaultFlatFileItemReaderTests:0.14333333333333334
DelegatingItemReaderTests:0.13333333333333333
StepSupportTests:0.13333333333333333
MockItemReader:0.11333333333333333
DrivingQueryItemReader:0.11333333333333333
MockRestartableTasklet:0.11333333333333333
DefaultFlatFileItemReader:0.10666666666666667
StubStreamManager:0.07777777777777778
SimpleTradeTasklet:0.03
InfiniteLoopTasklet:0.016666666666666666
ItemStreamAdapterExtension:0.006666666666666667
