Lang:0.7633333333333333
Strings:0.44333333333333336
