CharOperation:0.6566666666666666
MethodPattern:0.44666666666666666
SearchPattern:0.44333333333333336
