JobExecutionContext:0.4866666666666667
LuceneDocCollectorProvider:0.35333333333333333
ExecutionSubContext:0.3266666666666666
FetchContext:0.18666666666666668
LuceneDocCollectorBenchmark:0.18666666666666668
AbstractExecutionSubContext:0.18333333333333332
JobCollectContext:0.17666666666666667
LuceneDocCollectorTest:0.16666666666666666
UpsertByIdTask:0.13333333333333333
ESJobContextTaskTest:0.12666666666666668
ESDeleteTask:0.09333333333333334
EsJobContextTask:0.09
