EXT_shader_framebuffer_fetch:0.4592619047619047
APPLE_sync:0.24333333333333335
EXT_map_buffer_range:0.2213888888888889
EXT_copy_texture_levels:0.15694444444444444
