GeometryTools:0.66
AbstractRenderer2D:0.33666666666666667
AtomPlacer:0.2866666666666667
HydrogenPlacer:0.25
AddHydrogenAction:0.14666666666666667
