PrintInfo:0.35099274
TextPrintInfo:0.25988385
ImagePrintInfo:0.14707424
