DefaultJSONParser:0.62
JavaBeanDeserializer:0.44333333333333336
ASMDeserializerFactory:0.41333333333333333
