MessagePanelFactory8Test:0.43333333333333335
DFHandlerTest:0.27416666666666667
CockpitConfigurationHandlerTest:0.27416666666666667
JFXDefaultXMLExporterTest:0.20666666666666667
DefaultXMLExporterTest:0.20666666666666667
EditorOpenDFWrongFrameweworkTest:0.19
MessagePanelFactory7Test:0.18
MessagePanelFactory6Test:0.18
JFXMapItemListRendererTest:0.18
MessagePanelFactory9Test:0.05333333333333334
