Generator:0.53
TestSemPredEvalParser:0.5233333333333333
TestFullContextParsing:0.31333333333333335
