JavaMethodTestDescriptor:0.4
JavaMethodTestDescriptorTests:0.37
JUnit5TestEngineTests:0.23666666666666666
JavaClassTestDescriptor:0.18
JavaTestDescriptorFactory:0.16611111111111113
