Node:0.6133333333333333
MapServiceContext:0.6094999999999999
NearCache:0.4166666666666667
NodeShutdownHookThread:0.14
DefaultMapServiceContext:0.03666666666666667
QueryOperation:0.03666666666666667
MapMigrationAwareService:0.03
