ComponentRecorder:0.5177777777777778
InputState:0.4373888888888888
