SqlQueryExecutionFactory:0.44333333333333336
DropTableExecutionFactory:0.37333333333333335
CoordinatorModule:0.30666666666666664
