FlatFileItemWriter:0.54
FieldSetUnmapper:0.54
FlatFileItemWriterTests:0.36333333333333334
OutputState:0.26
DelegatingItemWriter:0.23333333333333334
PassThroughFieldSetMapper:0.043333333333333335
FieldSetUnmapperItemTransformer:0.01
