Decompiler:0.5333333333333333
JadxWrapper:0.3
Jadx:0.19
JadxCLI:0.17333333333333334
IJadxArgs:0.13833333333333334
