ObjectViewConfigurationObject:0.894626984126984
AbstractScene:0.6916666666666668
