AvisMinaTransport:0.56
IoManager:0.48
WebManagementManager:0.17666666666666667
OptionTypeHttpUrl:0.176
WebManagementOptionSet:0.16666666666666666
