IssueServiceImpl:0.5657777777777778
IssueServiceTest:0.38333333333333336
