ClusterNameExpression:0.3
ShardTableNameExpression:0.3
GatheringTopNRowCollector:0.27
SysShardsExpressionsTest:0.22333333333333333
ShardRelocatingNodeExpression:0.20666666666666667
ShardStateExpression:0.20666666666666667
NodeIdExpression:0.18666666666666668
NodeNameExpression:0.18666666666666668
ClusterIdExpression:0.16666666666666666
TestSysNodesExpressions:0.16666666666666666
NodeHostnameExpression:0.13666666666666666
SimpleTopNProjectorTest:0.07
