ConsoleApp:0.6433333333333333
ConsoleHandlerApp:0.4033333333333333
SimulateLoadTask:0.28527777777777774
