AndroidTexture:0.5033333333333333
AndroidGraphics:0.37
Box2DTest:0.2733333333333333
BitmapFont:0.24777777777777782
JoglGraphics:0.21333333333333335
LwjglGraphics:0.21333333333333335
