OkHttpClient:0.9233333333333333
OkHttpClientTest:0.20333333333333334
