ResultParser:0.63
ParsedReaderResultTestCase:0.4266666666666667
SMSMMSResultParser:0.3877777777777778
CommandLineRunner:0.20333333333333334
