EntityDescriptor:0.8033333333333333
AttributeMember:0.42
EntityType:0.2866666666666667
EntityGenerator:0.19
JoinEntityGenerator:0.19
EntityGraphValidator:0.14666666666666667
