JoglInput:0.5933333333333334
JoglGraphics:0.36
JoglAnimator:0.29833333333333334
JoglGraphicsBase:0.2833333333333333
