ObjectKeys:0.426626984126984
DefaultProfileCoreProcessor:0.42333333333333334
LdapModuleImpl:0.37666666666666665
