Value:0.6366666666666667
OOITBuilder:0.38666666666666666
ValueLink:0.33
ValueImpl:0.24333333333333335
CastRealExpression:0.06333333333333334
IsRealExpression:0.05
