LocalMapStats:0.6766666666666666
LocalMapStatsImpl:0.44666666666666666
MapService:0.38666666666666666
NearCache:0.31333333333333335
NearCacheTest:0.05
