MakumbaTag:0.5266666666666666
JspAnalyzer:0.501984126984127
JspParseData:0.44
SyntaxPoint:0.34
SourceSyntaxPoints:0.29333333333333333
MakumbaJspAnalyzer:0.26666666666666666
JavaParseData:0.18666666666666668
TagData:0.16333333333333333
ParseStatus:0.14333333333333334
TagExceptionServlet:0.13666666666666666
JavaAnalyzer:0.006666666666666667
SingletonHolder:0.0
