AWTFontManager:0.54
AbstractFontManager:0.48611111111111116
IntermediateRenderer:0.38333333333333336
