Strand:0.5672222222222223
BioPolymer:0.4866666666666667
