NettyServerHandler:0.48
MessageFramer:0.33666666666666667
SendResponseHeadersCommand:0.31333333333333335
ServerTransport:0.2773333333333333
WithAndWithoutFullStreamCompressionTests:0.25333333333333335
NettyServerTransport:0.24333333333333335
Sink:0.24333333333333335
InProcessTransport:0.20333333333333334
MessageDeframer:0.20333333333333334
AbstractTransportTest:0.20333333333333334
MessageFramerTest:0.19833333333333333
AbstractServerStream:0.19666666666666666
SimpleServerTransport:0.19333333333333333
NettyServerHandlerTest:0.18666666666666668
NettyServerStreamTest:0.18333333333333332
NettyTransportTest:0.17333333333333334
AbstractClientStream:0.16666666666666666
AbstractServerStreamTest:0.15
NettyServerStream:0.14
NettyHandlerTestBase:0.135
TransportState:0.13333333333333333
MessageDeframerTest:0.056666666666666664
AbstractServerStreamBase:0.04666666666666667
KeepAlivePinger:0.03
