CompilerTestSuite:0.6855555555555555
FilePlugin:0.5633333333333334
FileTester:0.05
