CompilerSettings:0.58
Walker:0.43
ScriptTestCase:0.31666666666666665
PainlessScriptEngineService:0.26666666666666666
WhenThingsGoWrongTests:0.185
RegexTests:0.17666666666666667
PainlessPlugin:0.08
