TestLeftRecursion:0.41777777777777775
TestFullContextParsing:0.33666666666666667
TestSemPredEvalParser:0.3233333333333333
TestParserErrors:0.2966666666666667
TestParserExec:0.29
TestLexerExec:0.27666666666666667
TestParseTrees:0.27666666666666667
TestListeners:0.26
TestCompositeParsers:0.25
TestSemPredEvalLexer:0.23333333333333334
