Jedis:0.5666666666666667
Client:0.4766666666666667
ListCommandsTest:0.22666666666666666
