Converter:0.49666666666666665
ShuntingYard:0.19666666666666666
Parse:0.09853968253968254
StringParse:0.056666666666666664
ValParse:0.02
IdentifierParse:0.02
OptParse:0.01
