AnalysisTable:0.5333333333333333
JdbcChadoAdapter:0.5066666666666667
PostgresChadoAdapter:0.38666666666666666
