OsgiServiceProxyFactoryBean:0.3233333333333333
OsgiServiceFactoryBean:0.30666666666666664
OsgiBundleScope:0.26666666666666666
OsgiServiceUtils:0.25083333333333335
AbstractRefreshableOsgiBundleApplicationContext:0.24666666666666667
OsgiServiceDynamicInterceptor:0.2
OsgiServiceUtilsTest:0.19666666666666666
Listener:0.16
OsgiServiceProxyFactoryBeanTest:0.13666666666666666
ScopeTests:0.07333333333333333
BundleScopeServiceFactory:0.016666666666666666
