Speak:0.39666666666666667
TextToSpeechImpl:0.37333333333333335
HopKeyListener:0.26666666666666666
FocusController:0.23333333333333334
BlockSpeakingThread:0.15
