ConstructionManager:0.5266666666666666
ConstructionSite:0.4666666666666667
ConstructionSiteTest:0.19
SettlementWindow:0.15666666666666668
ConstructionTabPanel:0.14666666666666667
ConstructionSitesPanel:0.043333333333333335
ConstructedBuildingsPanel:0.03666666666666667
ConstructedBuildingLogEntry:0.02666666666666667
