TestAPIALite:0.3233333333333333
AllAPITests:0.2833333333333333
TestIngestDemoObjects:0.26666666666666666
TestServerConfiguration:0.25333333333333335
TestResourceIndex:0.225
TestFedoraConfigurations:0.1866666666666667
TestAPIM:0.18666666666666668
AllTests:0.06666666666666667
