FileUtils:0.8833333333333333
ResourceCache:0.3333333333333333
SaveFileAction:0.2577777777777778
ShutdownHook:0.10677777777777778
