LinkedHashMap:0.6933333333333334
LinkedHashSet:0.5166666666666667
LinkedHashSetTest:0.23333333333333334
LinkedHashMapTest:0.15333333333333332
