RebaseDynamicTypeBuilder:0.31666666666666665
RedefinitionDynamicTypeBuilder:0.31666666666666665
SubclassDynamicTypeBuilderTest:0.30333333333333334
RebaseDynamicTypeBuilderTest:0.27666666666666667
RedefinitionDynamicTypeBuilderTest:0.27666666666666667
