ECKey:0.68
LevelDBFullPrunedBlockStore:0.27
PaymentChannelServerState:0.23333333333333334
KeyCrypterScryptTest:0.22666666666666666
StoredPaymentChannelServerStates:0.2248888888888889
BlockStoreException:0.16138888888888892
