OrderBy:0.6233333333333333
QuerySpec:0.37666666666666665
QueriedRelation:0.32
QueryClause:0.22333333333333333
