Config:0.6166666666666667
Style:0.44333333333333336
