WebServiceMessage:0.5569880952380951
AxiomSoapMessage:0.34
MessageHandlerAdapterTest:0.31
MessageHandlerAdapter:0.30233333333333334
SaajSoapMessage:0.22666666666666666
MockWebServiceMessage:0.21
AirlineServiceImpl:0.13333333333333333
