TranslationSym:0.47
Util:0.4266666666666667
ParamSym:0.36333333333333334
Mango_String:0.29
Object_MangoFormal:0.20666666666666667
TranslateValueH:0.20333333333333334
SymbolHashEnterpriseAndTranslation:0.06
TranslateLocation:0.01
Throwable_MangoFormal:0.0
NullPointerException_MangoFormal:0.0
Exception_MangoFormal:0.0
RuntimeException_MangoFormal:0.0
