JdbcUserDetailsManagerTests:0.6266666666666667
ProviderManager:0.48333333333333334
RemoteAuthenticationManagerImplTests:0.3433333333333333
