HTTPCommunicator:0.49666666666666665
RestClusterTest:0.32666666666666666
HttpGetCommandProcessor:0.3233333333333333
