InstrumentMethod:0.6233333333333333
Callable1:0.40303174603174596
Transformer:0.22758730158730164
Runnable1:0.20266666666666666
CatchTest:0.19
JavaAgent:0.07
