RDFContainer:0.8533333333333334
SesameRDFContainer:0.7218333333333333
