ToggleBreakpointAction:0.33
PauseDebuggerAction:0.27051984126984113
BuildProjectAction:0.006666666666666667
DebugMainProjectAction:0.006666666666666667
RunProjectAction:0.006666666666666667
UnStepInto:0.0
ContinueAction:0.0
StepOverAction:0.0
RewindDebuggerAction:0.0
StepIntoAction:0.0
HaltDebuggerAction:0.0
