LagartoParserTest:0.7266666666666667
LagartoParserUtilTest:0.42333333333333334
ParsingProblemsTest:0.2694444444444445
