OsgiStringUtils:0.5533333333333333
OsgiBundleUtils:0.4033333333333333
ConfigUtils:0.39
