PipelineStore:0.585
IngestPlugin:0.38666666666666666
AbstractMustacheTests:0.29333333333333333
