ClassInfo:0.45
Fields:0.43666666666666665
MJIEnv:0.3566666666666667
B:0.35333333333333333
Class:0.35333333333333333
DynamicArea:0.26666666666666666
JPF_gov_nasa_jpf_ConsoleOutputStream:0.24666666666666667
TestJavaLangClass_B:0.2063968253968254
JPF_java_lang_System:0.17666666666666667
JPF_java_lang_Class:0.16666666666666666
JPF_java_lang_Object:0.13666666666666666
TestJavaLangClassJPF:0.1
TestJavaLangClass:0.09333333333333334
JPF_gov_nasa_jpf_sc_State:0.09
Base:0.08333333333333333
TestJavaLangObject:0.043333333333333335
TestEnum:0.043333333333333335
TestJavaLangObjectJPF:0.01
TestEnumJPF:0.01
TestJavaLangClass_A:0.0
