AbstractFileLayerLoader:0.8533333333333334
DataSourceFileLayerLoader:0.7504444444444445
