LuceneTermIterator:0.4241666666666667
LuceneGeneIterator:0.3575
LuceneArticleIterator:0.31666666666666665
SearchAllLucene:0.23666666666666666
