RubyProject:0.4266666666666667
RdtLaunchingPlugin:0.24
BufferManager:0.2116666666666667
RdtDebugCorePlugin:0.20666666666666667
RdtDebugUiPlugin:0.19750000000000004
DefaultWorkingCopyOwner:0.18666666666666668
RubyElementAdapterFactory:0.18
DebuggerRunner:0.17111111111111113
