SnmpManagedInterface:0.88
SnmpManageNodesServlet:0.44333333333333336
SnmpGetNodesServlet:0.31
SnmpGetInterfacesServlet:0.043333333333333335
