SkillManager:0.5758333333333333
UnitManager:0.5233333333333333
PeopleXmlReader:0.39
MspXmlReader:0.3466666666666667
