Consumer:0.26
AltsProtocolNegotiatorTest:0.25666666666666665
TsiTest:0.23
InternalTsiFrameHandler:0.20333333333333334
InternalNettyTsiHandshakerTest:0.19333333333333333
Function:0.18883333333333338
Protector:0.18688888888888888
Unprotector:0.12
