FileFormat:0.36
ViewUtil:0.3566666666666667
VariableForm:0.3433333333333333
VariableDownloaderAction:0.18
DisplayLinkedMapsInTableTag:0.14666666666666667
DisplayLinkedListsInTableTag:0.14666666666666667
ViewListTag:0.14666666666666667
