EdgeDataSetMetaData:0.4666666666666667
NbrowseJdbcAdapter:0.4633333333333333
JdbcMetaDataReader:0.39
TGXmlMetaDataReader:0.23333333333333334
SQL:0.12666666666666668
