CacheAddInvalidationListenerTask:0.4033333333333333
CacheInvalidationEventListener:0.34
NearCacheInvalidationHandler:0.3333333333333333
CacheInvalidationListener:0.24666666666666667
