SyncTopComponent:0.39
ExportSettingsPanel:0.2966666666666667
SyncService:0.2833333333333333
WriteFile:0.14666666666666667
