ImageBean:0.43
SeriesBean:0.36333333333333334
GspsBean:0.30333333333333334
GspsUid:0.2866666666666667
MetaDataServlet:0.2633333333333333
GspsDiscover:0.13333333333333333
GspsEncode:0.021111111111111112
