ObjectFactory:0.6033333333333334
CommunicationsStub:0.36666666666666664
KuwaibaService:0.3411111111111111
ObjectNode:0.21611111111111114
GetBookmarkFoldersForUserResponse:0.16413167388167385
GetBookmarkFolderItemsResponse:0.16413167388167385
AddObjectsToBookmarkFolder:0.04666666666666667
RemoveObjectsFromBookmarkFolder:0.04666666666666667
GetBookmarkFolderItems:0.03666666666666667
UpdateBookmarkFolder:0.03666666666666667
CreateBookmarkFolderForUser:0.03666666666666667
UpdateBookmarkFolderForUser:0.023333333333333334
GetBookmarkFolderResponse:0.02
CreateBookmarkFolderForUserResponse:0.02
DeleteBookmarkFolders:0.006666666666666667
DeleteBookmarkFoldersResponse:0.006666666666666667
RemoveObjectsFromBookmarkFolderResponse:0.006666666666666667
UpdateBookmarkFolderResponse:0.006666666666666667
AddObjectsToBookmarkFolderResponse:0.006666666666666667
GetBookmarkFoldersForUser:0.0033333333333333335
GetBookmarkFolder:0.0033333333333333335
UpdateBookmarkFolderForUserResponse:0.0
