RedissonCountDownLatchTest:0.39666666666666667
RedisClientTest:0.31333333333333335
BaseConcurrentTest:0.2977777777777778
RedissonCountDownLatchConcurrentTest:0.14
