DestructiveOperations:0.43666666666666665
ActionModule:0.35
TransportDeleteIndexAction:0.2866666666666667
TransportOpenIndexAction:0.2866666666666667
TransportCloseIndexAction:0.2866666666666667
