GeneBean:0.3433333333333333
AnnotationTable:0.31333333333333335
BeanFactory:0.2977777777777778
AddAnnotation:0.29333333333333333
TermBeanFactory:0.24666666666666667
AnnotationBean:0.21333333333333335
HitBean:0.20333333333333334
UpdateAnnotation:0.18333333333333332
ConnectionFactory:0.11666666666666667
