jEdit:0.6666666666666666
GUIUtilities:0.4766666666666667
Macros:0.35
DefaultTokenHandler:0.30333333333333334
SoftWrapTokenHandler:0.23
DirectoryMenu:0.23
DisplayTokenHandler:0.08
