Loader:0.6033333333333334
Pointer:0.5033333333333333
Builder:0.30666666666666664
Piper:0.26111111111111107
