BroadcasterConfig:0.5166666666666667
AbstractBroadcasterCache:0.3961111111111111
DefaultWebSocketProcessor:0.37666666666666665
