PrivateModuleTest:0.8544444444444446
InjectorBuilder:0.37222222222222223
