WordVectorSerializer:0.32666666666666666
KerasLayer:0.32
RecordReaderMultiDataSetIterator:0.30333333333333334
KerasModel:0.23666666666666666
RegressionEvaluation:0.22111111111111115
BaseEvaluation:0.19666666666666666
DataSetProvider:0.17492063492063492
SparkComputationGraph:0.14666666666666667
ZeroPaddingLayer:0.1388888888888889
ParallelWrapperMain:0.12666666666666668
