LogBufferDescriptor:0.7030555555555555
TermPatcher:0.5094444444444445
LogBufferUnblocker:0.25666666666666665
