AtmosphereResourceEventListener:0.634
AtmosphereResourceImpl:0.6266666666666667
EventsLogger:0.24666666666666667
Meteor1:0.18333333333333332
