IocLoader:0.6833333333333333
Iocs:0.4266666666666667
NutIoc:0.37
XmlIocLoader:0.2733333333333333
ValueProxyMaker:0.27
CachedIocLoaderImpl:0.23
XmlIocLoaderTest:0.22333333333333333
MapLoader:0.16333333333333333
AnnotationIocLoaderTest:0.14333333333333334
AnnotationIocLoader:0.12333333333333334
ComboIocLoader:0.1
DefaultValueProxyMaker:0.05738095238095237
