CallableTaskOperation:0.5566666666666666
ExecutorServiceProxy:0.47
BaseCallableTaskOperation:0.3566666666666667
PartitionCallableRequest:0.2013888888888889
TargetCallableRequest:0.19333333333333333
MemberCallableTaskOperation:0.15666666666666668
