Mouse:0.7166666666666667
Keyboard:0.4166666666666667
Cursor:0.38333333333333336
