RTVM0300:0.6933333333333334
SubstitutionVariable:0.3616666666666667
IQMHRTVMResult:0.25
