ManagedConnectionImpl:0.5966666666666667
ConnectionFactoryImpl:0.38666666666666666
ManagedConnectionFactoryImpl:0.32666666666666666
ResourceAdapterImpl:0.28
