MessageHelper:0.7266666666666667
CollectionType:0.30333333333333334
AbstractCollectionPersister:0.30333333333333334
Collections:0.27
AbstractPersistentCollection:0.20666666666666667
LoadContexts:0.19
CollectionLoadContext:0.18333333333333332
OneToManyPersister:0.18
BasicCollectionPersister:0.17
CollectionUpdateAction:0.10666666666666667
EvictVisitor:0.1
DefaultInitializeCollectionEventListener:0.08333333333333333
