AbstractDataSpaceEditorDelegate:0.43333333333333335
DataAreaText:0.37
HexDataSpaceEditorDelegate:0.2733333333333333
DecimalDataAreaEditorDelegate:0.20333333333333334
CharacterDataAreaEditorDelegate:0.18
DataSpaceEditorDelegate:0.10333333333333333
TextControlMouseMoveListener:0.07766666666666668
TextControlKeyListener:0.07444444444444444
TextControlMouseListener:0.06333333333333334
DataAreaTextStatusChangedListener:0.034166666666666665
