Projection:0.43638888888888894
AbstractWidgetRefHandler:0.43333333333333335
ProjectionScaledIntTypes:0.35
