Main:0.7866666666666666
GenericStepperPositionPanel:0.25666666666666665
GenericExtruderTabPanel:0.22
