ApprovalDataVOView:0.33666666666666667
EditServiceManagedBean:0.30666666666666664
ApproveActionSessionBean:0.2733333333333333
CertificateFinderBean:0.23333333333333334
HardTokenInterfaceBean:0.17333333333333334
XKMSService:0.12511111111111112
