MonochromeParam:0.5033333333333333
DcmImageReader:0.36333333333333334
ColorModelFactoryImpl:0.2866666666666667
BasicColorModelParam:0.24666666666666667
PaletteColorParam:0.2
