ResourceTree:0.42888888888888893
FolderTree:0.37
PathNode:0.24333333333333335
TypeDisplay:0.16
MyResourceTree:0.10666666666666667
