Http2Settings:0.48
VertxHttp2ConnectionHandler:0.43666666666666665
HttpUtils:0.3055555555555556
VertxHttp2ServerHandler:0.1827777777777778
Http2ClientTest:0.16166666666666665
VertxClientHandlerBuilder:0.13
VertxHttp2HandlerBuilder:0.11333333333333333
Http2SettingsConverter:0.05333333333333334
