ApolloPanel:0.43833333333333335
DrawableFeatureSet:0.4
FeatureChangeEvent:0.2833333333333333
StrandedZoomableApolloPanel:0.22
AnnotationView:0.17666666666666667
FeatureChangeLog:0.07
