StatelessChronicleMap:0.4766666666666667
TcpSocketChannelEntryWriter:0.30933333333333335
StatelessServerConnector:0.30666666666666664
TcpSocketChannelEntryReader:0.28211111111111115
TcpReplicator:0.26555555555555554
StatelessClientTest:0.22333333333333333
