CDKAtomTypeMatcher:0.4666666666666667
CDKAtomTypeMatcherTest:0.4066666666666667
