HistoryGuru:0.5033333333333333
RuntimeEnvironmentTest:0.3616666666666667
Indexer:0.27666666666666667
ConfigurationsFrame:0.23
