AbstractHazelcastCacheManager:0.66
HazelcastClientCacheManager:0.36333333333333334
HazelcastServerCacheManager:0.32666666666666666
