ValidationRule:0.5866666666666667
ComparisonValidationRule:0.5033333333333333
ValidationRuleNode:0.24333333333333335
MultiUniquenessValidationRule:0.23333333333333334
RecordEditor:0.23
MDDAnalyzeWalker:0.21666666666666667
MDDPostProcessorWalker:0.17
NumberRangeValidationRule:0.10666666666666667
StringLengthValidationRule:0.09666666666666666
RangeValidationRule:0.05333333333333334
RegExpValidationRule:0.043333333333333335
