XJBSecurityRule:0.5622222222222222
XJBSecurityRuleImpl:0.37
Unmarshaller:0.23333333333333334
