JFXToggleButton:0.7566666666666667
JFXToggleButtonSkin:0.25666666666666665
ToggleButtonDemo:0.13
StyleableProperties:0.023333333333333334
