TiledMapPacker:0.4033333333333333
TexturePacker2:0.3933333333333333
MaxRectsPacker:0.3083333333333333
Settings:0.23
