GeonetHarvester:0.5866666666666667
Forward:0.38
Lib:0.28977777777777775
NetLib:0.11666666666666667
