Model:0.37666666666666665
BusinessModel:0.3466666666666667
BasicIntegrationConfiguration:0.32666666666666666
ModelGenerator:0.2866666666666667
BusinessPackage:0.24666666666666667
ModelAccessPanel:0.14666666666666667
ClickListener:0.12666666666666668
