EditorUtilities:0.6429444444444445
HexaConverter:0.6233333333333333
