Environment:0.48333333333333334
EnvInfoServlet:0.25333333333333335
CleanServlet:0.14666666666666667
MigrateServlet:0.14666666666666667
InfoServlet:0.14666666666666667
