ShadowSQLiteQueryBuilder:0.35133333333333333
ResourceLoaderTest:0.26666666666666666
SQLiteQueryBuilderTest:0.22666666666666666
integer:0.2148333333333333
IntegerResolver:0.13333333333333333
ShadowAbsListView:0.11666666666666667
