Catalog:0.5066666666666667
RecordingSession:0.40166666666666667
ArchiveConductor:0.3433333333333333
