ConcurrentStudyStorageException:0.6097222222222222
FileSystemMgt2Bean:0.4033333333333333
DeleteStudyService:0.28
