ListFolderController:0.6102777777777777
SearchController:0.42
ListProfilesController:0.4166666666666667
