FileBlob:0.6066666666666667
AddFilesHtml5Popup:0.37
GwtViewHelper:0.32666666666666666
GwtTeamingMessages:0.31666666666666665
GwtServerHelper:0.29333333333333333
GwtRpcServiceImpl:0.21444444444444447
UploadFileBlobCmd:0.19666666666666666
