MethodSignatureVisitor:0.5233333333333333
TargetClassInfoReader:0.3466666666666667
ProxyPointcutSupport:0.21666666666666667
BigClassTest:0.15333333333333332
MethodAnnotationPointcut:0.1
TxPointcut:0.09333333333333334
MethodAnnotationReader:0.08333333333333333
