ChemObject:0.45666666666666667
RingPlacer:0.30333333333333334
PathTools:0.27666666666666667
SmilesParser:0.2752777777777778
SSSRFinder:0.2733333333333333
SaturationChecker:0.26
HOSECodeGenerator:0.26
AtomPlacer:0.25
MDLReader:0.24
ConnectivityChecker:0.21666666666666667
UniversalIsomorphismTester:0.21666666666666667
Renderer2D:0.21216666666666667
SaturationCheckerTest:0.19666666666666666
SmilesGenerator:0.19
HueckelAromaticityDetectorTest:0.18
StructureDiagramGenerator:0.15333333333333332
AromaticityCalculator:0.15333333333333332
HueckelAromaticityDetector:0.14666666666666667
Fingerprinter:0.13666666666666666
