Introspection:0.6066666666666667
CategoriesList:0.3
SelectListDialog:0.27
DecisionNodeWizard:0.25666666666666665
AbstractRule:0.23
SelectAndEditTreeAction:0.14666666666666667
