ISymmetricEngine:0.8166666666666667
NodeStatus:0.5866666666666667
AbstractSymmetricEngine:0.37
RestService:0.30666666666666664
ActionResponse:0.13666666666666666
