Record:0.5
CMap:0.49666666666666665
ConcurrentMapManager:0.36333333333333334
Block:0.2733333333333333
Config:0.21833333333333332
MMigrationAwareTargettedCall:0.19
DefaultPacketProcessor:0.19
BaseManager:0.17333333333333334
ScheduledLockAction:0.16666666666666666
MapConfig:0.16
MMigrate:0.14333333333333334
MTargetAwareOp:0.11
MBackupAwareOp:0.07666666666666666
MBackup:0.01
MEvict:0.006666666666666667
LRUComparator:0.0
ConcurrentMapOperations:0.0
