Server:0.65
PosPanel:0.49
Transaction:0.3933333333333333
PosModel:0.30777777777777776
CouponDialog:0.2111111111111111
PayDialog:0.1925
ServerBean:0.15333333333333332
posThread:0.09333333333333334
