CollectionContainer:0.56
LockInfo:0.36
MigrationRequestOperation:0.19666666666666666
ClearBackupOperation:0.18666666666666668
MultiMapConfig:0.17333333333333334
CollectionProxyId:0.15
ClearOperation:0.13333333333333333
CollectionService:0.09
CollectionPartitionContainer:0.07333333333333333
