X_C_BOE:0.5833333333333334
MBOE:0.5566666666666666
BOERefinance:0.2633333333333333
BOERenovation:0.05888888888888888
