Realm:0.5766666666666667
RealmBuilder:0.47333333333333333
UriComponents:0.38666666666666666
HttpProtocol:0.23333333333333334
AuthenticatorUtils:0.19666666666666668
ProxyAuthorizationHandler:0.18666666666666668
