RobolectricTestRunner:0.49
ReflectionHelpers:0.48333333333333334
SandboxFactory:0.28
DependencyResolver:0.18666666666666668
