DropwizardResourceConfig:0.5033333333333333
DropwizardResourceConfigTest:0.10333333333333333
