IndexShard:0.62
PrimaryShardAllocatorTests:0.37666666666666665
IndexShardTests:0.26
RecoveryTarget:0.26
IndicesService:0.20055555555555554
GeoDistanceSortParser:0.13666666666666666
