SitemapMenuConfig:0.7633333333333333
SitemapMenuController:0.4866666666666667
