CrmfRequestTest:0.4533333333333333
CrmfRATcpRequestTest:0.4533333333333333
CrmfRAPbeRequestTest:0.28
