MathUtils:0.4266666666666667
AbstractCache:0.36333333333333334
Builder:0.2725
TfIdfVectorizer:0.25333333333333335
LegacyTfidfVectorizer:0.2488888888888889
BagOfWordsVectorizer:0.16555555555555554
TfIdfVectorizerTest:0.16333333333333333
BaseTextVectorizer:0.09333333333333334
