Struct:0.7333333333333333
RuntimeClass:0.6966666666666667
WriterConstants:0.19
