QueryManagerConfig:0.7633333333333333
SystemSessionProperties:0.38666666666666666
SqlQueryManager:0.3566666666666667
TestQueryManagerConfig:0.25666666666666665
