VanillaChronicleMap:0.37666666666666665
Segment:0.35
ChronicleMapBuilder:0.3
SerializationBuilder:0.2733333333333333
MapEventListener:0.22699999999999998
ModificationDelegator:0.21583333333333332
SerializableMarshaller:0.023333333333333334
