AuditLoggerDelegate:0.5566666666666666
FolderSubmitCtrl:0.26666666666666666
AuditLoggerService:0.26
StudyUpdateCtrl:0.24666666666666667
SeriesUpdateCtrl:0.23333333333333334
PatientUpdateCtrl:0.21666666666666667
PatientMergeCtrl:0.15
