Builder:0.5733333333333334
SearchService:0.39666666666666667
CanMatchPreFilterSearchPhaseTests:0.30333333333333334
