StructuredbManager:0.6733333333333333
StructuredbManagerTest:0.37666666666666665
