FsBlobStore:0.6183333333333333
HdfsBlobStore:0.5983333333333334
HdfsBlobStoreContainerTests:0.08666666666666667
FsBlobStoreTests:0.06333333333333334
