ConstraintMessage:0.7886111111111112
BaseConfigurationFactory:0.5736666666666667
