TaskState:0.5533333333333333
JpdlSerializer:0.3333333333333333
EndTokenState:0.29703174603174587
ActionGraphicalEditPart:0.21
ReceiveMessageGraphicalEditPart:0.17503968253968255
EndTokenStateFigure:0.14666666666666667
Synchronizable:0.03
PropertyNames:0.0
MultiTaskState:0.0
