JChemPaintEditor:0.6677777777777778
JChemPaintEditorWidget:0.5666666666666667
