SpectrumUtils:0.42333333333333334
SpectrumResource:0.32666666666666666
CMLValidationAction:0.26666666666666666
PeakPicker:0.23333333333333334
SpectrumMetadataView:0.19
PeakContentProvider:0.18333333333333332
MetadataUtils:0.17327777777777778
BioclipseConsole:0.17133333333333334
CMLResource:0.16777777777777778
SpectrumChartFactory:0.12333333333333334
