AbstractTable:0.37666666666666665
JoinTable:0.36666666666666664
TableFieldImpl:0.31666666666666665
TableAlias:0.26666666666666666
UDTImpl:0.21333333333333335
TableImpl:0.21
Pivot:0.21
ArrayTable:0.21
UDTFieldImpl:0.19333333333333333
ArrayTableSimulation:0.17666666666666667
FunctionTable:0.13666666666666666
Values:0.12
QualifiedTable:0.12
SQLTable:0.12
SelectQueryAsTable:0.12
Dual:0.12
WithTable:0.11
DialectArrayTable:0.07583333333333334
DialectPivotTable:0.06583333333333333
