TagStrategy:0.7566666666666667
NullableValueStrategy:0.24333333333333335
TagStrategySupport:0.19
SetValueStrategy:0.13666666666666666
