JsonTest:0.282
JsonEntityField:0.25666666666666665
JsonCompile:0.25333333333333335
FieldMeta:0.19666666666666666
Logs:0.19333333333333333
OracleJdbcExpert:0.19
MultiLineProperties:0.18333333333333332
RecurArrayRandom:0.16333333333333333
Nums:0.14
ArrayRandom:0.11333333333333333
SocketJsonAtom:0.11333333333333333
String2TimeZone:0.016666666666666666
String2SqlTime:0.016666666666666666
String2Timestamp:0.016666666666666666
String2SqlDate:0.016666666666666666
