JerseyBroadcaster:0.3333333333333333
WebSocketPubSub:0.3233333333333333
DelegatingWebSocketProtocol:0.3233333333333333
JerseySimpleBroadcaster:0.10666666666666667
RecyclableBroadcaster:0.1
