ValidationUtil:0.4766666666666667
ValidationMapper:0.4266666666666667
ExpressionAdapter:0.3027420634920635
InfoPathSupport:0.25666666666666665
ValidatorWizard:0.22638888888888892
StringLengthExpressionAdapter:0.02666666666666667
RequiredExpressionAdapter:0.006666666666666667
