ComponentTester:0.7133333333333334
ComponentReference:0.48
AssertEditor:0.3333333333333333
AssertEditorTest:0.2633333333333333
PropertyCallEditor:0.2
CallEditor:0.19666666666666666
DefaultAssertEditor:0.06
