PropertySelectionPanel:0.45666666666666667
WFSPanel:0.41333333333333333
AbstractWFSWrapper:0.4066666666666667
WFServiceWrapper_1_0_0:0.37333333333333335
