AbstractXPathTemplateTestCase:0.43333333333333335
NodeMapper:0.24046031746031743
Jaxp13XPathTemplate:0.17666666666666667
NodeCallbackHandler:0.14772222222222223
AbstractXPathTemplate:0.13666666666666666
XPathOperations:0.13444444444444442
JaxenXPathTemplate:0.07
JaxenXPathTemplateTest:0.03977777777777777
Jaxp13XPathTemplateTest:0.03977777777777777
