Request:0.8033333333333333
JupiterDocumentServer:0.42333333333333334
RequestImpl:0.23
ClientSynchronizedDocument:0.22666666666666666
NetworkRequest:0.21944444444444447
ConcurrentManager:0.11666666666666667
TestClientManaging:0.08
ProxyJupiterDocument:0.05333333333333334
OutgoingMessageForwarder:0.0033333333333333335
