ExecutorLogic:0.5333333333333333
TaskLogic:0.3933333333333333
DoubleFormat:0.21666666666666667
RemoveUnusedTemporaryGroupsExecutor:0.15333333333333332
