ExpandableFeatureSet:0.8166666666666667
GFFFile:0.42333333333333334
