SimulatorModel:0.44666666666666666
StateDisplay:0.4
Options:0.33666666666666667
StoredGrammarView:0.2733333333333333
SimulatorAction:0.24
StateJList:0.22666666666666666
TabbedDisplay:0.22666666666666666
RuleDisplay:0.21
TypeDisplay:0.21
SaveGraphAction:0.18166666666666667
SelectColorAction:0.16666666666666666
RenameHostAction:0.13666666666666666
DeleteHostAction:0.13666666666666666
EditHostOrStateAction:0.13666666666666666
RelabelGrammarAction:0.13
CancelEditGraphAction:0.03333333333333333
