BaseCryptoToken:0.44666666666666666
CryptoTokenTestBase:0.31666666666666665
PKCS11CryptoToken:0.24833333333333332
DummyCryptoToken:0.23666666666666666
NullCryptoToken:0.23666666666666666
MockCryptoToken:0.23666666666666666
SoftCryptoToken:0.19333333333333333
