DefaultEmailFormatter:0.7333333333333333
NotifyBuilderEntry:0.35333333333333333
WebKeys:0.014071428571428572
