ConvolutionLayer:0.37
SimpleOptimizableModel:0.3455555555555555
RastriginFunctionModel:0.22
RosenbrockFunctionModel:0.22
SphereFunctionModel:0.12666666666666668
