ContextTestExecutionNode:0.5433333333333333
ContextTestDescriptor:0.5266666666666666
TestExecutionNodeResolver:0.24333333333333335
