jEdit:0.7266666666666667
EditServer:0.5233333333333333
ServerKiller:0.17333333333333334
