NodeApplet:0.48333333333333334
NodeState:0.36666666666666664
NodeThread:0.36333333333333334
JPPFScreenSaver:0.06333333333333334
