OnmsLocationMonitor:0.5986666666666667
LocationMonitorDao:0.485
PollerBackEndTest:0.3233333333333333
OnmsLocationSpecificStatus:0.29
LocationMonitorDaoHibernate:0.2733333333333333
DefaultPollerBackEnd:0.22027777777777782
StatusChecker:0.028333333333333332
