JCPToolBar:0.6466666666666666
ChargeAction:0.06666666666666667
