AbstractAttribute:0.4766666666666667
Command:0.44
AttributeFactory:0.42
AttributeRegistryEditor:0.35
Bundle:0.35
User:0.23333333333333334
OrderMetaData:0.21333333333333335
UserEditor:0.20333333333333334
SectionAttribute:0.18666666666666668
BooleanAttribute:0.18
StringAttribute:0.15666666666666668
TestAttributeFactory:0.15666666666666668
SelectionAttribute:0.15333333333333332
TestStringAttribute:0.15
AttributeFactoryConfig:0.14333333333333334
SubEditorSelectionAttribute:0.12333333333333334
AttributeRegistryEditorResult:0.12
AccessControlEditorResult:0.11
