QueryImpl:0.74
AbstractEntityManagerImpl:0.4066666666666667
BeanValidationTest:0.24666666666666667
