ConnectorTableLayout:0.38666666666666666
TableLayout:0.37333333333333335
TablePartitioning:0.35333333333333333
RaptorMetadata:0.31
TpchMetadata:0.30666666666666664
