UriWithGlob:0.5916772486772486
FileReadingCollector:0.3933333333333333
CopyAnalyzerTest:0.33666666666666667
CopyIntegrationTest:0.22
GlobPredicate:0.18365079365079368
FileReadingCollectorTest:0.18
ValueSymbolVisitor:0.14044444444444446
CopyStatementAnalyzer:0.14
CopyFromAnalyzedStatement:0.12666666666666668
FileCollectSource:0.07333333333333333
