NameResolver:0.7466666666666667
FailingNameResolverFactory:0.2866666666666667
DirectAddressNameResolverFactory:0.2866666666666667
FakeNameResolver:0.24333333333333335
