Tuple:0.44
UncompressedSliceCursor:0.4066666666666667
Cursor:0.2773055555555555
GroupByBlockStream:0.24333333333333335
UncompressedCursor:0.17666666666666667
UncompressedLongCursor:0.15333333333333332
RunLengthEncodedCursor:0.12666666666666668
