ShadowWrangler:0.7505555555555555
ShadowWranglerTest:0.3433333333333333
ExceptionThrowingShadowView:0.18333333333333332
