VersionValue:0.48333333333333334
InternalEngine:0.36
DeleteVersionValue:0.30333333333333334
LiveVersionMap:0.28
Maps:0.17
LiveVersionMapTests:0.05
