Word2Vec:0.6583333333333333
InMemoryLookupCache:0.5266666666666666
DefaultStreamTokenizer:0.32
FileDocumentIterator:0.22333333333333333
