CallTest:0.4533333333333333
Builder:0.38666666666666666
OkHttpClient:0.29333333333333333
CertificatePinner:0.25666666666666665
RealConnection:0.22666666666666666
Main:0.22666666666666666
CustomTrust:0.16666666666666666
