FilterBuilders:0.4066666666666667
Builder:0.4
GeoHashUtils:0.36
GeoPoint:0.24444444444444444
GeohashFilter:0.19026984126984126
GeoFilterTests:0.17666666666666667
Parser:0.11333333333333333
