TableDefinition:0.8333333333333334
DefaultGeneratorStrategy:0.42333333333333334
AbstractTableDefinition:0.2966666666666667
