InternalAggregationTestCase:0.5033333333333333
XContentParserUtils:0.3466666666666667
Suggestion:0.30333333333333334
InternalDateHistogramTests:0.23
InternalHistogramTests:0.19333333333333333
