HtmlTextArea:0.8066666666666666
HTMLTextAreaElement:0.2866666666666667
