GwtClientHelper:0.9033333333333333
VibeTextCell:0.23
PresenceCell:0.13
CustomCell:0.13
EntryTitleCell:0.13
EmailAddressCell:0.13
ViewCell:0.13
GuestCell:0.11666666666666667
AssignmentCell:0.11666666666666667
EntryPinCell:0.11666666666666667
TaskFolderCell:0.11666666666666667
DownloadCell:0.11666666666666667
GroupTitleCell:0.10666666666666667
DescriptionHtmlCell:0.08666666666666667
RatingCell:0.08666666666666667
StringColumn:0.08
