DigestAuthenticationFilterTests:0.5633333333333334
InMemoryDaoTests:0.42333333333333334
UserMapEditorTests:0.33
InMemoryUserDetailsManager:0.19666666666666666
