TableAlias:0.5433333333333333
GeneralTests:0.4
AbstractTable:0.36
TableImpl:0.29333333333333333
