CorporaView:0.6133333333333333
RunGroovyImportScript:0.2833333333333333
AdapterFactory:0.2555555555555556
