FunctionalTest:0.5866666666666667
EntityModel:0.5670952380952381
RawEntityQuery:0.17333333333333334
RawTupleQuery:0.16
ImmutableEntityModel:0.15
