JacobMSWordReportBuilder:0.6066666666666667
JComMSWordReportBuilder:0.35912698412698413
