SubjectBuilder:0.39
PDSClient:0.21666666666666667
SubjectSearchCriteriaBuilder:0.19666666666666666
PRPA_IN201306UV02_Message_Builder:0.12
PRPA_IN201310UV02_Message_Builder:0.11333333333333333
SubjectSearchResponse:0.11
