GaussianInputWriter:0.31
MDLRXNWriter:0.30333333333333334
PDBReader:0.2838888888888889
MDLRXNV3000Reader:0.2833333333333333
CDKSourceCodeWriter:0.2833333333333333
MDLV2000Reader:0.26
MDLReader:0.26
PDBWriter:0.24666666666666667
Mol2Writer:0.24138888888888885
CrystClustWriter:0.22333333333333333
IteratingMDLReader:0.21333333333333335
MDLRXNReader:0.2
ShelXWriter:0.19666666666666666
PMPConvention:0.19
MDLRXNV2000Reader:0.18666666666666668
