AbstractGhemicalComputationJob:0.33666666666666667
MolecularMechanicsComputationWizard:0.33666666666666667
QuantumMechanicsComputationWizard:0.33666666666666667
MolecularMechanicsComputationJob:0.07
