BinaryLogProvider:0.36
ServerImpl:0.34
BinaryLogProviderTest:0.22333333333333333
ServerImplTest:0.18333333333333332
ServerTransportListenerImpl:0.17333333333333334
AbstractServerImplBuilder:0.15416666666666667
TestBinaryLogClientInterceptor:0.14666666666666667
InvocationCountMarshaller:0.1
TestBinaryLogServerInterceptor:0.07666666666666666
InternalServerInterceptors:0.06555555555555555
