RelationCalculator:0.63
RegExprAction:0.33855555555555555
FromFileAction:0.3383333333333333
