InvoiceTest:0.5233333333333333
CarrierTest:0.21
CarrierRemarksCalculator:0.2
Color2Test:0.19666666666666666
CustomerTest:0.17
