DataLoader:0.5333333333333333
QueryCompletionTable:0.4033333333333333
RamAdapter:0.36
LoadThread:0.13333333333333333
DbAmbiguousSearch:0.13333333333333333
