BinderHelper:0.581111111111111
ListFolderHelper:0.2975
AjaxController:0.2633333333333333
MenuTag:0.22
SlidingTableTag:0.22
TitleLink:0.22
RelevanceDashboardHelper:0.19666666666666666
TreeTag:0.19333333333333333
ToolbarTag:0.16333333333333333
SkipLinkTag:0.16333333333333333
TitleTagForEntityType:0.16333333333333333
TypeToFindAjaxController:0.12666666666666668
ManageDefinitionsController:0.12666666666666668
ViewPermalinkController:0.11
WorkspaceTreeController:0.08
