AbstractClassGenerator:0.7833333333333333
TransformingGenerator:0.5966666666666667
