ChadoInstance:0.75
JdbcChadoAdapter:0.42333333333333334
AnalysisTable:0.33666666666666667
ChadoProgram:0.23333333333333334
XmlConfigFileParser:0.2277777777777778
StrandedFeatureSet:0.22333333333333333
TigrSybilChadoInstance:0.22
AbstractChadoInstance:0.175
FlybaseChadoInstance:0.14
InClause:0.12277777777777776
