HazelcastClientTest:0.3933333333333333
HazelcastClientMapTest:0.36333333333333334
AtomicLongClientProxy:0.2786111111111111
MapClientProxy:0.23333333333333334
