GwtTeamingMessages:0.5722222222222223
BrandingPanel:0.38333333333333336
MastHead:0.2633333333333333
GwtTeamingImageBundle:0.235
GwtMainPage:0.08666666666666667
