Query:0.51
QuerySpecification:0.39666666666666667
TestSqlParser:0.2966666666666667
Visitor:0.26666666666666666
AstVisitor:0.26
DefaultTraversalVisitor:0.25666666666666665
StatementAnalyzer:0.24
AstBuilder:0.23
QueryUtil:0.22666666666666666
Formatter:0.21
QueryRewriter:0.19666666666666666
QueryPlanner:0.17333333333333334
TestShadowing:0.11666666666666667
TreePrinter:0.10666666666666667
