RrPolygonList:0.6833333333333333
RrCSGPolygon:0.68
LayerProducer:0.3466666666666667
RrGraphics:0.21333333333333335
