MasterClock:0.5583333333333333
Map:0.5439722222222223
