Mango:0.5733333333333334
Workstation:0.4533333333333333
WorkerCommand:0.43666666666666665
SCANNER:0.31
CoreVariableTableModel:0.3
AddHypothesisRequestMsg:0.28444444444444444
RewriteRequestMsg:0.2811111111111111
BranchChoiceGenerator:0.25
CloseDefinitionMsg:0.24666666666666667
TrapCommand:0.2397222222222222
EliminateHypothesisRequestMsg:0.23666666666666666
AddEquivalenceAutoRequestMsg:0.23666666666666666
DeleteUnusedParametersMsg:0.23666666666666666
AddHypothesisAutoRequestMsg:0.23666666666666666
MatchMakerRequestMsg:0.23666666666666666
ReplayedMsg:0.23
ConfigurationDetails:0.22333333333333333
CoreTierTableModel:0.20666666666666667
AddConjectureRequestMsg:0.20166666666666666
MapToScopeRequestMsg:0.20166666666666666
ClearBreakPointMsg:0.20166666666666666
GeneralizeRequestMsg:0.20166666666666666
ScheduleRequestMsg:0.19666666666666666
GarbageCollectRequestMsg:0.19666666666666666
CoreRuleBaseTableModel:0.19666666666666666
LoginDialog:0.19666666666666666
ScriptableCommand:0.19305555555555554
InvocationUtil:0.19
ReplaceRequestMsg:0.185
SubmitStandingHypothesisMsg:0.185
ScriptTest:0.17455555555555555
ApplyLinearRequestMsg:0.17333333333333334
AddHypothesisTranslateMsg:0.155
AddConjectureTranslateMsg:0.155
ModifyCoreMangoObjectMsg:0.145
SetActiveCoreMangoObjectMsg:0.13666666666666666
AddCoreMangoObjectMsg:0.12333333333333334
ScriptAndPostAction:0.12333333333333334
CloneCoreRuleAction:0.11333333333333333
DownloadCoreRuleAction:0.11333333333333333
NewCoreRuleAction:0.11333333333333333
NewCoreTierAction:0.11333333333333333
DeleteCoreMangoObjectMsg:0.10666666666666667
ApplyCoreRuleAction:0.10333333333333333
CommandUtilities:0.10333333333333333
ImportCoreRuleAction:0.08333333333333333
ImportCoreTierAction:0.08333333333333333
CoreCutAction:0.08333333333333333
CorePasteAction:0.08333333333333333
