FinalizePromotionOperation:0.62
PromotionCommitOperation:0.40199999999999997
BeforePromotionOperation:0.38333333333333336
