IDatabasePlatform:0.57
AbstractDatabasePlatform:0.5066666666666667
AbstractSymmetricEngine:0.44666666666666666
Db2DdlReader:0.29
Db2As400DdlReader:0.16333333333333333
