CrateRegexQuery:0.6333333333333333
CrateRegexCapabilities:0.17666666666666667
CrateRegexTermsEnum:0.17
JavaUtilRegexMatcher:0.11
