CertificateProfile:0.62
AvailableCustomCertificateExtensionsConfiguration:0.4066666666666667
X509CA:0.29
EjbcaWebBean:0.28
SystemConfigMBean:0.27666666666666667
CertProfileBean:0.19333333333333333
X509CATest:0.18666666666666668
CustomCertExtensionMBean:0.17333333333333334
UpgradeSessionBean:0.14
AvailableCustomCertExtensionsConfigTest:0.09666666666666666
StartServicesServlet:0.06
UpgradeSessionBeanTest:0.01
