DynamoDBMapper:0.7166666666666667
BatchGetItemException:0.5533333333333333
BatchLoadRetryStrategyTest:0.2966666666666667
