ConfigurationProcessor:0.49333333333333335
BeanNameTrackingDefaultListableBeanFactory:0.31333333333333335
CglibConfigurationEnhancer:0.25
BeanMethodMethodInterceptor:0.18
ConfigurationPostProcessor:0.16666666666666666
ConfigurationSupport:0.14333333333333334
ExternalBeanMethodMethodInterceptor:0.11222222222222221
ClassUtils:0.07666666666666666
BeanCreationCallbackFilter:0.02
BytecodeConfigurationEnhancer:0.0011111111111111111
