SyntaxTest:0.51
StringifyTest:0.44666666666666666
EvaluatorTest:0.44666666666666666
