RegisteredExtensionPoint:0.43666666666666665
ExtensionPointSortingTest:0.39
ExtensionPointSorter:0.32666666666666666
DefaultComparator:0.19666666666666666
ClassLevelCallbackTests:0.1788888888888889
