BinderHelper:0.7333333333333333
WebKeys:0.5496507936507937
AjaxController:0.31666666666666665
WorkspaceTreeHelper:0.2633333333333333
