Flyway:0.9033333333333333
Main:0.23166666666666666
AbstractFlywayTask:0.21333333333333335
InitTask:0.1922222222222222
AbstractFlywayMojo:0.14
