CoreCoverageTest:0.44
MappingTest:0.2
SetOfReactionsTest:0.2
CDKExceptionTest:0.17333333333333334
NoSuchAtomExceptionTest:0.17333333333333334
CDKConstantsTest:0.095
