CA:0.57
LexicalTable:0.4976746031746032
ICA:0.2500396825396825
CAH:0.24666666666666667
FactoMineRCA:0.22333333333333333
JFCChartsEngine:0.21666666666666667
RChartsEngine:0.20333333333333334
ChartsEngine:0.19
LexicalTableImpl:0.16666666666666666
XYChartMouseListener:0.12
CategoryChartMouseListener:0.12
FCAChartMouseListener:0.08666666666666667
AbstractChartMouseListener:0.06
