Context:0.4666666666666667
HazelcastClient:0.43666666666666665
ProxyHelper:0.4266666666666667
TransactionClientProxy:0.27
