DocWriteResponse:0.33
UpdateResponse:0.32
IndexResponse:0.31333333333333335
InternalEngine:0.2833333333333333
TransportShardBulkAction:0.27
DeleteResponse:0.23333333333333334
IndexRequestTests:0.23
IndexingStrategy:0.205
AsyncBulkByScrollActionTests:0.19
DeletionStrategy:0.18666666666666668
TransportShardBulkActionTests:0.18333333333333332
DocWriteResponseTests:0.15
Builder:0.14666666666666667
MyMockClient:0.12666666666666668
UpdateResponseTests:0.11333333333333333
BulkRequestModifierTests:0.11
IndexResponseTests:0.08666666666666667
IndexResultWithLocation:0.03333333333333333
DeleteResponseTests:0.03
