ManagementCenterConfig:0.45666666666666667
XmlConfigBuilder:0.4166666666666667
ManagementCenterService:0.3
TaskPollThread:0.2633333333333333
StateSendThread:0.24
