StatsReport:0.5833333333333334
UpdateDecoder:0.5833333333333334
UpdateEncoder:0.44666666666666666
SbeStatsReport:0.41
TestStatsSBE:0.14
