LanguageDetectionAttachmentMapperTests:0.18666666666666668
MetadataMapperTest:0.14
EncryptedDocMapperTest:0.10666666666666667
DateAttachmentMapperTests:0.10333333333333333
SimpleAttachmentMapperTests:0.02
MultifieldAttachmentMapperTests:0.02
