DataUtils:0.4033333333333333
CruiseControlJMXService:0.38666666666666666
EnvironmentService:0.38666666666666666
ConnectionResult:0.34
JsonView:0.2966666666666667
GetCommitMessageControllerTest:0.29
DashboardUtils:0.29
Main:0.2833333333333333
Cvs:0.27
Perforce:0.2593888888888889
JMXFactory:0.24333333333333335
EnvironmentServiceTest:0.23666666666666666
GetProjectBuildStatusController:0.19166666666666668
AddProjectFromVersionControlControllerTest:0.18666666666666668
BuildDetailController:0.18166666666666667
GetProjectBuildStatusControllerTest:0.17333333333333334
CvsTest:0.16666666666666666
GetCommitMessageController:0.16666666666666666
CruiseControlJMXServiceStub:0.15666666666666668
AddProjectFromVersionControlController:0.15333333333333332
CCLogFilter:0.14833333333333334
CruiseControlJMXServiceStubTest:0.14666666666666667
CCProjectFolderFilterTest:0.13666666666666666
HappyVcs:0.13666666666666666
BuildListingController:0.13666666666666666
BaseFunctionalTest:0.13666666666666666
PerforceTest:0.13333333333333333
Svn:0.13333333333333333
JsonViewTest:0.13
CruiseControlJMXServiceTest:0.13
SvnTest:0.13
GetProjectBuildStatusXmlControllerTest:0.12333333333333334
MBeanConsoleController:0.12
GetProjectBuildOutputControllerTest:0.11
GetActiveBuildInfoControllerTest:0.11
LatestBuildsTest:0.10666666666666667
PanopticodeController:0.10666666666666667
CruiseControlJMXServiceForcedBuildStub:0.10666666666666667
ForceBuildController:0.10333333333333333
CCLogFilterTest:0.08666666666666667
DownLoadLogBinder:0.08333333333333333
ConnectionFailedVcs:0.08333333333333333
DownloadArtifactsBinder:0.08333333333333333
GetProjectBuildingStatusTest:0.08333333333333333
LatestBuildsListingControllerTest:0.0725
LatestBuildsListingController:0.07
BaseMultiActionController:0.056666666666666664
AddProjectCommand:0.056666666666666664
DownloadLogControllerTest:0.03333333333333333
DownloadArtifactControllerTest:0.03333333333333333
AbstractVersionControlSystem:0.01
DashboardUtilsTest:0.006666666666666667
AddProjectCommandTest:0.006666666666666667
