ARCWriter:0.7566666666666667
ARCWriterPool:0.49666666666666665
ARCWriterProcessor:0.39666666666666667
