EasyNeuronsApplicationView:0.6833333333333333
NeuralNetworkTraining:0.36333333333333334
TrainingSetEditFrame:0.33
NeuralNetworkViewFrame:0.30666666666666664
