AbstractTestQueries:0.5822222222222222
FunctionAssertions:0.3230555555555556
TranslationMap:0.3130555555555556
