Button:0.58
TodoEditor:0.43
Desktop:0.30666666666666664
DesktopToolBar:0.21333333333333335
