DisplayZone:0.8133333333333334
FreeWindowManager:0.28
ClientCockpitXMLDFHandler:0.25833333333333336
