TestFactoryTestDescriptor:0.49333333333333335
TestCase:0.4211111111111111
CollectionUtils:0.38
MethodArgumentsProviderTests:0.29333333333333333
CollectionUtilsTests:0.22
MethodArgumentsProvider:0.1633730158730159
