AsyncBroadcastAction:0.4666666666666667
Version:0.31333333333333335
SQLReduceJobStatus:0.2617777777777778
TransportDistributedSQLAction:0.23666666666666666
TransportSQLReduceHandler:0.19333333333333333
RecievePartialResultHandler:0.19222222222222224
