ParserRuleContext:0.44
BufferedTokenStream:0.41
ParseTree:0.37277777777777776
RuleContext:0.35
TerminalNodeImpl:0.1811111111111111
