CommonFactory:0.8166666666666667
CoordinateReferenceSystem:0.7166666666666667
CoordinateReferenceSystemFactory:0.7033333333333334
SymbolProperty:0.6766666666666666
SymbologyInfo:0.6766666666666666
XYParameterAccessor:0.605
CanvasState:0.605
XYParameterMutator:0.605
DisplayFactory:0.605
Canvas:0.5816666666666667
GraphicArc:0.5816666666666667
GraphicSymbol:0.5616666666666666
Geometry:0.5616666666666666
DirectPosition:0.5533333333333333
CommonCapabilities:0.5533333333333333
Symbology:0.5533333333333333
BoundingRectangle:0.5533333333333333
PointArray:0.5533333333333333
Editability:0.55
GraphicStyle:0.55
Viewability:0.55
TextSymbolizer:0.55
LineSymbolizer:0.52
Highlight:0.465
CommonFactoryManager:0.4
Bounds:0.36083333333333334
PointSymbolizer:0.33916666666666667
PolygonSymbolizer:0.3325
LatLonAlt:0.30333333333333334
XY:0.2833333333333333
RangeBearing:0.2833333333333333
Pixel:0.2833333333333333
Boundary:0.27051984126984113
BoundsFactory:0.27051984126984113
DatumFactory:0.27051984126984113
CanvasListener:0.27051984126984113
UTM:0.27
GraphicListenerSupport:0.25
DisplayCapabilities:0.24666666666666667
DerivedCRS:0.215
UnsupportedCRSException:0.21333333333333335
GraphicIcon:0.205
GlobalPathType:0.19333333333333333
VectorPathType:0.19333333333333333
UnprojectedPathType:0.19333333333333333
CoordinateTransformation:0.16716137566137568
Identifier:0.13333333333333333
Graphic:0.13
DerivedCRSType:0.10666666666666667
Datum:0.105
YAnchor:0.08333333333333333
PathType:0.06333333333333334
LatLonBoundingPolygon:0.006666666666666667
SpatialschemaFactory:0.006666666666666667
XYBoundingRectangle:0.006666666666666667
LatLonBoundingRectangle:0.006666666666666667
BoundingPolygon:0.006666666666666667
XYBoundingPolygon:0.006666666666666667
Envelope:0.006666666666666667
CanvasHandler:0.006666666666666667
CanvasController:0.006666666666666667
CanvasParameterAccessor:0.006666666666666667
FactoryManagerInitializationException:0.0
Conic:0.0
SurfaceBoundary:0.0
DisplayFactoryManager:0.0
CanvasParameterMutator:0.0
LineString:0.0
XYZ:0.0
