SupervisorActor:0.59
SupervisorTest:0.30333333333333334
GetChildrenMessage:0.21
Supervisor:0.19
SuspendableUtils:0.13666666666666666
