AnnotationView:0.4033333333333333
BaseFineEditor:0.33666666666666667
AnnotationMenu:0.2633333333333333
BaseEditorPanel:0.26
PeptideMenu:0.10666666666666667
