CursorResultSet:0.6133333333333333
TdsStatement:0.39
SAfeTest:0.3566666666666667
PreparedStatement_base:0.26666666666666666
