DomFlowBuilder:0.6966666666666667
FlowExecutionTests:0.39666666666666667
