CaffeinatedGuavaCache:0.7826666666666667
MapTestFactory:0.29333333333333333
