HTMLCollectionTest:0.4011111111111111
HTMLAllCollection:0.38333333333333336
HTMLCollection:0.29
HTMLAllCollectionTest:0.10333333333333333
