DBCursor:0.6533333333333333
DBCollection:0.6133333333333333
DatabaseTestCase:0.17666666666666667
DBCollectionTest:0.17333333333333334
