RMap:0.74
RedissonMap:0.5386111111111112
RedissonMapTest:0.19333333333333333
