HttpClientImpl:0.49333333333333335
HttpClientRequestImpl:0.38
HttpClientRequestBase:0.27
HttpClientRequestPushPromise:0.25666666666666665
HttpTest:0.19144444444444444
