TestJschConnector:0.47333333333333333
DefaultEntity:0.4686666666666666
DefaultParser:0.25333333333333335
