AuthenticationToken:0.49333333333333335
ApprovalSessionBean:0.35333333333333333
ApprovalRequest:0.34
UserAdminSessionBean:0.31666666666666665
X509CertificateAuthenticationToken:0.2966666666666667
Approval:0.2866666666666667
ApprovalSession:0.2546666666666667
ApprovalSessionLocal:0.17333333333333334
AlwaysAllowLocalAuthenticationToken:0.03666666666666667
