ArticleQueryService:0.43666666666666665
ArticleRepository:0.383
ArticleMgmtService:0.23
DataModelService:0.18333333333333332
SitemapQueryService:0.15
MailMgmtService:0.1
