Polygonization:0.7533333333333333
Attributes:0.51
Polygon:0.43666666666666665
SceneVisitor:0.2866666666666667
NURBSSurface:0.25
MeshNode:0.21
Phong:0.21
XYZTransformation:0.18
PolygonizationCache:0.16666666666666666
LineSegmentizationCache:0.13
_Field:0.04666666666666667
