TermDerivationTest:0.8483333333333334
UntilTerm:0.48333333333333334
