JCPMultiPageEditor:0.8566666666666667
JCPMultiPageEditorContributor:0.25288888888888894
