Message:0.66
BridgeWebView:0.6066666666666667
MainActivity:0.23666666666666666
