TimeUtil:0.44333333333333336
EverydayFragment:0.43
ThreeHolder:0.29
TwoHolder:0.23333333333333334
EverydayAdapter:0.18666666666666668
