TxmUser:0.47333333333333333
Services:0.2966666666666667
TxmLoginModule:0.2844444444444445
LanguageSelectionItem:0.2833333333333333
SessionManager:0.27
TxmI18N:0.25833333333333336
CRUD:0.22611111111111115
AuthenticationService:0.2127777777777778
TxmMenuBar:0.2
LoginForm:0.17666666666666667
SideNavTree:0.17333333333333334
UIService:0.11866666666666667
SignInForm:0.04
ProfileForm:0.04
AuthenticationServiceImpl:0.025833333333333333
MenuBarContent:0.023333333333333334
UIServiceAsync:0.006666666666666667
UIServiceImpl:0.0033333333333333335
AuthenticationServiceAsync:0.0
