ScriptPattern:0.56
Wallet:0.38333333333333336
Script:0.26
WalletTest:0.23333333333333334
TransactionOutput:0.22333333333333333
KeyChainGroup:0.19666666666666666
LevelDBFullPrunedBlockStore:0.19
SegwitAddressTest:0.17
ScriptPatternTest:0.06333333333333334
