RhinoInvoker:0.5566666666666666
ClasspathModuleSourceProvider:0.4266666666666667
GeneratedJavaSink:0.27555555555555555
