BasicTransaction:0.7366666666666667
TestConfig:0.39533333333333337
XTestDriver:0.3333333333333333
