Queued:0.59
QueuingRrdStrategy:0.5122222222222222
QueuedMBean:0.43213888888888885
