ElementClosesElementTest:0.7482222222222222
HtmlUnitDOMBuilder:0.49333333333333335
