AMD_vertex_shader_layer:0.4592619047619047
AMD_vertex_shader_viewport_index:0.4592619047619047
NV_shader_atomic_float:0.4592619047619047
NV_bindless_texture:0.2966666666666667
