FileServerStartup:0.6586666666666667
FileServerFactory:0.5833333333333334
FtpFileClient:0.39666666666666667
FtpFileServer:0.31333333333333335
CommandLineExt:0.21916666666666668
