PasswordPolicyHelper:0.42333333333333334
GwtServerHelper:0.41333333333333333
ProfileModuleImpl:0.2911111111111111
GwtUIHelper:0.22333333333333333
ModifyEntryController:0.15333333333333332
