StatementGenerator:0.5766666666666667
SourceBuilder:0.4777777777777778
LineDirectivesTest:0.29
