JedisCluster:0.5866666666666667
JedisSlotBasedConnectionHandler:0.37
JedisClusterConnectionHandler:0.2733333333333333
JedisRandomConnectionHandler:0.12
