MultiPartRequestWrapper:0.5033333333333333
JakartaStreamMultiPartRequest:0.41333333333333333
JakartaMultiPartRequest:0.4
FileUploadInterceptorTest:0.38333333333333336
FileUploadInterceptor:0.29
