Listener:0.67
Wallet:0.5166666666666667
TransactionConfidence:0.31
SendRequest:0.29833333333333334
MemoryPool:0.28222222222222226
PeerGroup:0.20816666666666667
WalletTest:0.2
PeerGroupTest:0.18666666666666668
ChainSplitTest:0.14333333333333334
PingService:0.14
