CSSStyleDeclarationTest:0.5233333333333333
CharacterDataImplTest:0.3933333333333333
ActiveXObjectTest:0.31833333333333336
