AbstractTestQueries:0.6477777777777778
SubqueryPlanner:0.4033333333333333
