AbstractIdentifiableType:0.5566666666666666
AnnotationBinder:0.44333333333333336
MixedIdAndIdClassHandling:0.23
MappedSuperclassTypeImpl:0.14333333333333334
