IndexSettings:0.55
IndexService:0.44
TransportNodesListGatewayStartedShards:0.30666666666666664
IndexSettingsTests:0.2966666666666667
