Robot:0.56
Script:0.48
ComponentReference:0.39666666666666667
AWT:0.38
ScriptEditor:0.3566666666666667
TestHierarchy:0.26777777777777784
Call:0.24666666666666667
CaptureDragDropTest:0.24
ComponentRecorder:0.22
ComponentBrowser:0.22
ScriptFixture:0.17
AWTTest:0.12333333333333334
ScriptSelectorItemHandler:0.1075
DropTree:0.07555555555555554
DragLabel:0.06666666666666667
TestHierarchyTest:0.043333333333333335
DropLabel:0.04
MyCode:0.011666666666666667
