MultiLayerNetwork:0.33666666666666667
MultiLayerConfiguration:0.30666666666666664
Builder:0.29333333333333333
KDTree:0.2733333333333333
Cell:0.2733333333333333
KMeansClustering:0.24666666666666667
StringUtils:0.23333333333333334
BaseLayer:0.22333333333333333
MathUtils:0.22
QuadTree:0.20666666666666667
LSTM:0.20333333333333334
AutoEncoder:0.19666666666666666
RecursiveAutoEncoder:0.19666666666666666
WeightInitUtil:0.19
FileOperations:0.13666666666666666
MnistManager:0.13666666666666666
FingerPrintKeyer:0.11333333333333333
