URLCanonicalizer:0.5766666666666667
PageFetcher:0.47333333333333333
StatusHandlerCrawlController:0.16666666666666666
MultipleCrawlerController:0.16666666666666666
ControllerWithShutdown:0.16666666666666666
BasicCrawlController:0.13666666666666666
Parser:0.13666666666666666
URLCanonicalizerTest:0.11666666666666667
