Map:0.6166666666666667
Seq:0.6033333333333334
Cons:0.32666666666666666
HashMap:0.22726190476190478
TreeMap:0.21666666666666667
StreamTest:0.19416666666666665
AbstractMapTest:0.19333333333333333
