NettyServerHandler:0.36
NettyServer:0.30666666666666664
NettyServerHandlerTest:0.27
NettyServerBuilder:0.26666666666666666
NettyClientTransportTest:0.20666666666666667
NettyServerTransport:0.17333333333333334
NettyServerTest:0.13333333333333333
