RuntimeEnvironment:0.5933333333333334
Repository:0.4166666666666667
JDBCHistoryCache:0.30666666666666664
JDBCHistoryCacheTest:0.22666666666666666
FileHistoryCache:0.15666666666666668
HistoryGuru:0.13666666666666666
