Commandline:0.45666666666666667
XMLLogHelper:0.43666666666666665
EmailPublisher:0.42
Vss:0.36333333333333334
Schedule:0.33666666666666667
StreamPumper:0.31333333333333335
Argument:0.30666666666666664
MockProject:0.30333333333333334
MockSourceControl:0.3
DefaultLabelIncrementerTest:0.29
P4:0.25888888888888884
ClearCase:0.2573333333333333
HTMLEmailPublisher:0.25555555555555554
UtilTest:0.25
CVS:0.24888888888888885
VssJournalDateFormat:0.24833333333333332
MockPublisher:0.2473333333333333
Failure:0.24666666666666667
MockPublisherChild:0.245
MockBuilder:0.24333333333333335
Always:0.24333333333333335
MockModificationSet:0.2375
StarTeam:0.23666666666666666
ModificationBuilder:0.235
MockSchedule:0.235
FileSystem:0.23333333333333334
VssJournal:0.22333333333333333
XMLLogHelperTest:0.21
MainTest:0.21
VssTest:0.2
Marker:0.19666666666666666
ProjectTest:0.19666666666666666
Upgrader:0.19333333333333333
PVCS:0.19333333333333333
PauseBuilderTest:0.19
P4BootstrapperTest:0.18666666666666668
MKS:0.18333333333333332
ExitException:0.18
SCPPublisher:0.17333333333333334
CVSLabelIncrementerTest:0.15
BrokenTestPublisher:0.14833333333333334
VssJournalTest:0.145
PluginXMLHelperTest:0.14333333333333334
ExecutePublisher:0.14333333333333334
EmailPublisherTest:0.13666666666666666
LinkEmailPublisherTest:0.13
ScheduleTest:0.11666666666666667
BuildQueueTest:0.10666666666666667
ClearCaseTest:0.1
HTMLEmailPublisherTest:0.09666666666666666
EmailMapping:0.04
