AnnotDiffDialog:0.7533333333333333
MainFrame:0.5766666666666667
NewAnnotDiffAction:0.13
