WebURL:0.79
Util:0.26
HtmlContentHandler:0.225
WorkQueues:0.21666666666666667
Parser:0.17111111111111113
WebURLTupleBinding:0.12
