TestsViewLabelProvider:0.7166666666666667
TestsViewDecorator:0.5088888888888888
