NodeHost:0.49333333333333335
NodeHostRowMapper:0.3
INodeService:0.245
MockNodeService:0.22666666666666666
NodeService:0.22333333333333333
