MockFlowSession:0.48
MockRequestContext:0.4
EventIdTransitionCriteria:0.3333333333333333
MockFlowExecutionControlContext:0.24
TransitionTests:0.06666666666666667
