BusinessEntityManager:0.6683333333333333
WebserviceBean:0.39666666666666667
BusinessEntityManagerImpl:0.36333333333333334
FileObjectLight:0.27666666666666667
PersistenceService:0.24666666666666667
ApplicationEntityManagerImpl:0.24633333333333335
RemoteFileObjectLight:0.17666666666666667
Constants:0.08
StartupBean:0.08
RemoteFileObject:0.04666666666666667
FileObject:0.043333333333333335
