HL7V3MessageBuilderHelper:0.42
SubjectBuilder:0.41
PRPA_IN201305UV02_Message_Builder:0.3566666666666667
SubjectSearchCriteria:0.24333333333333335
PDSClient:0.17733333333333334
SubjectSearchCriteriaBuilder:0.17666666666666667
PRPA_IN201310UV02_Message_Builder:0.11666666666666667
