AxiomSoapBody:0.5466666666666666
AbstractSoapBodyTestCase:0.33666666666666667
AxiomUtils:0.18
