AeronArchive:0.5033333333333333
ControlSessionDemuxer:0.18333333333333332
ArchiveProxy:0.18333333333333332
ControlRequestAdapter:0.13333333333333333
ControlRequestListener:0.12638888888888888
