List:0.5866666666666667
Stream:0.56
HashSet:0.21666666666666667
