WsFederationAction:0.5533333333333333
WsFederationAuthenticationWebflowConfiguration:0.5166666666666667
