Builder:0.6466666666666666
BaseMultiLayerNetwork:0.5533333333333333
StochasticHessianFree:0.39
BackPropROptimizer:0.21666666666666667
DBNTest:0.14
DeepAutoEncoderSDA:0.05333333333333334
BackPropOptimizerTests:0.006666666666666667
