GraphLabels:0.49666666666666665
ConstraintRules:0.3233333333333333
TypeGraphRep:0.29333333333333333
ModelHandler:0.29333333333333333
Transform:0.2866666666666667
Ecore2Groove:0.23111111111111116
InstanceGraphRep:0.1411111111111111
Triple:0.13333333333333333
InstanceModelRep:0.115
