SearchFilterToMapConverter:0.49333333333333335
DashboardHelper:0.41
AdvancedSearchController:0.35333333333333333
FilterController:0.15333333333333332
