FutureResultCollector:0.6033333333333334
AbstractGenericClient:0.4483333333333333
JobResults:0.34
