UniqueIdReader:0.6566666666666666
TestClassRequestResolver:0.48333333333333334
UniqueIdReaderTests:0.36
