Game:0.48
PlaceDemolitionCharge:0.3433333333333333
ActionSequence:0.28
Move:0.20333333333333334
StartMove:0.15
ActionSequenceTest:0.11
ActionSequenceBuilder:0.10333333333333333
MoveMultiple:0.1
PlaceDemolitionChargeBuilder:0.023333333333333334
