DebugUtils:0.5031111111111112
TestUtils:0.3433333333333333
DebugUtilsTest:0.15333333333333332
