BaseStatsListener:0.8375
StatsListener:0.3373333333333333
RoutingIterationListener:0.28948412698412695
Trainer:0.26
J7StatsListener:0.24333333333333335
EarlyStoppingParallelTrainer:0.23666666666666666
