JavaScriptEngine:0.58
CodeStyleTest:0.44666666666666666
Reflect:0.43333333333333335
