Csw:0.62
GetRecords:0.25666666666666665
GetRecordById:0.24666666666666667
CatalogSearcher:0.2077777777777778
MainFrame:0.18666666666666668
DescribeRecord:0.1811111111111111
SearchController:0.08666666666666667
