KrbFilter:0.42
KrbFilterConfig:0.31
HTTPSessionFilter:0.24333333333333335
HTTPFilterBase:0.17333333333333334
ExecutorAdapter:0.14
AuthenticationException:0.11444444444444443
NTLMFilter:0.10333333333333333
