SodbeansDebugAction:0.24
SodbeansCleanBuildAction:0.11333333333333333
SodbeansBuildAction:0.11333333333333333
SodbeansCleanAction:0.11333333333333333
SodbeansRunAction:0.11333333333333333
SodbeansStopDebuggerAction:0.1
