ExecutionService:0.5752222222222223
JobHelper:0.54
DefinitionParser:0.31666666666666665
TimerTriggerActionHandler:0.2866666666666667
ExecutionServiceImpl:0.27666666666666667
TimerTest:0.23666666666666666
ScheduleJobActionHandler:0.18333333333333332
CancelTimerActionHandler:0.18
CreateTimerActionHandler:0.13333333333333333
CancelJobActionHandler:0.08333333333333333
TestTimerRunner:0.06
