ParameterizedTransformTest:0.3333333333333333
PJParameter:0.31333333333333335
Transform:0.27
Affine:0.24
AuthorityFactoryTest:0.22
Series2000Test:0.18
ObjectFactoryTest:0.15333333333333332
Assert:0.13666666666666666
Utilities:0.05333333333333334
