Calculator:0.7033333333333334
SyntaxTest:0.26666666666666666
StringifyTest:0.25333333333333335
EvaluatorTest:0.25333333333333335
