RegisteredServiceThemeBasedViewResolver:0.6633333333333333
RegisteredServiceThemeBasedViewResolverTests:0.35333333333333333
