AbstractTestQueries:0.7232222222222222
FunctionRegistry:0.32666666666666666
