HtmlTreeBuilder:0.5733333333333334
HtmlCollector:0.44666666666666666
HtmlVisitor:0.3566666666666667
