ReferenceIdent:0.6066666666666667
TableIdent:0.48333333333333334
ReferenceInfo:0.31333333333333335
