StreamInput:0.5866666666666667
ElasticsearchException:0.47
ThreadContextStruct:0.32
Writer:0.3027420634920635
StreamOutput:0.24
BytesStreamsTests:0.23
