MasterClock:0.63
Simulation:0.5666666666666667
ClockListener:0.5116666666666667
TimeWindow:0.35333333333333333
SettlementMapPanel:0.16083333333333333
ResupplyDetailPanel:0.16083333333333333
