DefaultFileSystemStore:0.9533333333333334
DefaultArchiveSystemStore:0.5533333333333333
