PropertyReader:0.7555555555555555
EntityReader:0.5366666666666666
