PlannerTest:0.7266666666666667
Builder:0.39666666666666667
