TypeNameMapping:0.5066666666666667
CopyBuffer:0.3055555555555555
MappingContentProvider:0.3
CustomizationRegistry:0.19333333333333333
