TypeDescription:0.61
Default:0.41333333333333333
InstrumentedTypeDefaultTest:0.36666666666666664
AbstractBase:0.28
AbstractTypeDescriptionTest:0.28
