TestSamples:0.4633333333333333
AvgAggregationTest:0.36
SumAggregationTest:0.17333333333333334
