WebClient:0.6355555555555557
BrowserVersionClassRunner:0.3466666666666667
DomCharacterData:0.23666666666666666
NamedNodeMap:0.22244444444444444
BrowserRunner:0.16744444444444445
BrowserVersionFeaturesTest:0.16
BrowserVersionTest:0.14666666666666667
HttpWebConnection2Test:0.14333333333333334
