SnmpCollector:0.6666666666666666
Collectd:0.5933333333333334
