MPayment:0.5133333333333333
MInvoice:0.45666666666666667
MCash:0.36
MBOE:0.29333333333333333
MCashFlow:0.22111111111111115
