Dbms:0.44
DataManager:0.36333333333333334
DbmsPool:0.2866666666666667
Import:0.2611111111111111
