Wallet:0.6566666666666666
WalletProtobufSerializer:0.36222222222222217
WalletProtobufSerializerTest:0.22333333333333333
