SimpleLayouter:0.5666666666666667
TextFigure:0.5
ComponentFigure:0.41333333333333333
