FolderColumn:0.5960476190476189
DataTableFolderViewBase:0.36333333333333334
