OwnedSynchronizer:0.4741666666666667
Mailbox:0.33666666666666667
Channel:0.32666666666666666
ThreadOwnedSynchronizer:0.18
FiberOwnedSynchronizer:0.18
