Editor:0.5366666666666666
Simulator:0.45666666666666667
GraphJVertex:0.3233333333333333
EditorPanel:0.2966666666666667
NewRuleAction:0.29
LTSJCell:0.27051984126984113
TransferAction:0.25666666666666665
EditPropertiesAction:0.25666666666666665
TypePanel:0.25
NewGraphAction:0.24666666666666667
NewAction:0.24666666666666667
EditGraphAction:0.23
EditRuleAction:0.23
AspectJGraph:0.21
EditAction:0.18833333333333332
ErrorListPanel:0.1761111111111111
ButtonTabComponent:0.14
