PCChoiceGenerator:0.6033333333333334
SymbolicListener:0.37333333333333335
