MapService:0.6266666666666667
MapMerger:0.56
WmsService:0.4633333333333333
Constants:0.45111111111111113
BoundingBox:0.35333333333333333
MapUtil:0.3433333333333333
Intermap:0.25666666666666665
UploadWmcContext:0.2397222222222222
CapabilitiesStore:0.20333333333333334
TimeExtent:0.18666666666666668
GetStyles:0.1754444444444445
SetStyle:0.16572222222222227
GetWmcContext:0.16388888888888892
Get:0.15333333333333332
MailWmcContext:0.11055555555555555
Util:0.10666666666666667
SetWmcContext:0.10333333333333333
GetServices:0.09
WmsLayerInfo:0.09
GetInfo:0.08777777777777776
Add:0.08666666666666667
Extents:0.08
WmsConfig:0.08
WmcCodec:0.06305555555555555
WmsGetCapClient:0.06
