DigestProcessingFilterTests:0.7866666666666666
MockApplicationEventPublisher:0.6116666666666667
BasicProcessingFilterTests:0.37666666666666665
