EditorUtilities:0.49333333333333335
MessageDecoder:0.45
ClientMessageDecoder:0.45
ServerPrintVisitor:0.12333333333333334
