KafkaRecordSet:0.41
KafkaRecordCursor:0.36666666666666664
KafkaRecordSetProvider:0.29
KafkaMetadata:0.23666666666666666
KafkaConnectorModule:0.20333333333333334
KafkaTableDescriptionSupplier:0.13666666666666666
BytesKafkaFieldValueProvider:0.08333333333333333
LongKafkaFieldValueProvider:0.08333333333333333
BooleanKafkaFieldValueProvider:0.08333333333333333
