WebServiceTemplateTest:0.42
HttpUrlConnection:0.27
CommonsHttpConnection:0.27
WebServiceAccessor:0.24333333333333335
AbstractHttpSenderConnection:0.17333333333333334
