RedissonBlockingQueue:0.6166666666666667
RedissonBlockingDeque:0.36666666666666664
RedissonBlockingQueueTest:0.23333333333333334
RedissonQueue:0.21
RedissonBlockingDequeTest:0.18
