Builder:0.48
FetchPushDown:0.22666666666666666
SingleRowSubselectPlannerTest:0.16666666666666666
ConsumerContext:0.15666666666666668
Visitor:0.14666666666666667
CopyStatementPlanner:0.11666666666666667
InsertFromSubQueryPlanner:0.06
SelectStatementPlanner:0.05158730158730159
ConsumingPlanner:0.04666666666666667
GlobalAggregatePlannerTest:0.023333333333333334
