AbstractJPPFClient:0.3333333333333333
JPPFClient:0.29333333333333333
JPPFResultCollector:0.28833333333333333
JPPFJob:0.2866666666666667
JPPFClientConnectionImpl:0.24
AbstractJPPFClientConnection:0.2111111111111111
AbstractGenericClient:0.19333333333333333
AsynchronousResultProcessor:0.13333333333333333
RemoteExecutionThread:0.1
JobSubmission:0.08666666666666667
ClassServerDelegateImpl:0.08
TaskResultEvent:0.075
SubmissionManager:0.01
DescendingIntegerComparator:0.0
