Controller2DHub:0.5766666666666667
Controller2DModuleMove:0.5083333333333333
