SelectAnalyzerTest:0.6744444444444445
SelectStatementAnalyzer:0.4866666666666667
