RestActions:0.36333333333333334
SearchSourceBuilder:0.3433333333333333
RestSearchAction:0.33
IndexRequest:0.32
Failure:0.31333333333333335
BulkShardRequest:0.225
BulkItemResponse:0.20222222222222225
RestToXContentListener:0.09
