DisplayMode:0.6633333333333333
Display:0.5719444444444444
