AbstractWriterTest:0.3566666666666667
DatabaseWriterTest:0.2966666666666667
DatabaseWriterSettings:0.20666666666666667
