Function:0.8644444444444446
AggregateWindowFunctionTests:0.3233333333333333
