SitemapIndex:0.8133333333333334
SitemapXmlContext:0.6733333333333333
