MethodDescriptor:0.49
Calls:0.3944444444444445
ServerMethodDefinition:0.38666666666666666
