BoundingPolygon2D:0.41333333333333333
Main:0.3016666666666667
GraphicsFeedback:0.26277777777777783
Triangle2D:0.26
LineSegment2D:0.24
Testing:0.22666666666666666
DeWall2D:0.21222222222222223
