BytecodeUtils:0.5066666666666667
InstructionOrSuper:0.29333333333333333
INVOKESTATIC:0.13805555555555554
INVOKESPECIAL:0.12666666666666668
INVOKEVIRTUAL:0.12666666666666668
LineNumberListener:0.10333333333333333
TestFloatStatic1:0.09666666666666666
TestDoubleStatic1:0.09666666666666666
TestIntStatic1:0.09666666666666666
TestBooleanStatic1:0.09666666666666666
