InsertFromValuesAnalyzerTest:0.5066666666666667
CreateAlterTableStatementAnalyzerTest:0.4766666666666667
AnalyzedColumnDefinition:0.2966666666666667
TestMetaDataModule:0.153
AbstractInsertAnalyzer:0.13
Constants:0.12169841269841271
