ScriptSortBuilder:0.51
SortParseElement:0.4766666666666667
FieldSortBuilder:0.4166666666666667
GeoDistanceSortBuilder:0.3566666666666667
