IDataSourceType:0.6433333333333333
IDataSource:0.6433333333333333
ViewContentProvider:0.4766666666666667
Databases:0.33
ViewLabelProvider:0.14777777777777779
ISearch:0.1
