URL:0.8266666666666667
AbstractRegistryFactory:0.2866666666666667
AbstractMonitorFactroy:0.2833333333333333
