ArticleQueryService:0.5016666666666667
CommentQueryService:0.4266666666666667
ArticleProcessor:0.37666666666666665
