EmbeddedWindowsManager:0.4166666666666667
MapItemsPanel:0.4033333333333333
MapItemPanelFactory:0.29
MapsPanel:0.23
ShapeManager:0.21666666666666667
StringDrawer:0.20666666666666667
MapsDFLoaderListener:0.19
ResourceShader:0.14077777777777778
