ChronicleMapBuilder:0.6033333333333334
ReplicatedChronicleMap:0.5033333333333333
VanillaChronicleHash:0.37
ReplicateProxyMapUpdatedViaSharedMemoryTest:0.15
