Config:0.6766666666666666
ExecutorConfig:0.46
PartitionIteratingOperation:0.33
OperationServiceImpl:0.2833333333333333
TestFullApplicationContext:0.18
MultiPartitionOperationFactory:0.16972222222222225
ExecutionServiceImpl:0.15333333333333332
MultiPartitionLock:0.15
ParallelOperationFactory:0.13
ConfigXmlGenerator:0.10666666666666667
