DefaultConversionFileProcessor:0.5442777777777777
DefaultConversionAnnotationProcessor:0.5442777777777777
