NettyClientHandler:0.4766666666666667
Http2Codec:0.37
UpgradeCompletionHandler:0.32
Http2Writer:0.31833333333333336
AsyncFrameWriter:0.2966666666666667
OkHttpClientTransport:0.28
TransportListener:0.2683333333333333
CallImpl:0.25083333333333335
Http2Negotiator:0.20333333333333334
NettyClientTransport:0.15583333333333332
Negotiation:0.15
NettyServerHandler:0.13333333333333333
ChannelImpl:0.10666666666666667
LazyFrameListener:0.08433333333333333
