SNAPCommunicator:0.47
RrCSG:0.3333333333333333
STLObject:0.30083333333333334
Reprap:0.28
LinePrinter:0.24111111111111108
Panel3D:0.22333333333333333
PreviewPanel:0.21166666666666667
Main:0.19
LayerProducer:0.16333333333333333
MachineFactory:0.145
IncomingMessage:0.14333333333333334
TestMain:0.03333333333333333
