AnnotatedAction:0.6833333333333333
FlowServiceLocator:0.6166666666666667
XmlFlowBuilder:0.2833333333333333
MultiAction:0.2517063492063492
AbstractFlowBuilder:0.24333333333333335
LocalFlowServiceLocator:0.23444444444444448
BaseFlowServiceLocator:0.23444444444444448
MultiActionTests:0.19666666666666666
AbstractFlowBuilderTests:0.19333333333333333
DefaultMultiActionMethodResolver:0.14666666666666667
