GetIndexesOperation:0.54
DBCollection:0.48222222222222216
CollectionAdministrationImpl:0.20266666666666666
