Toolbar:0.5366666666666666
DisplayArea:0.4583333333333333
RecentArchivesButton:0.28527777777777774
