ClassXTest:0.6066666666666667
AsmClassAgentTest:0.43444444444444447
RegexMethodMatcherTest:0.4066666666666667
