GroupIdMatcher:0.5133333333333333
AggregationMatcher:0.445
PlanMatchPattern:0.4188888888888889
