OrcDataSource:0.6933333333333334
FileOrcDataSource:0.38
HdfsOrcDataSource:0.30333333333333334
