FilterInvocationDefinitionSourceMapping:0.5933333333333334
FilterInvocationDefinitionMapDecorator:0.35333333333333333
FilterInvocationDefinitionSourceEditor:0.12333333333333334
