Chart:0.5266666666666666
ChartStackedArea:0.23
ChartLine:0.22333333333333333
ChartScatter:0.22333333333333333
ChartHistogram:0.18666666666666668
ChartHorizontalBar:0.16
StyleTable:0.03333333333333333
