StoreContentEditor:0.6566666666666666
ShopContentEditor:0.31166666666666665
