TreeMap:0.49
FibHeap:0.42
TreeMap_instrumented:0.3566666666666667
FibHeap_instrumented:0.32
BinTree:0.24666666666666667
Entry:0.24166666666666667
BinomialHeap:0.23666666666666666
BinTree_instrumented:0.22666666666666666
FibHeapNode:0.19166666666666668
WBS:0.16
AlarmDetermination10:0.15666666666666668
asw_instrumented:0.15666666666666668
BinomialHeap_instrumented:0.14333333333333334
Alt_Calc5:0.14
Alt_Calc14:0.14
Alt_Calc23:0.14
Node_instrumented:0.1375
WithinHysteresis12:0.12666666666666668
RisinEdge11:0.12666666666666668
PowerSignalError7:0.12666666666666668
AltimeterError9:0.12666666666666668
AltitudeAvg1:0.12
TestFile:0.11333333333333333
PassBelowThreshold13:0.1
PowerOnConditions6:0.1
DOICmd8:0.09666666666666666
FibHeapNode_instrumented:0.03666666666666667
AlarmDetermination10_instrumented:0.013333333333333334
PassBelowThreshold13_instrumented:0.013333333333333334
WithinHysteresis12_instrumented:0.013333333333333334
AltitudeAvg1_instrumented:0.013333333333333334
ASWMainClass_instrumented:0.01
DOICmd8_instrumented:0.009166666666666667
ASWConcMainClass_instrumented:0.0061111111111111106
ASW_REQ2_instrumented:0.005833333333333334
PowerOnConditions6_instrumented:0.005833333333333334
Alt_Calc5_instrumented:0.0025
AltimeterError9_instrumented:0.0025
Alt_Calc23_instrumented:0.0025
RisinEdge11_instrumented:0.0025
PowerSignalError7_instrumented:0.0025
Alt_Calc14_instrumented:0.0025
Docking_instrumented:0.0
