ConditionalFalseJumpStep:0.4475555555555555
ConditionalFalseJumpAction:0.38333333333333336
SodbeansSoundMap:0.23666666666666666
