MURLButton:0.6166666666666667
Globals:0.5733333333333334
FeedsFSPlugin:0.2644444444444444
DeletePrivateDataPlugin:0.19000000000000003
LinkEditorPlugin:0.16
