XMLHttpRequest:0.8266666666666667
ActiveXObject:0.4327777777777778
