WordAlert:0.528611111111111
AnsjServlet:0.48
AnsjHttpHandler:0.23333333333333334
TestError:0.18666666666666668
