CreateTableStatementAnalyzer:0.6266666666666667
IdCollectorExpression:0.4266666666666667
