BinaryJedis:0.5266666666666666
ShardedJedisPipeline:0.5016666666666667
BinaryShardedJedis:0.3566666666666667
ShardedJedisTest:0.2833333333333333
