JTableHeaderLocation:0.6066666666666667
RobotTest:0.30333333333333334
JTableRecorderTest:0.3011111111111111
ComponentRecorderTest:0.29
JTableHeaderLocationTest:0.14333333333333334
JTableHeaderTester:0.04777777777777777
