ChildVerticle:0.6586666666666667
Deployment:0.5437619047619048
DeploymentTest:0.37
DeploymentImpl:0.25333333333333335
ParentVerticle:0.07611111111111112
