GaProperty:0.7466666666666667
Synchronizable:0.5966666666666667
TaskState:0.32
BpmnSerializer:0.29333333333333333
JpdlSerializer:0.25
ReconnectSequenceFlowFeature:0.15
AddStateNodeFeature:0.10333333333333333
UpdateStateNodeFeature:0.06333333333333334
LayoutStateNodeFeature:0.05333333333333334
AddScriptTaskNodeFeature:0.02
AddMultiSubprocessFeature:0.02
AddSubProcessFeature:0.02
AddTaskStateNodeFeature:0.0175
AsyncCompletionModeDelegate:0.0033333333333333335
PropertyNames:0.0
