TypedProperties:0.55
DefaultParameterParser:0.4766666666666667
CollectionUtils:0.3333333333333333
