User:0.81
UserEditor:0.29
AbstractAccessControlEditor:0.22
AbstractAccessControlObject:0.21
AbstractUserBase:0.20333333333333334
Authentication:0.16666666666666669
