ProcessDefinition:0.49666666666666665
Node:0.4
Timer:0.31
InfoWithDetailsDialog:0.3
GraphElement:0.23666666666666666
ExportParWizardPage:0.22666666666666666
TaskState:0.22333333333333333
FormNode:0.20666666666666667
SwimlanedNode:0.18
Swimlane:0.17
SendMessageNode:0.13666666666666666
ProcessDefinitionValidator:0.11333333333333333
ReceiveMessageNode:0.10333333333333333
ActionNode:0.07666666666666666
Subprocess:0.06333333333333334
Decision:0.023333333333333334
MultiSubprocess:0.013333333333333334
