choiceEditor:0.44666666666666666
charEnumEditor:0.33
InputTag:0.28
ptrEditor:0.2733333333333333
intEnumEditor:0.17
