User:0.6166666666666667
IssueUtilities:0.39
NotificationServiceImpl:0.3566666666666667
ReminderNotification:0.27
NotificationService:0.26537301587301587
