UploadDownloadCountStatistic:0.6041111111111112
StatisticsManager:0.5033333333333333
