QuickForm:0.5166666666666667
QuickFormGpdVariable:0.5166666666666667
QuickFormVariabliesToDisplayWizard:0.3422222222222222
QuickFormEditor:0.31666666666666665
QuickFormXMLUtil:0.30333333333333334
FormNode:0.28
QuickFormVariableWizard:0.22555555555555556
QuickFormVariableWizardPage:0.19333333333333333
QuickFormType:0.15222222222222223
FormsXmlContentProvider:0.13666666666666666
