Styles:0.43555555555555564
AbstractWidgetFactory:0.25333333333333335
StyleSets:0.24666666666666667
CalculatedSizeValue:0.24333333333333335
WidgetListener:0.21333333333333335
EditorWidgetTableConstructor:0.19333333333333333
AbstractUIDefinition:0.17333333333333334
