VarcharType:0.44
AbstractTestQueries:0.4
AbstractTestIntegrationSmokeTest:0.27666666666666667
RowTypeTest:0.19333333333333333
MapTypeTest:0.18
TestHiddenColumns:0.14
