Analysis:0.54
SelectAnalyzerTest:0.39
TransportSQLAction:0.3466666666666667
DeleteAnalysis:0.24666666666666667
UpdateAnalysis:0.22666666666666666
SelectAnalysis:0.15333333333333332
