AbstractClientInternalCacheProxy:0.44333333333333336
AbstractInternalCacheProxy:0.34
ClientContext:0.2966666666666667
