CachePartitionLostListenerStressTest:0.29333333333333333
AbstractPartitionLostListenerTest:0.2833333333333333
CachePartitionLostListenerTest:0.28
MapPartitionLostListenerStressTest:0.24
PartitionLostListenerStressTest:0.23
PartitionLostListenerTest:0.18333333333333332
MapPartitionLostListenerTest:0.17333333333333334
PartitionReplicaVersionsCorrectnessStressTest:0.07333333333333333
