AddGene:0.5133333333333333
GeneParsedListener:0.42333333333333334
GeneSaxReaderTest:0.33666666666666667
GeneModelTypeTable:0.19
