ArrayStack:0.4866666666666667
ArrayQueue:0.4583333333333333
ArrayList:0.35333333333333333
