ParserATNSimulator:0.6
TestATNInterpreter:0.28
TestATNParserPrediction:0.21666666666666667
Utils:0.15666666666666668
TestJavaLR:0.13333333333333333
