ActionDelegate:0.5333333333333333
PrintTask:0.26
ActionOpen:0.19
ActionSave:0.19
ActionSearch:0.13666666666666666
Init:0.12333333333333334
ActionStart:0.11666666666666667
ActionClose:0.09666666666666666
ActionExit:0.09666666666666666
CallSyncPostExecute:0.08666666666666667
ActionRun:0.02666666666666667
