FileUtil:0.46777777777777774
PropertiesHelper:0.43809523809523815
ZipUtil:0.43333333333333335
