Trace:0.42333333333333334
Column:0.41333333333333333
Expression:0.3283333333333333
DatabaseManagerCommon:0.27944444444444444
DatabaseManagerSwing:0.25666666666666665
DatabaseManager:0.21833333333333332
TestSql:0.15
DatabaseScript:0.12666666666666668
