Sqls:0.5833333333333334
SqlManager:0.5466666666666666
FileSqlManager:0.37333333333333335
Pojos:0.2
DatabaseLoader:0.15
TreeServiceTest:0.14333333333333334
SupportedFieldType:0.13666666666666666
TransactionTest:0.13666666666666666
SQLFileParsing:0.12666666666666668
BatchTransTest:0.12333333333333334
TransLevelTest:0.12333333333333334
ObjServiceTest:0.11333333333333333
CallbackFactory:0.1
DatabaseIocTest:0.09666666666666666
DBCase:0.07666666666666666
DTableProcessingTest:0.07666666666666666
