MoveTask:0.7733333333333333
MoveForwardCmd:0.5033333333333333
MoveScp:0.2954444444444444
