Layer:0.4
FeatureStoreException:0.36333333333333334
FeatureStoreEvent:0.2966666666666667
BackingStoreException:0.26666666666666666
