HeatTableModel:0.39
Heating:0.36666666666666664
EVASuit:0.31333333333333335
TableTab:0.19666666666666666
