VarInt:0.7133333333333334
Utils:0.5055555555555555
VarIntTest:0.14666666666666667
