IRDFManager:0.7322222222222222
RDFManager:0.5277222222222222
