GL:0.6466666666666666
CoreGL11:0.36333333333333334
CoreGL14:0.30333333333333334
GLU:0.2966666666666667
