MURLButton:0.6466666666666666
MMainWindow:0.4633333333333333
MURLAction:0.2633333333333333
StaticHandler:0.16
SecureOpen:0.06838888888888889
