PrologEditor:0.5466666666666666
PrologTokenMaker:0.30666666666666664
ControlTextArea:0.29333333333333333
GrooveEnvironment:0.25
PrologTextArea:0.19
