TopNBuilder:0.44666666666666666
WindowOperator:0.32666666666666666
InMemoryHashAggregationBuilder:0.32
ScanFilterAndProjectOperator:0.2833333333333333
LookupJoinOperator:0.27666666666666667
HashBuilderOperator:0.27666666666666667
TopNRowNumberOperator:0.25666666666666665
DistinctLimitOperator:0.24666666666666667
TableScanOperator:0.24666666666666667
RowNumberOperator:0.24666666666666667
MarkDistinctOperator:0.24666666666666667
TableWriterOperator:0.24666666666666667
AggregationOperator:0.22666666666666666
FilterAndProjectOperator:0.19666666666666666
HashAggregationOperator:0.18666666666666668
OrderByOperator:0.16666666666666666
NestedLoopBuildOperator:0.15666666666666668
ChannelSetBuilder:0.14333333333333334
TopNOperator:0.12
