WalletEventListener:0.6687777777777778
Wallet:0.6
NativeWalletEventListener:0.21661111111111112
WalletTest:0.18666666666666668
WalletListener:0.14
AbstractWalletEventListener:0.09666666666666666
