Window:0.44333333333333336
Stylesheet:0.38333333333333336
WindowTest:0.31
XmlElement:0.25666666666666665
HTMLCollection:0.23
WebTestCase:0.21333333333333335
StyleSheetList:0.12
StyleSheetTest:0.023333333333333334
