DocumentTest:0.5766666666666667
XMLHttpRequestTest:0.34523809523809523
