AbstractTicketRegistryTests:0.32666666666666666
DefaultLogoutManagerTests:0.3233333333333333
CentralAuthenticationServiceImplTests:0.3233333333333333
MessageBundleProperties:0.19
MemcachedTicketRegistryConfiguration:0.14333333333333334
CoreAttributesTestUtils:0.08333333333333333
CasCoreHttpConfiguration:0.07
