BinderInfo:0.62
GwtRpcService:0.4798888888888888
TreeInfo:0.47333333333333333
GwtRpcServiceAsync:0.25670634920634916
GwtServerHelper:0.25333333333333335
TreeDisplayVertical:0.25333333333333335
OnSelectBinderInfo:0.23
GwtRpcServiceImpl:0.22
BinderExpander:0.11333333333333333
