ShadowListActivity:0.6333333333333333
PreferenceActivityTest:0.2866666666666667
ShadowPreferenceActivity:0.20333333333333334
