MarsClock:0.53
GoodsManager:0.38
Cooking:0.33
LivingAccommodations:0.31333333333333335
Weather:0.14666666666666667
