Realm:0.5266666666666666
RealmBuilder:0.5233333333333333
NettyAsyncHttpProvider:0.32666666666666666
BasicAuthTest:0.06
