SimpleDOReader:0.5966666666666667
ObjectFields:0.4766666666666667
SQLUtility:0.32
FieldSearchSQLImpl:0.28
FieldSearchTest:0.2525
DirectoryBasedRepositoryReader:0.22944444444444448
