CruiseControlConfig:0.57
ControllerAware:0.3316666666666667
CruiseControlConfigIncludeTest:0.23666666666666666
CruiseControlControllerJMXAdaptor:0.22
XMLConfigManager:0.21666666666666667
CruiseControlController:0.20333333333333334
ProjectXMLHelper:0.19333333333333333
PluginXMLHelper:0.17333333333333334
