MapContainer:0.5066666666666667
AbstractRecordStore:0.4533333333333333
AbstractMapServiceContextSupport:0.2633333333333333
EvictionTest:0.20333333333333334
MapServiceContextSupport:0.17833333333333334
