Metrics:0.7566666666666667
DummyVertxMetrics:0.31666666666666665
EventBusImpl:0.2866666666666667
DummyMetricsTest:0.26
VertxImpl:0.23333333333333334
HttpClientImpl:0.22
DatagramSocketImpl:0.2
HttpServerImpl:0.16333333333333333
FakeVertxMetrics:0.16333333333333333
NetServerImpl:0.16333333333333333
DummyEventBusMetrics:0.16
FakeEventBusMetrics:0.16
NetClientImpl:0.15
DummyHttpClientMetrics:0.14
DummyDatagramMetrics:0.14
DummyHttpServerMetrics:0.14
DummyTCPMetrics:0.14
Measured:0.0
