Person:0.8966666666666666
PersonDisplayInfoBean:0.3233333333333333
SoundConstants:0.02
