Response:0.47
HttpResponseCacheTest:0.38666666666666666
Request:0.37655555555555553
HttpEngine:0.33666666666666667
HttpURLConnectionImpl:0.235
Builder:0.23416666666666666
SpdyTransport:0.21
HttpTransport:0.19
AsyncApiTest:0.17666666666666667
TunnelRequest:0.14333333333333334
ParsedHeaders:0.13833333333333334
HeadersTest:0.11666666666666667
