SWDownloadFile:0.8266666666666667
DownloadEngine:0.36666666666666664
SWDownloadWorker:0.2866666666666667
GeneratePreviewAction:0.2
