GoogleMap:0.57
GoogleMapInfoWindow:0.38
GoogleMapPolyline:0.36666666666666664
GoogleMapMarker:0.3566666666666667
MapRightClickListener:0.3272804232804233
MarkerRightClickListener:0.3272804232804233
PolylineDblClickListener:0.3272804232804233
MarkerDblClickListener:0.3272804232804233
InfoWindowClosedListener:0.3272804232804233
PolylineRightClickListener:0.3272804232804233
MapTypeChangeListener:0.3272804232804233
MapMoveListener:0.3272804232804233
PolylineClickListener:0.3272804232804233
MapClickListener:0.3272804232804233
MapDblClickListener:0.3272804232804233
MarkerClickListener:0.3272804232804233
MarkerDragListener:0.3272804232804233
MarkerDblClickedRpc:0.27051984126984113
MarkerDraggedRpc:0.27051984126984113
MapClickedRpc:0.27051984126984113
MapTypeChangedRpc:0.27051984126984113
PolylineClickedRpc:0.27051984126984113
MapDblClickedRpc:0.27051984126984113
PolylineDblClickedRpc:0.27051984126984113
InfoWindowClosedRpc:0.27051984126984113
PolylineRightClickedRpc:0.27051984126984113
MarkerClickedRpc:0.27051984126984113
MapMovedRpc:0.27051984126984113
MarkerRightClickedRpc:0.27051984126984113
MapRightClickedRpc:0.27051984126984113
GoogleMapWidget:0.24333333333333335
GoogleMapPolygon:0.24
GoogleMapKmlLayer:0.19333333333333333
CustomInfoWindow:0.15333333333333332
GoogleMapConnector:0.14666666666666667
LatLon:0.11444444444444443
GoogleMapState:0.04666666666666667
GoogleMapInitListener:0.03666666666666667
