FreelancerBackingBean:0.6033333333333334
TaggedFreelancerDownloadServlet:0.31333333333333335
MessageConstants:0.014071428571428572
