LayerConfiguration:0.44333333333333336
Model:0.4066666666666667
ModelConfiguration:0.33
ModelConfigurationTest:0.17166666666666666
