Deployment:0.8
HAManager:0.37
HATest:0.32666666666666666
ComplexHATest:0.30333333333333334
DeploymentImpl:0.29
