QuasarInstrumentor:0.57
SuspendablesScanner:0.5233333333333333
BlockingTest:0.38666666666666666
