ActionMessages:0.6201507936507936
EvaluateAction:0.37666666666666665
RdtDebugUiPlugin:0.36333333333333334
DisplayView:0.3466666666666667
EvaluationContextManager:0.34
JDISourceViewer:0.31666666666666665
DataDisplay:0.2866666666666667
RdtDebugUiConstants:0.205
ExecuteAction:0.025555555555555557
