Notification:0.665
Common:0.665
NotificationMgmtService:0.49333333333333335
NotificationQueryService:0.23666666666666666
NotificationProcessor:0.21666666666666667
VoteProcessor:0.18
