DataStore:0.58
SystemDataRes:0.38666666666666666
EpgDataRes:0.3466666666666667
TaskManagementDataRes:0.32666666666666666
HTTPRequest:0.13666666666666666
