ScriptEditor:0.6166666666666667
KeyStrokeMap:0.4866666666666667
MapGenerator:0.2
ScriptTableSelectionHandler:0.1311111111111111
