ValueType:0.53
ValueAttribute:0.49
DeclaringType:0.31333333333333335
Protoclass:0.24333333333333335
AccessorAttributesCollector:0.23666666666666666
Constitution:0.22333333333333333
AbstractDeclaring:0.19666666666666666
NameForms:0.195
Diagnosable:0.16333333333333333
ValueTypeComposer:0.15
FactoryMethodAttributesCollector:0.12
CaseStructure:0.1
Processor:0.07
TypeAdapterTypes:0.03666666666666667
DeclaringPackage:0.03333333333333333
Gsons:0.02666666666666667
