ClientMapProxy:0.5316666666666666
MapMessageEncodeDecodeTest:0.4166666666666667
MapPutMessageTask:0.34
