Console:0.46105555555555555
ConsolePlugin:0.35333333333333333
RandomPlugin:0.30666666666666664
QuorumCompiler:0.2866666666666667
StandardInputOutput:0.19333333333333333
SodbeansConsole:0.11333333333333333
