Fiber:0.7133333333333334
ParkableForkJoinTask:0.5033333333333333
