Redisson:0.5433333333333333
RedissonTopic:0.3233333333333333
RedissonClient:0.235
RedissonAtomicLongTest:0.23
RedissonTopicPatternTest:0.22333333333333333
RTopic:0.16583333333333333
BaseTest:0.14333333333333334
