GraphJCell:0.8033333333333333
JGraph:0.4666666666666667
Options:0.45666666666666667
GraphJEdge:0.42
Simulator:0.38
JEdgeView:0.355
AspectJGraph:0.3233333333333333
GraphJModel:0.32
LTSJGraph:0.27
GraphJVertex:0.24333333333333335
LabelTree:0.24333333333333335
Editor:0.22
JGraphPanel:0.21666666666666667
LTSPanel:0.21333333333333335
LTSJModel:0.20666666666666667
CtrlJGraph:0.19
ResetLabelPositionAction:0.18333333333333332
AbstractLayouter:0.18
ShowHideAction:0.15333333333333332
MyGraphLayoutCache:0.15333333333333332
MyMouseListener:0.14666666666666667
RefreshListener:0.14666666666666667
MyGraphUI:0.12666666666666668
MyLTSListener:0.12333333333333334
TraceAction:0.10333333333333333
ExportAction:0.10333333333333333
SetLineStyleAction:0.09
EditLabelAction:0.09
AddPointAction:0.08333333333333333
RemovePointAction:0.08333333333333333
SetLineStyleMenu:0.07305555555555555
JCellEditAction:0.03
