WebUrlUtil:0.5933333333333334
EntityIndexUtils:0.3522222222222222
MarkupUtil:0.2866666666666667
PermaLinkUtil:0.19666666666666666
Htmleditor:0.19666666666666666
ViewPermalinkController:0.17666666666666667
