OutageModel:0.49666666666666665
AbstractFeed:0.30666666666666664
JettyServer:0.2633333333333333
OutageFeed:0.16
EventFeed:0.1
AlarmFeed:0.1
