TimeZoneKey:0.5733333333333334
TestDistributedQueries:0.23666666666666666
TestDistributedQueriesIndexed:0.19
DateTimeEncoding:0.18666666666666668
SqlTimestampWithTimeZone:0.17333333333333334
SqlTimeWithTimeZone:0.17333333333333334
DateTimeZoneIndex:0.16333333333333333
TestTimeZoneKey:0.15666666666666668
ColumnarBinaryHiveRecordCursorProvider:0.11333333333333333
TimeZoneIndex:0.11333333333333333
ColumnarTextHiveRecordCursorProvider:0.11333333333333333
GenericHiveRecordCursorProvider:0.09333333333333334
