HazelcastTicketRegistryConfiguration:0.4766666666666667
CasServicesRegistryStreamingEventListener:0.38333333333333336
CasRegisteredServiceNoOpStreamPublisher:0.06666666666666667
CasServicesStreamingAmqpConfiguration:0.016666666666666666
CasServicesStreamingHazelcastConfiguration:0.016666666666666666
