StatusBar:0.7477777777777778
NLoggerNames:0.25594227994228
