Formula:0.63
FormulaVo:0.47333333333333333
Qedeq2Latex:0.35333333333333333
LatexHandler:0.2633333333333333
LatexListHandler:0.14333333333333334
FormulaHandler:0.12
