IndexerMP3:0.4075
IndexerTxt:0.24333333333333335
IndexerManager:0.09333333333333334
IndexerCsv:0.09
