CSSStyleRule:0.635
CSSStyleRuleTest:0.43666666666666665
StyleAttributes:0.39666666666666667
