ICDKManager:0.6033333333333334
CDKManager:0.51
JChemPaintEditorWidget:0.3433333333333333
JChemPaintEditor:0.31333333333333335
CDKManagerTest:0.26666666666666666
