MatrixUtil:0.6366666666666667
BaseNeuralNetwork:0.33
LogisticRegressionMatrix:0.25666666666666665
CRBMTest:0.25
RBMTest:0.23638888888888887
