MetadataUpdateCommand:0.5766666666666667
UpdateDocumentEntryMetadataCommand:0.36333333333333334
UpdateDocumentEntryMetadataCommandValidator:0.23666666666666666
MetadataUpdateHelper:0.17666666666666667
UpdateFolderMetadataCommandValidator:0.13666666666666666
