Matcher:0.4266666666666667
PatternSearchPlan:0.37333333333333335
Match:0.30666666666666664
Search:0.28
SearchItem:0.24666666666666667
PatternNodeSearchItem:0.17
