Renderer:0.54
SynthStyle:0.47
SynthContext:0.38
LoaderUtilities:0.35333333333333333
Synth2LookAndFeel:0.3225
StateInfo:0.3121666666666667
MessageDecoder:0.30833333333333335
DefaultSynthStyle:0.2985555555555556
SynthComboBoxUI:0.2866666666666667
Synth2Parser:0.2733333333333333
LoggerArea:0.27
ObjectHandler:0.26666666666666666
HexaConverter:0.2633333333333333
SynthMenuItemUI:0.26
SwingFont:0.25833333333333336
MutableExpression:0.2575
ClientAPIUtilities:0.25
ServerComUtilities:0.24333333333333335
SwingUtilsFactory:0.23666666666666666
SynthListUI:0.22333333333333333
SynthMenuUI:0.22
StylableSizableArea:0.21916666666666668
ServerMessageConstructor:0.21666666666666667
SynthSplitPaneUI:0.21333333333333335
SynthComboPopup:0.20333333333333334
SynthScrollBarUI:0.19666666666666666
ServerMapItemsUtilities:0.18333333333333332
BearingCacheEntry:0.18166666666666667
GUITestUtilities:0.16833333333333333
DefaultSynthStyleFactory:0.16
DefaultKeySelectionManager:0.14833333333333334
OrderedRunner:0.14
SynthComboBoxRenderer:0.13666666666666666
SynthTrackListener:0.13333333333333333
SynthListCellRenderer:0.06666666666666667
