MMatchPO:0.36333333333333334
CostUpdate:0.3566666666666667
CostAverageCalc:0.3566666666666667
MCostCalc:0.3233333333333333
AcctProcessor:0.208
MMatchInv:0.178
RestoreOrderDrafted:0.15
RestoreInvoiceDrafted:0.13666666666666666
RestoreShipment:0.13666666666666666
