PIRecordCountAggregationHitCounter:0.69
PIRecordCountAggregation:0.5266666666666666
TimeAnalysisViewController:0.26666666666666666
