ISemaphore:0.7366666666666667
SemaphoreContainer:0.39
SemaphoreProxy:0.32
SemaphoreBasicTest:0.29333333333333333
ClientSemaphoreTest:0.25333333333333335
ClientSemaphoreProxy:0.18333333333333332
SemaphoreQuorumWriteTest:0.11
SemaphoreDataSerializerHook:0.09666666666666666
SemaphoreMBean:0.09
DefaultMessageTaskFactoryProvider:0.04666666666666667
QuorumOperationTest:0.0033333333333333335
