ShardCollectSource:0.44666666666666666
BlobIndicesService:0.30333333333333334
LuceneDocCollectorTest:0.26666666666666666
LifecycleListener:0.15055555555555555
BlobPlugin:0.14666666666666667
BlobIndicesServiceTest:0.1
ShardRecoveryFilesExpression:0.09
ShardRecoverySizeExpression:0.09
CollectOperationModule:0.08666666666666667
CrateIndexModule:0.08333333333333333
ShardRecoveryExpression:0.043333333333333335
