KernelFacade:0.4622222222222223
QedeqBoFactoryAssert:0.34
QedeqPane:0.25333333333333335
QedeqBoFactoryTest:0.25333333333333335
Xml2Latex:0.2488888888888889
DefaultQedeqBo2Test:0.23333333333333334
GenerateLatexTest:0.18333333333333332
CheckLogicTest:0.18
StarterDialog:0.16666666666666666
