JobRepository:0.76
JobRepositorySupport:0.41333333333333333
JobExecutionDao:0.3933333333333333
StepExecutionDao:0.38333333333333336
AbstractStepDaoTests:0.27666666666666667
AbstractStep:0.23
ItemOrientedStepTests:0.22666666666666666
MockStepDao:0.215
ItemOrientedStep:0.21083333333333334
JdbcStepExecutionDao:0.19666666666666666
JdbcJobExecutionDao:0.19666666666666666
TaskletStepTests:0.18
AbstractJobExecutionDaoTests:0.17
SimpleJobRepository:0.16666666666666666
SimpleJobRepositoryIntegrationTests:0.16333333333333333
StubStep:0.16333333333333333
AbstractStepExecutionDaoTests:0.16
MapStepExecutionDao:0.13666666666666666
MapJobExecutionDao:0.13666666666666666
AbstractStepTests:0.10333333333333333
JobRepositoryStub:0.02095238095238095
