ArchiveFileUtil:0.5933333333333334
ReplaySession:0.36333333333333334
SystemTest:0.3233333333333333
ArchiverConductor:0.31333333333333335
ImageArchivingSession:0.25666666666666665
ArchiveDataFileReader:0.15333333333333332
ChunkHandler:0.0011111111111111111
