HttpInputStream:0.455
ImageManipulation:0.24666666666666667
FOPServlet:0.22666666666666666
SaxonServlet:0.03333333333333333
