SimulatorModel:0.7133333333333334
AspectJGraph:0.3
TabbedDisplay:0.3
ControlDisplay:0.20083333333333334
ResourceDisplay:0.19333333333333333
