BinaryPacketProto:0.8733333333333333
BinaryChannel:0.51
BinaryChannelTransferObject:0.18833333333333332
