NbrowseGoose:0.4905555555555555
AbstractView:0.4166666666666667
InfoNodeMan:0.37666666666666665
