DataEnvironment:0.6133333333333333
DataHistory:0.5166666666666667
