AdminService:0.6644444444444445
AdminServiceImpl:0.43333333333333335
Profile:0.32666666666666666
AuthenticationServiceImpl:0.2866666666666667
AdminServiceAsync:0.24972222222222223
DateSlider:0.23333333333333334
ConcordanceTab:0.21
TextTable:0.20333333333333334
EnhancedListGrid:0.17666666666666667
Selector:0.17
ContextTab:0.16333333333333333
IndexTab:0.14
ManageUserTab:0.11833333333333333
DateSelector:0.09333333333333334
ReferencerTab:0.04
CooccurrencesTab:0.03333333333333333
