BoundedLocalCache:0.6566666666666666
Node:0.53
BoundedLocalCacheTest:0.25333333333333335
