TransportCloseIndexAction:0.7966666666666666
ClusterModule:0.44
CloseIndexDisableCloseAllIT:0.13666666666666666
