WebBrowserEditor:0.8116666666666666
FeedViewer:0.7633333333333333
