UseDescriptor:0.6166666666666667
ClassDescriptor:0.42333333333333334
SymbolTable:0.37666666666666665
