IStructuredbManager:0.6433333333333333
StructuredbManager:0.55
StructuredbManagerTest:0.3333333333333333
ForConsoleDecoratedStructuredbManager:0.20666666666666667
