DefaultSearchContext:0.5666666666666667
SimpleSearchTests:0.3233333333333333
QueryPhaseExecutionException:0.2608333333333333
