ClusterCncFile:0.6886666666666666
Context:0.4066666666666667
ClusterTool:0.24333333333333335
