SystemCollectSource:0.5777777777777777
RowContextReferenceResolver:0.5533333333333333
FileCollectSource:0.20666666666666667
CollectOperationModule:0.15666666666666668
ShardCollectSource:0.14666666666666667
