RubyModelManager:0.47333333333333333
RubyCore:0.44
RubyRuntime:0.43666666666666665
Util:0.22
RubyLoadpathVariablesInitializer:0.021111111111111112
