Structure:0.4
TlbPropertyGetStub:0.22444444444444447
FUNCDESC:0.20555555555555557
TypeLibUtilTest:0.19
TlbFunction:0.18233333333333335
TlbPropertyPut:0.18233333333333335
TlbPropertyGet:0.17233333333333334
TlbPropertyPutStub:0.1577777777777778
TlbFunctionStub:0.1577777777777778
