ClusterModule:0.5566666666666666
ClusterModuleTests:0.36333333333333334
SettingsModule:0.3333333333333333
