ServerRequestContext:0.5466666666666666
LifeCycleManager:0.4766666666666667
LifeCycleManagerImpl:0.38333333333333336
SQLQueryProcessor:0.17111111111111113
