JChemPaint:0.8333333333333334
AbstractJChemPaintPanel:0.31972222222222224
OpenAction:0.17666666666666667
