Options:0.5666666666666667
Parser:0.5400000000000001
NameTable:0.32666666666666666
NameTableTest:0.21
TranslationEnvironment:0.20333333333333334
JavacParser:0.2
JdtParser:0.18444444444444444
