ResultHandler:0.6083333333333333
VCardResultParser:0.3255555555555556
CaptureActivityHandler:0.25888888888888884
