MailModuleImpl:0.5833333333333334
FailedEmail:0.3566666666666667
DefaultFailedEmail:0.18666666666666668
WorkflowStateObject:0.11
