XmlFlowBuilder:0.5366666666666666
ConfigurableFlowAttributeMapper:0.43666666666666665
AttributeExpression:0.3466666666666667
XmlFlowBuilderTests:0.18694444444444444
AttributeExpressionTests:0.04
ScopeExpression:0.03333333333333333
ScopeInputMapping:0.016666666666666666
