PolicyConstants:0.5040555555555557
PDPRequest:0.37888888888888883
XACMLRequestBuilder:0.31333333333333335
PEP:0.30333333333333334
XACMLResponseBuilder:0.18333333333333332
PIPClient:0.12666666666666668
