ClassMetadata:0.6733333333333333
BackendBean:0.2966666666666667
