Example:0.5617777777777777
RestMethodInfoTest:0.4066666666666667
RestAdapter:0.27444444444444444
RestMethodInfo:0.25333333333333335
RestAdapterTest:0.23833333333333334
