RedissonSortedSet:0.4633333333333333
RedissonList:0.43
RedissonSet:0.33
RedissonHyperLogLog:0.30333333333333334
MasterSlaveConnectionManager:0.2733333333333333
RedissonQueue:0.25
