SellItemFlowExecutionTests:0.7513888888888889
SellItemFlowExecutionListener:0.1711111111111111
