Utils:0.7533333333333333
MnemonicCode:0.31833333333333336
DeterministicSeed:0.3
DeterministicKeyChain:0.2966666666666667
Script:0.2633333333333333
GetBlocksMessage:0.14666666666666667
GetHeadersMessage:0.14
MnemonicCodeTest:0.11333333333333333
AddressMessage:0.11333333333333333
BackupToMnemonicSeed:0.10333333333333333
