Listener:0.42
IPUtils:0.3566666666666667
MsgInitResponse:0.31
HostAddress:0.30333333333333334
CaughtHostsContainer:0.2833333333333333
DownloadManager:0.23
NetworkHostsContainer:0.22
NetworkTab:0.21666666666666667
HostManager:0.20333333333333334
ReadWorker:0.2
