LineSegmentRenderer:0.35333333333333333
AbstractTriangleStartRenderer:0.24666666666666667
TriangleSegmentDoubleRenderer:0.21333333333333335
TriangleSegmentRenderer:0.21333333333333335
TriangleEndDoubleRenderer:0.18
TriangleEndRenderer:0.18
LegendRenderer:0.14666666666666667
SymbolRotatedRenderer:0.14333333333333334
SymbolGenericRenderer:0.14333333333333334
SymbolRunwayRenderer:0.14333333333333334
SymbolTargetRenderer:0.14333333333333334
SymbolOvalRenderer:0.13666666666666666
TriangleStripStartRenderer:0.13666666666666666
SymbolCircleRenderer:0.13666666666666666
TriangleFanStartRenderer:0.13666666666666666
SymbolRectangleRenderer:0.13666666666666666
LineArcRenderer:0.13333333333333333
DrawLineToCursorRenderer:0.11333333333333333
LineStartRenderer:0.09333333333333334
