AeronUri:0.6444444444444444
UdpChannel:0.41055555555555556
AeronUriTest:0.30666666666666664
