LFileCopy:0.51
RealProject:0.4888888888888889
FilterMaster:0.4766666666666667
