PacketExtensions:0.42
XMPPChatTransmitter:0.4033333333333333
OutgoingInvitationProcess:0.36333333333333334
IFileTransferCallback:0.3383333333333333
