ProcessInstancesView:0.42333333333333334
ElementGrid:0.32
ProcessInstanceView:0.23
ProcessManagerComponent:0.1411111111111111
Attribute:0.13111111111111112
ProcessInstanceBean:0.09
