ClientExecutionService:0.64
ClientConnection:0.5933333333333334
ClientExecutionServiceImpl:0.2994444444444444
ClientConnectionManagerImpl:0.2633333333333333
ClientPacketProcessor:0.20666666666666667
ClientIssueTest:0.20333333333333334
ClientClusterServiceImpl:0.19916666666666666
ClientPartitionServiceImpl:0.18
ClientEventProcessor:0.07333333333333333
