DataHandler:0.68
QueryHandler:0.6166666666666667
AnsiDataHandler:0.36
AnsiQueryHandler:0.3233333333333333
TestDataHandler:0.29
RegisterServlet:0.26
WikiDatabase:0.23333333333333334
AdminServlet:0.17333333333333334
DatabaseUpgrades:0.16333333333333333
