ECKey:0.7166666666666667
DeterministicKey:0.29333333333333333
ECKeyTest:0.27
