AtmosphereFramework:0.6966666666666667
SessionSupport:0.44333333333333336
AtmosphereInitializer:0.11
