Project:0.6833333333333333
Listener:0.5466666666666666
CruiseControlController:0.29333333333333333
CruiseControlMBean:0.22166666666666668
ProjectTest:0.18666666666666668
CruiseControlControllerJMXAdaptor:0.16666666666666666
CruiseControlControllerTest:0.16
BuildQueue:0.15666666666666668
BuildQueueTest:0.12
BuildProgressEvent:0.10666666666666667
MyListener:0.006666666666666667
BuildQueueListener:0.0025
TestListener:0.0
