TermNatures:0.54
InitDictionary:0.25333333333333335
Graph:0.25
GetWordsImpl:0.19972222222222225
TwoWordLibrary:0.17666666666666667
MyStaticValue:0.12
AsianPersonRecognition:0.11666666666666667
Demo:0.1
