ProtocolListener:0.5266666666666666
Network:0.37666666666666665
ScenarioManagerImpl:0.3466666666666667
EventQueue:0.33166666666666667
DefaultProcessingListener:0.3233333333333333
ScenarioWriter:0.32
ScenarioPanel:0.2633333333333333
AbstractEventQueue:0.25333333333333335
AbstractClientEngine:0.25
AbstractServerEngine:0.23
ScenarioAutoStartTest:0.22666666666666666
ScenarioHandler:0.22666666666666666
ServerConfigurationParser:0.21666666666666667
ScenarioPlugin:0.18233333333333335
ScenarioPanelTest:0.16333333333333333
ScenarioManagerImplTest:0.16333333333333333
ReaderEventQueue:0.16
LimitedEventQueue:0.15
WriterEventQueue:0.14
ScenarioManagerImpl_2Test:0.13333333333333333
ScenarioManagerImpl_3Test:0.13333333333333333
BlockingEventQueue:0.12
ScenarioManagerImpl_4Test:0.11666666666666667
UnlimitedEventQueue:0.04666666666666667
ScenarioAutoStart2Test:0.03
