MemberStateImpl:0.645
TimedMemberStateFactory:0.3433333333333333
MapConfigRequest:0.3333333333333333
UpdateMapConfigOperation:0.29777777777777775
TimedMemberStateFactoryHelper:0.29444444444444445
