HTTPCommunicator:0.45666666666666667
TaskPollThread:0.31333333333333335
HttpPostCommandProcessor:0.25666666666666665
RestTest:0.22333333333333333
StartServer:0.15666666666666668
ConsoleRequestConstants:0.0
HttpCommandProcessor:0.0
