PDFOutputEvent:0.2833333333333333
JSONOutputEvent:0.15333333333333332
EventManagerImpl:0.12666666666666668
XMLOutputEvent:0.12666666666666668
JSONOutputAsHtmlEvent:0.12666666666666668
JFreeChartPNGOutputEvent:0.12666666666666668
