AzureStorageServiceMock:0.34
AzureBlobContainer:0.23333333333333334
ESBlobStoreContainerTestCase:0.19050000000000003
FsBlobContainer:0.16666666666666666
HdfsBlobContainer:0.16666666666666666
S3BlobContainer:0.15333333333333332
