ErrorManager:0.7866666666666666
LeftRecursionCyclesMessage:0.38666666666666666
