ArticleProcessor:0.4802777777777777
ArticleQueryService:0.3933333333333333
ArticleRepositoryImpl:0.31333333333333335
ArchiveDateRepositoryImpl:0.29
