WebExpressionConfigAttribute:0.6333333333333333
WebExpressionVoterTests:0.34
ExpressionBasedFilterInvocationSecurityMetadataSource:0.23666666666666666
