ALCcontext:0.8033333333333333
ALCdevice:0.5633333333333334
