OutageDaoJdbc:0.5766666666666667
OutageDao:0.5566666666666666
FindCurrentOutages:0.4397222222222223
