SubsamplingLayerTest:0.47333333333333333
LocalResponseNormalization:0.22
LocalResponseNormalizationFactory:0.16333333333333333
SubsampleLayerFactory:0.16333333333333333
