Shape:0.5933333333333334
GraphNeighEquiv:0.4533333333333334
Materialisation:0.44666666666666666
