InternalSearchHit:0.4122222222222222
HighlightField:0.38666666666666666
PercolateResponse:0.30333333333333334
