ViewManager:0.5816666666666667
ContextMenuHook:0.35333333333333333
