AtomicBuffer:0.6533333333333333
RecordDescriptor:0.30333333333333334
AtomicBufferTest:0.24333333333333335
