MapTransactionTest:0.3433333333333333
TransactionalMapProxy:0.32
ClientTxnMapProxy:0.31
ClientTxnMapTest:0.29
AbstractTxnMapRequest:0.27666666666666667
