MakeNewCoffee:0.5879047619047619
GetCoffeeCanStatus:0.5879047619047619
