SearchFilterToMapConverter:0.45
EntityIndexUtils:0.43
SearchFilter:0.4166666666666667
SearchFilterKeys:0.3416666666666667
AjaxController:0.22666666666666666
SearchFilterToSearchBooleanConverter:0.20666666666666667
SearchFiltersBuilder:0.19833333333333333
DashboardHelper:0.19416666666666665
AdvancedSearchController:0.19333333333333333
SearchUtils:0.18666666666666668
ListFolderController:0.18666666666666668
AbstractEntryProcessor:0.18
WebKeys:0.17777777777777776
SearchFilterRequestParser:0.17666666666666667
AbstractBinderProcessor:0.15666666666666668
FilterController:0.1
