MetaData:0.30666666666666664
Citation:0.28
Telephone:0.1446111111111111
Identifier:0.11516666666666665
CoverageDescription:0.08905555555555557
