SysShardsTableInfo:0.5
SysShardsExpressionsTest:0.4033333333333333
SysShardExpressionModule:0.18083333333333335
UnassignedShardsReferenceResolver:0.14666666666666667
ReferenceIdents:0.11888888888888888
Columns:0.11888888888888888
BlobShardExpressionModule:0.11
TestShardModule:0.11
InformationSchemaQueryTest:0.11
