TestCase:0.7833333333333333
FailureExpectedTestPassedException:0.2966666666666667
