Column:0.5133333333333333
HsqlDb2Dialect:0.2733333333333333
DerbyDbDialect:0.2733333333333333
OracleModelReader:0.24666666666666667
JdbcModelReader:0.24666666666666667
FirebirdDbDialect:0.23
SqLiteDbDialect:0.23
Db2DbDialect:0.22333333333333333
SybaseDbDialect:0.22333333333333333
MsSqlDbDialect:0.22333333333333333
InformixDbDialect:0.22333333333333333
AbstractEmbeddedDbDialect:0.21166666666666667
Db2zSeriesDbDialect:0.2
Oracle10Platform:0.10333333333333333
Oracle8Platform:0.09666666666666666
