AnnotationEditor:0.51
Transaction:0.37333333333333335
AnnotationUpdateEvent:0.24
CompoundTransaction:0.23
DrawableFeatureSet:0.2088888888888889
AddTransaction:0.20666666666666667
AnnotationChangeEvent:0.1913888888888889
AnnotationReplaceEvent:0.149484126984127
