SsfIndexInterface:0.6763888888888889
LuceneSession:0.41002777777777777
LocalLuceneSession:0.32666666666666666
RemoteLuceneSession:0.18333333333333332
IndexObject:0.10666666666666667
SsfIndexer:0.10666666666666667
