DataSource:0.705
XmlSave:0.49333333333333335
XmlDataSource:0.37
Starter:0.36666666666666664
ReportConfiguration:0.2633333333333333
CustomReport:0.14333333333333334
FavouritesListCellRenderer:0.13666666666666666
TasksTreeCellRenderer:0.13666666666666666
GotoActiveAction:0.13666666666666666
