FileSnapshot:0.8066666666666666
FileSyncService:0.29333333333333333
FileSyncZipDataWriter:0.22916666666666666
FileTriggerRouterMapper:0.19750000000000004
FileTriggerMapper:0.19750000000000004
FileSnapshotMapper:0.15444444444444444
