ESIntegTestCase:0.585
SimpleSearchIT:0.2966666666666667
TransportSearchAction:0.23744444444444446
RemoteClusterService:0.21666666666666667
