KerasLayer:0.7
ModelConfigurationTest:0.3466666666666667
KerasModel:0.2866666666666667
KerasModelImport:0.19972222222222225
ModelTest:0.11
KerasLayerTest:0.1
