ContextHandlerImpl:0.5166666666666667
AuthFilterJAAS:0.48
MelcoePDPImpl:0.3088888888888889
