SingleConsumerQueue:0.5766666666666667
SingleConsumerQueueTest:0.47333333333333333
Node:0.31666666666666665
SerializationProxy:0.14111111111111113
IsValidSingleConsumerQueue:0.10666666666666667
ValidatingListener:0.09333333333333334
LinearizableNode:0.03666666666666667
SingleConsumerQueueTests:0.02666666666666667
