EventHandler:0.57
BreadcrumbWidget:0.4033333333333333
Back:0.30333333333333334
Forward:0.050833333333333335
