WxCpServiceImpl:0.31
WxCpService:0.2833333333333333
WxMpService:0.2833333333333333
WxMpServiceImpl:0.22333333333333333
