CreateTableAsSelect:0.43666666666666665
AbstractTestDistributedQueries:0.30333333333333334
TestSqlParser:0.29333333333333333
AstBuilder:0.2733333333333333
StatementAnalyzer:0.25
LogicalPlanner:0.19666666666666666
Analysis:0.1927777777777778
