StoreroomFacility:0.5733333333333334
VehicleDialog:0.32666666666666666
DriveGroundVehicle:0.21
StoreroomFacilityPanel:0.20666666666666667
InsituResourceProcessorFacilityPanel:0.19
SettlementTableModel:0.15
GreenhouseFacilityPanel:0.09666666666666666
