MangoInterface:0.56
Mango:0.38333333333333336
BackupEdge:0.35
Edge:0.3433333333333333
SuperStrataSym:0.3416666666666667
SuperLoopSym:0.3383333333333333
UconSym:0.3333333333333333
BackupVertex:0.3233333333333333
BackupAlg:0.30333333333333334
Graph:0.30333333333333334
AcyclicVertex:0.2816666666666667
ACATCHHANDLER:0.27
SuperCpnSym:0.2633333333333333
CpnVertex:0.22111111111111115
SuperVertexSym:0.21666666666666667
ATHROWHANDLER:0.21333333333333335
MangoInvokeInstruction:0.20333333333333334
LoopGraph:0.20333333333333334
Espec:0.19666666666666666
HandlerInfo:0.19333333333333333
SuperBlowUpSym:0.18666666666666668
MangoInstruction:0.18333333333333332
ExceptionHandlerUtil:0.17333333333333334
SuperVertexClassSym:0.17333333333333334
LoopVertex:0.16
StrataGraph:0.16
MangoScriptUtilities:0.10666666666666667
