Type:0.48333333333333334
ComplexType:0.33666666666666667
DataContainer:0.2833333333333333
SimpleType:0.2633333333333333
ListType:0.2388888888888889
CrawlOrder:0.23333333333333334
CrawlSettingsSAXSource:0.19666666666666666
AbstractTracker:0.19666666666666666
