IUIManager:0.7911111111111111
UIManager:0.7218333333333333
