ModificationSet:0.8733333333333333
ModificationSetTest:0.16666666666666666
