SWTWorkarounds:0.7833333333333333
WidgetLocator:0.3333333333333333
