GroupByPlannerTest:0.6077777777777778
GlobalAggregatePlannerTest:0.33
Visitor:0.25666666666666665
JoinPairs:0.20416666666666666
