StatementGeneratorTest:0.5333333333333333
ObjectiveCImplementationGenerator:0.37666666666666665
ClassTest:0.3333333333333333
ImplementationImportCollector:0.3233333333333333
ObjectiveCSourceFileGenerator:0.23333333333333334
