Session:0.49666666666666665
WebServiceBean:0.44333333333333336
BusinessEntityManagerImpl:0.2733333333333333
Kuwaiba:0.26666666666666666
UserProfile:0.24666666666666667
ApplicationEntityManagerRemote:0.19566666666666668
BusinessEntityManagerRemote:0.165
WebServiceBeanRemote:0.14416666666666667
NotAuthorizedException:0.1
