UploadAdaptor:0.35333333333333333
Params:0.32
ArrayParamConvertor:0.32
ObjectPairInjector:0.23333333333333334
StringParamConvertor:0.23111111111111116
