AggregatorFactory:0.5866666666666667
Empty:0.35650000000000004
AggregationModule:0.27666666666666667
AggregatorParsers:0.23333333333333334
Builder:0.21
AggregatorFactories:0.19666666666666666
NestedAggregatorTest:0.12666666666666668
