MockEventIpcManager:0.5133333333333333
Poller:0.49666666666666665
QueryManager:0.4116666666666667
PassiveStatusKeeper:0.33
DefaultQueryManager:0.27666666666666667
MockQueryManager:0.25666666666666665
PollContextTest:0.21666666666666667
NotificationManager:0.21027777777777779
PollerTest:0.2075
PassiveStatusKeeperTest:0.19666666666666666
Pollerd:0.13666666666666666
PassiveStatusd:0.13666666666666666
