ShadowActivity:0.6797222222222223
ShadowViewRootImpl:0.4016666666666666
