WebServiceGatewaySupport:0.8825555555555555
WebServiceAccessor:0.43555555555555553
