Dialect:0.71
Model:0.6433333333333333
DomainSerializer:0.19333333333333333
SquirrelDialect:0.18333333333333332
JDBCReverseEngineeringStrategy:0.17333333333333334
MySQLTestX:0.15666666666666668
DomainEditor:0.15333333333333332
OracleTestX:0.09666666666666666
DB2TestX:0.09666666666666666
MSSQLTestX:0.09666666666666666
ModelSerializer:0.08
PostgresTestX:0.07666666666666666
AttributeSerializer:0.07333333333333333
DataTypeList:0.023333333333333334
