Mappings:0.9
AvailableSettings:0.47904761904761906
MappingsImpl:0.3233333333333333
AnnotationBinder:0.2966666666666667
