AntScriptTest:0.6383333333333333
ExecBuilderTest:0.48
CompositeBuilderTest:0.33
AntBuilderTest:0.31666666666666665
