Administrator:0.6833333333333333
NewObjectDialog:0.3433333333333333
ObjectEditorFrame:0.23
CreateAction:0.11733333333333335
