DefaultShader:0.5
Environment:0.4866666666666667
ShaderCollectionTest:0.3566666666666667
Benchmark3DTest:0.2966666666666667
