StagingManager:0.5866666666666667
IStagingManager:0.36666666666666664
MultiBatchStagingWriter:0.23333333333333334
StagingDataWriter:0.23
ClientSymmetricEngine:0.22333333333333333
FileSyncService:0.21
DataExtractorService:0.21
AbstractDataLoaderServiceTest:0.20666666666666667
DataLoaderService:0.19333333333333333
AndroidSymmetricEngine:0.17
StageManagementJob:0.13666666666666666
StagingDataWriterTest:0.12333333333333334
