FloatingActionMenu:0.5866666666666667
Shadow:0.4277777777777777
ShadowGenerator:0.31666666666666665
