SessionIocContext:0.5197222222222223
RequestIocContext:0.5197222222222223
