TestSVN:0.36
TestPackageExplorerViewComponent:0.33666666666666667
SarosConditions:0.29
PEViewComponent:0.27166666666666667
MainMenuComponent:0.26105555555555554
MainMenuComponentImp:0.25833333333333336
WindowPart:0.18
PEViewComponentImp:0.18
IsShellOpen:0.08333333333333333
STFTest:0.013333333333333334
