MouseTest:0.37666666666666665
ControllerTest:0.29833333333333334
HWCursorTest:0.25833333333333336
MouseCreationTest:0.23833333333333334
KeyboardTest:0.23833333333333334
ControllerCreationTest:0.23833333333333334
VBOIndexTest:0.18666666666666668
VBOTest:0.18666666666666668
