Shell:0.44333333333333336
EditableGraphWidget:0.37666666666666665
AlgorithmWidget:0.3566666666666667
