ClientStream:0.71
NoopClientStream:0.58
ClientTransport:0.4866666666666667
OkHttpClientTransportTest:0.25
Rpc:0.22666666666666666
DelayedStream:0.22333333333333333
NettyClientStreamTest:0.21833333333333332
ClientCallImpl:0.20666666666666667
DelayedStreamTest:0.20666666666666667
ManagedChannelImplTest:0.20166666666666666
AbstractClientStream:0.19333333333333333
AbstractClientStreamTest:0.19
OkHttpClientTransport:0.18666666666666668
ClientCallImplTest:0.17333333333333334
Http2ClientStream:0.16333333333333333
NettyClientStream:0.15333333333333332
StreamCreationTask:0.14666666666666667
InProcessTransport:0.12333333333333334
BaseAbstractClientStream:0.10666666666666667
OkHttpClientStream:0.10666666666666667
InProcessStream:0.08666666666666667
NettyClientTransport:0.085
