WebserviceBean:0.47
CypherParser:0.44666666666666666
Reports:0.3846666666666667
CypherQueryBuilder:0.26
