JPPFNode:0.3566666666666667
JMXNodeConnectionWrapper:0.35
AbstractNode:0.29
NodeExecutionManagerImpl:0.28
NodeTaskWrapper:0.25333333333333335
JPPFNodeTaskMonitorMBean:0.22615079365079369
JPPFNodeAdmin:0.21
JPPFNodeTaskMonitor:0.13666666666666666
TestJPPFNodeAdminMBean:0.04666666666666667
TestJPPFNodeTaskMonitorMBean:0.031111111111111114
