TestLibrary:0.5
Function:0.41333333333333333
ArgumentsMarshalTest:0.37666666666666665
PointerArray:0.2866666666666667
WindowUtilsTest:0.1811111111111111
MemoryTest:0.13
