ExtensionManager:0.7
Property:0.355
PropertiesHandler:0.3466666666666667
ServerPropertiesLoaderTest:0.3
ClientPropertiesLoaderTest:0.2833333333333333
