ReferenceExistsException:0.8066666666666666
PartnerServiceImpl:0.29
LockServiceImpl:0.23666666666666666
CustomerServiceImpl:0.23666666666666666
NavigatingBackingBean:0.23666666666666666
FreelancerDAOHibernateImpl:0.23
ProjectServiceImpl:0.23
MessageConstants:0.0
