HieroSettings:0.6211111111111112
TiledMapPacker:0.43083333333333335
