LayerTreeEditor:0.7266666666666667
DeleteWidgetEdit:0.37333333333333335
