ReflectionUtils:0.71
ParameterResolverTests:0.3175
MethodInvoker:0.24666666666666667
NullMethodInjectionTestCase:0.20666666666666667
