FileVisitor:0.5364444444444445
MEFFileVisitor:0.42
Aligner:0.25333333333333335
Importer:0.21333333333333335
ImportFromDir:0.19
MefLib:0.18333333333333332
Import:0.14333333333333334
Geonetwork:0.13333333333333333
InputStreamBridge:0.10166666666666667
Params:0.09992063492063492
XMLFileVisitor:0.04666666666666667
