InstallServiceImpl:0.69
ReverseProxyPage:0.34194444444444444
DefaultLocalePage:0.25833333333333336
