TimeOfDay:0.6666666666666666
BasePartial:0.45
YearMonthDay:0.4166666666666667
