RuntimeError:0.5433333333333333
ErrorPlugin:0.48333333333333334
ArrayPlugin:0.35
DefaultPluginLoader:0.22555555555555554
StepOver:0.16333333333333333
