JTextComponentTester:0.7266666666666667
JTextComponentTesterTest:0.6133333333333333
