DatabaseManager:0.6866666666666666
ConfigurationHelper:0.6208333333333333
