JUMPConfiguration:0.4644444444444444
LayerPropertiesPlugIn:0.43333333333333335
SaveDatasetsPlugIn:0.3111111111111111
