STF:0.5166666666666667
SarosView:0.49666666666666665
Views:0.37
TestSVNStateInitialization:0.3333333333333333
SessionContextMenuWrapper:0.30666666666666664
STFTest:0.2833333333333333
IRemoteWorkbenchBot:0.2833333333333333
IRemoteBotChatLine:0.27051984126984113
RemoteWorkbenchBot:0.27
ISessionContextMenuWrapper:0.24666666666666667
IViews:0.23166666666666666
SarosM:0.22216666666666668
SarosConditions:0.21666666666666667
TestSVNStateUpdates:0.20666666666666667
ISarosView:0.20583333333333334
TestMenuSarosByAliceBob:0.19666666666666666
TestAllParticipantsFollowUserWithWriteAccess:0.19
TestCreatingNewFile:0.18333333333333332
RemoteBotChatLine:0.16333333333333333
TestShare3UsersSequentially:0.14
TestShare2UsersSequentially:0.14
TestShare3UsersConcurrently:0.14
ExistsChatMessage:0.12333333333333334
TestChatViewFunctions:0.1
STFController:0.07666666666666666
TestParallelInvitationWithTerminationByInvitees:0.023333333333333334
TestParallelInvitationWithTerminationByHost:0.016666666666666666
TestHostInvitesBelatedly:0.016666666666666666
TestEditDuringInvitation:0.0
TestStrictSequentialInvitationWithoutTermination:0.0
