FS:0.1294912
AbstractScanner:0.026022289
