QueryBuilders:0.6433333333333333
WrapperQueryBuilder:0.36749999999999994
WrapperQueryParser:0.18666666666666668
