Wallet:0.6433333333333333
TransactionInput:0.37833333333333335
WalletTest:0.16
