Block:0.5533333333333333
LineNumberNode:0.3746666666666667
CompilerContext:0.33666666666666667
MethodGenerationContext:0.16666666666666666
