GetJspHtmlCmd:0.4766666666666667
GwtServerHelper:0.43055555555555564
AccessoriesPanel:0.19333333333333333
