MultiLayerNetwork:0.7966666666666666
StochasticGradientDescent:0.37
MultiLayerTest:0.23666666666666666
