AriaManager:0.6033333333333334
Aria:0.57
CheckUtil:0.4508333333333333
