MockViewHandler:0.31333333333333335
JsfViewFactory:0.27666666666666667
DelegatingFlowVariableResolver:0.27
JSF11ManagedBeanAccessTests:0.24333333333333335
JsfViewFactoryTests:0.19666666666666666
JsfView:0.19
AbstractRequestContextPropertyResolver:0.16333333333333333
FlowRenderKitWrapper:0.07666666666666666
JsfViewTests:0.013333333333333334
RequestContextVariableResolver:0.01
RequestContextPropertyResolver:0.006666666666666667
FlowRenderKitFactory:0.0033333333333333335
