PhexSecurityManager:0.5666666666666667
SecurityRule:0.5133333333333333
FastIpList:0.26
IPAccessRule:0.22066666666666668
