AbstractAsyncBulkByScrollAction:0.42
AbstractBulkByScrollRequest:0.3
AsyncIndexBySearchAction:0.24994444444444444
AsyncDeleteBySearchAction:0.21666666666666667
DummyAbstractAsyncBulkByScrollAction:0.18333333333333332
TransportReindexAction:0.11166666666666666
RemoteResponseParsers:0.013333333333333334
