FromElement:0.6633333333333333
IndexNode:0.32
HqlSqlWalker:0.28
WithClauseVisitor:0.19666666666666666
FromElementType:0.18833333333333332
SyntheticAndFactory:0.11666666666666667
