DatePeriodException:0.44666666666666666
ReportConfiguration:0.43333333333333335
DatePeriodPanel:0.37333333333333335
DateFilter:0.2966666666666667
TimeSlotFilterDialog:0.20333333333333334
