SecurityConfigTests:0.503611111111111
AuthenticationTests:0.4866666666666667
LogoutRequestBuilder:0.44
