HTMLElement:0.5333333333333333
HTMLParser:0.37666666666666665
HTMLParserTest:0.35
HtmlUnitDOMBuilder:0.28
HTMLTitleElement:0.08333333333333333
HTMLTitleElementTest:0.0
