ActionProperties:0.5252777777777777
ImportMenu:0.32666666666666666
HelpAction:0.22333333333333333
UpdateInfo:0.22333333333333333
