SearchContext:0.4378968253968254
FiltersFunctionScoreQuery:0.42
NextDoc:0.395
PercolateContext:0.32666666666666666
FilteredSearchContext:0.32666666666666666
FunctionScoreQuery:0.30333333333333334
DefaultSearchContext:0.24666666666666667
FunctionScoreQueryBuilder:0.22333333333333333
CustomBoostFactorWeight:0.19622222222222221
FunctionScoreTests:0.17
TestSearchContext:0.16777777777777778
FunctionScoreQueryBuilderTests:0.15666666666666668
CustomBoostFactorScorer:0.14
QueryPhaseTests:0.13333333333333333
FiltersFunctionFactorScorer:0.08333333333333333
FunctionFactorScorer:0.06666666666666667
AnyNextDoc:0.06333333333333334
MinScoreNextDoc:0.02
RestActionModule:0.0
