TrainingData:0.7622222222222222
StockTrainingSetImport:0.38666666666666666
