Event:0.45666666666666667
ProgressEvent:0.39
HTMLDocument:0.31333333333333335
XMLHttpRequest:0.30666666666666664
XMLHttpRequestCORSTest:0.21333333333333335
XMLHttpRequestTest:0.17
ProgressEventTest:0.12
XMLHttpRequestProgressEventTest:0.03
