EmailFormatter:0.7647222222222223
MimeNotifyPreparator:0.44
MailModuleImpl:0.42
EmailPoster:0.3508492063492063
DefaultEmailFormatter:0.06666666666666667
