Line:0.49333333333333335
Concordance:0.48
Cooccurrence:0.30666666666666664
PropertiesReferenceComparator:0.18
