Util:0.47
EditorManager:0.45666666666666667
TextEditActivity:0.36
DeleteOperation:0.23
ActivitySequencer:0.20022222222222222
InsertOperation:0.1902222222222222
