ChemObjectTest:0.3466666666666667
ReactionTest:0.3
IsotopeTest:0.22666666666666666
ElementTest:0.22666666666666666
RingSetTest:0.22666666666666666
