TransportAddress:0.39866666666666667
LocalTransport:0.39
TransportRequest:0.37666666666666665
TransportResponse:0.37666666666666665
MessageChannelHandler:0.21333333333333335
InetSocketTransportAddress:0.175
DummyTransportAddress:0.16333333333333333
AbstractSimpleTransportTests:0.12666666666666668
LocalTransportAddress:0.11666666666666667
TestResponse:0.023888888888888887
TestRequest:0.023888888888888887
