UserManager:0.6466666666666666
IUserManagerListener:0.41833333333333333
