CSSStyleDeclaration:0.6033333333333334
ComputedCSSStyleDeclaration:0.4266666666666667
ComputedCSSStyleDeclarationTest:0.3233333333333333
