Simulator:0.6266666666666667
ForwardAction:0.25666666666666665
BackAction:0.25666666666666665
StateJList:0.24333333333333335
MyMouseListener:0.17777777777777778
