MathUtils:0.7033333333333334
SdAMatrix:0.42
MatrixUtil:0.3433333333333333
DenoisingAutoEncoderMatrix:0.24
