SubscriberInfo:0.5566666666666666
EventBusAnnotationProcessor:0.48333333333333334
SubscriberMethodFinder:0.23333333333333334
FindState:0.19333333333333333
