SetFunction:0.22494777
Types:0.16631165
DatabaseCommandInterpreter:0.13959566
Table:0.1382166
Result:0.13809691
Library:0.1376015
Expression:0.13203385
Parser:0.13017546
Function:0.11043179
TableWorks:0.10361578
DatabaseInformationMain:0.09323207
HsqlDateTime:0.092319004
Select:0.08627273
DITableInfo:0.08494668
Session:0.07899887
Index:0.07860083
Trace:0.078068204
CompiledStatementExecutor:0.07170727
CompiledStatement:0.06182666
TableFilter:0.05959477
DatabaseScript:0.039606605
HsqlException:0.017756399
Collation:0.016839894
