Settings:0.47333333333333333
SpdyStream:0.445
SpdyConnection:0.37333333333333335
SpdyReader:0.27
SpdyWriter:0.25333333333333335
SpdyDataInputStream:0.23333333333333334
SpdyConnectionTest:0.12666666666666668
