Rule153:0.25777777777777783
Rule154:0.15365079365079368
AbstractRuleTest:0.14666666666666667
VerhaarScheme2:0.14333333333333334
Rule4:0.13666666666666666
Rule32Test:0.13666666666666666
Rule31Test:0.13666666666666666
RuleLogPRange:0.11666666666666667
Rule152:0.11333333333333333
Rule171:0.08666666666666667
