GrooveFileChooser:0.5483333333333333
Exportable:0.42333333333333334
GraphPreviewDialog:0.345
