ParentRunner:0.5066666666666667
ParallelComputer:0.4666666666666667
