CNNClassificationModel:0.44333333333333336
CNNRegressionModel:0.44333333333333336
LinearRegressionModel:0.44
