HostQueuesFrontierMarker:0.6283333333333333
FrontierMarker:0.2826984126984127
