GenericExtruder:0.73
Main:0.6033333333333334
RequestSetHeat:0.24333333333333335
