SearchFlowExecutionTests:0.8488888888888888
SearchPersonFlowBuilder:0.43666666666666665
