ArticleQueryService:0.42333333333333334
ArticleProcessor:0.37333333333333335
Article:0.33644444444444443
ArticleMgmtService:0.26666666666666666
Common:0.2507777777777777
