JUnit5Testable:0.5633333333333334
Visitor:0.3983333333333334
JUnit5TestableTest:0.27666666666666667
SpecificationResolver:0.24
