MainFrame:0.5933333333333334
AppearanceDialog:0.31333333333333335
ResourceRenderer:0.31
SerialControllerEditor:0.2866666666666667
ListEditorDialog:0.20444444444444446
LogArea:0.19666666666666666
ParameterValueEditor:0.18666666666666668
ApplyAction:0.16
ParameterValueRenderer:0.12
