FreemarkerTag:0.5646666666666667
StrutsWebHelper:0.3466666666666667
WebHelper:0.32666666666666666
ViewUtil:0.30666666666666664
WebUtils:0.2075
BulkDeployDefinitionFormTag:0.18333333333333332
AjaxFreemarkerTag:0.15666666666666668
FormHashModel:0.13333333333333333
TreeviewSupportTag:0.11333333333333333
MultiLanguageExampleTag:0.09333333333333334
FileTag:0.09333333333333334
