WithSecurityContextTestExcecutionListenerTests:0.4
DefaultWASUsernameAndGroupsExtractor:0.3933333333333333
SecurityMockMvcRequestPostProcessorsUserTests:0.3433333333333333
SecurityContextMixinTests:0.2833333333333333
CasAuthenticationTokenMixinTests:0.24333333333333335
