CreateCryptoToken:0.72
CreateCryptoTokenResponse:0.4442619047619048
CaConstants:0.014071428571428572
