GraphVertex:0.37666666666666665
ElementWiseNode:0.2866666666666667
SubsetNode:0.28
MergeNode:0.23
GradientCheckUtil:0.22
ComputationGraphConfigurationTest:0.21333333333333335
GradientCheckTestsComputationGraph:0.13333333333333333
