HopCode:0.7933333333333333
HopCompletionProvider:0.37333333333333335
