SimpleMultipartFile:0.43
FolderUtils:0.4266666666666667
ExtendedMultipartFile:0.27
GwtViewHelper:0.26
FileUploadItem:0.26
FileModuleImpl:0.23
FileUtils:0.20666666666666667
AddEntryController:0.2
ContainerResource:0.19666666666666666
KablinkFileSystemLibrary:0.19
AbstractFileResource:0.17
