ShortcutsModel:0.58
FilteredTableModel:0.48333333333333334
SizeLabel:0.31666666666666665
PluginTableModel:0.30333333333333334
SelectallButton:0.2783333333333333
KeyboardAction:0.25666666666666665
PluginInfoBox:0.25666666666666665
ClearPluginSet:0.25666666666666665
ShortcutsOptionPane:0.22111111111111115
InstallPanel:0.18333333333333332
InstallButton:0.17833333333333334
HeaderMouseHandler:0.17333333333333334
HeaderRenderer:0.16666666666666666
TableMouseHandler:0.14083333333333334
ActionHandler:0.14
