CTLFormula:0.5566666666666666
Simulator:0.4855555555555555
CTLTransitionMarker:0.44666666666666666
