ItemSkipPolicyItemHandler:0.618
StatefulRetryItemHandler:0.44
StatefulRetryStepFactoryBean:0.375
SkipLimitStepFactoryBean:0.22666666666666666
StatefulRetryStepFactoryBeanTests:0.12666666666666668
SimpleItemHandler:0.09916666666666667
