MethodInfo:0.49
TestSubject:0.4027777777777778
ClassInfo:0.38
TSVM:0.31
Listener:0.25777777777777783
RaceCandidate:0.24333333333333335
TestUnprotectedRW:0.22
Config:0.18666666666666668
AccessOp:0.09333333333333334
RWSameFieldRace:0.09
