Messages:0.67
ProcessInfoFormTag:0.35333333333333333
WebResources:0.35
ProcessDeleteLog:0.30666666666666664
WFCommonLogic:0.20333333333333334
IdentifiableFormTag:0.19666666666666666
DefinitionLogic:0.18333333333333332
ExecutionLogic:0.18333333333333332
SystemLogTDBuilder:0.18111111111111108
ConfirmationPopupHelper:0.15
RemoveProcessAction:0.13419444444444448
PerformanceSimpleObserver:0.09333333333333334
PerformanceObserver:0.09333333333333334
SystemLogClassPresentation:0.08
