ForceFieldTests:0.8572222222222221
MforcefieldTests:0.13333333333333333
