Job:0.4066666666666667
Builder:0.19
JobValidatorTest:0.19
Supervisor:0.18
TaskRunner:0.18
Stop:0.14333333333333334
JobTest:0.13333333333333333
IdMismatchJobCreateTest:0.08666666666666667
JobCreateCommand:0.07666666666666666
