Validators:0.42
DefaultServerFactoryTest:0.34
GzipFilterFactoryTest:0.2633333333333333
ConfigurationValidationExceptionTest:0.15666666666666668
RequestLogFactoryTest:0.15
