ExecutionService:0.8133333333333334
ProcessRowBuilder:0.27
ExecutionServiceDelegate:0.25666666666666665
ExecutionServiceBean:0.25
ErrorDetailsAction:0.25
ExecutionLogic:0.17666666666666667
