TransportShardBulkAction:0.4666666666666667
TransportUpdateAction:0.38666666666666666
UpdateRequestTests:0.36
UpdateHelper:0.17333333333333334
