ServiceHelper:0.43666666666666665
VertxImpl:0.4166666666666667
BareCommand:0.2633333333333333
DeploymentManager:0.23333333333333334
ServiceCommandFactoryLoader:0.21466666666666667
ServiceCommandLoaderTest:0.19694444444444445
