TypeGraph:0.47333333333333333
LabelTree:0.41
LabelTreeNode:0.30333333333333334
HostFactory:0.2886111111111111
LabelFilter:0.27
CompositeTypeModel:0.20666666666666667
AspectJGraph:0.19803968253968254
SelectColorAction:0.19444444444444445
FilterAction:0.17
FindReplaceAction:0.16333333333333333
TypeGraphTreeNode:0.13333333333333333
