GridSampler:0.5394444444444445
Detector:0.4755555555555555
DefaultGridSampler:0.305
