JGraph:0.54
AttributeElementFactory:0.37333333333333335
AspectualGraphView:0.32083333333333336
SpringLayouter:0.30666666666666664
ProgressBarDialog:0.2
