LineViewer:0.46361111111111103
ReferenceChecker:0.2833333333333333
DataTypeListerServlet:0.15
DataPointerValueConverter:0.14666666666666667
DataQueryServlet:0.14666666666666667
DataObjectViewerServlet:0.14666666666666667
