IntIntMap:0.3933333333333333
IntSetIterator:0.19666666666666666
MapIterator:0.15666666666666668
SetIterator:0.13333333333333333
