WebClient:0.58
WebRequestSettings:0.39666666666666667
MockWebConnectionServlet:0.17277777777777778
WebDriverTestCase:0.16
XMLHttpRequest2Test:0.06666666666666667
SetRequestHeaderServlet2:0.02
SetRequestHeaderServlet1:0.008981481481481483
