TrashListLocal:0.4982222222222221
TrashListPage:0.4166666666666667
FileDTO:0.4046666666666667
PrivSeriesModel:0.33666666666666667
PrivSelectedEntities:0.33
TrashListHeader:0.2733333333333333
InstanceListView:0.17666666666666667
StoreBridge:0.17
TrashListBean:0.12333333333333334
