OAuth2LoginConfigurer:0.47
OAuth2UserAuthenticationProvider:0.37666666666666665
AuthorizationCodeAuthenticationFilter:0.24800000000000003
CustomUserTypesOAuth2UserService:0.2253333333333333
OidcUserService:0.2253333333333333
OAuth2UserAuthenticationToken:0.21759523809523812
DefaultOAuth2UserService:0.17933333333333334
OidcUserAuthenticationToken:0.16666666666666666
DelegatingOAuth2UserService:0.14533333333333331
SecurityTestConfig:0.13666666666666666
UserInfoEndpointConfig:0.13
