Context:0.5255555555555556
SequencerAgent:0.42333333333333334
SequencerAgentTest:0.26666666666666666
ConsensusModule:0.24666666666666667
Configuration:0.20222222222222222
