Grammar:0.95
Target:0.38333333333333336
TestTokenTypeAssignment:0.07
ATNPrinter:0.056666666666666664
