SimpleDrawingView:0.605
StrokeableFigure:0.4866666666666667
SimpleLayer:0.2833333333333333
