View:0.8666666666666667
BasicWidgets:0.5033333333333333
Menu:0.41
BasicWidgetsImp:0.39
ToolbarButton:0.322
SarosMImp:0.2966666666666667
ViewImp:0.2833333333333333
WorkbenchImp:0.2633333333333333
SessionViewImp:0.25
TestMainMenuComponent:0.24666666666666667
WindowMImp:0.24
ChatViewImp:0.23666666666666666
PEViewImp:0.22666666666666666
EclipsePart:0.22337301587301586
RosterViewImp:0.22333333333333333
TestBasicComponentByAlice:0.22
RSViewImp:0.21333333333333335
FileMImp:0.21
EditorImp:0.20444444444444446
ConsoleViewImp:0.20111111111111113
ProgressViewImp:0.2
Tester:0.19333333333333333
TestBasicComponentByAliceAndBob:0.16666666666666666
STFController:0.07333333333333333
ToolbarButtonImp:0.07333333333333333
MenuImp:0.03
