IndexStore:0.7
ClusterManager:0.34
PartitionManager:0.32666666666666666
Index:0.30666666666666664
SortedIndexStore:0.25333333333333335
UnsortedIndexStore:0.25333333333333335
InPredicate:0.19
ComparatorWrapper:0.14
AbstractPredicate:0.1
