Utils:0.8833333333333333
UnsafeByteArrayOutputStream:0.32666666666666666
