DataLoader:0.5366666666666666
NBrowseApplet:0.5
FileDialog:0.38333333333333336
StatLis:0.12666666666666668
LoadSession:0.05333333333333334
