ChronicleMapBuilder:0.6533333333333333
ChannelReplicationTest:0.24333333333333335
PostClusterMapCreationTest:0.23333333333333334
SingleMapClusterTest:0.23333333333333334
