PercolatorTests:0.27666666666666667
DocumentMapperParser:0.25666666666666665
SimpleRoutingTests:0.19666666666666666
TypeParser:0.19333333333333333
SimpleSortTests:0.18
SimpleAllMapperTests:0.08
