Main:0.5233333333333333
SplashScreen:0.35
AWTSplashScreen:0.31666666666666665
UpdateCheck:0.23
ConsoleSplashScreen:0.11666666666666667
