MockRemovePluginCommand:0.28888888888888886
RemovePluginCommandTests:0.24666666666666667
EnvironmentAwareCommand:0.24
RemoveSettingKeyStoreCommandTests:0.18333333333333332
ListKeyStoreCommandTests:0.17666666666666667
AddStringKeyStoreCommandTests:0.17333333333333334
AddFileKeyStoreCommandTests:0.17333333333333334
ListPluginsCommandTests:0.17333333333333334
ESElasticsearchCliTestCase:0.16
CreateKeyStoreCommandTests:0.14333333333333334
