GenericMBeanServerProxy:0.5033333333333333
JBossConnectionProvider:0.41
JBossConfiguration:0.18333333333333332
JBossCallbackHandler:0.10666666666666667
