JolieJavaValidator:0.6866666666666666
JolieScopeProvider:0.15833333333333333
