MainController:0.6666666666666666
JFXPopup:0.6466666666666666
JFXDecorator:0.4866666666666667
InputController:0.0
