CellIterator:0.75
Octree:0.5557777777777778
DefaultCellIterator:0.35333333333333333
