DefaultServer:0.5333333333333333
ServerMonitor:0.5166666666666667
ServerHelper:0.13333333333333333
DefaultClusterableServerFactory:0.12
TimeoutTrackingConnectionGetter:0.10666666666666667
