Generator:0.48412698412698413
RobolectricProcessor:0.4033333333333333
ShadowProviderGenerator:0.37666666666666665
ShadowProviderGeneratorTest:0.2733333333333333
ServiceLoaderGenerator:0.10666666666666667
