JsonUtil:0.6716666666666666
TypeJsonUtils:0.5033333333333333
