Py:0.6172222222222222
PySystemState:0.35333333333333333
PyArray:0.3466666666666667
PyTableCode:0.3433333333333333
PyFrame:0.30333333333333334
PyIOFile:0.2951190476190476
__builtin__:0.29333333333333333
imp:0.29333333333333333
PyBaseCode:0.26666666666666666
PyFunction:0.24333333333333335
ByteStream:0.24333333333333335
PyBytecode:0.22
Bytecode:0.22
Pickler:0.21333333333333335
Unpickler:0.20333333333333334
cPickle:0.19666666666666666
Opcode:0.1437301587301587
BytecodeCompiler:0.13666666666666666
PyIOFileFactory:0.13333333333333333
_marshal:0.02666666666666667
