VariableDefinition:0.47333333333333333
ViewUtil:0.41
ProcessDefinition:0.3333333333333333
ActorsMultiSelectTag:0.2327777777777778
AjaxGroupMembersTag:0.1927777777777778
FormPresentationUtils:0.17
EditListTag:0.14111111111111113
ViewListTag:0.1311111111111111
LegacyActorsMultiSelectTag:0.11666666666666667
DisplayVariableTag:0.09333333333333334
