ExpressionEvaluator:0.45
ConditionStatement:0.34547619047619044
ArrayEvalFilter:0.29333333333333333
HasFieldFilter:0.24333333333333335
ArrayIndexFilter:0.16
FieldFilter:0.10333333333333333
