BotConsoleFrame:0.43666666666666665
GenericExtruderTabPanel:0.26416666666666666
PrintTabPanel:0.25666666666666665
XYZTabPanel:0.25333333333333335
GenericStepperPositionPanel:0.03666666666666667
