UserRegisterValidation:0.5666666666666667
LoginProcessor:0.25
UpdateSyncB3Validation:0.2375
CommentAddValidation:0.1975
ArticleAddValidation:0.18
UpdateProfilesValidation:0.16
ClientCommentAddValidation:0.15
UpdatePasswordValidation:0.12333333333333334
ArticleMgmtService:0.10333333333333333
