AvailableSettings:0.5405555555555556
SimpleOpsTest:0.45666666666666667
BaseCoreFunctionalTestCase:0.45
