TCReferencedImage:0.5233333333333333
TCQueryLocal:0.47711904761904766
TCImageViewImage:0.47711904761904766
TCObject:0.36333333333333334
TCWadoImage:0.3233333333333333
TCReferencedInstance:0.3233333333333333
TCQueryBean:0.17
TCViewImagesTab:0.15666666666666668
ReferencedImageProvider:0.11
TCReferencedSeries:0.1
TCLazyWadoImage:0.1
TCDetailsImagesTab:0.08333333333333333
