AsyncSemaphore:0.5133333333333333
RedissonTopic:0.38333333333333336
RedissonPatternTopic:0.31333333333333335
RedissonPatternTopicReactive:0.22333333333333333
