LineSearch:0.5711111111111111
ArmijoLineSearch:0.49666666666666665
Problem:0.21
Simplex:0.11
LevenbergMarquardt:0.11
LineSearchBasedMethod:0.11
ProjectedCostFunction:0.11
SteepestDescent:0.11
ConjugateGradient:0.023333333333333334
OptimizationMethod:0.0
CostFunction:0.0
ParametersTransformation:0.0
