BooleanGrid:0.6033333333333334
AllSTLsToBuild:0.37666666666666665
BooleanGridList:0.32
Producer:0.29777777777777775
