MatchQuery:0.62
MultiMatchQuery:0.44666666666666666
MultiMatchQueryTests:0.3233333333333333
MatchQueryBuilder:0.2633333333333333
QueryBuilder:0.11333333333333333
CrossFieldsQueryBuilder:0.07
