CommonEjbcaWS:0.5566666666666666
XKMSKRSSTest:0.31333333333333335
XKMSKISSTest:0.31333333333333335
CrmfRATcpRequestTest:0.2733333333333333
CmpRAUnidTest:0.25
CrmfRAPbeTcpRequestTest:0.19333333333333333
StandaloneOcspResponseGeneratorSessionTest:0.15666666666666668
