ApplicationEntityManager:0.45
MetadataEntityManager:0.45
BusinessEntityManager:0.37916666666666665
Session:0.27666666666666667
UserProfile:0.24333333333333335
GroupProfile:0.22
Privilege:0.18666666666666668
NotAuthorizedException:0.0
