EditView:0.5833333333333334
BasicEditor:0.38
AdvancedEditor:0.19
Back:0.16
Editor:0.15036507936507937
