LwjglPixmap:0.45666666666666667
LwjglTexture:0.44111111111111106
SpriteBatchTest:0.3333333333333333
