LocalExecutionRunner:0.5919444444444445
DataProviderTestTask:0.5533333333333333
DataProviderTestRunner:0.12
MyTask:0.10666666666666667
