XSLTagTest:0.46216666666666667
NavigationTagTest:0.2966666666666667
