UnixTimeFunctions:0.6466666666666666
JsonExtract:0.5166666666666667
ColorFunctions:0.44333333333333336
