QedeqController:0.5
ProcessWindow:0.43666666666666665
QedeqMenuBar:0.27
ProcessViewAction:0.25194444444444447
ProcessListModel:0.20333333333333334
ProcessListPane:0.11666666666666667
