NodeList:0.5666666666666667
HTMLCollection:0.5433333333333333
CSSRuleList:0.38666666666666666
HTMLCollectionTest:0.23333333333333334
NodeListTest:0.06
CSSRuleListTest:0.05
