BinderService:0.6766666666666666
TeamingServiceEndpoint:0.5533333333333333
BinderServiceImpl:0.2733333333333333
