LogLevelEnum:0.5733333333333334
AntFarmOptionPane:0.41333333333333333
TargetRunner:0.3466666666666667
OptionsPopup:0.06666666666666667
