ConstraintViolations:0.5755555555555555
ConfigurationFactoryTest:0.3288888888888889
JacksonMessageBodyProviderTest:0.2866666666666667
PortRangeValidatorTest:0.19
OneOfValidatorTest:0.15333333333333332
ConstraintViolationExceptionMapperTest:0.13666666666666666
ConfigurationValidationExceptionTest:0.12
DurationValidatorTest:0.10666666666666667
SizeValidatorTest:0.10666666666666667
