CommonContext:0.6133333333333333
ArchiveAndReplaySystemTest:0.39666666666666667
MediaDriver:0.34
AeronStat:0.16833333333333333
