NutDao:0.57
Daos:0.49666666666666665
DefaultChain:0.33666666666666667
SimpleDaoTest:0.31333333333333335
