GCLChecker:0.41
GCLDeterminismChecker:0.39
GCLParser:0.33666666666666667
AutomatonBuilder:0.23333333333333334
ControlTest:0.16333333333333333
Namespace:0.12833333333333333
