ReindexRequest:0.5166666666666667
RemoteRequestBuilders:0.39666666666666667
RemoteRequestBuildersTests:0.3433333333333333
