VpTreeNode:0.5033333333333333
Tsne:0.31
VpTreePointINDArray:0.2866666666666667
BarnesHutTsne:0.18
VpTreeNodeTest:0.12333333333333334
