PlanFragment:0.53
SubPlan:0.26
ExchangeNode:0.24666666666666667
SubPlanBuilder:0.22666666666666666
SqlQueryExecution:0.21
TestHttpQueryProvider:0.14
GraphvizPrinter:0.12
Visitor:0.11083333333333334
EdgePrinter:0.06333333333333334
