MetadataManager:0.5366666666666666
ImportClientFactory:0.4866666666666667
TestImportClientFactory:0.23333333333333334
