SingleConsumerArrayQueue:0.5655555555555555
SingleConsumerArrayPrimitiveQueue:0.3233888888888889
SingleConsumerArrayObjectQueue:0.30666666666666664
