Buffer:0.16250479
LineManager:0.16138767
TextArea:0.13195479
IndentFoldHandler:0.10719141
StandardUtilities:0.10028477
ExplicitFoldHandler:0.095716245
Selection:0.095396675
BufferListener:0.09149555
BufferAdapter:0.08853531
BufferChangeListener:0.08581522
DummyFoldHandler:0.083082356
Mode:0.08222134
BufferHandler:0.0808652
TextUtilities:0.08078444
jEdit:0.08068367
FoldHandler:0.077521674
DisplayManager:0.07741185
DeepIndentRule:0.0737876
ScreenLineManager:0.07368917
BufferIORequest:0.07113225
MiscUtilities:0.07086157
TextAreaPainter:0.06813395
StandaloneTextArea:0.06739555
Gutter:0.065794975
SearchAndReplace:0.05930738
Macros:0.059065536
TokenMarker:0.058430206
RegexpIndentRule:0.05672479
Registers:0.054570433
ChunkCache:0.052909017
UndoManager:0.052375354
EditPane:0.052303605
BracketIndentRule:0.051150296
ContentManager:0.05039588
SelectionManager:0.050314296
Abbrevs:0.04928817
JEditTextArea:0.048067458
Log:0.047512356
VFS:0.045346994
ModeProvider:0.04465539
WhitespaceRule:0.043772664
PluginJAR:0.042401645
PositionManager:0.042358838
BeanShell:0.04173528
View:0.041559502
CloseBracketIndentRule:0.039968047
DefaultTokenHandler:0.0390898
VFSBrowser:0.036020882
ParserRuleSet:0.03508503
TextAreaMouseHandler:0.034890093
TextAreaTransferHandler:0.033914078
StatusBar:0.033561878
DummyTokenHandler:0.0328575
TokenHandler:0.032578643
BufferOptionPane:0.032555554
FileVFS:0.032343704
CompleteWord:0.030864201
HyperSearchResult:0.030520426
DisplayTokenHandler:0.030346291
BufferPrintable:0.027811572
BufferLoadRequest:0.027347194
KeywordMap:0.026689565
TextAreaInputHandler:0.026596436
IndentAction:0.026064314
GrabKeyDialog:0.025760584
BufferSet:0.025623461
Token:0.025074124
HyperSearchRequest:0.023969695
HyperSearchResults:0.02388544
FirstLine:0.023549048
IndentRule:0.023043003
InputMethodSupport:0.022525242
OpenBracketIndentRule:0.022297263
InputHandler:0.021724662
VFSFileChooserDialog:0.02076427
ScrollLineCount:0.019183854
SearchBar:0.018233245
StyleEditor:0.018182391
SelectLineRange:0.017570537
TextAreaDropHandler:0.016659075
MarkerViewer:0.01642309
FoldPainter:0.016409528
CloseDialog:0.015182707
MouseHandler:0.014553803
MarkersProvider:0.014475305
GeneralOptionPane:0.01425277
MacOSXPlugin:0.013225883
Debug:0.012568298
BufferInsertRequest:0.012406165
ShapedFoldPainter:0.011436861
IntegerArray:0.01135742
ReloadWithEncodingProvider:0.010733222
LineSepWidgetFactory:0.010691421
EncodingsOptionPane:0.010641493
FilesChangedDialog:0.010624535
BufferSaveRequest:0.010351784
TriangleFoldPainter:0.010328228
MarkersSaveRequest:0.010223982
BufferUndoListener:0.009626188
RichJEditTextTransferableService:0.008567709
FoldWidgetFactory:0.008194499
ModeWidgetFactory:0.0066631553
BufferAutosaveRequest:0.0063102096
EncodingWidgetFactory:0.0062075104
WrapWidgetFactory:0.0058694845
DockingLayoutManager:0.0057820794
JEditEmbeddedTextArea:0.0057156538
AddAbbrevDialog:0.0043605627
