JnetManager:0.4766666666666667
DataLoader:0.3466666666666667
NodeMover:0.33666666666666667
MouseManager:0.33
LayoutThread:0.18
