GwtMainPage:0.47
LandingPage:0.35333333333333333
TableWidget:0.25333333333333335
ShowContentControlEvent:0.25
MainContentLayoutPanel:0.23666666666666666
EventHelper:0.20666666666666667
ContentControl:0.164
ShowLandingPageEvent:0.15
