ParserATNSimulator:0.5266666666666666
DefaultANTLRErrorStrategy:0.25333333333333335
LL1PlusBlockSingleAlt:0.20666666666666667
LL1PlusBlock:0.20666666666666667
LL1StarBlock:0.15333333333333332
LL1Loop:0.013333333333333334
