JedisCluster:0.5633333333333334
JedisClusterCommand:0.27
JedisClusterCRC16:0.23333333333333334
JedisClusterTest:0.21666666666666667
