IStatisticManager:0.62
Statistic:0.6066666666666667
DataLoaderService:0.43
StatisticManager:0.4266666666666667
SymmetricEngine:0.35
IntegrationTest:0.30333333333333334
IStatisticService:0.27051984126984113
Constants:0.03333333333333333
StatisticFlushJob:0.006666666666666667
PropertiesConstants:0.0
StatisticService:0.0
