Mango:0.7166666666666667
OSmethod:0.2911111111111111
AbstractUconMethod:0.2911111111111111
BadMethod:0.2911111111111111
GlobalViewWindow:0.2733333333333333
BackupAlg:0.25666666666666665
SuperVertex:0.24444444444444446
WorkerControl:0.21916666666666668
MethodSym:0.21
