SyntenyLinkPanel:0.5116666666666667
ApolloFrame:0.46
EnsCGIAdapterGUI:0.26
SyntenyPanel:0.24666666666666667
DrawableGeneFeatureSet:0.17333333333333334
