AtomContainerTest:0.475
AminoAcidTest:0.37
MonomerTest:0.36333333333333334
IAtomContainerTest:0.205
IAminoAcidTest:0.07333333333333333
IMonomerTest:0.016666666666666666
