Level:0.5183333333333333
StatePanel:0.30666666666666664
RuleApplicationTest:0.25
PlanData:0.22666666666666666
