RefreshableFlowDefinitionHolder:0.9133333333333333
RefreshableFlowDefinitionHolderTests:0.02666666666666667
