JFXDefinitionConverter:0.5475
CSSConverter:0.29333333333333333
JFXCapacitiesConverter:0.23666666666666666
JFXTypes:0.02
