FileInput:0.6966666666666667
Media:0.6033333333333334
MediaBean:0.31
MediaRenderer:0.28
