MetastoreUtil:0.6516666666666666
TestMetastoreUtil:0.47333333333333333
