BasicArchiveTest:0.3
Catalog:0.28
ControlSession:0.27666666666666667
ControlRequestListener:0.24666666666666667
ReplaySession:0.21822222222222223
ArchiveConductor:0.21666666666666667
RecordingFragmentReader:0.21333333333333335
AeronArchive:0.2
ControlSessionDemuxer:0.18666666666666668
ControlRequestAdapter:0.12333333333333334
ArchiveProxy:0.10904761904761905
