Model:0.4866666666666667
TreeView:0.34
Parser:0.19799999999999998
TreeViewSettings:0.10666666666666667
DescendantsWithFams:0.10333333333333333
DescendantsNoFams:0.09
AncestorsWithFams:0.07333333333333333
AncestorsNoFams:0.07333333333333333
