HTMLElement:0.5566666666666666
Document:0.43666666666666665
TextRectangle:0.37666666666666665
SimpleScriptableTest:0.3
HTMLElementTest:0.28
