BaseFreeContextTransportHandler:0.63
SearchFreeContextRequest:0.49666666666666665
SearchServiceTransportAction:0.31333333333333335
SearchFreeContextTransportHandler:0.31166666666666665
ScrollFreeContextRequest:0.2866666666666667
ScrollFreeContextTransportHandler:0.14003703703703704
BasicBackwardsCompatibilityTest:0.1
