ISpherePlugin:0.7466666666666667
ViewSearchResults:0.35
Messages:0.275
SearchResultViewer:0.25666666666666665
