RxSwipeCaptcha:0.5633333333333334
ActivityLoadingDetail:0.4533333333333333
AndroidBug5497Workaround:0.25333333333333335
ActivityLike:0.19333333333333333
ActivityPopupView:0.16333333333333333
ActivityRxScaleImageView:0.16333333333333333
ActivityCardStack:0.16333333333333333
ActivityRxExifTool:0.14666666666666667
ActivityLoading:0.13
ActivityContact:0.11333333333333333
ActivityRxCaptcha:0.08
