WhoHasAccessDlg:0.43
WhoHasAccessInfoRpcResponseData:0.4166666666666667
GwtViewHelper:0.41055555555555556
