Channels:0.5933333333333334
NettyRequestSender:0.32666666666666666
Protocol:0.2788888888888889
HttpProtocol:0.25
NettyConnectListener:0.2
Processor:0.18
NettyAsyncHttpProvider:0.16666666666666666
NettyConnectionPoolTest:0.14666666666666667
