Forwarding:0.4633333333333333
ForStaticField:0.28400000000000003
ForPoolValue:0.24944444444444447
Appender:0.24400000000000002
FixedValue:0.22
ForNamedField:0.18333333333333332
PreparationHandler:0.15666666666666668
FieldDefiner:0.14
ForStaticInstance:0.13
FieldDefinable:0.059333333333333335
