H2SymmetricDialect:0.36666666666666664
H2Trigger:0.3433333333333333
AbstractEmbeddedTrigger:0.27
H2TriggerTemplate:0.19444444444444445
HsqlDbTrigger:0.16333333333333333
