EdgeFilterState:0.4
EdgeView:0.3566666666666667
NBEdge:0.3433333333333333
JnetFilterLis:0.31
JnetManager:0.31
EdgeFilterTypeGui:0.20666666666666667
DatasetGui:0.15888888888888889
EdgeFilterEvent:0.13333333333333333
