AbstractTestCase:0.5033333333333333
OptionRepositoryImpl:0.29333333333333333
OptionMgmtService:0.20333333333333334
OptionQueryService:0.20333333333333334
