ExecutionContext:0.9005555555555554
ExecutionContextTests:0.15333333333333332
