EventBus:0.8166666666666667
EventBusMethodModifiersTest:0.3333333333333333
IllegalEventMethodName:0.19633333333333333
AbstractEventBusTest:0.18333333333333332
