AWT:0.5133333333333333
ComponentBrowser:0.4666666666666667
ComponentPropertyModel:0.27
