Fiber:0.7233333333333334
Actor:0.46
Migrant:0.24
Main:0.17333333333333334
