DocumentIdValidationActivity:0.5344444444444445
AbstractGetDocumentsSQActivity:0.4533333333333333
RetrieveReplaceExtrinsicIdActivity:0.2808333333333333
