FlowRegistry:0.6483333333333333
XmlFlowRegistrar:0.4533333333333333
XmlFlowRegistryFactoryBean:0.42333333333333334
BaseFlowBuilder:0.22333333333333333
FlowRegistrarImpl:0.16666666666666666
FlowRegistryMBean:0.13666666666666666
FlowRegistryFactoryBean:0.11
FlowRegistrar:0.085
CompositeFlowRegistrar:0.06333333333333334
