Setting:0.8066666666666666
DiskThresholdDecider:0.43
SettingsService:0.34
TimeValueTests:0.27666666666666667
BalancedShardsAllocator:0.2633333333333333
HierarchyCircuitBreakerService:0.2633333333333333
ClusterSettings:0.14
