ATNSerializer:0.33666666666666667
BaseTest:0.33
TestATNParserPrediction:0.2633333333333333
TestATNDeserialization:0.23
TestATNInterpreter:0.21
TestYang:0.15
TestJava:0.15
