Refresh:0.5766666666666667
InternalIndexShard:0.2866666666666667
TransportIndexAction:0.22666666666666666
TransportShardDeleteAction:0.22666666666666666
TransportDeleteAction:0.22666666666666666
RobinEngine:0.2227777777777778
RobinEngineTests:0.2
TransportShardBulkAction:0.19666666666666666
TransportRefreshAction:0.19666666666666666
TransportGetAction:0.195
TransportShardMultiGetAction:0.14
IndexShardGatewayService:0.14
ShardLifecycleListener:0.11333333333333333
EngineRefresher:0.11299999999999999
