Function:0.7533333333333333
ModelGenerator:0.46888888888888886
FunctionDDLUtils:0.38333333333333336
