CollectionHelper:0.6816666666666666
Sorts:0.3933333333333333
QuickTourAdmin:0.21722222222222218
