StringUtils:0.6
RealmBuilder:0.43666666666666665
AsyncHttpProviderUtils:0.21666666666666667
OAuthSignatureCalculator:0.17622222222222222
ThreadSafeHMAC:0.15188888888888888
AuthenticatorUtils:0.14333333333333334
