OsgiServiceProxyFactoryBean:0.5733333333333334
ServiceWrapper:0.36666666666666664
OsgiServiceProxyFactoryBeanTest:0.2633333333333333
OsgiServiceDynamicInterceptor:0.24666666666666667
RetryTemplate:0.23666666666666666
OsgiServiceCollection:0.17666666666666667
OsgiServiceList:0.15666666666666668
OsgiServiceStaticInterceptorTest:0.14166666666666666
OsgiServiceDynamicInterceptorTest:0.13833333333333334
ServiceListenerWrapper:0.13
OsgiNamespaceHandlerTest:0.125
OsgiServiceStaticInterceptor:0.12
Listener:0.09
OsgiServiceInvoker:0.06333333333333334
OsgiServiceClassLoaderInvoker:0.0033333333333333335
