Block:0.8233333333333334
BloomFilter:0.3933333333333333
FakeTxBuilder:0.26666666666666666
