TypeGraph:0.4555555555555556
PatternShapeJaxbGxlIO:0.25
TypeGraphGxl:0.24333333333333335
TestPatternShapeGenerator:0.13333333333333333
PatternShapeGxl:0.043333333333333335
