RpcException:0.5766666666666667
DemoService:0.5633333333333334
RmiInvoker:0.33
RmiProtocolTest:0.17
DemoServiceImpl:0.16666666666666666
