BCUTDescriptor:0.55
BPolDescriptor:0.4266666666666667
BondCountDescriptor:0.3433333333333333
