Options:0.53
JdtParser:0.3466666666666667
FileUtil:0.33666666666666667
GenerationTest:0.28
ObjectiveCHeaderGeneratorTest:0.26
FileProcessor:0.20666666666666667
J2ObjC:0.19833333333333333
ObjectiveCImplementationGeneratorTest:0.19333333333333333
TreeConverter:0.17222222222222222
