PhoneServletTest:0.8033333333333333
PhoneServlet:0.31333333333333335
