Transcript:0.6
GmodNameAdapter:0.4533333333333333
JDBCTransactionWriter:0.32666666666666666
FlyNameAdapter:0.29
RiceNameAdapter:0.1488888888888889
