HostDirectives:0.5066666666666667
RobotstxtServer:0.33666666666666667
RobotstxtConfig:0.20333333333333334
RobotstxtParserNonLowercaseUserAgentTest:0.15333333333333332
RobotstxtParser:0.11666666666666667
