ViewEditorView:0.52
MyRenderer:0.39666666666666667
SQLUtils:0.32666666666666666
