CML2Test:0.36
CMLCoreModule:0.3566666666666667
Convertor:0.33666666666666667
ChemFileCDO:0.31333333333333335
PDBConvention:0.3
CMLWriter:0.187
