Corpus:0.40277777777777773
ProxyConf:0.36333333333333334
BaseParameters:0.2866666666666667
Concordance:0.25666666666666665
Toolbox:0.2225
JFCChartsEngine:0.195
StartRserve:0.19444444444444445
ChartsEngine:0.19333333333333333
RWorkspace:0.18
