CouchbaseTicketRegistry:0.67
CasCoreTicketsConfiguration:0.4533333333333333
CouchbaseTicketRegistryConfiguration:0.23666666666666666
ServiceRegistryConfigWatcher:0.20333333333333334
