Rule:0.7233333333333334
RuleEvent:0.49
CtrlState:0.45
CtrlAut:0.44022222222222224
Var:0.43
GCLNewLexer:0.3433333333333333
GTS:0.31
DefaultGraphTransition:0.3
CtrlTransition:0.29
StartGraphState:0.27
RuleDependencies:0.25333333333333335
SPORule:0.25
GCLChecker:0.24333333333333335
DefaultGraphNextState:0.23666666666666666
StoredGrammarView:0.22866666666666666
AbstractGraphState:0.22666666666666666
GraphState:0.22
MatchSetCollector:0.21666666666666667
GCLNewBuilder:0.21666666666666667
GraphJVertex:0.21666666666666667
ShapeStateGenerator:0.215
AbstractStrategy:0.21333333333333335
CtrlBuildTest:0.21333333333333335
BuchiGraphState:0.21
VirtualEvent:0.21
GraphGrammar:0.21
GCLBuilder:0.20333333333333334
SystemRecord:0.20333333333333334
CtrlFactory:0.20333333333333334
Parameters:0.20088888888888892
Simulator:0.2
ShapeState:0.2
GCLNewParser:0.19666666666666666
ControlVariablesTest:0.19333333333333333
CtrlSchedule:0.19333333333333333
GCLNewChecker:0.19333333333333333
CtrlCall:0.19333333333333333
CtrlJModel:0.19
StateSet:0.19
SPOEvent:0.19
AbstractEvent:0.18
GCLHelper:0.17666666666666667
CompositeEvent:0.17666666666666667
ControlView:0.17455555555555555
IOTest:0.15666666666666668
StateJVertex:0.15
param_return:0.14833333333333334
expression_return:0.14833333333333334
condition_return:0.14833333333333334
var_declaration_return:0.14833333333333334
statement_return:0.14833333333333334
ConfluentMatchSetCollector:0.14666666666666667
DFA12:0.14666666666666667
rule_return:0.145
functions_return:0.145
GraphToTikz:0.14333333333333334
ControlAttributeParametersTest:0.14333333333333334
CtrlPreviewAction:0.13666666666666666
program_return:0.13
block_return:0.12333333333333334
function_return:0.12333333333333334
CTLTransitionMarker:0.12333333333333334
TreeHashStateSet:0.11333333333333333
PreviewAction:0.11
MatchApplier:0.10666666666666667
AllTests:0.06666666666666667
TransitionJEdge:0.05333333333333334
RuleEventApplier:0.04666666666666667
MinimalAnchorFactory:0.03666666666666667
LinearConfluentRules:0.02666666666666667
