ExecutionNodesTask:0.5033333333333333
PartitionedTableIntegrationTest:0.4066666666666667
JobCollectContext:0.31666666666666665
FetchProjector:0.3
ExecutionNodesPlanVisitor:0.20333333333333334
