EnterProjectNamePage:0.5366666666666666
InvitationWizard:0.36666666666666664
RegisterAccountPage:0.29
IWizardPage2:0.27051984126984113
AccountPage:0.27
InvitationWizardUserSelectionPage:0.23333333333333334
EnterProjectNamePageUtils:0.23333333333333334
WizardDialogAccessable:0.14333333333333334
JoinSessionWizardUtils:0.11284259259259263
PrivacyPage:0.11
AllowStatisticSubmissionPage:0.03666666666666667
GeneralSettingsPage:0.02
ShowDescriptionPage:0.0
