DB:0.61
DBCollection:0.47333333333333333
Bytes:0.38666666666666666
DBApiLayer:0.24
Response:0.20333333333333334
