TypeUtils:0.7733333333333333
FieldInfo:0.4866666666666667
JavaBeanDeserializer:0.22333333333333333
DeserializeBeanInfo:0.17333333333333334
FieldInfoTest:0.14333333333333334
ObjectArrayCodec:0.13
