AbstractTraversableOnceTest:0.53
Tree:0.37333333333333335
TreeTest:0.31
AbstractValueTest:0.3
Euler14Test:0.08666666666666667
