WebResponse:0.54
WebRequestSettings:0.5333333333333333
HtmlPage:0.39666666666666667
HttpWebConnection:0.36333333333333334
WebResponseImpl:0.32666666666666666
HtmlPageTest:0.2833333333333333
WebResponseWrapper:0.25666666666666665
DummyWebResponse:0.25333333333333335
FormEncodingType:0.20733333333333331
XMLDocument:0.20666666666666667
HttpWebConnectionTest:0.2
RefreshServlet:0.013333333333333334
