NativeStateMachine:0.6566666666666666
JPF_gov_nasa_jpf_sc_StateMachine:0.2733333333333333
