HtmlInput:0.5633333333333334
HTMLInputElement:0.51
HTMLTextAreaElement:0.32
HtmlTextArea:0.31666666666666665
HtmlInput2Test:0.24666666666666667
