AuthenticationConfigBuilder:0.61
LogoutBeanDefinitionParser:0.3333333333333333
HttpSecurityBeanDefinitionParser:0.32666666666666666
HttpConfigurationBuilder:0.27
