AllRingsFinder:0.4633333333333333
AllRingsFinderTest:0.43333333333333335
SmilesParser:0.4033333333333333
RandomStructureGeneratorTest:0.39666666666666667
