ZooKeeperMasterModel:0.6711111111111111
ZooKeeperAgentModel:0.5733333333333334
