Recursion:0.5633333333333334
ReportFlashList:0.30333333333333334
ReportSosa:0.28
DepthFirst:0.21333333333333335
BreadthFirst:0.19666666666666666
