HiveClient:0.2633333333333333
NativeMetadata:0.22666666666666666
ClassLoaderSafeConnectorMetadata:0.22666666666666666
InMemoryMetadata:0.22666666666666666
ReadOnlyConnectorMetadata:0.15666666666666668
ConnectorMetadata:0.14416666666666667
