ParserATNSimulator:0.8133333333333334
TestJavaLR:0.23666666666666666
TestATNParserPrediction:0.23333333333333334
TestFullContextParsing:0.21
TestT:0.19
TestJava:0.17
