TransportSQLActionTest:0.43666666666666665
ESDeleteByQueryTask:0.42333333333333334
ESDeleteByQueryNode:0.31333333333333335
Planner:0.29
ESQueryBuilderTest:0.24
TransportExecutorTest:0.23333333333333334
NodeVisitor:0.18666666666666668
ESQueryBuilder:0.1638888888888889
Listener:0.08
