Builder:0.4033333333333333
DeterministicKeyChain:0.4
Transaction:0.39133333333333337
TransactionConfidence:0.3566666666666667
Wallet:0.3466666666666667
MarriedKeyChain:0.31166666666666665
KeyChainGroup:0.26
WalletTest:0.24333333333333335
BasicKeyChain:0.21666666666666667
WalletProtobufSerializerTest:0.21
DeterministicKeyChainTest:0.18333333333333332
