Keys:0.62
ObjectGraph:0.3
Linker:0.22333333333333333
AtInjectBinding:0.16666666666666666
FullGraphProcessor:0.11333333333333333
ProviderMethodBinding:0.10333333333333333
