ClassLoaderUtil:0.81
GroovyScriptBinding:0.31
SystemContext:0.24333333333333335
ScriptingComplexVariable:0.17333333333333334
