ParameterContext:0.5569880952380951
ExecutableInvokerTests:0.38333333333333336
DefaultParameterContext:0.38333333333333336
ConfigurableParameterResolver:0.2966666666666667
ArgumentRecordingParameterResolver:0.252
ExecutableInvoker:0.21
MethodSource:0.11994444444444445
