Saros:0.6466666666666666
SarosXMPPContainer:0.5466666666666666
XMPPConnectionTest:0.27666666666666667
