BinaryJedis:0.67
BinaryClient:0.4166666666666667
MultiKeyPipelineBase:0.3
JedisTest:0.26666666666666666
