Tabs:0.67
ListFolderController:0.24666666666666667
SearchController:0.24333333333333335
ListProfilesController:0.13333333333333333
