SystemUtils:0.48
JPPFSystemInformation:0.4533333333333333
ExecutionPolicy:0.3416666666666667
