SPORule:0.4533333333333333
ControlTransition:0.4066666666666667
GCLParser:0.38333333333333336
GCLDeterminismChecker:0.37
Namespace:0.3283333333333333
GCLChecker:0.3006666666666667
GCLBuilder:0.2806666666666667
ControlState:0.27666666666666667
AutomatonBuilder:0.2733333333333333
ControlTest:0.13833333333333334
ControlView:0.12666666666666668
AntlrParser:0.04855555555555555
DFA14:0.015
