MDLReader:0.6766666666666667
MDLReaderTest:0.4866666666666667
