EditorKit:0.77
GOTreeModel:0.4166666666666667
ImageTreeModel:0.12
GOTreeRenderer:0.11666666666666667
