AbstractServerEngine:0.37
WidgetsRefHandler:0.32
Widget:0.29333333333333333
ServerWidgetsHandler:0.29333333333333333
ServerXMLWidget:0.2633333333333333
