FontAwesomeText:0.4166666666666667
color:0.3542857142857143
MainActivity:0.17333333333333334
layout:0.13111111111111112
id:0.13111111111111112
drawable:0.0
