Group:0.44
SpriteBatch:0.39666666666666667
Stage:0.3433333333333333
Image:0.22666666666666666
