Util:0.5533333333333333
HistoryGuru:0.45
Annotation:0.30666666666666664
