ChadoXmlWrite:0.7166666666666667
ChadoXmlAdapter:0.49333333333333335
ChadoXmlAdapterGUI:0.27
