ChemFormat:0.8466666666666667
ChemFormatMatcher:0.3272804232804233
ReaderFactory:0.30666666666666664
CMLReader:0.30333333333333334
CMLWriter:0.2833333333333333
MDLRXNV3000Reader:0.23666666666666666
WWMMatrixReader:0.22666666666666666
ChemObjectIO:0.215
VASPReader:0.21333333333333335
Gaussian98Reader:0.21333333333333335
Gaussian03Reader:0.21333333333333335
CIFReader:0.21333333333333335
MDLWriter:0.21333333333333335
MDLFormat:0.21
DADMLReader:0.21
MDLReader:0.2
MACiEReader:0.2
GaussianInputWriter:0.19666666666666666
GamessReader:0.17
GamessReaderTest:0.17
MDLV3000Reader:0.17
ShelXWriter:0.16
MOPAC97Reader:0.15
JMEFormat:0.15
GaussianInputFormat:0.15
JMEReader:0.14
PDBFormat:0.13666666666666666
DBWriter:0.13333333333333333
CrystClustWriter:0.13333333333333333
MDLRXNReader:0.13333333333333333
FileFormatGuesser:0.13083333333333333
ZMatrixReader:0.12333333333333334
Mol2Reader:0.12333333333333334
ShelXReader:0.12333333333333334
PDBWriter:0.12333333333333334
CDKSourceCodeWriter:0.12333333333333334
GhemicalMMReader:0.12333333333333334
HINReader:0.12333333333333334
CrystClustReader:0.12333333333333334
SMILESWriter:0.12333333333333334
INChIPlainTextReader:0.12333333333333334
PDBReader:0.1211111111111111
MOPAC2002Format:0.11333333333333333
ChemicalRSSReader:0.11333333333333333
MOPAC93Format:0.11333333333333333
IteratingMDLReader:0.10916666666666666
PMPReader:0.10777777777777776
HINFormat:0.1
CrystClustFormat:0.1
ShelXFormat:0.1
CMLFormat:0.1
XYZFormat:0.09333333333333334
SMILESFormat:0.09333333333333334
DBReader:0.0911111111111111
HINWriter:0.0911111111111111
XYZWriter:0.0911111111111111
SMILESReader:0.08777777777777777
XYZReader:0.08777777777777777
SVGWriter:0.08666666666666667
XindiceReader:0.085
INChIReader:0.08333333333333333
IChIReader:0.08333333333333333
MOPAC7Format:0.06
Aces2Format:0.06
CACheFormat:0.06
Gaussian92Format:0.06
DaltonFormat:0.06
ADFFormat:0.06
Gaussian90Format:0.06
Gaussian94Format:0.06
ABINITFormat:0.06
Gaussian95Format:0.06
JaguarFormat:0.06
CDKSourceCodeFormat:0.043333333333333335
INChIFormat:0.03333333333333333
IChIFormat:0.03333333333333333
VASPFormat:0.03333333333333333
PMPFormat:0.03333333333333333
MDLV3000Format:0.03333333333333333
INChIPlainTextFormat:0.03333333333333333
GhemicalMMFormat:0.03333333333333333
MACiEFormat:0.03333333333333333
MDLRXNFormat:0.03333333333333333
CIFFormat:0.03333333333333333
Mol2Format:0.03333333333333333
ZMatrixFormat:0.03333333333333333
MOPAC97Format:0.03333333333333333
MDLRXNV3000Format:0.03333333333333333
Gaussian03Format:0.03333333333333333
Gaussian98Format:0.03333333333333333
GamessFormat:0.023333333333333334
CMLRSSFormat:0.0
