LdapSyncResultsDlg:0.5133333333333333
GroupCoordinator:0.42111111111111116
GwtLdapHelper:0.30666666666666664
