TransactionTests:0.5166666666666667
jOOQAbstractTest:0.4522222222222222
SelectTests:0.35533333333333333
