CustomBoostFactorWeight:0.33666666666666667
FiltersFunctionScoreQuery:0.25
FunctionScoreQuery:0.23333333333333334
FunctionFactorScorer:0.18666666666666668
FiltersFunctionFactorScorer:0.15333333333333332
FunctionScoreTests:0.10666666666666667
