ContainerBuilder:0.5277777777777777
ContainerImplTest:0.27666666666666667
InitializableCheck:0.25333333333333335
EarlyInitializableCheck:0.25333333333333335
