MakeIsoImageService:0.37
MediaComposerService:0.33666666666666667
MediaCreationMgtScpService:0.33666666666666667
AbstractMediaWriterService:0.22
CDRecordService:0.14
