VariableInstance:0.54
VariableContainer:0.36666666666666664
SwimlaneInstance:0.36333333333333334
VariableUpdateLog:0.25333333333333335
