CacheTestSupport:0.42
ClientNearCacheTestSupport:0.37
CacheStatsTest:0.31
CachingProviderTest:0.30333333333333334
PutCacheWriter:0.19666666666666666
CacheLoadAllTest:0.19666666666666666
CacheListenerTest:0.18333333333333332
ClientManagerTest:0.18333333333333332
