LwjglInput:0.44166666666666665
Table:0.4033333333333333
LwjglCanvas:0.32666666666666666
SkinPacker:0.2277777777777778
LwjglFrame:0.1577777777777778
