TextOutput:0.45666666666666667
Trace:0.39
IoUtility:0.35333333333333333
StringUtility:0.23333333333333334
ResourceLoaderUtility:0.22666666666666666
Enumerator:0.19
TextInput:0.056666666666666664
DateUtility:0.03333333333333333
EqualsUtility:0.0
