GeneTable:0.59
SequenceTable:0.38333333333333336
UpdateGene:0.31333333333333335
ObsoleteGene:0.15333333333333332
UnobsoleteGene:0.12333333333333334
IllegalParameterValueException:0.12333333333333334
UserTable:0.10666666666666667
ParameterException:0.0
