JalActionEvent:0.6966666666666667
Popup:0.26
MailTextAction:0.11333333333333333
MailPostscriptAction:0.11333333333333333
InputBoxAction:0.11
PostscriptFileAction:0.11
URLAction:0.11
AppletFileOutputAction:0.11
AppletPostscriptAction:0.11
FileInputAction:0.11
RunCommandAction:0.09
FileOutputAction:0.09
