IndexShard:0.5333333333333333
Engine:0.39
InternalEngine:0.3433333333333333
CombinedDeletionPolicy:0.28
IndexShardTestCase:0.21
CombinedDeletionPolicyTests:0.19
IndexShardTests:0.18333333333333332
SnapshotShardsService:0.17333333333333334
InternalEngineTests:0.16416666666666666
LocalShardSnapshot:0.13
IndexCommitRef:0.09
RecoveryTests:0.07
SnapshotIndexCommit:0.07
