DATASOURCE:0.8566666666666667
DATASOURCE_GEN:0.75
Folder:0.2633333333333333
ConfigurationUtil:0.24
Mail:0.18611111111111112
RegExpPattern:0.16666666666666666
Task:0.16333333333333333
FileSystemDataSource:0.1622222222222222
SubstringPattern:0.16
DataSourceBase:0.16
Document:0.15333333333333332
Note:0.15333333333333332
Appointment:0.15
WebDataSource:0.1452222222222222
OutlookDataSource:0.1452222222222222
RootFolder:0.14333333333333334
DistList:0.14
Contact:0.135
ImapDataSource:0.10666666666666667
OutlookAccessor:0.10333333333333333
OutlookDataSourceFactory:0.1
OutlookCrawlerFactory:0.1
TestDefaultDataSourceRegistry:0.08333333333333333
TestDefaultCrawlerRegistry:0.08
WebDataSourceFactory:0.07666666666666666
FileSystemDataSourceFactory:0.07666666666666666
ImapDataSourceFactory:0.07666666666666666
DATA_GEN:0.04666666666666667
