PredictionContext:0.4066666666666667
ATNConfigSet:0.2966666666666667
ATNConfig:0.2833333333333333
LexerATNSimulator:0.28
ParserATNSimulator:0.26666666666666666
ArrayPredictionContext:0.24333333333333335
