NodeEnvironment:0.51
Store:0.51
IndicesService:0.36633333333333334
InternalTestCluster:0.2633333333333333
NodeAndClient:0.25
NodeEnvironmentTests:0.25
InternalShardLock:0.23472222222222225
IndicesServiceTests:0.15
