InternalConfiguration:0.65
PublisherTest:0.33
DatabaseConfiguration:0.31333333333333335
PublisherQueueTest:0.31333333333333335
