View:0.74
QuoteTest:0.23
RemoveSelectedInCollectionAction:0.22666666666666666
RemoveSelectedInElementCollectionAction:0.051666666666666666
