Widget:0.5666666666666667
AbstractMapItemList:0.44333333333333336
SwingRenderersHandler:0.37666666666666665
