AnnotationSourceChooser:0.6266666666666667
SyntenyEnsJAdapter:0.43666666666666665
SyntenyEnsJAdapterGUI:0.35
TestActionListener:0.05333333333333334
