AttributeMetadata:0.37
ApplicationEntityManagerImpl:0.35333333333333333
BusinessEntityManager:0.31392857142857133
Util:0.2966666666666667
BusinessEntityManagerImpl:0.2833333333333333
