DataObjectFactory:0.6333333333333333
TestBasicSubCrawlerHandler:0.37833333333333335
AbstractJavaMailCrawler:0.37
MimeSubCrawler:0.33
ImapStreamPool:0.2544444444444445
ImapCrawler:0.19333333333333333
CompressorSubCrawlerHandler:0.14333333333333334
MimeSubCrawlerFactory:0.126
MimeSubCrawlerTest:0.056666666666666664
