ParamDefConfig:0.7716666666666666
BotTaskUtils:0.30333333333333334
