TermUtil:0.5766666666666667
AsianPersonRecognition:0.31666666666666665
Graph:0.2733333333333333
UserDefineRecognition:0.25666666666666665
NlpAnalysis:0.19666666666666666
IndexAnalysis:0.17666666666666667
ToAnalysis:0.17666666666666667
UserDefineAnalysis:0.17666666666666667
NewWordRecognition:0.16222222222222224
