DataModelManagerTopComponent:0.5222222222222221
GenericExportPanel:0.5066666666666667
XMLExportFilter:0.36
