CSW202ServiceImplTest:0.5
CswEbrimGETService:0.2733333333333333
GetRecords2QueryTest:0.21333333333333335
GetRecordsValidationTest:0.15333333333333332
