FactoryImpl:0.5222222222222221
OutOfMemoryErrorDispatcher:0.43
Helper:0.36
OutOfMemoryHandler:0.32
DefaultOutOfMemoryHandler:0.13666666666666666
