HeapTracker:0.7
TestRandom:0.31666666666666665
TypeStat:0.04833333333333333
