ScissorStack:0.38
Group:0.295
Container:0.25666666666666665
Table:0.25666666666666665
StageDebug:0.24777777777777782
ScrollPane:0.24
