Scenario:0.61
Board:0.5533333333333333
Map:0.38333333333333336
BoardRoot:0.2633333333333333
ScenarioRoot:0.25666666666666665
Scenario2:0.24333333333333335
Scenario7:0.20333333333333334
BoardDefinition:0.19666666666666666
HexGeometry:0.19305555555555554
DummyBoard:0.17
LOSTest:0.12333333333333334
GameBuilder:0.11
