Http2ConnectionBase:0.5
Http2ClientConnection:0.41333333333333333
VertxHttp2NetSocket:0.4033333333333333
VertxHttp2Stream:0.33133333333333337
Http2TestBase:0.25
Http2ServerConnection:0.23
