PartitionedTableIntegrationTest:0.6333333333333333
AlterTableAddColumnAnalyzer:0.4
AlterTableAddColumnAnalyzerTest:0.37666666666666665
