ValidationAction:0.6266666666666667
IntRangeFieldValidatorTest:0.3566666666666667
ShortRangeFieldValidator:0.2833333333333333
