ColumnIdent:0.5966666666666667
StringUtils:0.3880952380952381
ColumnReferenceCollectorExpression:0.2866666666666667
PartitionInfos:0.19666666666666666
StringUtilsTest:0.17388888888888887
