MapService:0.5433333333333333
MapContainer:0.4216666666666667
RecordStore:0.34587301587301583
SecondsBasedEntryTaskScheduler:0.34
PartitionRecordStore:0.3233333333333333
MapRecordStateOperation:0.21633333333333335
EntryProcessorExecutor:0.19111111111111112
MapRecordTask:0.15444444444444444
EntryTaskSchedulerFactory:0.14
ScheduledEntryProcessor:0.1162777777777778
