BasicFinder:0.52
SampleApp:0.4066666666666667
FinderTest:0.35
CompositeMatcherTest:0.25
CompositeMatcher:0.24444444444444446
ClassMultiMatcherTest:0.12333333333333334
