AdviceFrameTest:0.36666666666666664
ForParameter:0.31666666666666665
ForOrigin:0.2833333333333333
ForReturnValue:0.2783333333333333
FrameAdviceExitOnlyWithSuppressionAndNonExceptionHandling:0.25666666666666665
ForField:0.22248412698412698
ForThisReference:0.21026190476190476
