ColumnUtils:0.5567777777777778
Query:0.4633333333333333
StatementModel:0.37333333333333335
PresentationUtils:0.2833333333333333
StatementUtils:0.21666666666666667
