SnmpUtils:0.6133333333333333
SnmpWalker:0.4066666666666667
IfSnmpCollector:0.2425
OpenNMSTestCase:0.2
SnmpNodeCollectorTest:0.19577777777777777
SnmpCollector:0.18666666666666668
SnmpIfCollectorTest:0.18472222222222223
Snmpv3PluginTest:0.18
