MinimaxTree:0.41333333333333333
MinimaxStrategy:0.4
TemplateListEditor:0.3
LTSJGraph:0.23
ModelCheckingMenu:0.20633333333333334
ActionStore:0.18666666666666668
LabelValue:0.18
EncodedRuleList:0.02666666666666667
