Console:0.59
LineSource:0.34838888888888886
ReadLineSource:0.24
BufferedReaderSource:0.06333333333333334
