SenecaJobSpecification:0.5566666666666666
JudgePage:0.36
StructureElucidationJob:0.3333333333333333
SJSCheckWizardPage:0.2833333333333333
CheckItem:0.22666666666666666
