ViewInfo:0.36333333333333334
RemoteSession:0.19
GroupProfile:0.17333333333333334
UserGroupInfoLight:0.15333333333333332
CompactQuery:0.04666666666666667
View:0.04666666666666667
