VertexStyle:0.5133333333333333
AbstractSelectionRenderer:0.51
SelectionStyllingOptionsPanel:0.49333333333333335
FeatureSelectionRenderer:0.14666666666666667
OptionsPlugIn:0.08666666666666667
