Metadata:0.7733333333333333
TestingMetadata:0.36
MetadataManager:0.22333333333333333
ShowColumns:0.19666666666666666
NativeMetadata:0.195
AstVisitor:0.18
ImportMetadata:0.17333333333333334
StatementAnalyzer:0.17
ShowTables:0.16666666666666666
AbstractMetadata:0.16333333333333333
InformationSchemaData:0.15
MetadataDao:0.14444444444444443
InternalSplit:0.14
SplitManager:0.13
MapTransformer:0.12
InformationSchemaMetadata:0.056666666666666664
