Document:0.6533333333333333
SubmitDocumentResponse:0.31777777777777777
CDAToXDSMapper:0.31666666666666665
UUIDUtils:0.23666666666666666
DocumentExistsCheckActivity:0.16333333333333333
