QueueItem:0.4866666666666667
QueueStoreWrapper:0.26666666666666666
QueueContainer:0.2633333333333333
