TokenAndChainCache:0.46
SHA1DigestCalculator:0.4033333333333333
OcspResponseSessionBean:0.28
OcspResponseInformation:0.28
IntegratedOcspResponseTest:0.26666666666666666
StandaloneOcspResponseGeneratorSessionBean:0.20666666666666667
OCSPUnidExtension:0.18666666666666668
BaseOcspServlet:0.13666666666666666
StandaloneOcspResponseGeneratorSessionTest:0.12666666666666668
IntegratedOcspResponseGeneratorSessionBean:0.12333333333333334
HsmResponseThread:0.06666666666666667
