SNMPDataProcessor:0.71
SyncAction:0.25333333333333335
ReferenceSnmpSyncProvider:0.22833333333333333
