DynamicGeneratedRecord:0.4166666666666667
B:0.41333333333333333
DynamicMethodHandleRecord:0.3433333333333333
DynamicRecordType:0.2966666666666667
ClassInfo:0.15050000000000002
DynamicRecordTest:0.06
