StructureDiagramGenerator:0.7266666666666667
AtomPlacer:0.5166666666666667
StructureDiagramGeneratorTest:0.3
