Nerc:0.43333333333333335
SentenceSplitter:0.33666666666666667
TestSplitterTagger:0.31333333333333335
TestControllers:0.27666666666666667
CustomProgressListener:0.11333333333333333
