GraphManager:0.5166666666666667
XMLPersistenceReader:0.3466666666666667
PersistenceInputDecorator:0.29333333333333333
Reader:0.29333333333333333
PersistenceInput:0.2732777777777778
XMLGraphReader:0.2633333333333333
PersistenceInputStream:0.2633333333333333
