NettyResponseFuture:0.6511111111111111
JDKFuture:0.3811111111111111
ApacheResponseFuture:0.3433333333333333
