IRubyElement:0.5866666666666667
Buffer:0.56
IBuffer:0.5333333333333333
IRubyScript:0.5033333333333333
RubyScript:0.48333333333333334
RubyElement:0.39
MyVisitor:0.3566666666666667
Openable:0.3333333333333333
IBufferChangedListener:0.3272804232804233
ICacheEnumeration:0.3272804232804233
ILRUCacheable:0.3272804232804233
RubyProject:0.28
RubyClass:0.23666666666666666
RubyElementInfo:0.21666666666666667
LRUCache:0.21666666666666667
RubyMethod:0.2
OverflowingLRUCache:0.2
IRubyType:0.2
IRubyProject:0.2
IMember:0.16333333333333333
BufferManager:0.1375
BufferChangedEvent:0.07
WorkingCopyOwner:0.06916666666666667
ElementCache:0.06333333333333334
SourceRefElement:0.05055555555555557
SourceRange:0.05
DefaultWorkingCopyOwner:0.043333333333333335
Util:0.04
IOpenable:0.03666666666666667
ISourceRange:0.03666666666666667
IParent:0.03666666666666667
RubyCore:0.03333333333333333
RubyModule:0.023333333333333334
BufferCache:0.021666666666666667
RubyModelManager:0.02
RubyModelCache:0.02
RubyModelInfo:0.015
ToStringSorter:0.013333333333333334
LRUCacheEnumerator:0.013333333333333334
ISourceReference:0.006666666666666667
IImportContainer:0.0
IField:0.0
IRubyModel:0.0
OpenableElementInfo:0.0
