AbstractWindowManager:0.44666666666666666
DefaultWindowManager:0.4166666666666667
LightweightWindowManager:0.39
