IHeartbeatListener:0.6990555555555555
DataService:0.5033333333333333
DataServiceTest:0.30333333333333334
PushHeartbeatListener:0.2
MockHeartbeatListener:0.19333333333333333
