CaptchaRegistrationHandler:0.7861111111111111
ModalAuthenticationHandler:0.4072222222222222
