IPAddress:0.5533333333333333
IPAddressSet:0.49
IPAddressRange:0.3933333333333333
IPAddressSetTest:0.06
