ChoiceAnnotationDaoTest:0.38666666666666666
RealNumberAnnotationDaoTest:0.20333333333333334
TextAnnotationDaoTest:0.20333333333333334
