OAuthRegisteredService:0.4533333333333333
OAuthConstants:0.32777777777777783
OAuthServletContextListener:0.18333333333333332
OAuth20AccessTokenControllerTests:0.16
DefaultRegisteredServiceMapper:0.15
OAuth20AccessTokenController:0.14333333333333334
OAuth20ProfileController:0.11
RegisteredServiceOAuthTypeEditBean:0.08611111111111112
