ClusterTest:0.39666666666666667
AddRemoveListener:0.32666666666666666
ListenerManager:0.32
ListenerRegistrationProcess:0.23333333333333334
MSize:0.19666666666666666
MultiCall:0.19666666666666666
AddRemoveListenerOperationHandler:0.16111111111111112
