Matrix:0.5733333333333334
MatrixRunner:0.2633333333333333
MatrixTask:0.20333333333333334
NonBlockingMatrixRunner:0.18666666666666668
ExtMatrixTask:0.04666666666666667
