ApolloPanel:0.42333333333333334
Selection:0.34
FeatureSelectionEvent:0.28
SelectionManager:0.23111111111111116
ApolloFrame:0.21
SelectionItem:0.18666666666666668
EvidencePanel:0.18
RowSelectionListener:0.15666666666666668
SetDetailPanel:0.15666666666666668
TablePanel:0.09333333333333334
