FlickrDataSource:0.5033333333333333
FlickrCredentials:0.33
FlickrCrawler:0.24
FLICKRDS:0.21333333333333335
