RuleApplication:0.8133333333333334
Attributes:0.43333333333333335
