TestAPIA:0.53
TestHTTPStatusCodes:0.47888888888888886
TestAPIALite:0.38
TestAPIALiteConfigC:0.16
TestAPIAConfigC:0.11333333333333333
TestAPIALiteConfigA:0.11
TestAPIAConfigA:0.11
TestHTTPStatusCodesConfigA:0.08333333333333333
