ContinuousSpectrumView:0.45666666666666667
PeakSpectrumView:0.43
Structure2DView:0.24666666666666667
SpectrumMetadataView:0.23666666666666666
PeakView:0.17
FeedEntryHTMLView:0.16666666666666666
