ProjectTest:0.5
TestProject:0.443734126984127
MockPublisher:0.443734126984127
MockListener:0.443734126984127
MockBuilderChangesProjectConfig:0.21640079365079365
