RosterViewComponent:0.6791666666666667
SarosStateImp:0.42833333333333334
RosterViewComponentImp:0.42333333333333334
TestChangingNameInRosterView:0.31666666666666665
