Spark:0.6733333333333333
SparkServer:0.37166666666666665
GenericIntegrationTest:0.36666666666666664
SparkServerImpl:0.19
