ForwardingCall:0.44333333333333336
ForwardingServerCall:0.26
ClientInterceptorsTest:0.20333333333333334
ClientAuthInterceptor:0.19111111111111112
ForwardingListener:0.16666666666666666
MetadataUtils:0.15
CheckedForwardingCall:0.11333333333333333
TestUtils:0.10333333333333333
