WebSocketImpl:0.6
WebSocketClient:0.4
WebSocketServer:0.3433333333333333
SocketChannelIOHelper:0.19944444444444448
ProxyClientExample:0.17805555555555555
WebsocketWriteThread:0.13444444444444445
SSLClientExample:0.09
