Transaction:0.6186666666666667
TransactionImpl:0.51
XAResourceImpl:0.3
XAResourceWrapper:0.2833333333333333
