Maps:0.4
ChangesTracker:0.32
UploadFileAction:0.25833333333333336
MovieTest:0.21333333333333335
LoadImageIntoGalleryAction:0.18333333333333332
Discussion:0.18
JPAFilePersistor:0.15
DWRBase:0.12666666666666668
Requests:0.04
UploadFileIntoFilesetAction:0.03333333333333333
RemoveFileFromFilesetAction:0.0033333333333333335
