MockMvcRequestSpecificationImpl:0.46
RestAssuredMockMvc:0.4033333333333333
RestAssuredMockMvcConfig:0.38666666666666666
MockMvcRequestSpecBuilder:0.22
MultiPartFileUploadITest:0.21666666666666667
MockMvcRequestSenderImpl:0.2
MockMvcRequestSpecificationMergingTest:0.15166666666666667
PutTest:0.13666666666666666
AsyncTest:0.13666666666666666
PostTest:0.12333333333333334
GreetingControllerRestAssuredTest:0.10666666666666667
NonMultiPartFileUploadITest:0.03666666666666667
