Printer:0.56
Preferences:0.3933333333333333
Main:0.35333333333333333
GCodeRepRap:0.31333333333333335
GenericRepRap:0.30666666666666664
Simulator:0.28
GenericExtruder:0.22333333333333333
Panel3D:0.21666666666666667
Producer:0.21333333333333335
GCodeReaderAndWriter:0.21166666666666667
GerberGCode:0.21
AllSTLsToBuild:0.20666666666666667
Utility:0.18833333333333332
PCB:0.18666666666666668
PrintTabFrame:0.17666666666666667
StepperPositionJPanel:0.17666666666666667
MachineFactory:0.12333333333333334
segmentSpeeds:0.07583333333333334
