Grammar:0.62
Tool:0.3983333333333333
LeftRecursiveRuleAnalyzer:0.36
GrammarRootAST:0.31142857142857144
LeftRecursiveRuleTransformer:0.18333333333333332
