Function:0.8033333333333333
OrOperator:0.2
EqOperator:0.15666666666666668
AndOperator:0.145
EqOperatorTest:0.14333333333333334
OrOperatorTest:0.10666666666666667
