AbstractDataProviderHandler:0.7447222222222223
DataDrivenDataProviderHandler:0.4266666666666667
