CmsCAServiceResponse:0.5797777777777778
CmsCAService:0.5433333333333333
CmsCAServiceRequest:0.3566666666666667
TestCmsCAService:0.06666666666666667
