ConvolutionLayer:0.5366666666666666
SubsamplingLayer:0.43
ConvolutionUtils:0.4033333333333333
TestConvolutionModes:0.17333333333333334
InputTypeUtil:0.13666666666666666
CNNGradientCheckTest:0.10666666666666667
