HtmlUnitDOMBuilder:0.7
MalformedHtmlTest:0.32666666666666666
HTMLTableColElementTest:0.27666666666666667
