TestApp:0.5333333333333333
Permit:0.37666666666666665
PartitionServiceImpl:0.2633333333333333
SemaphoreTest:0.23
SemaphoreReplicationOperation:0.13666666666666666
