ApplicationConfig:0.47560317460317453
Jetty9WebSocketHandler:0.42
TomcatWebSocketUtil:0.3333333333333333
JettyWebSocketUtil:0.2866666666666667
