Streams:0.6083333333333333
NumberRange:0.335
QueryTest:0.19333333333333333
