MboxCrawler:0.4666666666666667
TestMboxCrawler:0.25
AbstractSubCrawler:0.21333333333333335
SubCrawlerHelper:0.16666666666666666
TestDefaultSubCrawlerRegistry:0.07666666666666666
SubHandlerWrapper:0.06
MboxSubCrawlerFactory:0.03333333333333333
