StandardUtilities:0.6833333333333333
PluginTableModel:0.36666666666666664
HeaderMouseHandler:0.18083333333333335
EntryCompare:0.16444444444444445
ManagePanel:0.09666666666666666
HeaderRenderer:0.09333333333333334
