INChIHandler:0.36
INChIReader:0.30666666666666664
ReaderFactoryTest:0.29333333333333333
INChIPlainTextReader:0.25666666666666665
INChIPlainTextReaderTest:0.25
ReaderFactory:0.19
INChIContentProcessorTool:0.16666666666666666
IOTests:0.07333333333333333
