URLConnectionTest:0.58
CertificatePinner:0.2833333333333333
CertificateChainCleanerTest:0.21
BasicTrustRootIndex:0.19
Builder:0.16333333333333333
BasicCertificateChainCleaner:0.14833333333333334
OkHttpClientTest:0.09333333333333334
AndroidCertificateChainCleaner:0.09166666666666666
AndroidTrustRootIndex:0.08666666666666667
