SqlTemplate:0.63
Region:0.4166666666666667
SqlTemplateTest:0.22333333333333333
MethodInvokeProcessor:0.12
