JChemPaint:0.7033333333333334
JChemPaintPanel:0.5388888888888889
JCPMenuTextMaker:0.2511111111111111
JCPEditorAppletTest:0.24333333333333335
AddHydrogenAction:0.12
