PersistenceManager:0.43333333333333335
SubjectMatchDAO:0.4266666666666667
FRILMatchAlgorithm:0.27
BlockingConfig:0.20666666666666667
BlockingPassConfig:0.07
