TestDateTime_Properties:0.42
TestYearMonthDay_Properties:0.30333333333333334
TestTimeOfDay_Properties:0.2866666666666667
TestDateMidnight_Properties:0.26
AbstractReadableInstantFieldProperty:0.175
AbstractPartialFieldProperty:0.17166666666666666
