PublicationImage:0.5066666666666667
DriverConductor:0.3233333333333333
DataPacketDispatcher:0.25666666666666665
DataPacketDispatcherTest:0.18
NetworkPublication:0.1575
CleanupImage:0.13
CleanupPublication:0.13
CleanupSubscriptionLink:0.10666666666666667
