Editor:0.4533333333333333
MainFrame:0.38333333333333336
Main:0.295
GateFormatXmlDocumentHandler:0.2866666666666667
DocumentEditor:0.2733333333333333
NewAnnotationAction:0.27
UserGroupEditor:0.21838888888888888
CollectionSelectionDialog:0.21666666666666667
SearchDialog:0.21333333333333335
SerialControllerEditor:0.21333333333333335
AnnotDiffDialog:0.20666666666666667
OptionsDialog:0.20366666666666666
GateIMDescriptor:0.19
TestJape:0.18166666666666667
Editor_AboutBox:0.175
ListEditorDialog:0.17333333333333334
TestXml:0.17333333333333334
NewResourceDialog:0.16833333333333333
CorpusAnnotDiffDialog:0.16666666666666666
HelpFrame:0.16333333333333333
LocaleHandler:0.14333333333333334
RunAction:0.14
OptimizeIndexAction:0.13666666666666666
DeleteIndexAction:0.13666666666666666
ResourcesTreeCellRenderer:0.135
EditAnnotationAction:0.12877777777777777
JDBCDSPersistence:0.11666666666666667
ReloadClassAction:0.11666666666666667
LoadResourceFromFileAction:0.115
NewDSAction:0.115
OpenDSAction:0.115
LoadCreoleRepositoryAction:0.115
DeleteSelectedAnnotationsAction:0.115
AddAction:0.115
PopulateCorpusAction:0.11333333333333333
DeleteAction:0.11333333333333333
CloseAction:0.11333333333333333
CreateIndexAction:0.11333333333333333
ReloadAction:0.11333333333333333
SaveCorpusAsXmlAction:0.08
LoadDatasetFromArffAction:0.07666666666666666
LoadAction:0.07666666666666666
LoadModelAction:0.07666666666666666
DumpToFileAction:0.07666666666666666
SaveToAction:0.07666666666666666
AddCreoleRepositoryAction:0.07666666666666666
SaveAction:0.07666666666666666
SaveModelAction:0.07666666666666666
NewDocumentAction:0.07
