UIContext:0.54
Launch:0.4666666666666667
StepRunner:0.44666666666666666
Script:0.4166666666666667
Fixture:0.35333333333333333
ScriptEditor:0.3433333333333333
Recorder:0.3233333333333333
ScriptTest:0.30666666666666664
ComponentTesterTest:0.26666666666666666
EventRecorder:0.24666666666666667
AWTHierarchy:0.24
AbstractSemanticRecorderFixture:0.22666666666666666
EventRecorderTest:0.20833333333333334
ForkedStepRunner:0.20666666666666667
ScriptFixture:0.2
LaunchEditorTest:0.2
FixtureTest:0.2
StepRunnerTest:0.19666666666666666
Appletviewer:0.195
RobotAppletTest:0.18
AppletviewerTest:0.18
ScriptEditorTest:0.17666666666666667
FontChooserTest:0.17333333333333334
NonDelegatingClassLoaderTest:0.17166666666666666
SlaveStepRunner:0.16666666666666666
EditorQuitAction:0.16333333333333333
InternalFrameWatcher:0.16333333333333333
EventWatcher:0.13666666666666666
MyCodeTest:0.13166666666666665
LaunchTest:0.13
XMLConstants:0.12333333333333334
InsertScriptAction:0.12
LaunchAction:0.11783333333333333
ScriptTableSelectionHandler:0.1075
TestStepRunner:0.09333333333333334
DefaultRecorder:0.08666666666666667
MyCodeStressTest:0.06166666666666667
InsertFixtureAction:0.05333333333333334
EditorStepRunner:0.03666666666666667
FixtureEditor:0.0
EditorConstants:0.0
DynamicLoadingConstants:0.0
