Preference:0.30333333333333334
UnitInfoPanel:0.3
SettlementMapPanel:0.2986111111111111
BuildingPanelFoodProduction:0.2866666666666667
PopUpUnitMenu:0.27
BuildingPanelManufacture:0.25
BuildingPanel:0.23
MarsProjectFX:0.22333333333333333
ScenarioConfigEditorFX:0.21333333333333335
FoodProductionProcessInfo:0.2
BuildingFunctionPanel:0.2
ManufactureProcessInfo:0.18416666666666667
ManufactureSelectionListCellRenderer:0.17666666666666667
SalvageProcessInfo:0.16
ManufactureProcess:0.14111111111111113
FoodProductionSelectionListCellRenderer:0.14
JComboBoxMW:0.13666666666666666
