CMap:0.45666666666666667
MLock:0.3466666666666667
MProxyReal:0.31666666666666665
DistributedLock:0.2866666666666667
ConcurrentMapManager:0.18666666666666668
TransactionTest:0.18666666666666668
