GenericAnnotationI:0.5333333333333333
AnnotationEditor:0.49666666666666665
CurationSet:0.4066666666666667
FeatureTypes:0.3933333333333333
Controller:0.35333333333333333
GenericAnnotation:0.3466666666666667
ApolloPanel:0.3233333333333333
SequenceTextPanel:0.29333333333333333
FeatureEditorDialog:0.24666666666666667
AnnotationChangeLog:0.24333333333333335
ExonHolder:0.23666666666666666
AnnotationView:0.22333333333333333
BaseMouseListener:0.22166666666666668
GAMEAdapter:0.22
DrawableAnnotatedFeatureSet:0.21777777777777782
ApolloFrame:0.21666666666666667
SetDetailPanel:0.20666666666666667
SeqMatchPanel:0.20666666666666667
DrawableAnnotatedSeqFeature:0.20333333333333334
GenericAnnotationSet:0.20333333333333334
GFFAdapter:0.2
CORBAAdapter:0.2
EvidencePanel:0.19333333333333333
EvidenceSelectionSet:0.18333333333333332
BaseFineEditor:0.17666666666666667
SequenceView:0.17
TierMenu:0.16666666666666666
FeatureTreePanel:0.15833333333333333
FineAnnotationView:0.13833333333333334
AnnotationChangeVector:0.13666666666666666
DrawableAnnotationConstants:0.12333333333333334
ResultView:0.1
AnnotationChangeDoodad:0.09
AnnotationChangeCoalescer:0.051666666666666666
