TraceSignatureVisitor:0.5233333333333333
MethodSignatureVisitor:0.52
ParamoTest:0.28277777777777774
