AssertionsAssertThrowsTests:0.6583333333333333
AssertThrows:0.4927777777777777
