Index:0.37333333333333335
QueryTest:0.3433333333333333
HazelcastClient:0.29
ConnectionManager:0.23111111111111116
TransactionImpl:0.22333333333333333
EntryObject:0.13333333333333333
AbstractPredicate:0.1
ClusterQueueTest:0.09
