TypeDescriptor:0.39
StepFactory:0.3233333333333333
HopParser:0.2866666666666667
HopSymbolTableWalker:0.25
TypeChecker:0.24
DFA18:0.13
DFA29:0.13
LibraryReturn:0.12333333333333334
SpeakStep:0.03666666666666667
