FieldSearchSQLImplIntegrationTest:0.4533333333333333
TestAtomDOSerializer:0.4
DOValidatorXMLSchemaTest:0.38666666666666666
TestFedoraWebXML:0.24833333333333332
DummyServer:0.15
TestFedoraUsers:0.13666666666666666
