CreateIndexRequest:0.30333333333333334
CreateIndexTests:0.25333333333333335
MetaDataCreateIndexService:0.18666666666666668
RestoreService:0.18
UpdateNumberOfReplicasTests:0.17
SharedClusterSnapshotRestoreTests:0.17
