TESTICN:0.9011111111111112
ListTest:0.49666666666666665
