GwtServerHelper:0.5766666666666667
GwtMenuHelper:0.33
GwtQuickViewDlg:0.3011111111111111
ProfileFollowingWidget:0.2605555555555556
GwtViewHelper:0.26
GwtMainPage:0.255
ProfileMainPanel:0.25
GwtActivityStreamHelper:0.25
