Types:0.6233333333333333
ObjectiveCSourceFileGenerator:0.35333333333333333
ObjectiveCImplementationGenerator:0.29333333333333333
ObjectiveCHeaderGenerator:0.26
