Robot:0.5933333333333334
RobotTest:0.41
FrameTesterTest:0.25333333333333335
FrameRecorder:0.14333333333333334
FrameTester:0.06333333333333334
