RuntimeEnvironment:0.6633333333333333
Configuration:0.54
SearchEngine:0.32666666666666666
Search:0.21333333333333335
Indexer:0.1811111111111111
