Frontier:0.6013333333333334
FrontierHostStatistics:0.5533333333333333
HostQueuesFrontier:0.43333333333333335
FrontierMarker:0.42
NewFrontier:0.37333333333333335
CrawlOrder:0.2733333333333333
CrawlController:0.27
CrawlJobHandler:0.24666666666666667
HostQueuesFrontierMarker:0.12333333333333334
RecoveryJournal:0.1
URIQueueMatcher:0.07666666666666666
