EvaluationExpression:0.52
EvaluationExpressionsPreferencePage:0.4266666666666667
EvaluationExpressionReaderWriter:0.3333333333333333
