EBinary:0.5066666666666667
MethodWriter:0.36333333333333334
WriterConstants:0.35444444444444445
EChain:0.31666666666666665
StringTests:0.29
