ServerEngine:0.7766666666666666
AbstractServerEngine:0.43333333333333335
EditorEngine:0.36777777777777776
LoaderUtilities:0.28
ClickListener:0.20333333333333334
