Wallet:0.7366666666666667
WalletProtobufSerializer:0.31
WalletProtobufSerializerTest:0.22
WalletTool:0.21666666666666667
ChainSplitTest:0.21333333333333335
WalletTest:0.21
FilteredBlockAndPartialMerkleTreeTests:0.09
