FileType:0.8066666666666666
EditorPlugin:0.5
StatsDialog:0.2733333333333333
TodoEditorPlugin:0.15
TypeSelection:0.13
