Image:0.5366666666666666
Subscription:0.4166666666666667
Publication:0.30666666666666664
PublicationTest:0.22333333333333333
ImageTest:0.20666666666666667
SubscriptionTest:0.18
