ESTestCase:0.59
AbstractSearchAsyncAction:0.45666666666666667
SearchDfsQueryThenFetchAsyncAction:0.22666666666666666
SearchQueryThenFetchAsyncAction:0.22666666666666666
TransportSearchAction:0.12
SearchTimeProvider:0.0033333333333333335
