Sequence:0.73
ClustalxColourScheme:0.29
JalCheckBoxMenuItem:0.23
Consensus:0.22444444444444447
AlignmentUtil:0.14333333333333334
ColourAction:0.14
