Try:0.6133333333333333
Future:0.4
TryTest:0.2966666666666667
