Jedis:0.5733333333333334
JedisCluster:0.3466666666666667
MultiKeyCommands:0.24666666666666667
JedisCommands:0.2275
ShardedJedis:0.21666666666666667
