User:0.5933333333333334
CustomField:0.52
Project:0.35333333333333333
Permission:0.31666666666666665
Version:0.2833333333333333
Report:0.24666666666666667
ProjectScript:0.22166666666666668
ScheduledTask:0.22142857142857145
Configuration:0.20666666666666667
Notification:0.19666666666666666
IssueRelation:0.19666666666666666
Language:0.19333333333333333
CustomFieldValue:0.18666666666666668
CompareByFieldAndPriority:0.17666666666666667
ImportDataModel:0.16666666666666666
IssueHistory:0.16333333333333333
NameValuePair:0.10666666666666667
UserComparator:0.0
SortOrderComparator:0.0
NameComparator:0.0
RoleComparator:0.0
