LdapModuleImpl:0.6
NetFolderHelper:0.38
GwtNetFolderHelper:0.36666666666666664
HomeDirInfo:0.31333333333333335
UserCoordinator:0.26166666666666666
