AnnotationDescription:0.5733333333333334
Default:0.4633333333333333
ForLoadedType:0.3933333333333333
ArrayProjection:0.2966666666666667
SubclassInstrumentedType:0.29
InlineInstrumentedType:0.29
Latent:0.29
AnnotationAppender:0.23666666666666666
ConflictingInterfaceMethod:0.23333333333333334
OverridenClassMethod:0.23333333333333334
ForLoadedAnnotation:0.23333333333333334
TypePool:0.19333333333333333
DelegationProcessor:0.18666666666666668
ForLoadedConstructor:0.1811111111111111
ForLoadedMethod:0.1811111111111111
AnnotationMethodMatcher:0.175
UnloadedFieldDescription:0.17333333333333334
AbstractFieldDescription:0.17333333333333334
ForLoadedField:0.17
ForType:0.16
TargetMethodAnnotationDrivenBinder:0.16
ForAnnotation:0.15666666666666668
TypeAttributeAppender:0.15444444444444444
MethodAttributeAppender:0.15333333333333332
UnloadedMethodDescription:0.14333333333333334
AnnotatedElement:0.0
