Parameter:0.5938888888888889
TestCreole:0.4666666666666667
