HTTPMessage:0.487
Execution:0.3933333333333333
HTTPProtocol:0.21666666666666667
InputOperation:0.18
SocketListener:0.13666666666666666
