Robolectric:0.5433333333333333
ContextTest:0.4
TestFragmentTransaction:0.3233333333333333
ShadowLocationManager:0.3
ParcelTest:0.29333333333333333
LocationManagerTest:0.2633333333333333
TestFragmentManager:0.25333333333333335
ShadowDialogFragment:0.23
ShadowMessage:0.18
ShadowContext:0.17333333333333334
ShadowParcel:0.14
MessageTest:0.13666666666666666
DialogFragmentTest:0.11333333333333333
