StateTracker:0.55
MasterActor:0.4533333333333333
HazelCastStateTracker:0.4066666666666667
WorkerActor:0.2966666666666667
ComputableMaster:0.273
ActorNetworkRunnerTest:0.17
DeepLearningAccumulator:0.14
MatrixUtilTests:0.08666666666666667
