FFmpegFrameGrabber:0.7933333333333333
Frame:0.3566666666666667
FrameGrabberTest:0.12222222222222223
