Utils:0.74
AbstractResultQuery:0.41
Routine:0.40061111111111114
AbstractRoutine:0.30666666666666664
