DataTransferManager:0.65
AdvancedPreferencePage:0.41333333333333333
BytestreamTransport:0.26166666666666666
