Tds:0.65
EncodingHelper:0.49333333333333335
TdsComm:0.2833333333333333
TimeoutHandler:0.1877777777777778
