AbstractEntityPersister:0.58
Dialect:0.37666666666666665
Property:0.35
PropertyBinder:0.24666666666666667
Oracle8iDialect:0.22333333333333333
