Summary:0.5478214285714285
Excerpt:0.5019960317460318
Summarizer:0.4866666666666667
MainFrame:0.41
HistoryLineTokenizer:0.4
DirectoryListing:0.21733333333333335
