Builder:0.47333333333333333
TimeZoneRoundingTests:0.36333333333333334
TimeIntervalRounding:0.34
TimeUnitRounding:0.31666666666666665
InternalDateHistogram:0.19333333333333333
Rounding:0.16666666666666666
DateHistogramParser:0.12333333333333334
DateHistogramAggregator:0.11666666666666667
DateHistogramAggregatorFactory:0.10833333333333334
Streams:0.10666666666666667
