WebKeys:0.426626984126984
WorkspaceTreeHelper:0.3988888888888889
PlayTutorialController:0.37333333333333335
