AbstractSamlProfileHandlerController:0.7833333333333333
ECPProfileHandlerController:0.33166666666666667
