DateTimeFunctions:0.5333333333333333
TestExpressionCompiler:0.32
TestUnixTimeFunctions:0.31666666666666665
TestExpressionInterpreter:0.28
CanonicalizeExpressionRewriter:0.17333333333333334
