ReflectionUtils:0.49333333333333335
ReflectionUtilsTest:0.37333333333333335
Child:0.29833333333333334
IParent:0.2585555555555555
