AbstractJobDaoTests:0.5816666666666667
JdbcJobDaoTests:0.3433333333333333
