CertificateProfile:0.7066666666666667
CertificateData:0.43333333333333335
CertToolsTest:0.3933333333333333
EndEntityInformation:0.3
CertificateCreateSessionBean:0.2633333333333333
CertificateStoreSession:0.23120634920634922
SimpleRequestMessage:0.23
CertificateStoreSessionBean:0.12333333333333334
CertificateCreateSessionTest:0.08333333333333333
