paginator:0.4766666666666667
GridStringAdapter:0.3566666666666667
GridJRAdapter:0.3566666666666667
catelogGrid:0.33916666666666667
