Library:0.4066666666666667
DataFileCache:0.31333333333333335
Log:0.30333333333333334
TextCache:0.26066666666666666
Column:0.23
ValuePoolHashMap:0.2
