DebugChemObjectBuilder:0.3933333333333333
NoNotificationChemObjectBuilder:0.3933333333333333
DefaultChemObjectBuilder:0.3566666666666667
IChemObjectBuilder:0.27166666666666667
DebugMolecularFormula:0.25
DebugMolecularFormulaSet:0.25
DebugAdductFormula:0.22666666666666666
NNAdductFormula:0.14555555555555555
NNMolecularFormulaSet:0.14555555555555555
NNMolecularFormula:0.08609523809523811
