GlobalSerializerConfig:0.3566666666666667
AbstractSerializationService:0.275
XMLConfigBuilderTest:0.25333333333333335
SpringXmlBuilderHelper:0.23
DefaultSerializationServiceBuilder:0.22555555555555556
AbstractXmlConfigHelper:0.20333333333333334
IssuesTest:0.19
SerializationTest:0.10333333333333333
