Request:0.51
JavaApiConverterTest:0.34
HttpEngine:0.2966666666666667
RequestTest:0.2188888888888889
CacheAdapter:0.17666666666666667
URLEncodingTest:0.13
