DocumentParser:0.4066666666666667
InternalParseContext:0.38666666666666666
ParseContext:0.37666666666666665
GeoShapeFieldMapper:0.24333333333333335
FilterParseContext:0.23616666666666664
DocumentMapper:0.22583333333333333
DynamicMappingTests:0.21666666666666667
AbstractFieldMapper:0.20583333333333337
