OptionChoice:0.36444444444444446
OptionNumeric:0.25333333333333335
OptionBoolean:0.03
Option:0.016666666666666666
