SimplePlugin:0.4592619047619047
InternetSearchPlugin:0.4577777777777778
InternetSearch:0.37666666666666665
Elements:0.13
