NettyServerStream:0.44166666666666665
MessageFramer:0.3466666666666667
NettyServerStreamTest:0.31
AbstractServerStream:0.2866666666666667
AbstractServerStreamBase:0.14583333333333334
