Option:0.5166666666666667
OptionProvider:0.42
Impl:0.32
OptionListener:0.3027420634920635
App:0.20111111111111113
ActionOptions:0.17333333333333334
OptionsWidget:0.17333333333333334
