Script:0.7683333333333333
TestSelector:0.31333333333333335
