Bucket:0.44333333333333336
SignificantTermsBuilder:0.28
UnmappedSignificantTerms:0.2733333333333333
SignificantStringTerms:0.25666666666666665
InternalSignificantTerms:0.21333333333333335
SignificantTermsAggregatorFactory:0.19
SignificantTermsParametersParser:0.18
SignificantStringTermsAggregator:0.15333333333333332
GlobalOrdinalsSignificantTermsAggregator:0.15333333333333332
SignificantTermsTests:0.14
SignificantLongTerms:0.13666666666666666
SearchModule:0.12
SignificantLongTermsAggregator:0.11
ParseField:0.10166666666666667
SignificantTermsParser:0.03
