BasicInvocation:0.5333333333333333
BasicOperationService:0.42333333333333334
WaitingOp:0.2733333333333333
RemoteCallKey:0.26
OperationHandler:0.26
OperationBackupHandler:0.24777777777777782
ReplicationPublisher:0.22194444444444447
ResponsePacketHandler:0.18
RemoteInvocationResponseHandler:0.16333333333333333
OperationPacketHandler:0.12944444444444442
SpiDataSerializerHook:0.11333333333333333
BackupTimeoutHandlerThread:0.10666666666666667
