HazelcastClientInstanceImpl:0.48
ClientInvocation:0.3433333333333333
BackpressureRegulatorTest:0.27
InvocationRegistry:0.26666666666666666
ClientBackpressureBouncingTest:0.23
MyRunnable:0.17444444444444446
ClientProperty:0.045182539682539685
