Delegation:0.6025
SimpleFunctionParser:0.24
ConstructorInstantiator:0.1588888888888889
ConfigurationPropertyInstantiator:0.1588888888888889
