Saros:0.6533333333333333
TestSaros:0.3433333333333333
SarosContext:0.2225
BasicFrameworkTest:0.16166666666666668
PreferenceInitializer:0.15
EclipseHelperTestSaros:0.10333333333333333
IEclipsePreferencesWrapper:0.056666666666666664
IPreferenceStoreWrapper:0.056666666666666664
PreferenceHolderWrapper:0.04666666666666667
AbstractSarosUnitTest:0.006666666666666667
