MainWindowFX:0.69
SettlementScene:0.18333333333333332
MenuScene:0.17
MainToolBar:0.13666666666666666
