HumanFriendlyProbeRenderer:0.5846666666666667
PerformanceMonitorTest:0.20166666666666666
HumanFriendlyProbeRendererTest:0.023333333333333334
