MqlNode:0.9366666666666666
MqlBinaryOperator:0.23333333333333334
