NodeService:0.525
SimpleIntegrationTest:0.46166666666666667
TestSetupUtil:0.31666666666666665
