Whitelist:0.4822222222222223
Cleaner:0.3233333333333333
Parser:0.2833333333333333
Jsoup:0.2488888888888889
CleanerTest:0.22
