EntryBackupOperation:0.49666666666666665
PartitionWideEntryOperation:0.4266666666666667
MultipleEntryOperation:0.4033333333333333
EntryOperation:0.35333333333333333
EntryProcessorTest:0.28
MultipleEntryBackupOperation:0.26461111111111113
PartitionWideEntryBackupOperation:0.2
