ShardRouting:0.54
IndexShard:0.47
IndexShardTests:0.32
ClusterStateChanges:0.25333333333333335
PeerRecoveryTargetService:0.2511111111111111
RoutingNodesChangedObserver:0.24666666666666667
RoutingChangesObserver:0.23777777777777775
DelegatingRoutingChangesObserver:0.23333333333333334
AbstractRoutingChangesObserver:0.22166666666666668
RoutingNodes:0.20133333333333334
StartedShardsRoutingTests:0.03916666666666667
