HopParser:0.6633333333333333
DFA20:0.15333333333333332
DFA14:0.15333333333333332
action_call_return:0.09083333333333334
