AsmUtil:0.56
MethodSignatureVisitor:0.44
ProxettaAsmUtil:0.36333333333333334
MethodInfo:0.3
TraceSignatureVisitor:0.1983333333333333
