AnalysisPanel:0.43666666666666665
AnalysisAdapter:0.4066666666666667
AbstractParser:0.24666666666666667
AnalysisAdapterGUI:0.24333333333333335
