DocumentImpl:0.7008333333333333
Document:0.6719999999999999
TestDocument:0.43
