ChildQuerySearchIT:0.43333333333333335
HasParentQueryBuilder:0.39
BaseQueryTestCase:0.39
ChildQuerySearchBwcIT:0.25333333333333335
ChildSearchBenchmark:0.2227777777777778
HasParentQueryParser:0.12333333333333334
