RIQueue:0.3383333333333333
ResourceIndexImpl:0.27
RISearchServlet:0.22333333333333333
