AnnotatedClassProcessor:0.49
MovieTest:0.4533333333333333
Processor:0.15666666666666668
