ComposedQuery:0.6133333333333333
Evaluator:0.5612142857142858
ComposedSubquery:0.29333333333333333
