BindingBuilderImpl:0.48333333333333334
LinkedProviderBindingImpl:0.4
MyVisitor:0.25333333333333335
BindingVisitor:0.14083333333333334
