GwtGraphics:0.47
GwtApplication:0.4033333333333333
GwtApplicationConfiguration:0.2567063492063492
GdxGwtTest:0.15333333333333332
