Model:0.44333333333333336
RenderBatch:0.36
TestShader:0.3288888888888889
ModelBatch:0.2966666666666667
BatchRenderTest:0.25666666666666665
NewModelTest:0.17
LwjglDebugStarter:0.12666666666666668
