Management:0.5627777777777778
DefaultManagement:0.5033333333333333
BasicDigitalObject:0.48333333333333334
FedoraAPIMBindingSOAPHTTPImpl:0.20666666666666667
