CertTools:0.8266666666666667
SubjectDNProxy:0.27
TestCertTools:0.14333333333333334
