CacheStatistic:0.30633333333333335
WFInitializerLogic:0.2633333333333333
LogMover:0.25
PeriodicChecker:0.24666666666666667
TransactionSupport:0.20666666666666667
CacheUsageStatisticLogger:0.16333333333333333
TimersRemover:0.1624761904761905
TaskAssigner:0.1624761904761905
