Tag:0.616388888888889
AdminProcessor:0.2833333333333333
TagQueryService:0.14666666666666667
