JtdsResultSet:0.36333333333333334
Support:0.33610317460317457
BlobImpl:0.2823333333333333
TdsCore:0.27
JtdsStatement:0.24666666666666667
TdsData:0.23666666666666666
