CAAdminSessionBean:0.43333333333333335
ca:0.3616666666666667
CaAdminCommandFactory:0.2633333333333333
CaRestoreKeyStoreCommand:0.09333333333333334
CaRemoveKeyStoreCommand:0.09333333333333334
TestCAKeystoreExportRemoveRestore:0.043333333333333335
