GwtRpcService:0.5003333333333333
GwtRpcServiceAsync:0.49366666666666664
GwtTeaming:0.3566666666666667
UserStatusControl:0.35333333333333333
UserStatus:0.27666666666666667
GwtRpcServiceImpl:0.17333333333333334
