JCPController2D:0.7133333333333334
MFAnalyser:0.2833333333333333
SaturationChecker:0.2633333333333333
