FieldBinderTest:0.33666666666666667
Foo:0.265
SuperCallBinderTest:0.17333333333333334
DefaultCallBinderTest:0.17333333333333334
ThisBinderTest:0.17333333333333334
ArgumentBinderTest:0.17333333333333334
OriginBinderTest:0.15666666666666668
PipeBinderTest:0.15666666666666668
DefaultBinderTest:0.15666666666666668
AllArgumentsBinderTest:0.15666666666666668
SuperBinderTest:0.15
MorphBinderTest:0.13333333333333333
PrimitiveUnboxingDelegateOtherTest:0.04666666666666667
AbstractAnnotationBinderTest:0.04
EmptyBinderTest:0.04
