StatsStorage:0.6816666666666666
StatsListenerStorageReceiver:0.44416666666666665
StatsReport:0.44333333333333336
