SimpleConvertsAnnotationTest:0.12666666666666668
SimpleConvertAnnotationTest:0.12666666666666668
ExplicitEnumConvertersTest:0.09666666666666666
XmlWithExplicitConvertAnnotationsTest:0.09666666666666666
ExplicitDateConvertersTest:0.09666666666666666
BasicJodaTimeConversionTest:0.09666666666666666
