DadmlBrowserPlugin:0.7365555555555555
DirBrowserPlugin:0.41766666666666663
