View:0.58
CustomerWithSectionTest:0.41333333333333333
ModuleManager:0.3233333333333333
WebURLFormatter:0.04
