DrawableResourceLoaderTest:0.3466666666666667
Qualifiers:0.33666666666666667
ResBundle:0.27666666666666667
ShadowDrawableTest:0.19666666666666666
ResBundleTest:0.11666666666666667
drawable:0.04666666666666667
