FontSelectorDialog:0.16921544
TextAreaOptionPane:0.09683936
AppearanceOptionPane:0.094594456
QuickNotepadOptionPane:0.089454055
PrintOptionPane:0.042397127
jEdit:0.029905327
GutterOptionPane:0.029253883
GUIUtilities:0.01641683
