FolderForm:0.85
BasicFormModel:0.24333333333333335
XDSIExportCtrl:0.21666666666666667
TFSelectorCtrl:0.19666666666666666
