ISymmetricDialect:0.7044444444444444
RouterService:0.38
DataGapRouteReader:0.30333333333333334
AbstractSymmetricDialect:0.29333333333333333
AbstractRouterServiceTest:0.22666666666666666
DataGapDetector:0.18666666666666668
