ELF:0.61
ELFImpl:0.4166666666666667
ELFRandomAccessFile:0.37666666666666665
ProgramHeader:0.31
UnloadedSection:0.24111111111111114
