PortletRequestUtils:0.74
RelevanceDashboardHelper:0.44666666666666666
RelevanceAjaxController:0.2866666666666667
