IResponseMessage:0.6066666666666667
ScepRequestMessage:0.46
ScepResponseMessage:0.35
IRequestMessage:0.2678730158730158
RSASignSessionBean:0.25333333333333335
PKCS10RequestMessage:0.25
PKCS7RequestMessage:0.2
X509ResponseMessage:0.14416666666666667
ScepPkiOpHelper:0.13777777777777778
