TableManager:0.7166666666666667
Table:0.5091269841269841
