NBEdge:0.6233333333333333
NBNode:0.5066666666666667
RamAdapter:0.32666666666666666
TabFileAdapter:0.27
