WebSocketServer:0.6622222222222222
WebSocketClient:0.5333333333333333
