IsAccepted:0.54
IsExcluded:0.45
ParametersInterceptor:0.37
DefaultExcludedPatternsChecker:0.22666666666666666
DefaultAcceptedPatternsChecker:0.21666666666666667
