StatementMatcher:0.5033333333333333
LoggerPane:0.31166666666666665
QueryLoggingData:0.2633333333333333
DebugListener:0.22
BreakpointEditor:0.20333333333333334
StatementMatcherPane:0.19777777777777777
StatementInfo:0.17
LocalStatementExecutor:0.14333333333333334
