NBNode:0.6022222222222222
NBrowseApplet:0.44666666666666666
GoView:0.33166666666666667
