AbstractCacheService:0.5166666666666667
QueryCacheConfig:0.4266666666666667
MapContainer:0.34
CacheRecordFactory:0.22333333333333333
