GwtMainPage:0.5533333333333333
GwtShowProfileView:0.5133333333333333
UserStatusControl:0.25333333333333335
GwtTeaming:0.19666666666666666
