ShadowApplicationPackageManager:0.41333333333333333
ShadowPackageManagerTest:0.4066666666666667
RuntimeEnvironment:0.39
Robolectric:0.38
ShadowPackageManager:0.2733333333333333
RobolectricPackageManager:0.2733333333333333
ShadowContextWrapperTest:0.17666666666666667
ParallelUniverse:0.155
RobolectricTest:0.13666666666666666
DefaultPackageManagerIntentComparatorTest:0.12
ShadowActivityThread:0.11333333333333333
IntentComparator:0.05
