NearCachedClientMapProxy:0.5433333333333333
ClientMapNearCacheTest:0.44666666666666666
NearCacheTest:0.29
Pre38NearCacheEventHandler:0.22333333333333333
RepairableNearCacheEventHandler:0.20666666666666667
NearCachedClientCacheProxy:0.19333333333333333
