Element:0.5
Tag:0.49
Parser:0.37666666666666665
Validate:0.36666666666666664
Attributes:0.3566666666666667
Node:0.3233333333333333
Document:0.30666666666666664
CleanerTest:0.30333333333333334
ParserTest:0.25333333333333335
ElementTest:0.21333333333333335
TagTest:0.20666666666666667
ElementsTest:0.19333333333333333
DocumentTest:0.15333333333333332
DataUtil:0.14
Entities:0.11833333333333333
StringUtil:0.07833333333333334
NodeTest:0.052222222222222225
AttributeParseTest:0.05
Dataset:0.03888888888888889
