IndexShard:0.8333333333333334
UpgradeReallyOldIndexTest:0.3333333333333333
IndexShardTests:0.15666666666666668
