RBM:0.5333333333333333
BaseOptimizer:0.35
GradientAdjustment:0.2546666666666667
NegativeDefaultStepFunction:0.15333333333333332
DefaultStepFunction:0.14333333333333334
MultiLayerTest:0.08333333333333333
