ContentEditBean:0.39666666666666667
StorageBean:0.3333333333333333
MediaComposerBean:0.33
SeriesBean:0.31666666666666665
StudyOnFileSystemBean:0.2633333333333333
StudyBean:0.25333333333333335
FileSystemMgtBean:0.25
MPPSManagerBean:0.19666666666666666
FileSystemMgtSupportBean:0.02666666666666667
