ObjectNode:0.4866666666666667
LocalObjectLight:0.37
PoolNode:0.24333333333333335
