BaseTest:0.47333333333333333
TestTreeWizard:0.16333333333333333
TestTrees:0.15666666666666668
TestTreeIterator:0.12
TestTreeNodeStream:0.12
