RestHighLevelClient:0.3333333333333333
Request:0.2866666666666667
RestHighLevelClientTests:0.26666666666666666
RequestTests:0.26666666666666666
