Extruder:0.81
Printer:0.65
GenericExtruder:0.36333333333333334
Producer:0.34
LayerRules:0.22222222222222224
LayerProducer:0.20666666666666667
GenericRepRap:0.16666666666666666
GCodeExtruder:0.12333333333333334
