DB:0.7216666666666667
DBApiLayer:0.3616666666666667
