Tds:0.55
TdsDataSource:0.30333333333333334
ParameterUtils:0.2811111111111111
Procedure:0.27666666666666667
TdsStatement:0.2683333333333333
PacketRowResult:0.26
CallableStatement_base:0.25166666666666665
TdsConnection:0.24
CursorResultSet:0.21
TdsResultSetMetaData:0.20666666666666667
Driver:0.19
PreparedStatement_base:0.18666666666666668
TdsDefinitions:0.16333333333333333
TdsObjectFactory:0.11
ParameterListItem:0.08333333333333333
