SearchAllTerms:0.4877222222222222
NonTairAnnotationStrategy:0.4877222222222222
