ToxForestApp:0.40166666666666667
AbstractApplication:0.39
ToxTreeApp:0.29333333333333333
