SettlementRegistry:0.6566666666666666
MultiplayerClient:0.37
SettlementTableModel:0.33
ScenarioConfigEditorFX:0.29333333333333333
MultiplayerServer:0.24
ModeTask:0.18
CentralRegistry:0.023333333333333334
SettlementInfo:0.016666666666666666
