IcalCrawler:0.5466666666666666
GEO:0.4322222222222222
TestIcalCrawler:0.33666666666666667
ApertureTestBase:0.22666666666666666
VocabularyWriter:0.22333333333333333
