Spark:0.575
Service:0.4216666666666667
EmbeddedJettyServer:0.40111111111111114
