CSSStyleDeclaration:0.7383333333333333
HTMLDocument:0.4083333333333333
