JFXPainterUtils:0.8505555555555555
ActiveAreaRenderer:0.2733333333333333
