ConcurrentMapManager:0.41
MergeLatch:0.2733333333333333
FactoryImpl:0.27
WanReplicationTest:0.25
MRemove:0.19666666666666666
Entries:0.18666666666666668
WanNoDelayReplication:0.13511111111111113
