RetrieveInfo:0.49666666666666665
QueryRetrieveScpService:0.43666666666666665
MoveTask:0.3
FileRetrieveFailedException:0.18
