ConversationRedirect:0.43333333333333335
FlowExecutionRedirect:0.4
AbstractFlowExecutionTests:0.32666666666666666
ApplicationViewSelector:0.225
TextToViewSelectorTests:0.22
ApplicationViewSelectorTests:0.18
FlowExecutorImpl:0.18
NullViewSelector:0.14666666666666667
RedirectType:0.10666666666666667
NullViewSelection:0.03333333333333333
