IBioResource:0.6733333333333333
BioResource:0.61
IPersistedResource:0.3963888888888889
GadgetTransfer:0.32666666666666666
folderUtils:0.29333333333333333
FileResource:0.27
PersistedResource:0.21333333333333335
BioclipseConstants:0.21166666666666667
FolderResource:0.19333333333333333
BioResourceView:0.18
RootFolderResource:0.14666666666666667
StringResource:0.115
CopyGadgetAction:0.07977777777777778
CutGadgetAction:0.07144444444444445
PasteTreeGadgetAction:0.031111111111111107
FileUtils:0.02666666666666667
GadgetTreeDropAdapter:0.02
GadgetDragListener:0.02
