Language:0.6933333333333334
Permission:0.45666666666666667
ITrackerResources:0.39
UserServiceImplTest:0.2733333333333333
WorkflowUtilitiesTest:0.26666666666666666
NotificationServiceImpl:0.26666666666666666
ConfigurationServiceImpl:0.26
IssueUtilitiesTest:0.25666666666666665
FormatLinkTag:0.25
FormatImageActionTag:0.24666666666666667
ITrackerResourceBundle:0.24333333333333335
UserServiceImpl:0.23666666666666666
SystemConfigurationUtilities:0.22333333333333333
ConfigurationServiceImplTest:0.20333333333333334
ITrackerResourcesTest:0.19333333333333333
PropertiesFileHandler:0.19305555555555554
LanguageForm:0.17
PermissionDAOImplTest:0.15333333333333332
EditLanguageAction:0.08666666666666667
NotificationServiceTest:0.08
EditPreferencesFormAction:0.07333333333333333
EditLanguageFormAction:0.03
LanguageKeyComparator:0.0
LanguageValueComparator:0.0
