PathMatcherServerWebExchangeMatcher:0.45166666666666666
ServerWebExchangeMatchersTests:0.4166666666666667
ServerWebExchangeMatchers:0.4066666666666667
AbstractServerWebExchangeMatcherRegistry:0.36
AuthorizeExchangeBuilderTests:0.32666666666666666
