LuceneProvider:0.6133333333333333
SearchUtils:0.48333333333333334
LuceneReadSession:0.4552619047619048
NilLuceneReadSession:0.30666666666666664
LocalLuceneReadSession:0.26666666666666666
SsfIndexInterface:0.14416666666666667
