Def:0.47333333333333333
RuntimeClass:0.3333333333333333
Cast:0.26
DefOperationTests:0.19416666666666665
Transform:0.17111111111111113
AnalyzerCaster:0.15666666666666668
EExplicit:0.013333333333333334
