AsyncHandlerExtensions:0.7008333333333334
EventCollectingHandler:0.555
NettyRequestSender:0.3333333333333333
NettyConnectListener:0.24333333333333335
NettyAsyncProviderBasicTest:0.13
NettyBasicHttpsTest:0.11
