FluxSceneBuilder:0.5066666666666667
JOCLCore:0.5033333333333333
FluxSceneSerializer:0.45666666666666667
GPUFluxLightModel:0.32666666666666666
MeasurementAggregater:0.27977777777777774
FluxPrimitive:0.21666666666666667
FluxSensor:0.16
GPUFluxWhittedTracer:0.07666666666666666
GPUFluxLightTracer:0.06333333333333334
GPUFluxPathTracer:0.06333333333333334
FluxDetector:0.03
