Saaj11Implementation:0.6011111111111112
AbstractSaajImplementationTestCase:0.20099999999999998
