Bc_reactionPlugin:0.7516111111111111
LayoutPreferencePage:0.39222222222222225
