IRaAdminSessionRemote:0.5631111111111111
ICertificateStoreSessionRemote:0.5631111111111111
LocalCertificateStoreSessionBean:0.44666666666666666
LocalRaAdminSessionBean:0.3566666666666667
ICertificateStoreSessionLocal:0.19416666666666665
IRaAdminSessionLocal:0.19416666666666665
CaImportProfilesCommand:0.15333333333333332
