Environment:0.5933333333333334
Security:0.51
Bootstrap:0.43666666666666665
SecurityTests:0.09666666666666666
