CaffeineConfiguration:0.8533333333333334
Builder:0.29333333333333333
Configurator:0.28
TypesafeConfigurationTest:0.18
