ChemObject:0.37
Element:0.2833333333333333
Isotope:0.19833333333333333
Crystal:0.19833333333333333
SingleElectron:0.16444444444444445
Molecule:0.16111111111111112
LonePair:0.1511111111111111
Monomer:0.1511111111111111
ElectronContainer:0.14333333333333334
