MockTaskManager:0.6433333333333333
TestQueryResourceServer:0.30666666666666664
TestHttpQueryProvider:0.30333333333333334
SqlTaskManager:0.13666666666666666
TaskScheduler:0.13666666666666666
HttpQueryClient:0.12666666666666668
