Tag:0.6922222222222222
TagCache:0.33
TagQueryService:0.20333333333333334
TagProcessor:0.11666666666666667
