Times:0.7466666666666667
ArticleQueryService:0.5366666666666666
CommentQueryService:0.2866666666666667
UserQueryService:0.2866666666666667
StatisticProcessor:0.16333333333333333
