WindowsDisplay:0.7233333333333334
WindowsSysImplementation:0.22333333333333333
