Rule:0.5516666666666666
Aspect:0.44
TypeFactory:0.37
VariableNode:0.36333333333333334
TypeNode:0.3333333333333333
TypeLabel:0.33
Condition:0.3288888888888889
TypeGraph:0.29
DefaultNode:0.27
RuleGraph:0.2633333333333333
StoreFactory:0.25666666666666665
HostFactory:0.25333333333333335
ValueNode:0.23333333333333334
DefaultHostNode:0.22333333333333333
DeltaHostGraph:0.21
RuleFactory:0.20666666666666667
BasicEvent:0.20476190476190476
TypeModel:0.2
DefaultNodeChecker:0.2
AutomatonTest:0.2
Level4:0.2
ReteNetwork:0.19666666666666666
RuleGraphMorphism:0.19666666666666666
AspectJVertex:0.19666666666666666
LevelTree:0.18666666666666668
RuleModel:0.18666666666666668
Level2:0.18
DefaultRuleNode:0.17666666666666667
CompositeTypeModel:0.17666666666666667
ShapeFactory:0.17333333333333334
GraphCreationTest:0.15333333333333332
BinaryEdgeTest:0.15333333333333332
MyIterator:0.13666666666666666
TypeEdge:0.13
DefaultFactory:0.11
RuleModelMap:0.10333333333333333
ShapeNode:0.09666666666666666
Level3:0.09333333333333334
