WindowTest:0.6797222222222223
HTMLElementTest:0.5414444444444444
