BeanImpl:0.6
NonRegistryManagedBeanConsumingIntegrator:0.45
AbstractBeanImpl:0.23333333333333334
NonRegistryManagedStandardCdiSupportTest:0.14333333333333334
NonRegistryManagedDelayedCdiSupportTest:0.14333333333333334
NonRegistryManagedExtendedCdiSupportTest:0.14333333333333334
NamedBeanImpl:0.1
