Matrix:0.82
MatrixRunner:0.3466666666666667
ExtMatrixTask:0.21333333333333335
