SpectrumResource:0.5166666666666667
JCampMetadataFormPage:0.43666666666666665
JcampToCMLSpectrumMapper:0.33666666666666667
MetadataModifiyListener:0.1588888888888889
JCampLabelProvider:0.14666666666666667
MetadataFormPage:0.07
