Analysis:0.8166666666666667
FastIndexAnalysis:0.44
TestError:0.06666666666666667
