Buffer:0.7133333333333334
ParserRuleSet:0.43333333333333335
XModeHandler:0.2833333333333333
BufferPrinter1_4:0.25
TokenMarker:0.24
BufferPrinter1_3:0.23666666666666666
FileCellRenderer:0.13
CharIndexedSegment:0.10333333333333333
