JavaDocumentCreator:0.42
b:0.37666666666666665
typeTwo:0.36333333333333334
dummyResponse:0.15
GetProductList:0.10333333333333333
ProductItem:0.1
GetProductListResponse:0.056666666666666664
ArticleItem:0.04666666666666667
dummyRequestOne:0.02666666666666667
