CreateAlterTableStatementAnalyzerTest:0.4766666666666667
TableSettingsTest:0.31333333333333335
TableParameterInfo:0.26
InformationSchemaTest:0.21
InformationTablesTableInfo:0.19333333333333333
InformationPartitionsTableInfo:0.14
TablesSettingsExpression:0.12
PartitionsSettingsExpression:0.12
Columns:0.1
References:0.06
CrateTableSettings:0.04816666666666666
