Builder:0.47
Internal:0.425
HttpConnection:0.31666666666666665
Entry:0.2866666666666667
HeadersTest:0.20666666666666667
