ListEditor:0.4533333333333333
SwingUtil:0.44666666666666666
ProgressableFileInputStream:0.36
FontChooser:0.32
AdvancedSwingUtil:0.14666666666666667
EdgeBorder:0.13666666666666666
ProgressableInputStream:0.10333333333333333
ProgressableURLInputStream:0.006666666666666667
