OfficesTest:0.6783333333333333
DeliveryTypesTest:0.42333333333333334
