FileSystemMgtService:0.57
WADOSupport:0.42333333333333334
FileSystemMgtBean:0.3566666666666667
