LayoutManager:0.5166666666666667
Configuration:0.4633333333333333
Starter:0.26
XmlDataSource:0.23
ImageAttribute:0.18666666666666668
XmlParser:0.17333333333333334
LuceneSearch:0.16666666666666666
ScreenshotMonitoringTask:0.14333333333333334
DialogPanel:0.13666666666666666
AttributeCategory:0.1311111111111111
AttributeEditDialog:0.12
AttributeTypeEditDialog:0.10666666666666667
ConfigurationWindow:0.10333333333333333
IssueKeyAttributeType:0.09333333333333334
SimpleTextAttribute:0.07444444444444444
MonitoringConfigTab:0.05333333333333334
ImagePanel:0.043333333333333335
ScreenshotAttributeType:0.01
BuildInData:0.0
