Game:0.6033333333333334
ServerGame:0.38
FreeColServer:0.2966666666666667
