AbstractTestQueries:0.5633333333333334
TestLogicalPlanner:0.37333333333333335
PlanBuilder:0.29333333333333333
PlanOptimizers:0.19
