X_AD_Rule:0.4766666666666667
X_AD_Client:0.4166666666666667
X_M_Shipper:0.31333333333333335
X_C_Campaign:0.25333333333333335
X_GL_Category:0.23666666666666666
