WrapperManager:0.5061111111111112
ListMadvocConfig:0.3111111111111111
FiltersManager:0.23666666666666666
InterceptorsManager:0.23666666666666666
