PlannerTest:0.5133333333333333
DocIndexMetaDataTest:0.3333333333333333
Context:0.30333333333333334
Routing:0.25666666666666665
RoutingTest:0.23333333333333334
DocSysColumns:0.2
CollectorContext:0.16166666666666665
LuceneDocCollector:0.15333333333333332
ShardCollectService:0.08666666666666667
MapSideDataCollectOperation:0.06666666666666667
