FeatureCollection:0.26666666666666666
AssociationType:0.21333333333333335
SimpleFeatureFactory:0.21333333333333335
Operation:0.12527777777777777
FeatureVisitor:0.1162777777777778
SimpleTypeFactory:0.1162777777777778
FeatureType:0.008333333333333333
AttributeType:0.008333333333333333
