Option:0.4266666666666667
HtmlSelect:0.33666666666666667
HtmlOption:0.30666666666666664
HTMLSelectElement:0.18666666666666668
SelectTest:0.18333333333333332
OptionsArray:0.1811111111111111
OptionTest:0.08666666666666667
