TinyintType:0.45
BooleanType:0.45
BlockEncodingManager:0.32666666666666666
TestingBlockEncodingSerde:0.21666666666666667
