Swagger:0.36
SecuritySchemeDefinition:0.334
Json:0.2833333333333333
Path:0.27
SecurityRequirement:0.25666666666666665
OAuth2Definition:0.24
AbstractProperty:0.22666666666666666
GenericRef:0.22666666666666666
ApiKeyAuthDefinition:0.22666666666666666
ExternalDocs:0.22
Response:0.19666666666666666
Yaml:0.17333333333333334
BasicAuthDefinition:0.16333333333333333
AbstractModel:0.13333333333333333
