SequenceI:0.67
SeqFeature:0.39666666666666667
FeatureSet:0.3933333333333333
GAMEAdapter:0.38333333333333336
Sequence:0.3433333333333333
TranslatedSequence:0.3333333333333333
CurationSet:0.29
ScrollableTierView:0.25666666666666665
DataLoader:0.19
TierMenu:0.18666666666666668
AnnotationMenu:0.17666666666666667
BaseMouseListener:0.12333333333333334
Alignment:0.10111111111111111
