Map:0.7333333333333333
Set:0.5833333333333334
Empty:0.3398888888888889
Iterator:0.31666666666666665
Tree:0.3088888888888889
AbstractTraversableTest:0.29
Traversable:0.25333333333333335
HashSet:0.24333333333333335
Cons:0.22666666666666666
AbstractSeqTest:0.22333333333333333
Node:0.20666666666666667
Vector:0.20333333333333334
Queue:0.18666666666666668
HashMap:0.17666666666666667
HashSetTest:0.13
AbstractNode:0.13
