DataTypeTests:0.5233333333333333
TimestampDiff:0.2633333333333333
DateDiff:0.2633333333333333
PGIntervalConverter:0.23333333333333334
DateExpression:0.17666666666666667
