BaseEditorPanel:0.55
SeqWrapper:0.37333333333333335
CORBAAdapterGUI:0.19
RightClickActionListener:0.18133333333333332
NavClickListener:0.08666666666666667
