AsyncIOInterceptor:0.6266666666666667
AtmosphereInterceptorWriter:0.5966666666666667
AsyncIOInterceptorTest:0.14666666666666667
AndroidAtmosphereInterceptor:0.14
JSONPAtmosphereInterceptor:0.14
MessageLengthInterceptor:0.13666666666666666
SSEAtmosphereInterceptor:0.13666666666666666
