ShardUpsertResponse:0.44333333333333336
BulkShardProcessor:0.4033333333333333
SymbolBasedBulkShardProcessor:0.27666666666666667
BulkRetryCoordinator:0.26
TransportShardUpsertAction:0.24861111111111114
UpsertByIdContext:0.20333333333333334
SymbolBasedTransportShardUpsertAction:0.19333333333333333
SymbolBasedBulkShardProcessorTest:0.18333333333333332
BulkRequestExecutor:0.17777777777777778
SymbolBasedUpsertByIdTask:0.12333333333333334
BulkShardProcessorTest:0.11333333333333333
UpdateProjector:0.075
UpsertByIdContextTest:0.06666666666666667
