RegistryController:0.5702777777777778
AdminServerWebConfiguration:0.57
AdminServerProperties:0.3566666666666667
RevereseZuulProxyConfiguration:0.35
