DataAccessPoint:0.089388385
DataAccessPointException:0.034178436
Transfer:0.028261155
TransferTable:0.028251365
TransferHelper:0.024575718
SQLStatements:0.02181751
TransferResultSet:0.011198175
JDBCTypes:0.0014515108
Traceable:1.5992332E-4
