LirsPolicy:0.605
CacheTesting:0.5991666666666666
PolicyBuilder:0.2866666666666667
