HL7Fields:0.5627777777777778
HL7FieldsImpl:0.4633333333333333
HL7SegmentImpl:0.26666666666666666
HL7Segment:0.25666666666666665
