HTTPProcessor:0.6183333333333333
LengthLimitedInputStream:0.5233333333333333
DownloadEngine:0.39
