RegistryConfig:0.7051111111111112
MonitorConfig:0.21822222222222223
