ExampleSubChild:0.5766666666666667
ExampleSub:0.5733333333333334
ExampleSubDaoTest:0.5466666666666666
