SnmpThresholder:0.39
JRobinRrdStrategy:0.31833333333333336
RrdStrategy:0.2773055555555555
RrdUtils:0.26666666666666666
QueuingRrdStrategy:0.2633333333333333
LatencyThresholder:0.24666666666666667
JniRrdStrategy:0.15666666666666668
