LineElement:0.5266666666666666
ElementGroup:0.36666666666666664
OvalElement:0.36
IRenderingVisitor:0.356
IntermediateRenderer:0.20666666666666667
WedgeLineElement:0.205
BasicBondGenerator:0.20333333333333334
AbstractFontManager:0.17666666666666667
TextElement:0.17333333333333334
AtomMassSymbolElement:0.14
RingElement:0.12666666666666668
BondModule:0.12666666666666668
HighlightGenerator:0.12666666666666668
BasicGenerator:0.12
ExtraGenerator:0.1
AtomSymbolModule:0.1
RingGenerator:0.09333333333333334
AtomModule:0.08
AWTFontManager:0.05333333333333334
TransformingDrawVisitor:0.04666666666666667
AtomSymbolElement:0.04
DistanceSearchVisitor:0.016666666666666666
HighlightBondModule:0.0
HighlightModule:0.0
