IngestDocument:0.5333333333333333
RandomDocumentPicks:0.4166666666666667
IngestDocumentTests:0.14666666666666667
