HTTPFilterBase:0.7466666666666667
HibernateSessionGuardFilter:0.26666666666666666
NTLMFilter:0.19
HTTPSessionFilter:0.06666666666666667
