ArrayBucket:0.4266666666666667
SharedRow:0.3
SortingTopNProjector:0.2633333333333333
CollectionBucket:0.2633333333333333
Buckets:0.18333333333333332
