Elem:0.9604444444444444
Info:0.3933333333333333
