LSTMHelpers:0.43666666666666665
GravesLSTM:0.42
GravesBidirectionalLSTM:0.41
GravesBidirectionalLSTMTest:0.19
ElementWiseVertex:0.18750000000000003
MergeVertex:0.18750000000000003
TestVariableLengthTS:0.13666666666666666
