LayerPainter:0.5666111111111111
AbstractServerEngine:0.36
ConcreteLayerPainter:0.31666666666666665
SwingFactory:0.2833333333333333
DevicesPainter:0.2
SuperLayerPainter:0.2
