BinderHelper:0.59
AjaxController:0.5133333333333333
MobileAjaxController:0.47333333333333333
