Environment:0.6133333333333333
FieldInterceptionHelper:0.44916666666666666
SettingsFactory:0.2833333333333333
