BinderModuleImpl:0.5166666666666667
IndexErrors:0.36
IndexHelper:0.25666666666666665
IndexSynchronizationManagerInterceptor:0.18166666666666667
ManageSearchIndexController:0.13
