MapProxyImpl:0.6211111111111111
MapProxySupport:0.38333333333333336
SimpleMapStore:0.29333333333333333
NearCacheTest:0.20333333333333334
