CA:0.66
CAInfo:0.4633333333333333
TestCreateCRLSession:0.24666666666666667
CAAdminSessionBean:0.24
EjbcaWS:0.21666666666666667
TestDeltaCRL:0.19666666666666666
CAInterfaceBean:0.18166666666666667
CreateCRLSessionBean:0.14333333333333334
BaseCaAdminCommand:0.10666666666666667
CRLUpdateWorker:0.1
