AdmobAdapter:0.4766666666666667
adap:0.3566666666666667
TestAdvancedAdmobActivity:0.3233333333333333
AdHolder:0.17314814814814813
