QueryMonitor:0.43666666666666665
QueryCompletionEvent:0.3958333333333333
QueryCreatedEvent:0.30333333333333334
