Transaction:0.7266666666666667
WalletProtobufSerializer:0.41
WalletProtobufSerializerTest:0.19333333333333333
