Converters:0.5833333333333334
DefaultDataType:0.4766666666666667
DefaultBinding:0.37
DateAsTimestampBinding:0.19666666666666666
DefaultConverterProvider:0.17
