AdminService:0.571388888888889
TxmUser:0.54
SubscribeForm:0.2733333333333333
AuthenticationServiceImpl:0.22666666666666666
AdminServiceAsync:0.14416666666666667
ProfileForm:0.14333333333333334
AdminServiceImpl:0.12
ManageUserTab:0.1
