NewSpectrumDetailWizardPage:0.45666666666666667
NewSpectrumFileWizardPage:0.4
NewSpectrumWizard:0.3333333333333333
InputDialog:0.22
