FormAction:0.525
DefaultDocumentLoaderTests:0.4533333333333333
ResultObjectEventFactoryTests:0.40166666666666667
