AbstractSelection:0.5633333333333334
IncrementalSelection:0.4066666666666667
IChemObjectSelection:0.38
