CellRenderer:0.41
GraphEditorTab:0.36
ConfigDialog:0.30333333333333334
CloseListener:0.29333333333333333
ModelHandler:0.24666666666666667
LayoutDialog:0.23666666666666666
ListPanel:0.23
PrologDisplay:0.21333333333333335
StringDialog:0.20333333333333334
ImagerFrame:0.1980952380952381
BoundedModelCheckingDialog:0.1827777777777778
FindReplaceDialog:0.18
TemplateListEditor:0.17
SelectionListener:0.16666666666666666
EnumeratedEditor:0.14333333333333334
MyCellRenderer:0.03
SyntaxCellRenderer:0.02
