WebClient:0.4377777777777778
MockWebConnection:0.4322222222222223
WebClientTest:0.24333333333333335
