ControlState:0.4066666666666667
Simulator:0.35
AutomatonBuilder:0.3
ControlTransition:0.29333333333333333
AbstractModelCheckingStrategy:0.27666666666666667
DefaultLabel:0.2733333333333333
Converter:0.26666666666666666
SystemProperties:0.24333333333333335
GraphToTikz:0.22
TableModel:0.21666666666666667
Editor:0.21333333333333335
AboutBox:0.20722222222222222
ControlTest:0.19722222222222222
ClosingStrategy:0.19666666666666666
TypeAspect:0.19666666666666666
SystemRecord:0.18666666666666668
Property:0.18333333333333332
RelabelDialog:0.17976190476190476
Version:0.14333333333333334
ErrorListPanel:0.14
ControlStateCache:0.09333333333333334
CellRenderer:0.062222222222222213
ControlStateAutomatonBuilder:0.03
Unmodifiable:0.0
