BlockingQueueManager:0.3466666666666667
ConcurrentMapManager:0.27133333333333337
TransactionRecord:0.25333333333333335
ClientService:0.25
TopicClientProxy:0.24333333333333335
ClusterManager:0.2424444444444444
BQ:0.23666666666666666
QueueClientProxy:0.21
SyncProcess:0.19666666666666666
GroupProperties:0.13166666666666665
TopicPublishHandler:0.08421164021164024
