CollectionPersister:0.65
BatchFetchQueue:0.49333333333333335
CollectionEntry:0.3433333333333333
AbstractCollectionPersister:0.2966666666666667
NoopCollectionPersister:0.2866666666666667
StatefulPersistenceContext:0.25333333333333335
ManyToOneType:0.2
EvictVisitor:0.19666666666666666
