Base:0.38666666666666666
Text:0.36333333333333334
Workspace:0.3466666666666667
Project:0.30666666666666664
Script:0.18666666666666668
