Context:0.63
Interpreter:0.34
Arguments:0.33
ContextFactory:0.25333333333333335
ArgumentsTest:0.08
FunctionCaller:0.013333333333333334
