Receiver:0.5166666666666667
Sender:0.43
UdpChannelTransport:0.26666666666666666
SendChannelEndpoint:0.26666666666666666
SendChannelStatus:0.17666666666666667
ReceiveChannelStatus:0.17666666666666667
