SecureKeyCipherTransform:0.35333333333333333
NodeListener:0.33666666666666667
SubmissionTask:0.29
DBTask:0.18277777777777776
DBRunner:0.04666666666666667
CreateDB:0.0
