Collections:0.4033333333333333
CommandLine:0.31
Numbers:0.2866666666666667
