SDFIndexEditorModel:0.57
MoleculesEditor:0.45666666666666667
CalculatePropertyHandler:0.38666666666666666
MultiPageMoleculesEditorPart:0.3233333333333333
