Tree:0.43333333333333335
Node:0.37333333333333335
TreeTest:0.36
Empty:0.305
