FileChooser:0.4033333333333333
ControlCenter:0.39666666666666667
ReportView:0.3433333333333333
HelpBridgeImpl:0.22
ReportLoader:0.15666666666666668
