GenericIntegrationTest:0.4666666666666667
MatcherFilter:0.38666666666666666
SparkTestUtil:0.3233333333333333
