Builder:0.4766666666666667
NeuralNetConfiguration:0.4766666666666667
MultiLayerNetwork:0.47333333333333333
TestUpdaters:0.23333333333333334
Layer:0.22666666666666666
BaseLayer:0.2
AdaGradUpdater:0.19666666666666666
SgdUpdater:0.19666666666666666
BaseUpdater:0.17666666666666667
TestSchedules:0.15333333333333332
RmsPropUpdater:0.14666666666666667
AdamUpdater:0.14666666666666667
NesterovsUpdater:0.14666666666666667
NeuralNetConfigurationTest:0.14666666666666667
LayerConfigTest:0.13666666666666666
