FluentCaseInsensitiveStringsMap:0.4666666666666667
NettyResponseFuture:0.38
TransferCompletionHandler:0.36333333333333334
AsyncProvidersBasicTest:0.26666666666666666
FluentCaseInsensitiveStringsMapTest:0.26666666666666666
ProxyTest:0.25333333333333335
ResumableAsyncHandler:0.25
InputStreamBody:0.193
InputStreamBodyGenerator:0.07333333333333333
MaxTotalConnectionTest:0.06
