Mining:0.5466666666666666
BuildingConstructionMission:0.39666666666666667
BuildingSalvageMission:0.39666666666666667
SVGMapUtil:0.24
SettlementTableModel:0.22
