Session:0.4166666666666667
Planner:0.3566666666666667
TaskCollectingVisitor:0.28
PlanVisitor:0.23666666666666666
SetAnalyzedStatement:0.23666666666666666
SetStatementAnalyzer:0.15666666666666668
MessageHandler:0.14
