BootstrapDrawableFactory:0.32
BootstrapButton:0.31
BootstrapDropDown:0.29555555555555557
BootstrapBadge:0.2833333333333333
BadgeContainerView:0.21
ColorUtils:0.14333333333333334
BootstrapBadgeExample:0.13333333333333333
