ProxettaAsmUtil:0.71
ProxettaMethodBuilder:0.37333333333333335
AllTests:0.26666666666666666
ProxyTarget:0.25333333333333335
