RegExpJsToJavaConverterTest:0.5466666666666666
RegExpJsToJavaConverter:0.4066666666666667
Subexpresion:0.25333333333333335
Tape:0.16666666666666666
