HTMLCollection:0.63
Window:0.37
HTMLElement:0.30833333333333335
RowContainer:0.2683333333333333
HTMLFormElement:0.25
XMLHttpRequest:0.25
Document:0.24
Table:0.23166666666666666
HTMLSelectElement:0.20666666666666667
NodeImpl:0.19666666666666666
TableRow:0.14666666666666667
HTMLOptionsCollection:0.09
