SlowOperationDetectorAbstractTest:0.37666666666666665
Invocation:0.30333333333333334
SlowOperationLog:0.28
DetectorThread:0.20666666666666667
SlowOperationDetectorBasicTest:0.13666666666666666
SlowOperationDetector_JsonTest:0.11333333333333333
