ShadowResourcesTest:0.4033333333333333
ResourceHelper:0.2866666666666667
ShadowAssetManagerTest:0.19666666666666666
color:0.19061111111111112
FromColor:0.12333333333333334
