UserVariablesListComboParameter:0.71
IParameterChangeConsumer:0.5186666666666666
UserVariableFieldsComboParameter:0.37333333333333335
