Robot:0.7038888888888889
RobotTest:0.4266666666666667
