Controller2DHub:0.6333333333333333
CrystalGeometryTools:0.39
MACCSFingerprinter:0.19
RDFCalculator:0.17666666666666667
