SimpleDrawingView:0.4666666666666667
SvgPath2D:0.45666666666666667
Shapes:0.27666666666666667
GridConstrainer:0.25
