TreeMap:0.6166666666666667
AbstractMapTest:0.4533333333333333
TreeMapTest:0.22666666666666666
