HTMLElement:0.6333333333333333
HTMLBodyElement:0.3474285714285714
HTMLTextAreaElement:0.31466666666666665
HTMLSpanElement:0.29577777777777775
HTMLDivElement:0.2361984126984128
