CompletableFutureTest:0.5166666666666667
AbstractCompletableFutureTest:0.4766666666666667
CompletableFutureTask:0.38333333333333336
TrackableJobFuture:0.35333333333333333
AbstractCompletableFuture:0.33666666666666667
FutureImpl:0.18100000000000002
