MapTransactionTest:0.4822222222222223
TransactionManagerServiceImpl:0.36833333333333335
TransactionImpl:0.355
