FileSystemBean:0.3566666666666667
FileSystemDTO:0.3333333333333333
QueryCmd:0.3233333333333333
FileDTO:0.29333333333333333
AECmd:0.25666666666666665
FileInfo:0.23666666666666666
StoreScp:0.23083333333333333
MoveTask:0.20666666666666667
StorageBeanTest:0.20333333333333334
FileBean:0.2
FileSystemMgtService:0.18666666666666668
RetrieveCmd:0.175
FileSystemMgtBean:0.16
QueryStudiesCmd:0.13666666666666666
QueryRetrieveScpService:0.11666666666666667
BaseCmd:0.11333333333333333
MWLQueryCmd:0.10333333333333333
