JQuery173GitTest:0.5458333333333333
JQueryTestBase:0.22333333333333333
JQuery126Test:0.22333333333333333
JQuery126LocalTest:0.22333333333333333
