Saros:0.6
SkypeManager:0.5333333333333333
SkypeAction:0.23333333333333334
