NestedResultSetHandler:0.5233333333333333
Car:0.4716666666666667
Mapper:0.38
AssociationTest:0.28
