ArchiverConductor:0.5333333333333333
ImageArchivingSession:0.42333333333333334
ReplaySession:0.3233333333333333
ImageArchivingSessionTest:0.27
