EverydayFragment:0.6166666666666667
TransitionActivity:0.47333333333333333
