BreadthCrawler:0.3233333333333333
Fetcher:0.3233333333333333
DbWriter:0.26666666666666666
Injector:0.23666666666666666
DbUpdater:0.23333333333333334
Link:0.21722222222222223
DbReader:0.19666666666666666
FetcherThread:0.15055555555555555
HtmlParser:0.13
Page:0.1
StandardGenerator:0.08666666666666667
FileUtils:0.05333333333333334
ParseResult:0.05
AvroModel:0.03666666666666667
