OnmsNotification:0.55
OnmsMonitoredService:0.4426666666666667
LazyNotification:0.37333333333333335
Installer:0.3224444444444444
OnmsAlarm:0.30666666666666664
LazyUserNotification:0.27
HibernateDaoTestConfig:0.21333333333333335
OnmsUserNotification:0.16333333333333333
NotificationSaveOrUpdate:0.12333333333333334
AnnotationTest:0.09666666666666666
NotificationMappingQuery:0.08333333333333333
