InfoViewer:0.44333333333333336
Bookmarks:0.3333333333333333
InfoViewerOptionPane:0.3233333333333333
TitledURLEntry:0.2966666666666667
History:0.29
InfoViewerPlugin:0.245
edit_url:0.24333333333333335
ActionHandler:0.14
follow_link:0.09
ChooseBrowserOptionPane:0.06666666666666667
BookmarksDialog:0.05583333333333333
EnhancedJToolBar:0.03666666666666667
URLButtonHandler:0.03333333333333333
EnhancedJMenu:0.02666666666666667
EnhancedJEditorPane:0.016666666666666666
MouseHandler:0.0033333333333333335
