User:0.44666666666666666
AbstractAttribute:0.43
SectionAttribute:0.25333333333333335
AttributeRegistryEditor:0.24666666666666667
StoreContentImageGroupEditor:0.2277777777777778
UserEditor:0.2
UserSelfEditController:0.18
AbstractTypedCheck:0.125
RegexStringCheck:0.11333333333333333
SectionValue:0.08666666666666667
