MissionManager:0.44666666666666666
MainScene:0.43666666666666665
ConstructionWizard:0.2911111111111111
UnitWindow:0.2594444444444445
VehicleMission:0.22166666666666668
BotMind:0.21777777777777782
ChatBox:0.21666666666666667
TransportWizard:0.2088888888888889
LocationTabPanel:0.19777777777777777
TableStyle:0.19666666666666666
