MTGKeys:0.6033333333333334
MTGBranch:0.37333333333333335
MTGGraphBuilderBodyData:0.3333333333333333
MTGNode:0.32666666666666666
MTGTranslator:0.17
MTGGraphBuilder:0.14333333333333334
MTGBranchElement:0.10666666666666667
MTGPlantFrameException:0.01
