Builder:0.65
SimpleAsyncHttpClient:0.43333333333333335
ResumableAsyncHandler:0.24666666666666667
SimpleAsyncHttpClientTest:0.19
DerivedBuilder:0.18416666666666667
