UsernamePasswordAuthenticationFilter:0.5733333333333334
OpenIDAuthenticationFilter:0.37333333333333335
DefaultLoginPageGeneratingFilter:0.37
UsernamePasswordAuthenticationFilterTests:0.2966666666666667
SimpleUrlAuthenticationSuccessHandler:0.17666666666666667
