BundleDelegatingClassLoader:0.35
ServiceWrapper:0.30666666666666664
Listener:0.26
BundleFactoryBean:0.25
OsgiServiceFactoryBean:0.24333333333333335
OsgiListenerUtils:0.22666666666666666
LocalBundleContext:0.22
OsgiServiceFactoryBeanTest:0.16666666666666666
OsgiWebApplicationContext:0.14666666666666667
OsgiServiceProxyFactoryBean:0.12666666666666668
OsgiBundleUtils:0.11833333333333333
ApplicationContextCreator:0.11666666666666667
OsgiServiceStaticInterceptor:0.09888888888888889
OsgiServiceDynamicInterceptor:0.0875
OsgiServiceStaticInterceptorTest:0.08111111111111109
OsgiServiceClassLoaderInvokerTest:0.07666666666666666
OsgiBundleXmlApplicationContextFactoryBean:0.07333333333333333
ServiceUnavailableException:0.06333333333333334
ReferenceClassLoadingOptions:0.06333333333333334
OsgiServiceDynamicInterceptorTest:0.05333333333333334
OsgiServiceClassLoaderInvoker:0.03861111111111111
OsgiServiceInvoker:0.01
ExportClassLoadingOptions:0.0033333333333333335
OsgiServiceInvokerTest:0.0033333333333333335
OsgiServiceException:0.0
AmbiguousServiceReferenceException:0.0
NoSuchServiceException:0.0
OsgiServiceBindingUtils:0.0
