TestCluster:0.8416666666666667
MavenMessageBuilder:0.19333333333333333
