UserAdminSession:0.6566666666666666
UserAdminSessionBean:0.44666666666666666
AuthenticationSessionBean:0.21333333333333335
