TriggerRouterService:0.6116666666666667
AbstractDataRouter:0.3616666666666667
RouterServiceTest:0.15666666666666668
