RStarTreeNode:0.57
RStarTree:0.51
RStarTreeItemNode:0.33666666666666667
RStarTreeLeafNode:0.2833333333333333
RStarTreeBranchNode:0.25333333333333335
Distribution:0.21333333333333335
AbstractRStarTreeNode:0.18
RStarTreeTestExtension:0.11666666666666667
RStarTreeTestPlugin:0.11
SplitDistributions:0.01
