LoadAllDocumentAction:0.5572222222222223
ShellSlacFrame:0.52
TestStoreAction:0.20666666666666667
