Gamepad:0.64
GwtController:0.5266666666666666
GwtControllers:0.26666666666666666
