PosBottomHalf:0.6066666666666667
DropHandler:0.32
PositionManager:0.2966666666666667
TextAreaTransferHandler:0.23
