DynamicContainer:0.4766666666666667
MyDynamicTestCase:0.45
DynamicNodeGenerationTests:0.37666666666666665
DynamicContainerTestDescriptor:0.20666666666666667
