GoodsManager:0.6516666666666666
LoadVehicle:0.31833333333333336
MissionListModel:0.3063888888888889
