Structure:0.66
StructureTest:0.4266666666666667
DefaultCallbackProxy:0.18666666666666668
