Generator:0.3566666666666667
ConstructorKey:0.3342936507936507
BeanCopierKey:0.3342936507936507
MixinKey:0.3342936507936507
