ModelHistory:0.7744444444444445
Model:0.43666666666666665
Relation:0.43166666666666664
Table:0.28
Attribute:0.2593333333333333
ModelUtilities:0.18777777777777777
ModelIOUtilities:0.14666666666666667
EmptyModelHistory:0.14
ModelItem:0.11833333333333333
ModelTest:0.09
RelationList:0.008333333333333333
