jOOQAbstractTest:0.48
CTETests:0.4769444444444444
WithImpl:0.3655555555555556
