ResultQuery:0.5599444444444444
Factory:0.53
AbstractDelegatingSelect:0.35
jOOQAbstractTest:0.34
AbstractResultQuery:0.20666666666666667
ASETableDefinition:0.16
