HandshakedataImpl1:0.51
Draft:0.32222222222222224
WebSocketClient:0.30333333333333334
Draft_10:0.2966666666666667
Draft_76:0.27
