Step:0.5866666666666667
TemplateChooserDialog:0.38666666666666666
ScriptsUtils:0.33
ScriptStepResult:0.27666666666666667
RuntimeStep:0.24666666666666667
ScriptExecutionEngine:0.19666666666666666
MessageSendFromTemplateHandler:0.12333333333333334
ScriptEditViewPart:0.12
ScriptNewStepDialog:0.10666666666666667
TemplateExportHandler:0.09666666666666666
