ParsedStatement:0.38666666666666666
TableVisitor:0.23333333333333334
ExceptionHelper:0.22
TransportSQLActionTest:0.20666666666666667
TransportSQLAction:0.13333333333333333
ExceptionHelperTest:0.08333333333333333
TableVisitorTest:0.06666666666666667
TableAlreadyExistsException:0.05
DeleteIndexResponseListener:0.01
