PopModel:0.5033333333333333
PopPanel:0.4033333333333333
