RcvFrameHandler:0.6666666666666666
ReceiverThreadTest:0.32
TripletMap:0.30333333333333334
