TransportSQLActionTest:0.6583333333333333
HitchhikerMocks:0.5011111111111111
SQLModule:0.4866666666666667
