UCropActivity:0.4033333333333333
UCrop:0.36333333333333334
TransformImageView:0.31666666666666665
SampleActivity:0.26
BitmapLoadUtils:0.25333333333333335
BitmapWorkerTask:0.2
