FluxScene:0.59
FluxLight:0.4633333333333333
FluxLightModel:0.35333333333333333
FluxSceneVisitor:0.23333333333333334
LightDistribution:0.22333333333333333
FluxSkyLight:0.14666666666666667
FluxParallelLight:0.13666666666666666
FluxPointLight:0.11333333333333333
FluxPhysicalLight:0.11333333333333333
FluxSpectralLight:0.11333333333333333
FluxSpotLight:0.11333333333333333
FluxDirectionalLight:0.11333333333333333
FluxLightTracer:0.07666666666666666
FluxWhittedTracer:0.07333333333333333
FluxPathTracer:0.07333333333333333
