Builder:0.7466666666666667
HttpUrlTest:0.4066666666666667
WebPlatformUrlTest:0.24
