ECKey:0.66
VersionMessage:0.2866666666666667
RejectMessage:0.25666666666666665
MnemonicCode:0.25666666666666665
PeerTest:0.24666666666666667
PBKDF2SHA512:0.23111111111111116
ScriptTest:0.21
