ClientTransport:0.5913888888888889
GrpcUtil:0.54
OkHttpClientTransport:0.29333333333333333
NettyClientTransport:0.23
DelayedClientTransport:0.15333333333333332
ForwardingConnectionClientTransport:0.14333333333333334
FailingClientTransport:0.043333333333333335
