ComponentType:0.5433333333333333
Component:0.51
FormEditor:0.4866666666666667
IComponentValidator:0.4288571428571428
VariableUtils:0.41333333333333333
FormNode:0.41133333333333333
ChooseItemDialog:0.36
ComponentImageProvider:0.3272804232804233
IComponentDropTarget:0.3272804232804233
ComponentTypeRegistry:0.3
EditorsPlugin:0.26666666666666666
PropertiesView:0.2633333333333333
ComponentParameter:0.26
VariablesXmlContentProvider:0.25333333333333335
HTMLConfiguration:0.24666666666666667
SwimlaneElement:0.23333333333333334
QuickFormEditor:0.23333333333333334
DropElementsListener:0.23
FormType:0.22333333333333333
ProcessEditorBase:0.22333333333333333
XMLAssistProcessor:0.21666666666666667
QuickFormVariabliesToDisplayWizardPage:0.19333333333333333
OrgFunctionSwimlaneElement:0.18666666666666668
RegulationHTMLEditor:0.18533333333333335
QuickFormVariableWizardPage:0.18333333333333332
SwimlaneConfigDialog:0.17905555555555555
FormComponentsView:0.17666666666666667
ValidationUtil:0.17405555555555557
QuickFormConvertor:0.16666666666666666
ProcessFileComposite:0.15333333333333332
RichComboParameter:0.1511111111111111
DurationEditDialog:0.15
ChooseVariableDialog:0.14
ChooseUserTypeDialog:0.14
BaseHtmlFormType:0.13666666666666666
ParameterType:0.13666666666666666
SwimlaneAssignerConfigurationDialog:0.13333333333333333
VariableListDialog:0.13
ChooseVariableNameDialog:0.12666666666666668
ChooseBotTaskDialog:0.12666666666666668
ChooseHandlerClassDialog:0.12333333333333334
ChooseFunctionDialog:0.12
ExecutorSwimlaneElement:0.11666666666666667
SwimlaneGUIContentProvider:0.11666666666666667
TableLabelProvider:0.11599999999999999
CreateProcessRegulation:0.11
ActiveDirectorySwimlaneElement:0.11
PropertyNames:0.10333333333333333
HtmlFormType:0.09666666666666666
VariableComboParameter:0.09083333333333332
DelegableClassPropertyDescriptor:0.08666666666666667
RelationComposite:0.08666666666666667
RichComboPropertyDescriptor:0.08583333333333333
ComboOption:0.07666666666666666
DefaultComponentValidator:0.07666666666666666
ComponentParametersDialog:0.07333333333333333
ComboParameter:0.06
RichComboDialog:0.06
TemplateProcessor:0.05
Unit:0.048888888888888885
FtlFormType:0.04666666666666667
DesignUtils:0.04111111111111111
QuickFormType:0.04
StringParameter:0.034499999999999996
EditorHashModel:0.02666666666666667
VariableListParameter:0.025555555555555554
DynaComponentImageProvider:0.02
DefaultComponentImageProvider:0.018333333333333333
ComponentDragListener:0.017777777777777778
FtlComponentServlet:0.013333333333333334
LocalizationLabelProvider:0.011666666666666667
VariableSearchHashModel:0.01
ValidationHashModel:0.01
PreviewFormWizard:0.006666666666666667
VariableTypeSupportHashModel:0.0033333333333333335
ComponentIdGenerator:0.0033333333333333335
VariableListPropertyDescriptor:0.0033333333333333335
OpenFormComponentsViewAction:0.0025
ChooseDurationDialog:0.0
VariableComponentImageProvider:0.0
DisplayLinkedListsImageProvider:0.0
FormSupportServlet:0.0
EditLinkedListsImageProvider:0.0
