FileDescriptor:0.5033333333333333
SymbolTable:0.4866666666666667
AbstractVirtualMachine:0.34
HopSymbolTableWalker:0.31333333333333335
