Tds:0.58
TdsComm:0.31
SAfeTest:0.2833333333333333
AsTest:0.2733333333333333
TestBase:0.25
CSUnitTest:0.235
PreparedStatement_base:0.19666666666666666
TdsStatement:0.15416666666666667
