ClientCallImpl:0.31666666666666665
MetadataApplierImpl:0.31
PendingStream:0.21
ManagedChannelImplTest:0.12200000000000001
