GwtTeamingMessages:0.7233333333333334
GwtNetFolderHelper:0.32
GwtSchedule:0.31
ScheduleWidget:0.25666666666666665
NetFolder:0.25666666666666665
ModifyNetFolderDlg:0.25
RequestInfo:0.23666666666666666
