HL7Service:0.661888888888889
HL7SendService:0.4033333333333333
HL7ServerService:0.35333333333333333
ADTService:0.31333333333333335
ORMService:0.27666666666666667
ORUService:0.14333333333333334
AbstractHL7Service:0.12333333333333334
MDMService:0.043333333333333335
