Authorization:0.76
DefaultAuthorization:0.4166666666666667
DefaultManagement:0.2733333333333333
DatastreamNamespace:0.11666666666666667
ActionNamespace:0.09
