ExpressionAnalyzer:0.36666666666666664
Builder:0.3333333333333333
QuerySpec:0.2733333333333333
DocIndexMetaData:0.25333333333333335
RelationNormalizer:0.2522222222222222
Context:0.24
RelationAnalysisContext:0.21
InsertFromValuesAnalyzer:0.20666666666666667
AnalyzedTableElements:0.18
RelationAnalyzer:0.16666666666666666
SqlExpressions:0.16666666666666666
ExpressionAnalyzerTest:0.16
ValueNormalizer:0.15666666666666668
CopyAnalyzer:0.15
GeneratedExpressionContext:0.043333333333333335
ValuesAwareExpressionAnalyzer:0.04
DeleteAnalyzer:0.023333333333333334
UpdateAnalyzer:0.02
