Content:0.42333333333333334
Factory:0.38666666666666666
ProjectPackageForm:0.3542857142857143
HTMLColorChooserForm:0.3542857142857143
HTMLColorChooserPanel:0.3
Wizard:0.23
