RequestScopeInjector:0.6233333333333333
MadvocConfig:0.6155555555555555
PreparableInterceptor:0.17646031746031746
