ResourceURL:0.5166666666666667
ResourceURLTest:0.43666666666666665
ViewMessageBodyWriterTest:0.39666666666666667
