WarListenerConfiguration:0.5266666666666666
ExtenderConfiguration:0.5211111111111111
WarLoaderListener:0.30666666666666664
DeploymentManager:0.20111111111111113
WarBundleListener:0.12777777777777777
