MultiLayerNetwork:0.6566666666666666
ComputationGraph:0.4
MultiLayerTest:0.3
ZeroPaddingLayer:0.25666666666666665
OutputLayerTest:0.21666666666666667
