ParserConfig:0.33666666666666667
ConcurrentHashMapDeserializer:0.3333333333333333
DefaultObjectDeserializerTest2:0.32
DefaultObjectDeserializer:0.2633333333333333
ConcurrentHashMapDeserializerTest:0.18333333333333332
LinkedHashMapDeserializer:0.16
AbstractJSONParser:0.15333333333333332
Map2:0.0
