StringTools:0.5422222222222222
CertificateData:0.3622222222222222
UserData:0.2966666666666667
UserAdminSessionBean:0.2866666666666667
CertReqHistoryData:0.21333333333333335
CertificateStoreSessionBean:0.21
HardTokenData:0.2
KeyRecoveryData:0.2
StringToolsTest:0.19333333333333333
CertificateStoreSessionTest:0.16
