DocumentFormat:0.7466666666666667
XmlDocumentFormat:0.3
SgmlDocumentFormat:0.2733333333333333
HtmlDocumentFormat:0.19666666666666666
EmailDocumentFormat:0.19666666666666666
