MPayment:0.6333333333333333
PosPanel:0.41333333333333333
PosModel:0.27666666666666667
CouponRow:0.26944444444444443
MPaymentCharge:0.2633333333333333
CouponDialog:0.23666666666666666
PayDialog:0.23
X_C_Coupon:0.21666666666666667
X_C_PaymentCharge:0.18333333333333332
