Session:0.64
Context:0.44666666666666666
ReplaySession:0.29694444444444446
RecordingSession:0.2866666666666667
ReplaySessionTest:0.28
ListRecordingsSession:0.19666666666666666
SessionWorker:0.15333333333333332
ControlSession:0.12833333333333333
Configuration:0.11944444444444442
