PropertyBean:0.41333333333333333
EditView:0.33
BeanPanel:0.29333333333333333
BasicEditor:0.28
PlaceBean:0.26
ChoiceBean:0.22666666666666666
FileBean:0.22333333333333333
BeanFactory:0.22333333333333333
Children:0.22333333333333333
ActionUpdate:0.18833333333333332
Families:0.17
SimpleValueBean:0.12333333333333334
SexBean:0.08
EntityBean:0.08
PropertyProxy:0.07666666666666666
InteractionListener:0.07333333333333333
DateBean:0.07333333333333333
EventBean:0.07
ActionAdd:0.06666666666666667
XRefBean:0.06
AgeBean:0.056666666666666664
NameBean:0.05333333333333334
MLEBean:0.05
ParentsBean:0.013333333333333334
FamiliesBean:0.013333333333333334
ChildrenBean:0.01
ActionDelete:0.006666666666666667
