ReceiveChannelEndpoint:0.52
ReceiverUdpChannelTransport:0.44666666666666666
DataFrameDispatcher:0.4033333333333333
SenderUdpChannelTransport:0.23666666666666666
