MyView:0.4166666666666667
RootView:0.4066666666666667
EntityRenderer:0.33
MyHTMLReader:0.2733333333333333
MyDocumentParser:0.165
MyHTMLFactory:0.15333333333333332
