SystemTestBase:0.5866666666666667
DockerHost:0.5033333333333333
AgentService:0.24
AgentParser:0.18666666666666668
PollingDockerClient:0.11
