AbstractDatabasePlatform:0.55
IoException:0.40303174603174596
JdbcSqlTemplate:0.4
IDatabasePlatform:0.235
EnvironmentSpecificProperties:0.21333333333333335
DatabasePlatformTest:0.20666666666666667
DataSourceProperties:0.14333333333333334
EnvironmentSpecificPropertiesTest:0.0033333333333333335
AbstractDbTest:0.0
