AbstractManagerMethodDispatcher:0.27666666666666667
Activator:0.25666666666666665
IBioclipseManager:0.0011111111111111111
JavaManagerMethodDispatcher:0.0
JavaScriptManagerMethodDispatcher:0.0
IBioclipseJSManager:0.0
