AnnotationSet:0.7044444444444444
AnnotationSetImpl:0.5633333333333334
JapeGUI:0.45666666666666667
DocumentContent:0.443734126984127
DocumentContentImpl:0.21666666666666667
