MinMaxViewport:0.49666666666666665
ViewportTest1:0.31
ViewportTest2:0.2966666666666667
ViewportTest3:0.25666666666666665
