ActivityStreamCtrl:0.49666666666666665
GwtMainPage:0.42277777777777775
BlogFolderView:0.24333333333333335
CommentsWidget:0.2
UnreadEntriesDlg:0.16
