IdleResourceInterceptor:0.39666666666666667
JavaScriptProtocol:0.3433333333333333
CacheHeadersInterceptor:0.2966666666666667
TrackMessageSizeInterceptor:0.19
CorsInterceptor:0.11666666666666667
