SubCrawler:0.5733333333333334
VcardSubCrawler:0.5733333333333334
