X2RSubCrawlerUtil:0.5966666666666667
X2RSubCrawlerUtilTest:0.42333333333333334
SubCrawlerParser:0.24
