AbstractSyncProvider:0.6437777777777778
ApplicationEntityManagerImpl:0.47333333333333333
Util:0.4
ReferenceSnmpSyncProvider:0.27
DefaultSyncReader:0.2
SnmpDataEntry:0.14666666666666667
DefaultSyncProcessor:0.11
ReferenceSnmpMappingDefinition:0.008981481481481483
SnmpTableData:0.0
