QuickTour:0.25388888888888883
QuickTourAdmin:0.24333333333333335
ReadOplog:0.24333333333333335
