UserGroupManagerTest:0.4266666666666667
UserManager:0.41333333333333333
GroupManager:0.3566666666666667
ModifyUserWebTest:0.2733333333333333
UpdateOncallServlet:0.08666666666666667
