BrowserParameterizedRunner:0.5166666666666667
BrowserRunner:0.5133333333333333
StyleAttributes2Test:0.35
