ClientMapMetaDataFetcherTest:0.32666666666666666
MemberMapMetaDataFetcherTest:0.32666666666666666
InvalidationMetadataDistortionTest:0.31666666666666665
ClientCacheMetaDataFetcherTest:0.31666666666666665
