PDBStructure:0.5578452380952383
PDBAtom:0.35
PDBPolymerTest:0.33666666666666667
PDBPolymer:0.26666666666666666
PDBAtomTest:0.23666666666666666
PDBStructureTest:0.08333333333333333
