ReferenceConfig:0.5733333333333334
ServiceConfig:0.5466666666666666
ServiceBean:0.2833333333333333
