XMLHttpRequest:0.8005555555555556
XMLHttpRequest2Test:0.2833333333333333
