Channel:0.5133333333333333
ConfigurationService:0.37333333333333335
OutgoingBatchService:0.33
DataExtractorService:0.30666666666666664
IOutgoingBatchService:0.23615079365079364
OutgoingBatchServiceTest:0.21666666666666667
