IReceiver:0.3572222222222222
DbEntity:0.35333333333333333
DownloadTarget:0.32666666666666666
SqlHelper:0.32666666666666666
DownloadConfig:0.31666666666666665
SingleTaskActivity:0.23666666666666666
AbsTarget:0.22333333333333333
UploadReceiver:0.21666666666666667
BaseUListener:0.20333333333333334
BaseDListener:0.20333333333333334
DownloadReceiver:0.2
HighestPriorityActivity:0.18666666666666668
DbUtil:0.17333333333333334
AbsFtpThreadTask:0.13666666666666666
FtpDirDownloadTarget:0.11277777777777777
DownloadGroupTarget:0.09333333333333334
AbsUploadTarget:0.04666666666666667
