InitializerArchiveDAO:0.6854603174603175
HibernateSessionFactory:0.5833333333333334
DAOFactory:0.37333333333333335
JbpmExecutionLogic:0.36333333333333334
JbpmDefinitionLogic:0.34555555555555556
InitializerServletContextListener:0.22666666666666666
ArchiveDAOHibernateImpl:0.14666666666666667
InitializerArchiveLogic:0.10333333333333333
InitializerArchiveDAOHibernateImpl:0.043333333333333335
DAOHibernateImpl:0.0033333333333333335
