RealNumberPropertyDaoTest:0.006666666666666667
RealNumberAnnotationDaoTest:0.006666666666666667
ChoiceAnnotationDaoTest:0.006666666666666667
ChoicePropertyDaoTest:0.006666666666666667
TextAnnotationDaoTest:0.006666666666666667
TextPropertyDaoTest:0.006666666666666667
