Style:0.85
NaviOXStyle:0.3233333333333333
DefaultLayoutPainter:0.31666666666666665
