DataLoaderService:0.5966666666666667
PullService:0.29005555555555557
