DBCursor:0.8266666666666667
Response:0.43166666666666664
DBCursorTest:0.36666666666666664
