HardTokenSession:0.7416666666666667
RAInterfaceBean:0.41333333333333333
LocalHardTokenSessionBean:0.21333333333333335
