EditorExportV2:0.5405555555555556
LinkEditor:0.49333333333333335
ImportExport:0.4866666666666667
WebappForm:0.41031746031746036
