Database:0.7766666666666666
AbstractDatabase:0.5766666666666667
AbstractPackageDefinition:0.29333333333333333
GenerationTool:0.2511111111111111
