Constants:0.7633333333333333
WebserviceBean:0.37
LocalAttributeWrapper:0.30666666666666664
BusinessEntityManagerImpl:0.28
ApplicationEntityManager:0.26337301587301587
SDHModule:0.25
ApplicationEntityManagerImpl:0.23333333333333334
LocalClassWrapper:0.19666666666666666
BusinessEntityManager:0.1608730158730159
XMLBackupReader:0.14
DataModelLoader:0.02666666666666667
DataIntegrityService:0.01
PrivilegesReader:0.006666666666666667
