WebSocketServer:0.5005555555555555
SocketChannelIOHelper:0.47888888888888886
WebSocketClient:0.43333333333333335
