ParsedStatement:0.58
XContentGenerator:0.38
QueryVisitorTest:0.32666666666666666
CountResponseListener:0.1661111111111111
TransportSQLActionTest:0.14333333333333334
TransportSQLAction:0.11666666666666667
