Qedeq2LatexExecutor:0.6797222222222223
Qedeq2Utf8Executor:0.40388888888888885
