TermVectorRequest:0.7433333333333333
ShardTermVectorService:0.2833333333333333
TermVectorRequestBuilder:0.26
GetTermVectorTests:0.25
