IAddress:0.5966666666666667
Checkout:0.47333333333333333
Address:0.44666666666666666
Order:0.35333333333333333
OrderBuilder:0.33666666666666667
StringElementIterator:0.22333333333333333
WirecardCCPaymentController:0.21
ProfileAddress:0.21
OrderHistoryController:0.1888888888888889
WirecardEFTPaymentController:0.18
OrderHistory:0.17333333333333334
ShopOrderViewer:0.14333333333333334
PayPalPaymentController:0.13333333333333333
ShopProfile:0.03333333333333333
Profile:0.013333333333333334
OrderBy:0.0033333333333333335
