InvitationDialog:0.71
DiscoveryManager:0.46166666666666667
MyLabelProvider:0.2464444444444444
