JdtTypeBinding:0.4666666666666667
BindingConverter:0.4633333333333333
JdtMethodBinding:0.31333333333333335
JdtVariableBinding:0.23333333333333334
JdtBinding:0.2088888888888889
JdtAnnotationBinding:0.19666666666666666
JdtMemberValuePairBinding:0.19
