ClassTestDescriptor:0.41333333333333333
HierarchicalTestExecutorTests:0.3333333333333333
State:0.3180952380952381
ExceptionInBeforeAllMethodTestCase:0.18333333333333332
BeforeAndAfterAllTests:0.18333333333333332
ExceptionInBeforeAllCallbackTestCase:0.17916666666666667
JupiterEngineExecutionContext:0.16333333333333333
ExceptionThrowingBeforeAllCallback:0.006666666666666667
