XPMFile:0.7333333333333333
WindowCreationTest:0.37333333333333335
