RulePriorityList:0.5366666666666666
Rule2dot2:0.43333333333333335
