ExecutionService:0.6033333333333334
StartProcessTask:0.44333333333333336
JbpmExecutionLogic:0.36666666666666664
JbpmExecutionServiceBean:0.32
ExecutionServiceDelegate:0.3000833333333333
ExecutionServiceDelegateRemoteImpl:0.23333333333333334
ExecutionServiceDelegateLocalImpl:0.23
StartProcessXmlParser:0.20222222222222222
StartProcessTaskHandler:0.16111111111111112
