CompilerServiceImpl:0.6111111111111112
AuditoryListener:0.5612142857142858
HopVirtualMachine:0.48888888888888893
