Wallet:0.6333333333333333
KeyChainGroup:0.4716666666666667
WalletTest:0.38
