AbstractGhemicalComputationStrategy:0.6886111111111112
ComputationStrategyFactory:0.34222222222222226
