SimpleQueryManager:0.3566666666666667
QueryState:0.34
UnsafeSlice:0.33666666666666667
CreatedResponseHandler:0.25666666666666665
UncompressedBlocksMapper:0.23
QueryResource:0.22
BlockResponseHandler:0.21666666666666667
UncompressedBlockMapper:0.20111111111111113
TestHttpTupleStream:0.2
FailedQueryException:0.19
QueryDriversTupleStream:0.17333333333333334
TestQueryResourceServer:0.15
TestQueryState:0.12472222222222222
TestQueryDriversTupleStream:0.11
