Queued:0.34
JettyServer:0.2733333333333333
TroubleTicketer:0.2733333333333333
