LTLTest:0.7886111111111112
CTLTest:0.4619444444444445
