Euler:0.6372222222222222
EulerRunner:0.35333333333333333
