HttpSessionMapTests:0.39666666666666667
HttpServletRequestMapTests:0.31
HttpServletRequestParameterMapTests:0.2833333333333333
