Editor:0.57
Property:0.49333333333333335
Fam:0.43333333333333335
TagPath:0.4033333333333333
MetaProperty:0.37666666666666665
Indi:0.37666666666666665
Gedcom:0.345
PropertyXRef:0.32666666666666666
Context:0.32666666666666666
Model:0.27
TreeView:0.2633333333333333
EntityTableModel:0.23666666666666666
PropertyTreeWidget:0.23
AdvancedEditor:0.21333333333333335
PropertyChange:0.21
EditViewFactory:0.21
Images:0.19666666666666666
Content:0.19666666666666666
PropertyBean:0.19333333333333333
GedcomReader:0.18666666666666668
PropertyForeignXRef:0.18
ViewManager:0.17
ChoosePropertyBean:0.17
Overview:0.16666666666666666
PropertyMedia:0.16666666666666666
BlueprintList:0.16444444444444445
FontChooser:0.16
ParentOf:0.16
Note:0.16
ChildOf:0.15666666666666668
SpouseOf:0.15666666666666668
SiblingOf:0.15666666666666668
Back:0.15333333333333332
Del:0.15166666666666667
Renderer:0.1485
TableView:0.14666666666666667
ActionOverview:0.12333333333333334
Example:0.12333333333333334
ActionOrientation:0.12
Add:0.11333333333333333
EditView:0.11
XRefBy:0.10666666666666667
OpenForEdit:0.06666666666666667
SelectionListener:0.06666666666666667
TableCallback:0.0525
Base64:0.05
InteractionListener:0.03527777777777778
