ClientNonSmartInvocationServiceImpl:0.5266666666666666
ClientCacheHelper:0.43
ClientSmartInvocationServiceImpl:0.3933333333333333
ClientInvocationService:0.20333333333333334
