WrapperService:0.39666666666666667
WindowsService:0.37666666666666665
WrapperConfig:0.36333333333333334
WrapperLogHandler:0.21
ServiceControlHandler:0.1059206349206349
ServiceMain:0.08066666666666666
WrapperLogFormatter:0.024722222222222222
