GetFieldMappingsRequest:0.5516666666666666
TransportGetFieldMappingsAction:0.37666666666666665
TransportHandler:0.22
ActionModule:0.20333333333333334
