ExchangeClient:0.5366666666666666
HttpPageBufferClient:0.4166666666666667
TestExchangeOperator:0.19666666666666666
TestHttpPageBufferClient:0.17333333333333334
ExchangeClientFactory:0.16666666666666666
TestExchangeClient:0.16
ServerMainModule:0.15666666666666668
