ByteArray:0.6533333333333333
HttpProtocol:0.36666666666666664
SoapProtocol:0.33
XmlRpcProtocol:0.19
JsonRpcProtocol:0.18
