JPPFContainer:0.8233333333333334
ClientReset:0.25333333333333335
