ChronicleMapBuilder:0.7533333333333333
ChronicleHashBuilder:0.450138888888889
ChronicleSetBuilder:0.35333333333333333
