CrateTestCluster:0.3433333333333333
InformationSchemaServiceTest:0.2833333333333333
ObjectColumnTest:0.25
Version:0.22444444444444442
NettyHttpServerTransport:0.22333333333333333
CrateClient:0.20333333333333334
InternalSettingsPreparer:0.20333333333333334
NodeSettings:0.17555555555555555
CrateCoreModule:0.09333333333333334
NodeSettingsTest:0.07666666666666666
Constants:0.0515
