UdpDestination:0.5633333333333334
DriverPublication:0.34
MediaDriver:0.32
DriverConnectedSubscription:0.17
UdpTransport:0.13666666666666666
NioSelector:0.13666666666666666
MediaDriverReceiver:0.013333333333333334
