MatrixUtil:0.7466666666666667
GaussianBinaryRBM:0.30777777777777776
RectifiedLinearRBM:0.19333333333333333
RawMnistRBMExample:0.10666666666666667
