HTMLElement:0.7266666666666667
HTMLElementTest:0.41333333333333333
Range:0.324
