XContentBuilder:0.6066666666666667
BaseXContentTestCase:0.35333333333333333
JsonXContentGenerator:0.2866666666666667
XContentGenerator:0.2658333333333333
RawTaskStatus:0.1938888888888889
PutMappingRequest:0.18666666666666668
