Mission:0.6333333333333333
VehicleMission:0.37
TravelToSettlement:0.24666666666666667
RoverMission:0.22
RescueSalvageVehicle:0.22
CollectResourcesMission:0.2
MissionDataBean:0.15666666666666668
PeopleTableModel:0.145
MembersPanel:0.12666666666666668
VehicleTableModel:0.125
VehiclePanel:0.11
SettlementTableModel:0.10666666666666667
