TestInterface:0.7766666666666666
FeignTest:0.37666666666666665
Default:0.35333333333333333
Util:0.20333333333333334
