Bc_jamaPlugin:0.5616666666666666
Activator:0.5616666666666666
