AggregatorTestCase:0.5133333333333333
TopHitsAggregator:0.41333333333333333
TopHitsAggregatorTests:0.22666666666666666
