IndexUpdater:0.4866666666666667
TC_IndexUpdater:0.30333333333333334
SymbolIndex:0.2966666666666667
MassIndexUpdater:0.21694444444444447
Location:0.19666666666666666
TC_RubyCodeAnalyzer:0.17
ShamIndexUpdater:0.16
RubyCodeAnalyzer:0.1577777777777778
TC_MassIndexUpdater:0.14
ShamSymbolIndex:0.10888888888888891
