ExternalConfigManager:0.41333333333333333
RuntimeRESTConnector:0.32666666666666666
MessageServices:0.20666666666666667
ScriptServices:0.09916666666666667
Constants:0.04816666666666666
UnknownSessionException:0.04305555555555556
ExecutionException:0.04305555555555556
SessionServices:0.03666666666666667
UnknownQueueException:0.026388888888888885
UnknownDestinationException:0.026388888888888885
UnknownTemplateException:0.0
UnknownScriptException:0.0
