MqttPublishIntegrationTest:0.4844444444444444
MqttConnectIntegrationTest:0.27
MqttPingIntegrationTest:0.20666666666666667
MqttIntegrationTest:0.19333333333333333
