Function:0.55
Structure:0.5133333333333333
TestLibrary:0.4220674603174603
CallbackReference:0.3433333333333333
ReturnTypesTest:0.21
DefaultCallbackProxy:0.2066666666666667
NativeFunctionProxy:0.10838095238095237
NativeFunctionHandler:0.04666666666666667
