ApplicationEntityManager:0.5733333333333334
ActivityLogEntry:0.5633333333333334
BusinessEntityManager:0.56
Util:0.3233333333333333
WebserviceBean:0.32
ConnectionManagerImpl:0.2725
MetadataEntityManagerImpl:0.27
PersistenceService:0.25666666666666665
ApplicationEntityManagerImpl:0.25666666666666665
Kuwaiba:0.255
BusinessEntityManagerImpl:0.25333333333333335
ShutdownBean:0.08333333333333333
PersistenceLayerFactory:0.056666666666666664
