UserDeserializerTests:0.6713888888888889
SimpleGrantedAuthorityMixin:0.41888888888888887
