AssignmentPage:0.5466666666666666
SpecmolOutlinePage:0.3333333333333333
SpecMolEditor:0.19
SpecmolLabelProvider:0.09666666666666666
SpecmolContentProvider:0.02
