SearchUtils:0.38666666666666666
GaStringUtils:0.35333333333333333
Enhancer:0.29333333333333333
GaReflectUtils:0.23666666666666666
MethodInfoView:0.20277777777777778
SearchMethodCommand:0.11666666666666667
SearchClassCommand:0.1
