EdgeEffect:0.43
RecyclerView:0.38666666666666666
ExpandableRecyclerView:0.29833333333333334
ScrollView:0.2475
