HTMLDocument:0.5041666666666667
Window:0.4633333333333333
HTMLDocumentTest:0.3433333333333333
