AbstractSymmetricEngine:0.7734444444444445
DataProcessor:0.3492222222222222
