FlowSessionImpl:0.41
StateContextImpl:0.33666666666666667
TransitionCriteriaChain:0.25666666666666665
EndState:0.23666666666666666
EmptyAttributeSource:0.20666666666666667
