JnetManager:0.7133333333333334
ErrorUtil:0.44333333333333336
