ContentRegistryEditor:0.5533333333333333
SitemapEditorRequestBean:0.12666666666666668
SitemapEditor:0.08866666666666667
ContentRegistryEditorRequestBean:0.05333333333333334
