ElasticsearchIntegrationTest:0.5133333333333333
ElasticsearchTestCase:0.3333333333333333
EsAbortPolicy:0.25666666666666665
ElasticsearchUncaughtExceptionHandler:0.19666666666666666
