ApolloPanel:0.7766666666666666
StrandedZoomableApolloPanel:0.43666666666666665
EvidenceFinder:0.3311111111111111
ViewMenu:0.29333333333333333
