SuggestSearchTests:0.5433333333333333
Suggester:0.2866666666666667
CustomSuggester:0.22666666666666666
TermSuggester:0.18
PhraseSuggester:0.1
CompletionSuggester:0.08
