SecondsBasedEntryTaskScheduler:0.4866666666666667
EvictionTest:0.4033333333333333
MapStoreTest:0.38333333333333336
EntryProcessorExecutor:0.15666666666666668
