JsonObject:0.4666666666666667
JsonMapperTest:0.38333333333333336
JsonArray:0.37666666666666665
Json:0.2683333333333333
