SpectrumItem:0.54
SpectrumUtils:0.42
SpokFileFilter:0.338
SpokChartPanel:0.2966666666666667
SpectrumItemPropertySource:0.24666666666666667
SpectrumChartFactory:0.24
PeakPickingAction:0.18666666666666668
ContinuousSpectrumView:0.18
SpectrumItemChangeListener:0.14333333333333334
PeakSpectrumView:0.1
SpectrumListSelectionChangedListener:0.06666666666666667
InnerSpectrumListView:0.045555555555555564
SpectrumListContentProvider:0.03666666666666667
SpectrumListLabelProvider:0.03333333333333333
