ShadowPackageManager:0.4766666666666667
ShadowApplicationPackageManager:0.4266666666666667
ShadowPackageManagerTest:0.4
