JoinConfig:0.34
XmlConfigBuilder:0.29333333333333333
XmlClientConfigBuilder:0.2866666666666667
XMLConfigBuilderTest:0.2733333333333333
ConfigXmlGenerator:0.25
XmlConfigImportVariableReplacementTest:0.2
AbstractConfigBuilder:0.19333333333333333
XmlClientConfigBuilderTest:0.17333333333333334
AbstractXmlConfigHelper:0.09333333333333334
JoinConfigTest:0.08
HibernateTestSupport:0.07666666666666666
CustomPropertiesTest:0.03333333333333333
