TransactionFactory:0.6271111111111111
CMTTransaction:0.4533333333333333
AbstractEntityManagerImpl:0.34
Ejb3Configuration:0.31
TransactionCoordinatorImpl:0.26666666666666666
JtaTransactionFactory:0.2538888888888889
CMTTransactionFactory:0.23416666666666666
TransactionImplementor:0.23
AbstractTransactionImpl:0.19416666666666665
JdbcTransactionFactory:0.14833333333333334
