BundleIterator:0.41
AbstractJPPFQueue:0.3566666666666667
TaskQueueChecker:0.32666666666666666
