Qedeq2Latex:0.5333333333333333
QedeqBoFormalLogicChecker:0.42
LaTeXContentException:0.3604523809523808
ControlVisitor:0.26666666666666666
ModuleLabelsCreator:0.21333333333333335
LoadDirectlyRequiredModules:0.19
