TermsBuilder:0.7929999999999999
GlobalOrdinalsStringTermsAggregator:0.37666666666666665
