SyncApiTest:0.4533333333333333
AsyncApiTest:0.34
Job:0.31333333333333335
RecordingReceiver:0.24666666666666667
