AtomValenceTool:0.5363888888888888
AtomValenceDescriptor:0.3933333333333333
ChiIndexUtils:0.3433333333333333
