DefaultAuthenticationBuilder:0.7482777777777778
ImmutableAuthenticationTests:0.3258333333333333
