UncompressedValueBlock:0.6555555555555556
CollectingColumnProcessor:0.19
TestCsvFileScanner:0.12333333333333334
UncompressedColumnWriter:0.09333333333333334
