BookmarkletPlugin:0.18
ShowMeMoreAdminPlugin:0.14
MacroExpansionAdminPlugin:0.13666666666666666
EditBlogPermissionsPlugin:0.13666666666666666
MoblogAdminPlugin:0.13666666666666666
ThemeSwitcherPlugin:0.13333333333333333
EditBlogEntriesPlugin:0.07666666666666666
EditBlogPluginsPlugin:0.07333333333333333
EditBlogFlavorsPlugin:0.07333333333333333
ReloadBlogPropertiesPlugin:0.07333333333333333
EditBlogAuthorizationPlugin:0.07333333333333333
FileUploadPlugin:0.03
EditBlogCategoriesPlugin:0.03
EditBlogTemplatesPlugin:0.03
EditBlogPropertiesPlugin:0.023333333333333334
