GeneralDB:0.6133333333333333
AttributionBean:0.4033333333333333
AnnotationTable:0.3433333333333333
