MaintainGroundVehicleEVA:0.7416666666666667
MaintainGroundVehicleGarage:0.6576666666666667
