ALC:0.59
AL:0.5266666666666666
BasicTest:0.25277777777777777
