PointLight:0.6966666666666667
Type:0.5633333333333334
PhysicalLight:0.29
SpotLight:0.21333333333333335
