TreeTagger:0.5266666666666666
GroovyImportScriptRunner:0.34833333333333333
CwbEncode:0.31833333333333336
Workspace:0.31833333333333336
