ExecutionAPI:0.39055555555555554
GetSubprocesses:0.3233333333333333
GetSubprocessesResponse:0.158
