CasAppender:0.5286111111111111
DefaultCasEventListener:0.4633333333333333
