PoiUtil:0.5166666666666667
WordExtractor:0.25333333333333335
ExcelExtractor:0.24
PowerPointExtractor:0.18
TextExtractor:0.14666666666666667
WordTextExtractor:0.056666666666666664
PowerPointTextExtractor:0.05
ExcelTextExtractor:0.03333333333333333
