IssueService:0.7933333333333333
ITrackerServices:0.7433333333333333
IssueServiceImpl:0.43
EditIssueAction:0.32666666666666666
ITrackerServicesImpl:0.3233333333333333
IssueForm:0.255
IssueSearchImpl:0.25333333333333335
AllTestCasesBusinessServices:0.22333333333333333
AttachmentUtilities:0.2
ReminderNotification:0.13166666666666665
MailNotification:0.12416666666666666
ImportDataProcessAction:0.12333333333333334
NotificationMessageBean:0.12
ViewIssueAction:0.11666666666666667
ListIssuesAction:0.11666666666666667
ListProjectsAction:0.11666666666666667
EditIssueFormAction:0.11333333333333333
ApplicationInitialization:0.10333333333333333
AttachmentDownloadController:0.1
DisplayReportAction:0.09666666666666666
ListAttachmentsAction:0.09666666666666666
AdminHomeAction:0.09666666666666666
ViewIssueActivityAction:0.09666666666666666
ListReportsAction:0.09666666666666666
NoSuchEntityException:0.09333333333333334
WatchIssueAction:0.08
AddIssueRelationAction:0.08
RemoveIssueAttachmentAction:0.08
MoveIssueAction:0.07666666666666666
ExportAttachmentsAction:0.07666666666666666
AssignIssueAction:0.07666666666666666
RemoveConfigurationItemAction:0.07666666666666666
PortalHomeAction:0.07666666666666666
EditConfigurationAction:0.07666666666666666
RemoveHistoryEntryAction:0.07666666666666666
MoveIssueFormAction:0.07333333333333333
CreateIssueAction:0.07
