ConfigurationWizardPage:0.8266666666666667
ConstructorView:0.5533333333333333
