Factory:0.35
PipelineFactoryTests:0.34
PipelineStoreTests:0.2833333333333333
IngestActionFilterTests:0.24333333333333335
IngestModule:0.18333333333333332
