PopPanel:0.51
PopModel:0.38
PartnerThread:0.18333333333333332
DocumentThread:0.08333333333333333
