Decoder:0.5627777777777778
WavDecoder:0.49833333333333335
VorbisDecoder:0.28
Mpg123Decoder:0.20333333333333334
