SqlPredicate:0.49333333333333335
Predicates:0.39666666666666667
LikePredicate:0.34
BetweenPredicate:0.29333333333333333
InstanceOfPredicate:0.18666666666666668
