ServiceTicketImpl:0.45666666666666667
TicketState:0.3970952380952381
TicketGrantingTicketImpl:0.36333333333333334
ProxyGrantingTicketImpl:0.26236507936507936
OAuthCodeImpl:0.23666666666666666
AbstractTicket:0.22
DefaultProxyTicketFactory:0.19666666666666666
ProxyTicketExpirationPolicy:0.0
ServiceTicketExpirationPolicy:0.0
