CruiseControlConfig:0.8166666666666667
IncludeXmlResolver:0.2966666666666667
CruiseControlConfigIncludeTest:0.21333333333333335
