BootstrapButton:0.5633333333333334
BootstrapButtonGroup:0.44666666666666666
BootstrapDrawableFactory:0.25566666666666665
