SubscribeToEntryDlg:0.5133333333333333
ActivityStreamCtrl:0.48
ActivityStreamUIEntry:0.43166666666666664
