MultiMapService:0.4266666666666667
MultiMapContainer:0.35333333333333333
AbstractRecordStore:0.2866666666666667
PartitionContainer:0.21361111111111114
MultiMapPartitionContainer:0.20333333333333337
MapManagedService:0.18333333333333332
