DataTableFolderViewBase:0.4766666666666667
ManageCommentsDlg:0.4066666666666667
EntryTitleCell:0.2866666666666667
CollectionView:0.21444444444444447
CommentsCell:0.15666666666666668
