Formatter:0.5733333333333334
ShowTables:0.4633333333333333
StatementAnalyzer:0.4166666666666667
