ImageManager:0.7255555555555555
RosterEntryElement:0.6033333333333334
