Federation:0.43666666666666665
ProvenanceDaoTest:0.34
ProvenanceDao:0.2594444444444445
DurationUserType:0.24666666666666667
FederationFactory:0.19
