Host:0.5966666666666667
MsgManager:0.37
NetworkHostsContainer:0.35
ConnectionEngine:0.33
HostManager:0.2866666666666667
Search:0.19333333333333333
PhexTestSuite:0.19333333333333333
TestMsgManager:0.12666666666666668
GUIDRoutingTable:0.10166666666666667
