MultiLayerNetwork:0.76
ComputationGraph:0.3933333333333333
MultiLayerTest:0.27666666666666667
TestComputationGraphNetwork:0.23
