PyJavaClass:0.81
JavaMaker:0.4533333333333333
PyClass:0.43666666666666665
