NearCacheTestUtils:0.8333333333333334
AbstractNearCacheSerializationCountTest:0.20333333333333334
LiteMemberMapNearCacheSerializationCountTest:0.19333333333333333
MapNearCacheSerializationCountTest:0.17
TxnMapNearCacheSerializationCountTest:0.16
ClientCacheNearCacheSerializationCountTest:0.15333333333333332
ClientReplicatedMapNearCacheSerializationCountTest:0.056666666666666664
ClientMapNearCacheSerializationCountTest:0.056666666666666664
