Buffer:0.84
BufferImpl:0.4633333333333333
BufferTest:0.10666666666666667
