Index:0.5166666666666667
Concordance:0.3333333333333333
Referencer:0.28
Progression:0.26666666666666666
Diagnostic:0.23333333333333334
Cooccurrence:0.21583333333333332
SpecificitesResult:0.20333333333333334
