ForceFieldTests:0.6033333333333334
VanDerWaalsInteractions:0.5833333333333334
