AbstractTestQueries:0.43666666666666665
QueryUtil:0.31166666666666665
AbstractTestIntegrationSmokeTest:0.30333333333333334
AbstractTestDistributedQueries:0.30333333333333334
StatementAnalyzer:0.28
InformationSchemaPageSourceProvider:0.26666666666666666
TestHiddenColumns:0.18333333333333332
