FrequencyListEditorInput:0.6266666666666667
TableEditor:0.47833333333333333
ComputeFrequencyList:0.11
