LocalConversationManager:0.4533333333333333
AttributeMapBindingListener:0.42333333333333334
HttpSessionMap:0.3933333333333333
ExecutorBeanDefinitionParser:0.38666666666666666
FlowNamespaceHandler:0.15666666666666668
HttpSessionMapBindingListener:0.10333333333333333
UserConversationContext:0.07666666666666666
ListenersBeanDefinitionParser:0.04666666666666667
ExecutionAttributesBeanDefinitionParser:0.04666666666666667
AttributeMapBindingEvent:0.03333333333333333
ConversationAccessException:0.016666666666666666
