Controller:0.44333333333333336
GuiUtils:0.39666666666666667
Main:0.2966666666666667
OverlayUI:0.20666666666666667
