GwtSearchCriteria:0.49666666666666665
FindCtrl:0.36666666666666664
GwtTeamingMessages:0.32666666666666666
EnhancedViewWidgetDlgBox:0.32
CustomJspWidgetDlgBox:0.24666666666666667
GwtRpcServiceImpl:0.22666666666666666
FolderWidgetDlgBox:0.21
EntryWidgetDlgBox:0.21
EntryDropWidget:0.19666666666666666
FolderDropWidget:0.19666666666666666
LinkToEntryWidgetDlgBox:0.17166666666666666
LinkToFolderWidgetDlgBox:0.17166666666666666
LinkToEntryDropWidget:0.14
EnhancedViewDropWidget:0.14
CustomJspDropWidget:0.14
LinkToFolderDropWidget:0.14
