SchemaInfo:0.44963888888888887
DocSchemaInfo:0.38333333333333336
SysSchemaInfo:0.2966666666666667
