BootstrapLabel:0.6333333333333333
BootstrapDrawableFactory:0.5533333333333333
