GSClient:0.63
HelloTask:0.36133333333333334
TestFromJSP:0.11666666666666667
