Py:0.73
PyObject:0.6097777777777776
PyScriptEngine:0.32
DataHandler:0.21333333333333335
PyCursor:0.20333333333333334
Jython22DataHandler:0.20333333333333334
