AnalysisInput:0.6333333333333333
AnalysisPanel:0.4766666666666667
BlastFilterPanel:0.3333333333333333
BlastParser:0.28
FilterPanel:0.18
