HTMLElement:0.8177777777777778
HTMLElement2Test:0.47388888888888886
