AmazonS3Wrapper:0.6166666666666667
XContentSettingsLoader:0.31333333333333335
NoDuplicatesProperties:0.1827777777777778
PropertiesSettingsLoader:0.18
JsonSettingsLoaderTests:0.06333333333333334
YamlSettingsLoaderTests:0.03
