Lucene:0.5333333333333333
ChildScorer:0.30666666666666664
CustomBoostFactorScorer:0.30666666666666664
EmptyScorer:0.30666666666666664
MockScorer:0.30666666666666664
IncludeNestedDocsScorer:0.30666666666666664
CannedScorer:0.30666666666666664
IndexFieldTerm:0.2833333333333333
ConstantScorer:0.25416666666666665
ParentScorer:0.21666666666666667
ChildrenConstantScoreQuery:0.19333333333333333
MatchAndScore:0.15666666666666668
MatchAndSort:0.15666666666666668
ParentScoreCollector:0.10277777777777777
