CSSCheckerParser:0.43
JFXComponentsExtractor:0.41333333333333333
Element:0.38
LookModelScriptHelper:0.21666666666666667
SelectorPair:0.10333333333333333
