LwjglInput:0.37333333333333335
EventTrigger:0.31600000000000006
AndroidInput:0.31
JglfwInput:0.31
LwjglAWTInput:0.2966666666666667
GwtInput:0.26
RemoteInput:0.23
