UnicastZenPing:0.35333333333333333
EsExecutors:0.35333333333333333
ReaderCleaner:0.33
Adapter:0.26666666666666666
