Tools:0.6233333333333333
DefaultRenderContext:0.44
AbstractResultQuery:0.33
AbstractQuery:0.26
AbstractRoutine:0.24333333333333335
Rendered:0.15666666666666668
