ProxettaAsmUtil:0.5533333333333333
ProxettaCtorBuilder:0.24777777777777782
InvokeProxetta:0.23333333333333334
WrapperProxetta:0.2227777777777778
TargetMethodData:0.2227777777777778
SubclassTest:0.20666666666666667
ProxettaMethodBuilder:0.20333333333333334
ProxyProxetta:0.17666666666666667
ProxyAspectData:0.17666666666666667
ProxettaClassBuilder:0.17333333333333334
BigClassTest:0.12333333333333334
InvReplTest:0.11333333333333333
I18nInterceptor:0.11333333333333333
