DefaultLineMapper:0.6722222222222222
DefaultLineMapperTests:0.29266666666666663
