AbstractStaxEventPayloadEndpoint:0.7886111111111112
AbstractStaxStreamPayloadEndpoint:0.576388888888889
