JavaElement:0.7866666666666666
JavaElementChanges:0.4
ChangeReport:0.2866666666666667
