Configuration:0.7316666666666667
DevelUtils:0.26666666666666666
