CoverageStyle:0.8533333333333334
FeatureStyle:0.8533333333333334
