RebaseInstrumentationTarget:0.5433333333333333
RedefinedConstructorInvocation:0.5333333333333333
Handler:0.23333333333333334
InMemberPhase:0.14
RawInput:0.07611111111111112
