Texture:0.6368333333333334
ShaderProgram:0.5333333333333333
SpriteBatch:0.2825
MeshShaderTest:0.2611111111111111
AndroidTexture:0.24
JoglTexture:0.21333333333333335
