HttpSecurityConfigPostProcessor:0.3566666666666667
HttpSecurityBeanDefinitionParser:0.31333333333333335
DefaultLoginPageGeneratingFilter:0.24
FormLoginBeanDefinitionParser:0.22333333333333333
HttpSecurityBeanDefinitionParserTests:0.06666666666666667
BasicAuthenticationBeanDefinitionParser:0.03166666666666667
