LocalAttributeMapTests:0.3466666666666667
LocalParameterMapTests:0.33
FormActionTests:0.29
TextToViewSelectorTests:0.27
PojoActionXmlFlowBuilderTests:0.20333333333333334
