CopyPasteAction:0.54
JCPMenuTextMaker:0.35333333333333333
TemplateBrowser:0.27666666666666667
DummyClass:0.08333333333333333
