JPPFTaskBundle:0.32666666666666666
JPPFJob:0.32
JPPFClient:0.25
JPPFAnnotatedTask:0.23
MatrixRunner:0.22666666666666666
TestTaskRunner:0.20333333333333334
AbstractJPPFClient:0.15666666666666668
TestAnnotatedTask:0.14333333333333334
NonBlockingMatrixRunner:0.13333333333333333
ReflectionUtils:0.12
JPPFResultCollector:0.06
TaskResultEvent:0.01
