TermSuggester:0.29333333333333333
SearchModule:0.23666666666666666
Suggester:0.1732222222222222
TransportSuggestAction:0.11333333333333333
SuggestPhase:0.11
SuggestionSearchContext:0.1
SuggestParseElement:0.02666666666666667
PhraseSuggester:0.023333333333333334
