Node:0.6466666666666666
AttrValueSetI:0.395
GraphEltSet:0.35800000000000004
NBrowseApplet:0.3433333333333333
NBNode:0.32
DataAdapterI:0.27051984126984113
NodeAttrQueryView:0.20333333333333334
CategoryCheckBoxListener:0.12
DataAdapterManager:0.11333333333333333
NbrowseJdbcAdapter:0.01
AttrValueRangeSet:0.01
TouchGraphXmlAdapter:0.005833333333333334
ErrorUtil:0.0025
