IEjbcaWS:0.5150555555555555
EjbcaWS:0.43333333333333335
UserAdminSessionBean:0.31666666666666665
WebServiceConfiguration:0.23613492063492061
InternalResourcesTest:0.21
UserAdminSession:0.19416666666666665
RevokeCertBackdated:0.013333333333333334
RevokeCertBackdatedResponse:0.0
