GwtTeamingMessages:0.506388888888889
RequestInfo:0.33
GwtShareHelper:0.2733333333333333
ZoneShareRightsSelectPrincipalsWidget:0.25333333333333335
GwtSharingInfo:0.24333333333333335
ShareThisDlg:0.24111111111111114
GwtUIHelper:0.22333333333333333
GwtClientHelper:0.18666666666666668
