SortedMap:0.5633333333333334
Iterator:0.42333333333333334
Value:0.35333333333333333
Map:0.33666666666666667
Monad:0.3
TreeMap:0.29
HashMap:0.2866666666666667
LinkedHashMap:0.2633333333333333
BiFunctor:0.26
Traversable:0.22359523809523807
Try:0.21
Future:0.19
Lazy:0.15333333333333332
