SurveillanceService:0.5766666666666667
DefaultSurveillanceService:0.4066666666666667
Alarm:0.3466666666666667
NodeRtc:0.3233333333333333
SurveillanceServiceAsync:0.29503968253968255
RtcService:0.2773333333333333
DefaultRtcService:0.16666666666666666
Dashboard:0.15666666666666668
AlarmView:0.12
RtcNode:0.09333333333333334
NodeStatusDashlet:0.08666666666666667
DefaultSurveillanceServiceTest:0.02666666666666667
NodeStatusLoader:0.02666666666666667
DefaultSurveillanceServiceIntegrationTest:0.01
NodeStatusView:0.006666666666666667
