Symbol:0.44666666666666666
Null:0.32666666666666666
Literal:0.32
Reference:0.2733333333333333
TimestampLiteral:0.25333333333333335
Aggregation:0.24666666666666667
SetLiteral:0.24333333333333335
Function:0.24
ObjectLiteral:0.21
