Point:0.5933333333333334
Map:0.5566666666666666
FireMachineGuns:0.35333333333333333
