Map:0.7066666666666667
Coordinates:0.5866666666666667
CannedMarsMap:0.25666666666666665
GlobeDisplay:0.21333333333333335
ShadingMapLayer:0.19777777777777777
MineralMapLayer:0.17277777777777778
mapClickListener:0.16666666666666666
MapPanel:0.15666666666666668
NavigatorWindow:0.14333333333333334
MiningSitePanel:0.14
