AnimationAction:0.2633333333333333
MoveBy:0.26116666666666666
RotateBy:0.26116666666666666
MoveTo:0.26116666666666666
RotateTo:0.26116666666666666
FadeIn:0.26116666666666666
FadeOut:0.26116666666666666
ScaleTo:0.26116666666666666
FadeTo:0.26116666666666666
Action:0.16666666666666666
