DefaultMapping:0.5966666666666667
DatabaseSource:0.3566666666666667
SqlCipherDatabaseSource:0.3566666666666667
SqlitexDatabaseSource:0.33
