Robolectric:0.54
FakeHttpLayer:0.4633333333333333
DefaultRequestDirectorTest:0.24666666666666667
