MultiPathCircleCascadeTest:0.6797222222222223
UnresolvedEntityInsertActions:0.5528888888888889
