GravesLSTM:0.43
ConvolutionLayer:0.3186111111111111
GravesBidirectionalLSTM:0.31333333333333335
GRU:0.3
BaseLayer:0.27
GradientCheckTests:0.25666666666666665
ImageLSTM:0.24666666666666667
