DayView:0.7066666666666667
DayViewFacade:0.5864444444444444
