Py:0.81
PyTuple:0.43333333333333335
AbstractArray:0.34833333333333333
