StatefullAPIImpl:0.3433333333333333
AbstractEditorOverlay:0.33666666666666667
AbstractTableGenerator:0.30666666666666664
DefaultARINCDefinition:0.29
PropertyPanelFactory:0.27666666666666667
JFXEditorOverlay:0.26
ScrollPanelRenderer:0.24666666666666667
ARINCDefinition:0.23166666666666666
WidgetsDescriptionHandler:0.225
ToolTipHelper:0.22
EditorWidgetTableConstructor:0.21
GenerateWORDAction:0.20333333333333334
StatefullAPI:0.20083333333333334
AbstractEditorPanel:0.17333333333333334
EditorTreeRenderer:0.17
RelationshipsGenerator:0.15333333333333332
EditorMenuFactory:0.09
