SparkComputationGraph:0.46
SparkDl4jMultiLayer:0.4533333333333333
IEvaluateFlatMapFunction:0.3233333333333333
IEvaluateFlatMapFunctionAdapter:0.24666666666666667
IEvaluationReduceFunction:0.18333333333333332
