CrawlURI:0.68
CoreAttributeConstants:0.4442619047619048
SimpleHTTPFetcher:0.2652777777777778
