SimpleJobRepository:0.37
AbstractJobDaoTests:0.33666666666666667
SimpleJobRepositoryTests:0.28
AbstractStepDaoTests:0.22333333333333333
SqlStepDao:0.18
HibernateJobDao:0.14666666666666667
