GITRemoteRepository:0.4422222222222222
SVNRemoteRepository:0.4422222222222222
RepositoryUtils:0.39
ProjectUICommands:0.2866666666666667
NewTeamProject:0.24666666666666667
AskCredentials:0.15444444444444444
RepoTypeWorker:0.13333333333333333
RepoTypeDetector:0.12666666666666668
MyCredentialsProvider:0.11888888888888888
