ConditionSearchItem:0.9066666666666666
QuantifierRecord:0.3844444444444444
