NettyClientHandler:0.4533333333333333
QueuedCommand:0.3678888888888889
SendGrpcFrameCommand:0.2833333333333333
NettyClientTransport:0.23666666666666666
WriteQueue:0.17333333333333334
NettyClientTransportTest:0.16666666666666666
Sink:0.11666666666666667
ProtocolNegotiatorsTest:0.11
AbstractQueuedCommand:0.043333333333333335
RunnableCommand:0.013333333333333334
NoopProtocolNegotiator:0.01
NoopHandler:0.0
