MaterializedResult:0.5383333333333333
TestHiveIntegrationSmokeTest:0.2866666666666667
SqlTimestamp:0.27861111111111114
TestMongoIntegrationSmokeTest:0.27
TestRaptorIntegrationSmokeTest:0.2633333333333333
TestCassandraIntegrationSmokeTest:0.19
TestBlackHoleSmoke:0.19
H2QueryRunner:0.14666666666666667
TestingPrestoClient:0.04
