TreeItemTest:0.7233333333333334
RobotTest:0.5955555555555555
