BondTest:0.4033333333333333
ElectronContainerTest:0.3566666666666667
PolymerTest:0.29
BioPolymerTest:0.27666666666666667
SingleElectronTest:0.27
LonePairTest:0.27
MoleculeTest:0.17
MoleculeSetTest:0.09833333333333333
