RelatedPoint:0.58
Triangle:0.37666666666666665
ARINCRuntimeException:0.33
TriangleContext:0.30666666666666664
TriangleDouble:0.275
ARINCMapHorzItems:0.25194444444444447
ARINCMapVertItems:0.19
TriangleEndRenderer:0.16333333333333333
TriangleEndDoubleRenderer:0.16
TriangleSegmentDoubleRenderer:0.15666666666666668
AbstractTriangleStartRenderer:0.15666666666666668
TriangleSegmentRenderer:0.15333333333333332
TriangleStripStartRenderer:0.08
TriangleFanStartRenderer:0.08
