IoDataElement:0.435
XMLConverter:0.39133333333333337
IoSchemata:0.29733333333333334
DiscoPipes:0.2866666666666667
IoSchemataPipes:0.24111111111111114
ProcPipes:0.18
