SarosSession:0.5566666666666666
SharedProject:0.4633333333333333
