QRCodeEncoder:0.45666666666666667
ShareActivity:0.38333333333333336
Encode:0.36577777777777787
EncodeThread:0.29333333333333333
MultiFormatWriter:0.24444444444444446
