Channels:0.5466666666666666
NettyRequestSender:0.32
NettyRequests:0.24666666666666667
NettyChannelHandler:0.16355555555555554
HttpUtil:0.16
