WanReplicationTest:0.6633333333333333
SplitBrainReplicatedMapTest:0.3793333333333333
