Starter:0.6303373015873017
HAManager:0.5833333333333334
