InProcessChannelBuilder:0.5033333333333333
ManagedChannelBuilder:0.33
ForwardingChannelBuilder:0.2941111111111111
