FileSqlManager:0.5133333333333333
SQLFileParsingTest:0.43333333333333335
AbstractSqlManager:0.42
CustomizedSqlsTest:0.22
