MPPSModel:0.42333333333333334
MWLFilter:0.32666666666666666
MPPSEntry:0.25333333333333335
MWLModel:0.23333333333333334
MWLConsoleCtrl:0.20777777777777778
MWLFindScpService:0.20666666666666667
MPPSConsoleCtrl:0.14666666666666667
MWLScuDelegate:0.12166666666666667
MPPSDelegate:0.06333333333333334
DummyMPPSEntry:0.04666666666666667
