Application:0.7966666666666666
LwjglApplication:0.31416666666666665
IOSApplication:0.29
AndroidApplication:0.27416666666666667
LwjglCanvas:0.26
AndroidDaydream:0.26
LwjglAWTCanvas:0.26
GwtApplication:0.25226190476190474
AndroidLiveWallpaper:0.23
