Command:0.5722222222222222
CMSFormProcessorMailTask:0.39666666666666667
CMSFormProcessorMailTaskResult:0.24666666666666667
CMSFormProcessorMailTaskEmailError:0.23666666666666666
CMSFormProcessorMailTaskEmailDataDefaultImpl:0.06666666666666667
NotImplementedException:0.06
CMSFormProcessorMailTaskConfiguration:0.058333333333333334
AbstractCMSFormProcessorMailTaskEmailData:0.0011111111111111111
