LineViewer:0.6966666666666667
jspViewer:0.38166666666666665
javaViewer:0.32
