AsyncBroadcastAction:0.46
ShardInfo:0.31133333333333335
StatsService:0.26
SQLReduceJobStatus:0.15666666666666668
ShardStatsTest:0.08666666666666667
