MavenPackagedArtifactFinder:0.6033333333333334
AbstractOsgiTests:0.47333333333333333
EquinoxTest:0.15
FelixTest:0.15
KfTest:0.15
