ParcelerModule:0.7066666666666667
FinalParcelableImplementationMatcher:0.3466666666666667
TestParcelerModule:0.3244444444444445
