PurchaseManager:0.7966666666666666
PayTest:0.31666666666666665
PurchaseManagerAndroidOpenIAB:0.25
PurchaseManagerAndroidOUYA:0.23
PurchaseSystem:0.19083333333333333
PurchaseManagerGwtGoogleWallet:0.105
PurchaseManageriOSApple:0.105
PurchaseManagerDesktopApple:0.105
