IncomingInvitationProcess:0.7216666666666667
FileSubmitter:0.3233333333333333
