NearCacheTestContext:0.42
IOBalancerStressTest:0.31
NearCachedClientCacheProxy:0.2733333333333333
TransactionalMapDataStructureAdapter:0.23666666666666666
CacheCreationTest:0.21666666666666667
AbstractListenersOnReconnectTest:0.20666666666666667
NearCacheTestContextBuilder:0.19
