Form:0.57
FormLocator:0.38333333333333336
BeanProperty:0.2833333333333333
BeanDefinition:0.056666666666666664
NodeHandler:0.04
TextFieldNodeHandler:0.03333333333333333
ButtonNodeHandler:0.013333333333333334
DynamicBean:0.0033333333333333335
TextAreaNodeHandler:0.0
PasswordFieldNodeHandler:0.0
