JsonFunctions:0.33666666666666667
DecimalCasts:0.32666666666666666
JsonOperators:0.26666666666666666
JsonExtract:0.25666666666666665
InternalTypeResolver:0.22
TypeJsonUtils:0.19666666666666666
JsonValueJsonExtractor:0.1
