ArtifactsPublisher:0.7933333333333333
ArtifactsPublisherTest:0.2633333333333333
