PseudoAtom:0.56
SmilesParserTest:0.5066666666666667
SmilesGeneratorTest:0.19666666666666666
