ExtractInheritance:0.6516666666666666
TestJavaLR:0.43
GenHierarchy:0.31333333333333335
TestJava:0.25333333333333335
