ShadowHandler:0.49833333333333335
ShadowLooper:0.4266666666666667
ShadowSystemProperties:0.21666666666666667
WithConstantIntTest:0.14
