ArchiveAndReplaySystemTest:0.32
ArchiverConductor:0.30333333333333334
ListDescriptorsSession:0.2866666666666667
Context:0.2833333333333333
ImageArchivingSession:0.19966666666666666
ArchiveIndex:0.14
