Input:0.6388888888888888
HtmlInput:0.5733333333333334
InputTest:0.29
