Cursor:0.8466666666666667
Graphics:0.6866666666666666
LwjglGraphics:0.2866666666666667
Lwjgl3Graphics:0.27666666666666667
Lwjgl3Application:0.27
GwtGraphics:0.24333333333333335
Lwjgl3Input:0.21333333333333335
IOSGraphics:0.1980952380952381
MockGraphics:0.17333333333333334
LwjglCursor:0.16666666666666666
GwtCursor:0.16666666666666666
JglfwGraphics:0.1475
AndroidGraphics:0.1475
LwjglDebugStarter:0.08333333333333333
Lwjgl3DebugStarter:0.06333333333333334
