Projections:0.36
BasicCacheJournalTest:0.33
BasicMapJournalTest:0.26666666666666666
MapQueryPartitionIteratorTest:0.2633333333333333
AbstractMapQueryPartitionIteratorTest:0.2633333333333333
QueryResult:0.25333333333333335
Predicates:0.24666666666666667
ProjectionDataSerializerHook:0.24333333333333335
ReflectionHelper:0.18666666666666668
