ParameterList:0.32
JDKHttpClient:0.30333333333333334
OAuth10aService:0.30333333333333334
OAuthAsyncCompletionHandler:0.2633333333333333
OkHttpHttpClient:0.26
OAuth20Service:0.20666666666666667
RenrenExample:0.17
OAuth20ServiceUnit:0.13
OdnoklassnikiServiceImpl:0.10333333333333333
HeaderExtractorImpl:0.1
MailruOAuthServiceImpl:0.09666666666666666
