OrderTest:0.44
CommercialDocumentTest:0.42
InvoiceTest:0.20333333333333334
AddOrdersToInvoiceAction:0.05333333333333334
