SwimlaneInitializer:0.8366666666666667
OrgFunction:0.4266666666666667
OrgFunctionHelper:0.29333333333333333
SwimlaneInitializerHelper:0.29333333333333333
AltSubstitutionCacheImpl:0.19333333333333333
SubstitutionHelper:0.13333333333333333
UpdatePermissionsSettings:0.12111111111111111
SubstitutionCacheImpl:0.12
DefaultAssignmentHandler:0.11666666666666667
SwimlaneAssignerTaskHandler:0.11666666666666667
UpdatePermissionsTaskHandler:0.1125
AssignSwimlaneActionHandler:0.1125
UpdatePermissionsXmlParser:0.10666666666666667
SubstitutionTableBuilder:0.09666666666666666
OrgFunctionSwimlaneInitializer:0.08333333333333333
EscalationActionHandler:0.07666666666666666
GetExecutorByRelationHandler:0.06
RelationSwimlaneInitializer:0.03
GetExecutorsByRelationHandler:0.0
