ContextMenuWrapper:0.6344444444444444
SuperBot:0.5733333333333334
Wait:0.5733333333333334
PEView:0.54
Views:0.54
NewC:0.54
SessionView:0.54
TeamC:0.54
WindowM:0.5333333333333333
SarosContextMenuWrapper:0.5333333333333333
SarosPreferences:0.5333333333333333
BuddiesView:0.5333333333333333
ChatView:0.5333333333333333
RSView:0.49333333333333335
State:0.49333333333333335
ProgressView:0.46
SarosM:0.46
SuperBotImp:0.36666666666666664
ContextMenuWrapperImp:0.31666666666666665
NewCImp:0.31333333333333335
BuddiesViewImp:0.30666666666666664
SessionViewImp:0.2866666666666667
SarosPreferencesImp:0.28
StateImp:0.27
ChatViewImp:0.27
RealTester:0.24666666666666667
PEViewImp:0.24666666666666667
WindowMImp:0.24
STFController:0.22333333333333333
SarosContextMenuWrapperImp:0.22
TeamCImp:0.21
WaitImp:0.21
ViewsImp:0.20333333333333334
RefactorC:0.17
SarosMImp:0.17
ConsoleView:0.17
ShareWithC:0.17
ProgressViewImp:0.10333333333333333
RSViewImp:0.10333333333333333
RefactorCImp:0.10333333333333333
Perspective:0.08333333333333333
Component:0.08333333333333333
ShareWithCImp:0.08333333333333333
ConsoleViewImp:0.07333333333333333
