DefinitionService:0.8133333333333334
DefinitionServiceDelegate:0.6110555555555556
JbpmDefinitionLogic:0.43
ProcessInstanceSwimlaneRowBuilder:0.29
JbpmDefinitionServiceBean:0.28
ProcessSwimlaneMonitorTag:0.22333333333333333
DefinitionServiceDelegateLocalImpl:0.21666666666666667
DefinitionServiceDelegateRemoteImpl:0.21666666666666667
DefinitionServiceDelegateGetOrgFunctionFriendlyNamesMappingTest:0.03
