RuntimeEnvironment:0.54
Util:0.4066666666666667
JavaClassAnalyzer:0.3466666666666667
Configuration:0.33
Project:0.2733333333333333
PageConfig:0.25666666666666665
JFlexXref:0.21
IndexDatabase:0.17333333333333334
JFlexXrefTest:0.16333333333333333
JarAnalyzer:0.08333333333333333
ProjectTest:0.07777777777777778
