NestedLoopConsumerTest:0.5855555555555556
Visitor:0.37555555555555553
SubRelationConverter:0.24833333333333332
