Shape:0.5541666666666667
Materialisation:0.4033333333333333
