AbstractController2D:0.6797222222222223
JChemPaintPanel:0.6754444444444445
