VInOutGen:0.7516111111111111
InOutCreateInvoice:0.41833333333333333
