StringUtils:0.6933333333333334
GeneParsedListener:0.38333333333333336
AllJUnitTests:0.31
PullDownMenuRadioButton:0.27666666666666667
HighlightTag:0.22666666666666666
GeneSaxHandler:0.14666666666666667
