Identifiable:0.43
QueryMode:0.34
DurationUserType:0.26
RIMNamingStrategy:0.03666666666666667
HibernateTest:0.023333333333333334
HibernateUtil:0.0
