WebUtils:0.5733333333333334
InitialFlowSetupAction:0.3566666666666667
DefaultWebflowConfigurer:0.23
PasswordManagementWebflowConfigurer:0.19333333333333333
AbstractCasWebflowConfigurer:0.17666666666666667
