Constants:0.4816666666666667
LocalObjectLight:0.47
LocalObjectListItem:0.37333333333333335
NativeTypeProperty:0.2733333333333333
