FeatureEditorDialog:0.8
CommentEditPanel:0.40166666666666667
FeatureEditPanel:0.30333333333333334
