Configuration:0.6
ProjectConfigurationPageWebTest:0.2866666666666667
ConfigurationServlet:0.06666666666666667
