PluginRegistry:0.6233333333333333
PluginXMLHelper:0.39666666666666667
ProjectXMLHelper:0.35333333333333333
PluginXMLHelperTest:0.21
MockMapping:0.06333333333333334
