RawResourceLoader:0.36
DrawableResourceLoader:0.36
DrawableResourceLoaderNoRunnerTest:0.30666666666666664
ResourceParser:0.22
RawResourceLoaderTest:0.20955555555555555
ResourceTableFactory:0.2006666666666667
