ProxyConfiguration:0.5233333333333333
HttpClientBuilder:0.44
HttpClientBuilderTest:0.38
HttpClientConfigurationTest:0.31666666666666665
