SyncTest:0.44333333333333336
StreamPlayer:0.26666666666666666
MusicPlayer:0.20866666666666667
DSPTest:0.16333333333333333
TestDspCallback:0.1547777777777778
StreamPlayerMemory:0.13866666666666666
