TestSqlParser:0.6533333333333333
StatementAnalyzer:0.41333333333333333
QueryUtil:0.3433333333333333
