DataSourceFactory:0.6066666666666667
DropwizardResourceConfig:0.2880952380952381
FileAppenderFactory:0.25666666666666665
DropwizardResourceConfigTest:0.20111111111111113
EndpointLogger:0.19611111111111112
WrapperResource:0.18666666666666668
DataSourceFactoryTest:0.14
DataSourceConfigurationTest:0.09333333333333334
FileAppenderFactoryTest:0.043333333333333335
