DicomInputStream:0.4288888888888889
SAXWriterTest:0.32666666666666666
SAXWriter:0.31666666666666665
DicomOutputStream:0.3
ItemInfo:0.25333333333333335
