ToeThread:0.44666666666666666
CrawlController:0.3433333333333333
CrawlOrder:0.31666666666666665
CrawlerBehavior:0.24333333333333335
URIStore:0.18944444444444442
RobotsExclusionPolicy:0.013333333333333334
CrawlScope:0.0
