AbstractNodeContext:0.4666666666666667
NodeNioServer:0.38
ClientClassServerFactory:0.24
NodeClassServerFactory:0.24
NodeServerFactory:0.22611111111111115
ClientServerFactory:0.18
