DynamicSortedSet:0.32
OsgiServiceCollection:0.29333333333333333
ServiceWrapper:0.29333333333333333
OsgiServiceList:0.255
DynamicList:0.2524444444444444
MockServiceReference:0.20666666666666667
WeakCollectionTest:0.18
DateWrapper:0.17
DynamicCollection:0.14
Listener:0.13388888888888892
OsgiServiceSetTest:0.12
OsgiServiceSortedSet:0.08333333333333333
OsgiServiceCollectionProxiesTest:0.08
DynamicSortedList:0.06166666666666667
OsgiServiceListIterator:0.03833333333333333
OsgiServiceSortedSetTest:0.03666666666666667
AbstractOsgiCollectionTest:0.03333333333333333
OsgiServiceIterator:0.02666666666666667
OsgiServiceIdComparator:0.018333333333333333
OsgiServiceSortedList:0.0
