PartitionStateGeneratorImpl:0.48
RepartitioningTask:0.47333333333333333
PartitionStateGenerator:0.45592857142857146
PartitionStateManager:0.32666666666666666
NoMigrationClusterStateTest:0.09666666666666666
PartitionStateGeneratorTest:0.09333333333333334
