MetaProperty:0.7516666666666667
CustomersTest:0.32666666666666666
