ResultHandler:0.6544444444444444
ISBNResultHandler:0.4
ProductResultHandler:0.2966666666666667
