PeakChartCompositeMouseListener:0.4766666666666667
AssignmentPage:0.4088888888888889
SpecMolPeackChartComposite:0.38333333333333336
