CallTest:0.37333333333333335
Builder:0.2866666666666667
Request:0.2833333333333333
Spdy3ConnectionTest:0.2633333333333333
SpdyConnection:0.23333333333333334
SpdyDataSource:0.19666666666666666
Http2ConnectionTest:0.14666666666666667
