ResumptionToken:0.52
Lib:0.4266666666666667
Header:0.38
Record:0.3566666666666667
Xml:0.2833333333333333
OaiPmh:0.24
Transport:0.22666666666666666
Search:0.22333333333333333
ListRecords:0.20666666666666667
OaiPmhResult:0.2063968253968254
IdentifyResponse:0.2
ListIdentifiers:0.19333333333333333
MetadataFormat:0.19
Identify:0.18
ListMetadataFormats:0.17333333333333334
GetRecord:0.16333333333333333
OaiPmhFactory:0.14333333333333334
Harvester:0.13
ListSets:0.11833333333333333
ListIdentifiersRequest:0.11333333333333333
GetRecordRequest:0.11333333333333333
ListResponse:0.07666666666666666
OaiPmhHarvester:0.07333333333333333
ListRecordsRequest:0.06333333333333334
GetRecordResponse:0.05777777777777779
ListMetadataFormatsRequest:0.056666666666666664
ListSetsRequest:0.056666666666666664
ListIdentifiersResponse:0.056666666666666664
IdentifyRequest:0.056666666666666664
ListSetsResponse:0.055
AbstractResponse:0.055
ListMetadataFormatsResponse:0.05
BadArgumentException:0.049166666666666664
BadResumptionTokenException:0.049166666666666664
OaiPmhParams:0.04666666666666667
SetInfo:0.04666666666666667
RecordInfo:0.04666666666666667
AbstractRequest:0.04666666666666667
SearchResult:0.043333333333333335
NoRecordsMatchException:0.0425
ListRecordsResponse:0.04
OaiPmhDispatcher:0.04
OaiPmhService:0.03666666666666667
IdDoesNotExistException:0.02666666666666667
OaiPmhException:0.013333333333333334
BadVerbException:0.0033333333333333335
CannotDisseminateFormatException:0.0033333333333333335
NoSetHierarchyException:0.0
ListRequest:0.0
NoMetadataFormatsException:0.0
