Validation:0.86
Kind2:0.4442619047619048
Applicative:0.19527777777777777
