MasterSlaveConnectionManager:0.6933333333333334
ClusterConnectionManager:0.38333333333333336
SentinelConnectionManager:0.23666666666666666
ElasticacheConnectionManager:0.19666666666666666
