Output:0.6466666666666666
S3FileInput:0.5066666666666667
FileReadingCollectorTest:0.31333333333333335
WriterProjector:0.23666666666666666
OutputFile:0.23222222222222225
