DefaultWebApp:0.5166666666666667
ProxettaAwareActionsManager:0.43666666666666665
PetiteWebApp:0.29333333333333333
