Lib:0.7633333333333333
DataManager:0.5833333333333334
Params:0.38777777777777783
HarvestManager:0.3333333333333333
GeonetHarvester:0.28
LuceneSearcher:0.26
AbstractHarvester:0.23666666666666666
Login:0.21777777777777782
Exporter:0.21666666666666667
Aligner:0.19333333333333333
Geonet20Harvester:0.18666666666666668
Importer:0.14
Service:0.12
Download:0.11
MainUtil:0.08666666666666667
Rate:0.08
Show:0.07083333333333333
MetadataLib:0.0
