Calendar:0.7283333333333334
HebrewCalendar:0.49694444444444447
