AlignViewport:0.6066666666666667
AlignFrame:0.37
TreeFile:0.3566666666666667
FillPanel:0.24826767676767678
ColourChooserPanel:0.24666666666666667
AlignmentPanel:0.24166666666666667
UserColoursAction:0.22
SeqPanel:0.21333333333333335
ScaleCanvas:0.20944444444444443
ScorePanel:0.20855555555555558
IdCanvas:0.19666666666666666
AlignFrameWindowListener:0.13
OutputAlignBoxAction:0.11333333333333333
GroupEditAction:0.11333333333333333
GroupsAction:0.11333333333333333
SaveAlignFileAction:0.11333333333333333
InputAlignBoxAction:0.11333333333333333
ColourMenu:0.09333333333333334
