EnableWebOverrideRequestDataConfig:0.5133333333333333
CsrfConfigurerNoWebMvcTests:0.35333333333333333
