SettlementWindow:0.36
Coordinates:0.3566666666666667
DrinkSoymilk:0.32
BuildingPanelMakingSoy:0.30666666666666664
TabPanel:0.28222222222222226
FoodTableModel:0.2733333333333333
MainDesktopPane:0.265
UnitWindow:0.22
MonitorWindow:0.215
TableTab:0.19666666666666666
HeatTableModel:0.18333333333333332
LocationTabPanel:0.16333333333333333
BuildingPanel:0.15633333333333332
