ColourChooserPanel:0.5766666666666667
ColorSelectPanel:0.5266666666666666
PogCanvas:0.19333333333333333
ColourChooserFrame:0.14666666666666667
UserColoursAction:0.13666666666666666
