GISViewScene:0.5716666666666667
GISViewTopComponent:0.39666666666666667
ZoomAction:0.26666666666666666
