DocumentImpl:0.43333333333333335
DocumentEditor:0.41333333333333333
MainFrame:0.33666666666666667
SelectionBlinker:0.245
NewCorpusEvalAction:0.13333333333333333
