LocalRaAdminSessionBean:0.47361111111111104
LocalUserAdminSessionBean:0.47361111111111104
UpgradeSessionBean:0.4166666666666667
