HPSelector:0.3751190476190476
HPSelectorFactory:0.31666666666666665
Str:0.31
FilterOp:0.26666666666666666
Int:0.25666666666666665
SortByAttribute:0.23333333333333334
NotMemberOf:0.19666666666666666
MemberOf:0.19666666666666666
LessOrEqual:0.19
RangeExcl:0.19
LessThan:0.19
GreaterThan:0.19
GreaterOrEqual:0.19
RangeIncl:0.19
FilterbyAttributePresence:0.18
AbstractHPSelector:0.17333333333333334
ImageSetSelectorUsageFlag:0.17
SortingDirection:0.16666666666666666
HPComparator:0.1308730158730159
Seq:0.10333333333333333
FctGrp:0.09666666666666666
HPComparatorFactory:0.08666666666666667
AlongAxisComparator:0.085
ByAcqTimeComparator:0.085
AbstractHPComparator:0.08
AttributeComparator:0.05333333333333334
UInt:0.04
AttributeSelector:0.03888888888888889
BaseAttributeSelector:0.03333333333333333
AttributeValueSelector:0.03333333333333333
Flt:0.02666666666666667
Dbl:0.02666666666666667
AttributePresenceSelector:0.016666666666666666
CodeValueSelector:0.0
