Jedis:0.6866666666666666
JedisCluster:0.5166666666666667
Protocol:0.36333333333333334
ClusterCommandsTest:0.32
Client:0.30666666666666664
ClusterCommands:0.2
