Element:0.64
Document:0.49
ParserTest:0.25333333333333335
Jsoup:0.22
Parser:0.18666666666666668
ParseTest:0.16666666666666666
Cleaner:0.13222222222222224
DocumentTest:0.09666666666666666
