Options:0.7041666666666667
J2ObjC:0.37333333333333335
CycleFinder:0.31333333333333335
