SingleMemberGroup:0.4866666666666667
DefaultMemberGroup:0.4166666666666667
HostAwareMemberGroupFactory:0.3433333333333333
PartitionStateGeneratorImpl:0.31333333333333335
MemberIterator:0.2877777777777778
