ScaleView:0.6341666666666667
TableSelector:0.5739444444444445
FindPanel:0.3433333333333333
