RuntimeScope:0.5966666666666667
DataEnvironment:0.5266666666666666
RuntimeScopeWalker:0.30666666666666664
ScopeChageStep:0.01
