Cache:0.5116666666666667
DiskLruCache:0.33666666666666667
CacheResponseBody:0.2922222222222222
SpdySource:0.25
AbstractSource:0.22
Editor:0.21
Snapshot:0.19666666666666666
Entry:0.18333333333333332
CacheAdapter:0.15
CacheRequestImpl:0.043333333333333335
