SystemShell:0.5466666666666666
ConsolePlugin:0.3333333333333333
ErrorMatcher:0.2611111111111111
ErrorMatcherDialog:0.25
clear:0.18
