Flyway:0.71
Main:0.25333333333333335
FlywayMediumTest:0.22333333333333333
DbClean:0.19666666666666666
AbstractFlywayTask:0.19333333333333333
AbstractFlywayMojo:0.16333333333333333
