JSElement:0.5133333333333333
JSParser:0.31
JSSyntaxScanner:0.2633333333333333
JSPartitionScanner:0.2633333333333333
JSClassElement:0.2519444444444444
JSDoubleClickStrategy:0.22333333333333333
JSElementList:0.18666666666666668
JSColorManager:0.14666666666666667
JSStringScanner:0.11333333333333333
JSScanner:0.09333333333333334
JSDocumentProvider:0.08
