MossWizard:0.6533333333333333
InputPage:0.3466666666666667
ParametersPage:0.3233333333333333
ParametersPage3:0.27666666666666667
RunMossAction:0.1388888888888889
