HtmlPage:0.5466666666666666
HtmlForm:0.37333333333333335
HtmlOption:0.2683333333333333
HTMLFormElement:0.25722222222222224
HtmlOptionGroup:0.19666666666666666
