ClusterableServer:0.4862222222222222
DefaultServer:0.43333333333333335
ClusterDescription:0.39
BaseCluster:0.27
TestServer:0.22666666666666666
DefaultServerStateListener:0.21444444444444447
MultiServerCluster:0.21333333333333335
ClusterDescriptionTest:0.13666666666666666
SingleServerCluster:0.10333333333333333
