ContextAwareDataOutput:0.44333333333333336
ContextAwareDataInput:0.43333333333333335
InvocationImpl:0.25333333333333335
PortableSerializer:0.22666666666666666
SerializationServiceImpl:0.21333333333333335
HazelcastInstanceImpl:0.17666666666666667
SerializationContextImpl:0.16444444444444445
NamedPortableV2:0.03666666666666667
PortableTest:0.03
