MockAuthenticationManager:0.3844444444444445
ProviderManager:0.242
AbstractAuthenticationManager:0.21444444444444444
