CrawlController:0.4166666666666667
ExtractorHTML:0.24
PreconditionEnforcer:0.22
Postselector:0.2
ExtractorJS:0.19133333333333333
ExtractorCSS:0.19133333333333333
ExtractorHTTP:0.1486111111111111
ExtractorDOC:0.14194444444444446
ExtractorPDF:0.14194444444444446
UriErrorFormatter:0.08095238095238094
