VText_mouseAdapter:0.5866666666666667
VText:0.48
ScriptEditor:0.46
GroovyEditor:0.43333333333333335
GridController:0.36333333333333334
Doc_Invoice:0.25333333333333335
CTextField:0.14416666666666667
