EquipmentImpl:0.5133333333333333
RefSOPImpl:0.5083333333333333
RelationConstraintsImpl:0.43
