ArticleBean:0.5
HitBean:0.4066666666666667
ConnectionFactory:0.31
ArticleBeanTests:0.22333333333333333
TermBean:0.19333333333333333
AssignTasks:0.17333333333333334
GeneBeanFactory:0.14
CachedConnectionSource:0.12666666666666668
ArticleBeanFactory:0.11
TairAnnotationStrategy:0.11
UncachedConnectionSource:0.11
TermBeanFactory:0.07666666666666666
ConnectionSourceI:0.04
HitBeanTests:0.016666666666666666
ConnectionFactoryContextListener:0.0
