LuceneDocCollector:0.4266666666666667
Constants:0.416984126984127
LuceneDocCollectorTest:0.30666666666666664
LuceneDocCollectorBenchmark:0.2733333333333333
