Builder:0.36
PagesSerde:0.31666666666666665
DatabaseLocalStorageManager:0.26666666666666666
ExchangeClient:0.24666666666666667
BootstrappedAggregation:0.2
ServerMainModule:0.16666666666666666
DeterministicBootstrappedAggregation:0.15666666666666668
BlocksFileWriter:0.15333333333333332
BootstrappedGroupedAccumulator:0.14666666666666667
PagesMapper:0.14666666666666667
BootstrappedAccumulator:0.14
FixedWidthBlockEncodingFactory:0.11333333333333333
BlocksFileReader:0.1
HttpPageBufferClient:0.1
ColumnFileHandle:0.09777777777777777
ExchangeClientFactory:0.06666666666666667
PageResponseHandler:0.043333333333333335
PagesReader:0.03666666666666667
VariableWidthBlockEncodingFactory:0.03666666666666667
RunLengthBlockEncodingFactory:0.03666666666666667
SnappyBlockEncodingFactory:0.03
BlockEncodingFactory:0.02666666666666667
DictionaryBlockEncodingFactory:0.023333333333333334
