Native:0.5733333333333334
TestLibrary:0.5595396825396827
CallbacksTest:0.3933333333333333
CallbackReference:0.34
