AsyncApiTest:0.8133333333333334
Job:0.4866666666666667
RecordedResponse:0.37666666666666665
