BaseTabController:0.5466666666666666
LatestBuildsListingController:0.30666666666666664
TestTabController:0.19333333333333333
