AbstractBase:0.3566666666666667
ByteBuddyCommons:0.3233333333333333
ElementMatchers:0.31666666666666665
ByteBuddy:0.31333333333333335
MethodType:0.27
Forwarding:0.26
DefaultMethodCall:0.26
ForNamedField:0.26
WithoutSpecifiedTarget:0.2227777777777778
DefaultExceptionDeclarableMethodInterception:0.21833333333333332
DefaultOptionalMatchedMethodInterception:0.195
ByteBuddyCommonsTest:0.18666666666666668
