BVHTree:0.5166666666666667
BVHNode:0.43888888888888894
MedianSplitJob:0.3433333333333333
