SimpleLuceneTests:0.28
ChildrenConstantScoreQuery:0.26166666666666666
ParentQuery:0.26166666666666666
ParentConstantScoreQuery:0.26166666666666666
ChildrenQuery:0.26166666666666666
MockEngineSupport:0.19
AllTermQuery:0.18733333333333335
AllTermWeight:0.18666666666666668
ContextIndexSearcher:0.15666666666666668
