NbrowseToolbar:0.6216666666666667
Hover:0.3622222222222222
