HtmlPage:0.5166666666666667
HtmlInlineFrame:0.4091666666666667
SanityCheck:0.32666666666666666
Document:0.2833333333333333
