SystemCommandTasklet:0.8266666666666667
SystemCommandTaskletIntegrationTests:0.37077777777777776
