IReaction:0.45777777777777773
IReactionScheme:0.25833333333333336
