GwtViewHelper:0.4533333333333333
GwtMenuHelper:0.4
BrowserSniffer:0.27666666666666667
CopyMoveTarget:0.21
