DriverConductor:0.6066666666666667
RawLogFactory:0.49333333333333335
FileMappingConvention:0.24333333333333335
DirectPublicationTest:0.18333333333333332
RawLogFactoryTest:0.15333333333333332
