Event:0.6433333333333333
ConvertibleBonds:0.2
BermudanSwaption:0.2
CashFlow:0.14333333333333334
AbstractDividend:0.10666666666666667
FractionalDividend:0.1
Callability:0.05333333333333334
