ConnectorTableLayout:0.6366666666666667
AbstractTestHiveClient:0.4066666666666667
SystemTablesMetadata:0.20666666666666667
ExampleMetadata:0.20666666666666667
RedisMetadata:0.2
BlackHoleMetadata:0.2
