AddBuddyWizard:0.49166666666666664
NewContactAction:0.3933333333333333
AddBuddyWizardPage:0.18333333333333332
