FileSystemCrawler:0.4066666666666667
ThunderbirdCrawlerTest:0.31333333333333335
ThunderbirdCrawler:0.16
AddressbookCrawlerFactory:0.11
AddressbookDataSource:0.10888888888888891
AddressbookCrawler:0.03333333333333333
AddressbookDataSourceFactory:0.006666666666666667
DATASOURCE_GEN:0.0
