InsnArg:0.7433333333333333
InsnGen:0.43666666666666665
ModVisitor:0.23288888888888892
CodeShrinker:0.1938888888888889
ProcessVariables:0.14333333333333334
ConstInlinerVisitor:0.12666666666666668
