Builder:0.33
ConstantProperty:0.31666666666666665
StreamProperties:0.24666666666666667
LocalProperty:0.15833333333333333
GroupingProperty:0.1575
SortingProperty:0.1575
PropertyDerivations:0.15
