MultiLayerNetwork:0.85
GradientCheckTestsMasking:0.20666666666666667
TestVariableLengthTS:0.19333333333333333
