Tab:0.6766666666666666
ModuleTestBase:0.43666666666666665
InvoiceListManyTypesTest:0.3233333333333333
InvoiceTest:0.28
CarrierWithSectionsTest:0.24
