Vertx:0.42333333333333334
DatagramSocketImpl:0.37
VertxInternal:0.2833333333333333
VertxOptions:0.26
DnsClientImpl:0.25
ConnQueue:0.25
StarterTest:0.20666666666666667
VertxTestBase:0.20666666666666667
VertxImpl:0.2
MetricsTest:0.18666666666666668
VertxOptionsConverter:0.17
