MoleculeTableContentProvider:0.6433333333333333
MoleculesEditor:0.6333333333333333
MoleculeTable:0.49333333333333335
