Association:0.7968253968253968
FsmImpl:0.47333333333333333
AssociationImpl:0.36333333333333334
