LayerSets:0.6666666666666666
AbstractServerEngine:0.4066666666666667
DefaultLayerSet:0.3466666666666667
BufferLogger:0.33
APIFactory:0.2733333333333333
EditorEngine:0.2733333333333333
AbstractEditorPanel:0.21333333333333335
JFXMapItemSymbolRenderer2Test:0.21166666666666667
SuperLayerCockpitConfigurationHandler:0.17333333333333334
ClientMultiApplis:0.16333333333333333
MultiAppliGenerator:0.16333333333333333
AbstractCockpitConfigurationHandler:0.13
DefaultLayerSets:0.12333333333333334
ClientLoaderUtilities:0.12333333333333334
ServerNotificationMultiAppliTest:0.03
