GlobeDisplay:0.5066666666666667
MapDisplay:0.44666666666666666
MarsGlobe:0.25333333333333335
NavigatorWindow:0.19444444444444442
SurfaceMap:0.16333333333333333
