IcalModuleImpl:0.6144444444444443
ICalUtils:0.4716666666666667
MimeHelper:0.2966666666666667
