Database:0.55
Technology:0.51
TechnologyCatalog:0.45
DatabaseCatalog:0.2633333333333333
XmlGenerator:0.23333333333333334
DatabasecatalogLoader:0.22666666666666666
TechnologycatalogLoader:0.22666666666666666
BasicIntegrationConfiguration:0.19
Technologies:0.18333333333333332
Databases:0.17
PrimaryKeyPolicy:0.16333333333333333
Convention:0.16
Limitation:0.16
Conventions:0.13333333333333333
Limitations:0.13333333333333333
TechnologyCatalogUtils:0.11666666666666667
DatabaseCatalogUtils:0.0016666666666666668
