PA:0.36
BDDInferenceRule:0.3333333333333333
Solver:0.31333333333333335
BDDRelation:0.23333333333333334
Phi:0.23
BDDSolver:0.21333333333333335
QuadVisitor:0.19416666666666665
EmptyVisitor:0.19416666666666665
