ViewRendererTopComponent:0.5233333333333333
ViewRendererService:0.2966666666666667
