Document:0.49333333333333335
AbstractBsonReader:0.41
BsonBinaryReader:0.37
DocumentCodecTest:0.23666666666666666
BsonBinaryWriterTest:0.22333333333333333
JsonReader:0.21
BsonDocumentReader:0.2
BasicBSONDecoder:0.12666666666666668
ReplyMessage:0.12666666666666668
