GwtUIHelper:0.68
MiscUtil:0.57
AjaxController:0.31
ListFolderHelper:0.27
GwtRpcService:0.2500396825396825
GwtRpcServiceAsync:0.2500396825396825
GwtServerHelper:0.21916666666666668
GwtRpcServiceImpl:0.21666666666666667
MainMenuControl:0.2105952380952381
TreeDisplayVertical:0.19666666666666666
ViewPermalinkController:0.19
GwtMainPage:0.18333333333333332
WorkspaceTreeHelper:0.18333333333333332
ProfilesBinderHelper:0.16333333333333333
OnSelectBinderInfo:0.12
LoginController:0.1
ListFolderController:0.056666666666666664
WorkspaceTreeController:0.043333333333333335
ListProfilesController:0.03666666666666667
