StateIdExpressionTransitionTargetStateResolver:0.5066666666666667
TextToTransitionTargetStateResolver:0.43333333333333335
BooleanExpressionTransitionCriteria:0.42333333333333334
