ShadowResourcesTest:0.6133333333333333
ResourceTableFactory:0.33666666666666667
mipmap:0.32255555555555554
ResourceTableFactoryTest:0.13666666666666666
