Facade:0.8033333333333333
FacadeClient:0.39666666666666667
RemoteFacade:0.20083333333333334
AbstractFacade:0.19
JaxRpcFacade:0.18666666666666668
