Metadata:0.5466666666666666
SqlQueryExecution:0.4033333333333333
ConnectorMetadata:0.36
Analysis:0.30666666666666664
ClassLoaderSafeConnectorMetadata:0.22333333333333333
MetadataManager:0.22
PlanRoot:0.18
