Lang:0.8366666666666667
Networks:0.4033333333333333
Nutz:0.3233333333333333
