UrlUtils:0.7033333333333334
FileSystemClassPathLocationScanner:0.49333333333333335
FileSystemLocationScannerMediumTest:0.24
