JUMPConfiguration:0.4033333333333333
SkinOptionsPanel:0.3233333333333333
InstallSkinsPlugIn:0.23
OpenJumpConfiguration:0.22111111111111115
SelectionStyllingOptionsPanel:0.21333333333333335
ComboRenderer:0.09166666666666666
