ProviderMethodsModule:0.34
ProviderMethods:0.31333333333333335
RecordingBinder:0.31333333333333335
ProviderMethodsTest:0.25666666666666665
