IndexTab:0.32
ManageProfileTab:0.30666666666666664
ConcordanceTab:0.29333333333333333
AdminServiceImpl:0.26
IndexForm:0.22
TreeContextMenu:0.21333333333333335
NavigationToolStrip:0.15
VocabularyParam:0.12916666666666668
LexiconForm:0.08
EnhancedListGrid:0.07333333333333333
VocabularyServiceImpl:0.05333333333333334
