TestHierarchyTest:0.6033333333333334
TestHierarchy:0.55
TransientWindowListener:0.23666666666666666
