EndEntityProfile:0.68
UserDataVO:0.48
UserView:0.3566666666666667
SubjectDirectoryAttributes:0.29333333333333333
LocalUserAdminSessionBean:0.23666666666666666
EjbcaWSHelper:0.23
PublisherQueueVolatileData:0.21
AddEndEntityApprovalRequest:0.19666666666666666
EditEndEntityApprovalRequest:0.19
KRSSResponseGenerator:0.17
TestCustomCertSerialnumber:0.16333333333333333
TestAddLotsofCertsPerUser:0.13
RaSetSubjDirAttrCommand:0.1
RaFindUserCommand:0.1
