LookModelScript:0.5738888888888889
LookCapacitiesHandler:0.3566666666666667
LookModelConfiguration:0.2966666666666667
Enumerate:0.25333333333333335
Litteral:0.24
LookDefinitionHandler:0.22194444444444447
LookModelPlugin:0.21333333333333335
ApplyConvertScriptAction:0.18
ConvertLookDefinitionDialog:0.17666666666666667
PropertyParser:0.12333333333333334
RefValue:0.07333333333333333
LookModelScriptContext:0.05277777777777777
LiteralRef:0.03222222222222222
GroovyLookModelScript:0.02666666666666667
