AbstractServerEngine:0.4266666666666667
Widget:0.38333333333333336
ServerWidgetsHandler:0.37333333333333335
SwingConfiguration:0.26666666666666666
ServerConfiguration:0.2544444444444445
GraphicFactory:0.22615079365079369
XMLSAXParser:0.22333333333333333
SwingRenderersHandler:0.20333333333333334
SwingFactory:0.18333333333333332
RenderersHandler:0.10571428571428572
