Euler:0.63
SEMLibrary:0.39
Codd:0.24744444444444444
EulerRunner:0.20333333333333334
