Description:0.7633333333333333
Request:0.29333333333333333
