ResourceCreator:0.6433333333333333
WebservicesManager:0.25666666666666665
IWebservicesManager:0.21
