Feed:0.8833333333333333
OutageModel:0.32666666666666666
AbstractFeed:0.22333333333333333
OutageFeed:0.14666666666666667
NotificationFeed:0.13666666666666666
EventFeed:0.0
AlarmFeed:0.0
