MetadataUpdateCommand:0.4633333333333333
DeleteDocumentSetCommandValidator:0.36666666666666664
SubmitAssociationCommandValidator:0.29333333333333333
UpdateRegistryObjectMetadataCommand:0.25
SubmitAssociationCommand:0.21
DeleteDocumentSetCommand:0.20777777777777778
UpdateDocumentEntryMetadataCommandValidator:0.08333333333333333
UpdateFolderMetadataCommandValidator:0.07333333333333333
