ClassHierarchyTopComponent:0.5366666666666666
ClassHierarchyService:0.38333333333333336
ClassHierarchyReaderImpl:0.23666666666666666
ReleaseVFRFromVlanAction:0.19
ReleaseIPFromBDIInterfaceAction:0.19
ReleaseEndPointFromInterface:0.19
ReleaseGenericPortFromInterfaceAction:0.19
ReleaseEndPointFromIPAddresAction:0.19
RelateEndPointToInterfaceAction:0.14333333333333334
RelateIPToBDIInterfaceAction:0.14333333333333334
RelateToContractAction:0.14333333333333334
RelateToProjectAction:0.14333333333333334
RelateToServiceAction:0.14333333333333334
AddObjectToFavoritesFolderAction:0.14333333333333334
RelateVFRToVlanAction:0.14333333333333334
RelateGenericNetworkElementToInterface:0.14333333333333334
DeleteClassAction:0.13666666666666666
RelateSubnetToVFRAction:0.1288888888888889
RelateSubnetToVlanAction:0.1288888888888889
GeneralPurposeDeleteServiceAction:0.1288888888888889
NewLinkWizardPanel2:0.11
