FolderModule:0.6533333333333333
DefinitionHelper:0.44666666666666666
ObjectKeys:0.4032222222222222
BinderHelper:0.3933333333333333
DefinitionModuleImpl:0.22583333333333333
AbstractFolderModule:0.19666666666666666
MarkupUtil:0.19166666666666668
ViewEntryController:0.15333333333333332
ElementBuilderMashupCanvas:0.11333333333333333
