EjbcaWebBean:0.47
LogEntryView:0.3466666666666667
OldLogSessionBean:0.26
SubjectDNProxy:0.14666666666666667
