FlatFileItemWriter:0.66
OutputState:0.41333333333333333
FlatFileItemWriterTests:0.12666666666666668
