EPSG:0.44666666666666666
Assert:0.4066666666666667
Projected:0.32
SupportedCodes:0.2633333333333333
PJObject:0.21333333333333335
PJFactory:0.12333333333333334
PJCRS:0.11944444444444442
PJFactoryTest:0.03
