TypeUtils:0.7666666666666667
AnnotationMetaEntity:0.5233333333333333
Version:0.19
