GenericIntegrationTest:0.5166666666666667
SparkTestUtil:0.33
MatcherFilter:0.31333333333333335
