DynamicType:0.56
InitializationStrategy:0.31333333333333335
AgentBuilderDefaultTest:0.24
Default:0.22
DynamicTypeDefaultTest:0.2
AgentBuilderInitializationStrategyTest:0.185
Resolution:0.18
Dispatcher:0.17666666666666667
RebaseDynamicTypeBuilderTest:0.15333333333333332
RedefinitionDynamicTypeBuilderTest:0.15333333333333332
DynamicTypeDefaultUnloadedTest:0.14166666666666666
TrivialTypeTest:0.08333333333333333
