RegisterArg:0.64
SSAVar:0.52
TypeInference:0.24333333333333335
TernaryMod:0.12333333333333334
