WebUtils:0.7533333333333333
InitialFlowSetupAction:0.37666666666666665
InitialFlowSetupActionTests:0.30333333333333334
CasSupportActionsConfiguration:0.23666666666666666
InitPasswordChangeAction:0.09666666666666666
