Document:0.44666666666666666
HtmlRt:0.3233333333333333
HtmlRp:0.2966666666666667
HtmlUnknownElement:0.21333333333333335
HtmlRpTest:0.03333333333333333
HtmlRtTest:0.03333333333333333
