RMapReactive:0.7222222222222223
RedissonMap:0.54
RedissonMapReactiveTest:0.26666666666666666
RMapAsync:0.2525
RedissonMapReactive:0.20666666666666667
EntrySet:0.19333333333333333
KeySet:0.12666666666666668
Values:0.09666666666666666
