CalculateTruthTest:0.6919444444444444
Model:0.5283333333333333
Interpreter:0.48333333333333334
