LuceneInvertedIndex:0.7066666666666667
Builder:0.39666666666666667
TfIdfVectorizerTest:0.2966666666666667
