TimedRunnable:0.37
QueueResizingEsThreadPoolExecutor:0.36666666666666664
QueueResizingEsThreadPoolExecutorTests:0.2866666666666667
SettableTimedRunnable:0.10666666666666667
