AnnotationChangeEvent:0.6
AnnotationView:0.32
FeatureChangeEvent:0.2633333333333333
AnnotationCompoundEvent:0.22666666666666666
CompoundTransaction:0.17
