MaterialViewPagerAnimator:0.8366666666666667
MaterialViewPager:0.56
MaterialViewPagerHeaderView:0.25666666666666665
MainActivity:0.14333333333333334
