RestMethodInfo:0.5383333333333333
RestMethodInfoTest:0.395
RestAdapter:0.2966666666666667
