CoreDaoImpl:0.5116666666666667
ProfileDaoImpl:0.46
FolderDaoImpl:0.38666666666666666
