Saros:0.53
QueueItem:0.43166666666666664
ActivitySequencer:0.3233333333333333
TransformationResult:0.25
