Connection:0.5333333333333333
Subscription:0.4622222222222222
TermReader:0.29333333333333333
