SwarmingManager:0.9033333333333333
SWDownloadTableModel:0.3333333333333333
