TedConfig:0.64
ITedMain:0.605
TedSerie:0.4866666666666667
TedSystemInfo:0.35
TedParser:0.31333333333333335
AdvancedPanel:0.30333333333333334
TedMainDialog:0.2833333333333333
TedIO:0.2825
Daemon:0.27
TedXMLParser:0.27
TedTranslateDialog:0.22333333333333333
BencodingImpl:0.22
ScheduleParser:0.15666666666666668
TedMain:0.15333333333333332
TedMainCore:0.06055555555555556
DaemonLog:0.03666666666666667
ProxyAuthenticator:0.0033333333333333335
