EntListener:0.4
ClientMapTest:0.2966666666666667
MapGetRequest:0.2633333333333333
MapRemoveRequest:0.2633333333333333
MapPutRequest:0.2633333333333333
PartitionClientRequest:0.2
