HtmlPage:0.5255555555555556
Event:0.34
FocusableElementTest:0.3
EventNode:0.2866666666666667
TestClassRunnerForBrowserVersion:0.27
TestClassRunnerForNoBrowser:0.2608333333333333
