Swagger:0.6166666666666667
Reader:0.4
ResourceWithExtensions:0.09799999999999999
