JedisCluster:0.77
BinaryJedisCluster:0.47333333333333333
MultiKeyBinaryJedisClusterCommands:0.24666666666666667
MultiKeyJedisClusterCommands:0.24666666666666667
ClusterBinaryJedisCommandsTest:0.21
