Qedeq2Latex:0.42
DefaultKernelQedeqBo:0.4033333333333333
DefaultSourceFileExceptionList:0.23655555555555557
ConfigAccess:0.18
XPathLocationFinder:0.14077777777777778
Xml2Xml:0.13
