JolieClassLoader:0.7966666666666666
CommandLineParser:0.38333333333333336
