App:0.5166666666666667
AppTest:0.39666666666666667
Army:0.3619444444444444
King:0.3619444444444444
Castle:0.3619444444444444
ElfKing:0.06333333333333334
OrcKing:0.06333333333333334
OrcCastle:0.03666666666666667
ElfArmy:0.03666666666666667
ElfCastle:0.03666666666666667
OrcArmy:0.03666666666666667
