Dates:0.455
DateFieldType:0.3405
Longs:0.205
SearchFieldsIT:0.19
SortedNumericLongFieldData:0.18
PlusOneMonthScript:0.17
AtomicLongFieldData:0.15333333333333332
ScriptLongValues:0.14
SortedNumericDVIndexFieldData:0.11666666666666667
PlusOneMonthScriptFactory:0.10333333333333333
DocValueFieldsFetchSubPhase:0.08666666666666667
ScriptDoubleValues:0.04
