JPPFSubmissionResult:0.62
JPPFSubmissionManager:0.26666666666666666
JcaResultProcessor:0.22666666666666666
