ParameterGroupDescriptor:0.2966666666666667
GeneralParameterDescriptor:0.2966666666666667
ParameterValueGroup:0.28
ParameterDescriptor:0.13
