NearCacheConfig:0.6533333333333333
ClientMapNearCacheTest:0.32666666666666666
ClientEntryProcessorTest:0.21333333333333335
AbstractClientMapTest:0.15666666666666668
ClientCacheNearCachePreloaderTest:0.14333333333333334
ClientMapNearCachePreloaderTest:0.14333333333333334
ClientCacheNearCacheBasicTest:0.14333333333333334
LiteMemberClientMapNearCacheBasicTest:0.13666666666666666
ClientMapNearCacheBasicTest:0.13666666666666666
OwnerBackupValueCollector:0.13333333333333333
