SWTComponentsProviderMessages:0.3619444444444444
CorrespondanceAnalysisEditorInput:0.31333333333333335
CAFactorialMapChartEditor:0.28400000000000003
CaEditor:0.2633333333333333
CAHChartEditor:0.23833333333333334
ApplicationWorkbenchAdvisor:0.22833333333333333
CASingularValueLabelProvider:0.21
SVGComposite:0.21
JFCComposite:0.19333333333333333
SVGPanel:0.17666666666666667
SingularValuesEditor:0.17533333333333334
ChartComposite:0.11666666666666667
