RebaseableMatcher:0.4666666666666667
RebaseDynamicTypeBuilder:0.43333333333333335
RebaseDynamicTypeBuilderTest:0.42
RebaseDynamicTypeBuilderRebaseableMatcherTest:0.22666666666666666
AbstractBase:0.16333333333333333
