Matrix4:0.6316666666666667
Mesh:0.47333333333333333
Quaternion:0.28
