CompositeItemWriteListener:0.7733333333333333
CompositeItemWriteListenerTests:0.29333333333333333
