InMemoryLookupCache:0.45166666666666666
Word2Vec:0.42888888888888893
Huffman:0.33866666666666667
