GwtTeamingMessages:0.6055555555555556
ModifyNetFolderRootDlg:0.42333333333333334
LdapBrowseListCallback:0.34838888888888886
LdapBrowserDlg:0.34
