MockRepository:0.5883333333333334
SharedClusterSnapshotRestoreIT:0.56
AbstractSnapshotIntegTestCase:0.21033333333333334
