Host:0.5466666666666666
HttpRequest:0.35888888888888887
