SwingUtilities2:0.6166666666666667
Synth2Parser:0.4266666666666667
BearingCacheEntry:0.32666666666666666
SynthGraphicsUtils:0.3111111111111111
