TypeToken:0.6641666666666667
RandomSequenceGenerator:0.41333333333333333
InverseCumulativeNormalAdapter:0.24666666666666667
