BuildingPanelFarming:0.7583333333333333
LocationTabPanel:0.7183333333333334
