ShadowApplicationPackageManager:0.57
ShadowStubPackageManager:0.4116666666666667
ShadowPackageManager:0.29333333333333333
DefaultPackageManager:0.17333333333333334
