VirtualFile:0.54
VirtualFileSystem:0.5033333333333333
VFSDAVStore:0.36
DAVStore:0.31392857142857133
AbstractDAVServlet:0.24666666666666667
