ActionScale:0.6833333333333333
TimelineView:0.5933333333333334
