Cubemap:0.7566666666666667
FrameBuffer:0.5226666666666667
