StoreScpService:0.5533333333333333
StoreScp:0.4266666666666667
MoveScuService:0.23333333333333334
MoveCmd:0.2327777777777778
ForwardingRules:0.14333333333333334
ForwardService:0.14
