CommandProtocol:0.6533333333333333
CommandMessage:0.29333333333333333
WriteOperationBase:0.22333333333333333
ReplaceOperation:0.06666666666666667
InsertOperation:0.06666666666666667
UpdateOperation:0.06666666666666667
RemoveOperation:0.06666666666666667
