MongoClient:0.6333333333333333
MongoDatabase:0.41333333333333333
SingleServerMongoClient:0.33
MongoDatabaseImpl:0.31
MongoCollectionImpl:0.30333333333333334
MongoCollectionBase:0.29833333333333334
SingleChannelMongoOperations:0.29
MongoCursor:0.2866666666666667
MongoCollectionTest:0.2833333333333333
DB:0.2833333333333333
AbstractCommand:0.19666666666666666
SingleChannelMongoClient:0.18
MongoCollectionBaseImpl:0.16333333333333333
MongoClients:0.04
