GraphData:0.8133333333333334
GraphViewI:0.7138095238095238
LayoutThread:0.21
