APIScriptContext:0.605
UAScriptManager:0.5466666666666666
BSHScript:0.31666666666666665
APIScript:0.2938888888888889
PluginScriptPanel:0.2866666666666667
GroovyBuilder:0.2816666666666667
GroovyScript:0.25333333333333335
XULExceptionViewer:0.25
ScriptPanel:0.24666666666666667
ScriptPlugin:0.23
UAManagerHelper:0.06
