MultiAction:0.6333333333333333
BeanInvokingAction:0.41
DefaultActionExecuteMethodKeyResolver:0.26
ActionExecuteMethodKeyResolver:0.15694444444444444
