MethodGraphCompilerDefaultKeyTest:0.3333333333333333
Key:0.31333333333333335
MethodGraphCompilerDefaultIdentifierForJVMMethodTest:0.2866666666666667
Default:0.2866666666666667
Store:0.25666666666666665
Identifying:0.21
MethodGraphCompilerDefaultIdentifierForJavaMethodTest:0.17333333333333334
