RackViewService:0.45666666666666667
RackInsideViewScene:0.4033333333333333
RackInsideViewTopComponent:0.3566666666666667
RackInsideViewService:0.28
NestedDeviceWidget:0.03666666666666667
SimpleConnectionWidget:0.03666666666666667
ShowRackInsideViewAction:0.0
