CameraManager:0.5933333333333334
ResultHandler:0.36666666666666664
BarcodeReaderCaptureActivity:0.35
RGBMonochromeBitmapSource:0.21666666666666667
