ShadowContextWrapper:0.42
ShadowContextWrapperTest:0.3383333333333333
ParallelUniverse:0.26555555555555554
