MapConfig:0.5733333333333334
XmlConfigBuilder:0.31666666666666665
MapContainer:0.30333333333333334
PartitionControlledIdTest:0.20333333333333334
ConfigXmlGenerator:0.15
