Flyway:0.7466666666666667
MigrateMojo:0.22666666666666666
AbstractFlywayMojo:0.22333333333333333
