ServiceSoftware:0.7766666666666666
ServiceProfilePane:0.4066666666666667
