Server:0.7933333333333333
ResourceIndexRebuilder:0.43
RebuildServer:0.31333333333333335
