JCPMenuTextMaker:0.8266666666666667
Rotate3DModule:0.6332777777777778
