OAuthService:0.43258333333333326
ServiceBuilder:0.39666666666666667
OAuth10aServiceImpl:0.2966666666666667
Api:0.26866666666666666
DefaultApi10a:0.26
OAuthConstants:0.04666666666666667
