OkHttpClient:0.41
ResponseCacheTest:0.4066666666666667
ResponseCacheAdapter:0.2841666666666667
HttpResponseCacheTest:0.23
