DSL:0.5333333333333333
QueriesImpl:0.48
ParserImpl:0.30333333333333334
