CustomHeaderItem:0.6586666666666667
NavigationView:0.6266666666666667
CustomHeaderRow:0.11666666666666667
BottomSheetActivity:0.09
RecyclerActivity:0.08666666666666667
