Future:0.6066666666666667
CompositeFutureImpl:0.42
FutureImpl:0.3233333333333333
