BuildingSalvageMission:0.7766666666666666
SalvageGood:0.5733333333333334
