CoreDao:0.6933333333333334
FilterControls:0.43333333333333335
ProfileModule:0.3466666666666667
DefinitionModuleImpl:0.31333333333333335
ProfileModuleImpl:0.26666666666666666
CoreDaoImpl:0.2633333333333333
DefinitionModule:0.24333333333333335
MailModuleImpl:0.19333333333333333
FolderDaoImpl:0.16666666666666666
IndexUtils:0.061111111111111116
WebKeys:0.03666666666666667
ViewController:0.0
