NetFolder:0.6966666666666667
ModifyNetFolderDlg:0.4
GwtNetFolderHelper:0.27666666666666667
NetFolderNameCell:0.22333333333333333
