TablesNeedUpgradeSysCheck:0.45
RowContextReferenceResolver:0.37
SysSchemaInfo:0.29
UserManagerService:0.24666666666666667
UserManagerServiceFactory:0.20620634920634917
SystemCollectSource:0.2
UserManagerProvider:0.11333333333333333
UserManagementIntegrationTest:0.1
UserManagerFactory:0.09520634920634921
