AbstractDelegatingQuery:0.3466666666666667
SQLResultQuery:0.2866666666666667
SQLQuery:0.22333333333333333
VisitContextTest:0.18333333333333332
