ClassLoaderUtil:0.48
BackCompatibilityClassNames:0.13403703703703707
ExecutorFormat:0.06
FileFormat:0.05333333333333334
VariableFormat:0.04666666666666667
DoubleFormat:0.04666666666666667
AbstractDateFormat:0.016666666666666666
LongFormat:0.01
BooleanFormat:0.006666666666666667
StringFormat:0.006666666666666667
ArrayListFormat:0.006666666666666667
StringArrayFormat:0.006666666666666667
VariableDisplaySupport:0.0
BigDecimalFormat:0.0
