GeometryTools:0.4266666666666667
Fingerprinter:0.4066666666666667
BondTools:0.32
DictRef:0.2866666666666667
GraphOnlyFingerprinter:0.21
TemplateExtractor:0.19
DictRefEditorTableModel:0.18333333333333332
DictRefTest:0.12333333333333334
ExtendedFingerprinter:0.08333333333333333
ConnectivityChecker:0.05333333333333334
