Formatter:0.5966666666666667
ExpressionFormatter:0.5066666666666667
TestExpressionInterpreter:0.38666666666666666
Expression:0.24
ExpressionSerializer:0.19666666666666666
SqlFormatter:0.18666666666666668
