DOMBuilderTagVisitor:0.36666666666666664
Text:0.30333333333333334
Element:0.29333333333333333
LagartoDOMBuilder:0.22
