AverageAggregation:0.8233333333333334
LocalAggregationTask:0.06777777777777778
AggregationImplModule:0.03333333333333333
