Dispatcher:0.49666666666666665
Call:0.36333333333333334
CallTest:0.28
