ApolloPanel:0.42333333333333334
TierProperty:0.35333333333333333
RegionChangeListener:0.3272804232804233
FeatureProperty:0.30333333333333334
Controller:0.3
FileMenu:0.22666666666666666
FindPanel:0.21666666666666667
StrandedZoomableApolloPanel:0.20666666666666667
FeatureView:0.19666666666666666
TierMenu:0.18
GuideLine:0.17333333333333334
SetDetailPanel:0.15
ApolloFrame:0.14666666666666667
EvidencePanel:0.14333333333333334
HelpMenu:0.14333333333333334
RegionChangeEvent:0.08166666666666667
