Connection:0.4166666666666667
TermReaderTest:0.33
ReceiverTest:0.23333333333333334
TermReader:0.16
LogBuffers:0.11333333333333333
