SystemTestBase:0.525
SyslogRedirectionTest:0.4033333333333333
SyslogRedirectingContainerDecorator:0.3688888888888889
