MddObjectTypeAST:0.6633333333333333
ExprTypeAST:0.34555555555555556
HqlAnalyzer:0.2866666666666667
