WorkbenchFrame:0.7033333333333334
DrawCircleWithGivenRadiusTool:0.31333333333333335
ClassifyAttributesPlugIn:0.2733333333333333
AttributeTablePanel:0.24611111111111114
TreeLayerNamePanel:0.22083333333333333
DrawCircleWithGivenRadiusPlugIn:0.16333333333333333
