FullBlockTestGenerator:0.36666666666666664
BlockAndValidity:0.2633333333333333
FullPrunedBlockChainTest:0.24666666666666667
RuleList:0.22333333333333333
BitcoindComparisonTool:0.16
Rule:0.11666666666666667
MemoryPoolState:0.11333333333333333
