AspectJModel:0.8233333333333334
AspectJCellErrors:0.23666666666666666
