TestBean:0.5866666666666667
XmlFlowBuilder:0.5133333333333333
ParameterizableFlowAttributeMapper:0.49
FlowScopeAwareParameterizableAttributeMapper:0.30666666666666664
ParameterizableAttributeMapper:0.24444444444444446
ParameterizableFlowAttributeMapperTests:0.09
