TestInDifferentPackageThenItsParents:0.5833333333333334
FinalTestClass:0.13265608465608464
BaseTestCaseWithVisibleMethods:0.13
DifferentParentsInDifferentBundlesTest:0.05333333333333334
BaseClassInACertainPackage:0.016666666666666666
ParentClassWithCertainInterfaceTest:0.0
