Range:0.7886111111111112
BrowserLauncher:0.6687777777777778
