LuceneVerifyingIndexOutput:0.5966666666666667
StoreTests:0.4166666666666667
