SearchCriteria:0.7838888888888889
MainActions:0.41
BookingOptions:0.37666666666666665
