AbstractJaxbMarshaller:0.7316666666666667
Jaxb1Marshaller:0.6983333333333334
Jaxb1MarshallerTest:0.35
