ReturnStep:0.5266666666666666
StepFactory:0.44333333333333336
HopSymbolTableWalker:0.29
