PersistenceContext:0.9033333333333333
StatefulPersistenceContext:0.51
FumTest:0.27666666666666667
AbstractFlushingEventListener:0.23
JpaPostUpdateEventListener:0.14666666666666667
