Antialiasing:0.5366666666666666
MetropolisAntiAliasing:0.45
MetropolisRenderer:0.44
MetropolisProcessor:0.3566666666666667
PixelwiseRenderer:0.35
LineTracer:0.31666666666666665
LensPerturbationStrat:0.29503968253968255
BiDirectionalProcessor:0.23
RayProcessorBase:0.22333333333333333
MutationStrategy:0.21666666666666667
TracingMediator:0.21
ComplementTracer:0.20111111111111113
MetropolisPathMutator:0.15666666666666668
NoAntialiasing:0.13666666666666666
BidirectionalMutationStrat:0.07666666666666666
LensSubpathStrat:0.043333333333333335
MemoryHelper:0.02666666666666667
TracingConstants:0.023888888888888887
DirectLightingCalculator:0.0
