CarriersTest:0.63
InvoicesFromCustomersTest:0.26666666666666666
CustomersTwoSellersNumberInListTest:0.25666666666666665
