GwtTeamingMessages:0.5422222222222223
EditNetFolderRightsDlg:0.42333333333333334
NetFolderRightsWidget:0.29333333333333333
PerUserRightsInfo:0.2733333333333333
NetFolderSelectPrincipalsWidget:0.24111111111111114
