DocIndexMetaData:0.6233333333333333
CreateAlterTableStatementAnalyzerTest:0.33
PartitionedTableIntegrationTest:0.30333333333333334
DDLIntegrationTest:0.27666666666666667
CreateTableAnalyzedStatement:0.19555555555555554
