Tools:0.95
AlterTableImpl:0.31666666666666665
CreateTableImpl:0.2966666666666667
