Iocs:0.6183333333333333
DefaultValueProxyMaker:0.2122222222222222
PropertiesIocLoaderTest:0.2
