CA:0.3566666666666667
Cooccurrence:0.3233333333333333
Diagnostic:0.2633333333333333
CooccurrencesEditor:0.25
ComputeCooccurrences:0.23111111111111116
