SVGGraphicEditorInput:0.6266666666666667
SVGGraphicEditor:0.5166666666666667
TestCreateSVGGraphic:0.22333333333333333
TestCreateGraphic:0.21666666666666667
