MoleculeTableViewer:0.44333333333333336
ExtractMolecules:0.32
MolTableElement:0.24333333333333335
