Configuration:0.5311111111111111
DefaultDOManager:0.4622222222222222
FileSystemLowlevelStorage:0.45666666666666667
