Block:0.7166666666666667
SliceArrayBlock:0.2866666666666667
RunLengthEncodedBlock:0.2733333333333333
GroupByIdBlock:0.23
VariableWidthBlockBuilder:0.21
FixedWidthBlockBuilder:0.21
LazySliceArrayBlock:0.19
VariableWidthBlock:0.16666666666666666
Page:0.16333333333333333
LazyFixedWidthBlock:0.15444444444444444
FixedWidthBlock:0.13
