EmailConfigController:0.39666666666666667
ConfigureConfigurationController:0.38416666666666666
ImportDefinitionController:0.3377777777777778
ImportProfilesController:0.2
