OutboundChannelHandler:0.5266666666666666
IdentifyingInboundChannelState:0.2966666666666667
MultiplexerChannelHandler:0.23
SendingState:0.15666666666666668
SendingMultiplexingInfoState:0.15666666666666668
