MetadataDao:0.8333333333333334
RaptorMetadata:0.4633333333333333
RaptorConnector:0.3233333333333333
TestDatabaseShardManager:0.22333333333333333
RaptorMetadataFactory:0.09666666666666666
