ApolloPanel:0.4066666666666667
SelectionSet:0.32944444444444443
TierManager:0.30733333333333335
FeatureTreePanel:0.29777777777777775
FeatureView:0.2833333333333333
AnnotationEditor:0.27
AnnotationView:0.25
EvidencePanel:0.21
EvidenceModel:0.17444444444444446
EditMenu:0.11
