ResultSet:0.4766666666666667
Servlet:0.3933333333333333
XSLTOutputter:0.3233333333333333
BundleInvoker:0.23
