AssetFilter:0.8632539682539683
PreloaderBundleGenerator:0.42
DefaultAssetFilter:0.3688888888888889
