BackupAlg:0.6966666666666667
Invocation:0.48333333333333334
MethodUtil:0.3883333333333333
