SelectionWindow:0.43133333333333335
TutorialsRemote:0.41
MainWindow:0.3933333333333333
Tutorial:0.29
