jdbcDatabaseMetaData:0.6266666666666667
DatabaseInformationMain:0.3933333333333333
