Properties:0.5766666666666667
Properties_Test:0.4066666666666667
Timer_Test:0.14333333333333334
