J2ObjCTest:0.5672222222222222
ObjectiveCSegmentedHeaderGeneratorTest:0.4866666666666667
ObjectiveCSegmentedHeaderGenerator:0.3
