AbstractSeqTest:0.47333333333333333
AbstractTraversableTest:0.3466666666666667
HashSetTest:0.24
LinkedHashSetTest:0.24
TreeSetTest:0.24
IteratorTest:0.24
TreeTest:0.24
AbstractMapTest:0.20333333333333334
TreeMapTest:0.20333333333333334
LinkedHashMapTest:0.20333333333333334
HashMapTest:0.15666666666666668
