MatchMonadTest:0.5866666666666667
Match:0.48333333333333334
Value:0.18333333333333332
MatchErrorTest:0.12666666666666668
