Py:0.6333333333333333
CodeCompiler:0.52
Module:0.33666666666666667
PyCodeConstant:0.056666666666666664
