MapUtilities:0.39
MapHorzContainerRenderer:0.36666666666666664
ServerMapItemsRenderer:0.31
AbstractHorizontalProjection:0.2866666666666667
MapHorzPanelRenderer:0.23
AbstractProjection:0.21
