Cast:0.5733333333333334
NodeToStringTests:0.39666666666666667
AnalyzerCaster:0.2966666666666667
