MetaData:0.5866666666666667
DropTableTest:0.44333333333333336
MetaDataTest:0.3933333333333333
RomanCharacterTest:0.24
