AnalyticBarrierEngine:0.36666666666666664
FlatForward:0.29
AnalyticContinuousGeometricAveragePriceasianEngine:0.21666666666666667
PdeBSM:0.19666666666666666
LocalConstantVol:0.19
