NeuralNetworkScene:0.5833333333333334
ScenePreferences:0.415
RouterConnection:0.28
ScenePreferencesDialog:0.24333333333333335
