DataType:0.8666666666666667
AbstractDataType:0.3333333333333333
RoutineAndUDTTests:0.30666666666666664
