SearchAndReplace:0.69
BeanShellFacade:0.39666666666666667
MyBeanShellFacade:0.20666666666666667
