Work:0.7913888888888889
StatelessServerConnector:0.31
TcpSocketChannelEntryWriter:0.21666666666666667
TcpSocketChannelEntryReader:0.21611111111111114
TcpReplicator:0.19
