PersonConfig:0.82
PhysicalCondition:0.37666666666666665
MedicalManager:0.2633333333333333
Cooking:0.19
CookMeal:0.19
