HtmlPage:0.59
Document:0.4766666666666667
HtmlPageTest:0.3333333333333333
