ParticleEditor:0.545
EffectPanel:0.36666666666666664
Renderer:0.34
ImagePanel:0.17777777777777778
