ReportView:0.49333333333333335
OutputWriter:0.3466666666666667
ActionStart:0.25333333333333335
ActionSave:0.12333333333333334
