QsarEditor:0.6133333333333333
QSARAppContext:0.43333333333333335
ResponsesPage:0.3336111111111111
OverviewPage:0.26666666666666666
BirtHelper:0.2
ReportPage:0.12333333333333334
ImportResultsDialog:0.02
QsarScriptedDataset:0.01
