Metadata:0.7266666666666667
MetadataManager:0.45
InformationSchemaData:0.2866666666666667
TestingMetadata:0.26666666666666666
AbstractMetadata:0.26666666666666666
AstVisitor:0.25666666666666665
StatementAnalyzer:0.23333333333333334
NativeMetadata:0.22
FunctionRegistry:0.17666666666666667
InformationSchemaMetadata:0.115
