MappedRawLog:0.5183333333333333
FileMappingConvention:0.49666666666666665
RawLogFactory:0.3
