DataSource:0.89
TasksTree:0.43666666666666665
XmlDataSource:0.2866666666666667
TaskHandler:0.26666666666666666
