ComplexTypeBuilder:0.38666666666666666
FeatureTypeBuilder:0.3227222222222222
ComplexAttributeBuilder:0.19916666666666666
SimpleFeatureType:0.17333333333333334
AttributeFactory:0.12583333333333332
FilterFactory2:0.12583333333333332
ComplexAttribute:0.085
TypeName:0.0
