Preferences:0.7233333333333334
ISpherePlugin:0.47
Messages:0.37333333333333335
SearchForUpdates:0.26
UpdatesNotifierDialog:0.08333333333333333
ISphereUpdates:0.043333333333333335
StartUp:0.0011111111111111111
