ExecutionContext:0.9866666666666667
ExecutionContextTests:0.31666666666666665
