PrestoVerifier:0.68
TestShadowing:0.2833333333333333
QueryPairMapper:0.21333333333333335
