NullOutputStream:0.8377777777777778
IAGzipOutputStream:0.4666666666666667
ARCWriter:0.41333333333333333
