Shape:0.6133333333333333
LabelShape:0.4766666666666667
ModelLayoutScene:0.45666666666666667
PolygonShape:0.4266666666666667
SharedContentLookup:0.40552380952380945
ShapeNode:0.37333333333333335
ModelLayoutTopComponent:0.30333333333333334
CircleShape:0.2966666666666667
PredefinedShape:0.27
ShapeHierarchyTopComponent:0.23
RectangleShape:0.22666666666666666
ModelLayoutConfigurationObject:0.2063968253968254
ShowModelLayoutTopComponent:0.20333333333333334
ModelLayoutService:0.18666666666666668
SharedContent:0.17333333333333334
RenderModelLayout:0.17
GroupCopyShapeAction:0.13333333333333333
CopyShapeAction:0.13333333333333333
ModelLayoutAcceptProvider:0.13277777777777777
ShapeWidgetUtil:0.11666666666666667
ShowDeviceLayoutView:0.09722222222222221
CategoryChildren:0.09666666666666666
ResizableLabelWidget:0.08833333333333333
ShapeChildren:0.07
GroupShapesAction:0.06666666666666667
ShapeSelectProvider:0.06333333333333334
MoveShapeProvider:0.06333333333333334
PolygonWidget:0.06333333333333334
CircleWidget:0.06333333333333334
CategoryNode:0.06333333333333334
LayoutViewScene:0.058333333333333334
PredefinedShapesTopComponent:0.05444444444444444
SetPaletteIconAction:0.05
ShapeHierarchyChildren:0.043333333333333335
SelectableShapeWidget:0.041388888888888885
CreateCustomShapeAction:0.04
DeleteShapeAction:0.04
EditCustomShapeLayoutAction:0.04
DeleteCustomShapeAction:0.03777777777777778
CustomShapeNode:0.03777777777777778
PasteShapeAction:0.03666666666666667
ResizeShapeProvider:0.034444444444444444
ShapeNameAcceptProvider:0.025833333333333333
PolygonShapeWidget:0.024444444444444446
CircleShapeWidget:0.024444444444444446
ShapeGeneralProperty:0.021666666666666667
CustomShapeChildren:0.021666666666666667
CustomShapeRootNode:0.021111111111111112
ShapeFactory:0.016666666666666666
ShapeWidgetMenu:0.016666666666666666
LabelShapeWidget:0.013333333333333334
RectangleShapeWidget:0.0025
