Chunk:0.56
Transaction:0.49666666666666665
Script:0.49
WalletTest:0.2966666666666667
