GTS:0.5833333333333334
AGTS:0.3333333333333333
AbstractGraphState:0.26666666666666666
GenerateProgressListener:0.25333333333333335
GTSCounter:0.24666666666666667
TransitionSet:0.24333333333333335
Status:0.23
LTSDisplay:0.2
ExplorationTest:0.19
StatisticsReporter:0.17
TestShapeGenerator:0.15333333333333332
ShapeLogReporter:0.10666666666666667
TransSystemChecker:0.1
