Mirror:0.7166666666666667
ClassY:0.4266666666666667
ClassXTest:0.33
EntityService:0.31
