JibxMarshaller:0.8633333333333333
JibxMarshallerTest:0.08333333333333333
