SequenceSelector:0.6233333333333333
FindPanel:0.36666666666666664
SeqSelectorTable:0.25333333333333335
SeqSelSwingWorker:0.2277777777777778
