InviteAction:0.6369444444444444
OutgoingInvitationJob:0.5133333333333333
OpenInviteInterface:0.33
