Tag:0.78
ParserTest:0.30666666666666664
CleanerTest:0.2833333333333333
