StringUtils:0.68
DebuggingWebConnection:0.3233333333333333
XmlSerializer:0.3
StringUtilsTest:0.23666666666666666
