SequenceI:0.7253333333333333
SeqFeature:0.44
AbstractSequence:0.3466666666666667
AnnotatedFeature:0.30333333333333334
