CasRestConfiguration:0.5
YubiKeyRestConfiguration:0.12333333333333334
GoogleAuthenticatorRestConfiguration:0.12333333333333334
X509RestConfiguration:0.10666666666666667
