XLogPDescriptor:0.39
PiContactDetectionDescriptor:0.33666666666666667
FiguerasSSSRFinder:0.2833333333333333
SaturationChecker:0.26666666666666666
MFAnalyserTest:0.24688888888888888
IUPACNameGenerator:0.24666666666666667
KappaShapeIndicesDescriptor:0.24
AtomTools:0.23333333333333334
SmilesGenerator:0.22666666666666666
TPSADescriptor:0.20172222222222222
ProtonTotalPartialChargeDescriptor:0.20172222222222222
AtomDegreeDescriptor:0.20172222222222222
IsProtonInConjugatedPiSystemDescriptor:0.20172222222222222
ConnectivityOrderZeroDescriptor:0.19666666666666666
CarbonConnectivityOrderZeroDescriptor:0.19666666666666666
ValenceCarbonConnectivityOrderZeroDescriptor:0.19666666666666666
ZagrebIndexDescriptor:0.19666666666666666
ValenceConnectivityOrderZeroDescriptor:0.19666666666666666
AngleBending:0.19577777777777777
StretchBendInteractions:0.19333333333333333
HBondDonorCountDescriptor:0.18666666666666668
IsProtonInAromaticSystemDescriptor:0.1856111111111111
HBondAcceptorCountDescriptor:0.16244444444444445
HydrogenPlacer:0.13666666666666666
MMFF94PartialCharges:0.11333333333333333
