Script:0.6933333333333334
SegwitAddress:0.3933333333333333
DatabaseFullPrunedBlockStore:0.3433333333333333
