PlannerTest:0.47333333333333333
PlanNodeVisitor:0.3333333333333333
MergePhase:0.3233333333333333
ESGetNode:0.31333333333333335
CollectPhase:0.27666666666666667
PlanVisitor:0.24666666666666667
ExecutionPhase2MapVisitor:0.20333333333333334
NestedLoopPhase:0.19833333333333333
