WindowsDisplay:0.405
MemoryUtil:0.37333333333333335
LinuxDisplay:0.35944444444444446
CharSequenceNT:0.35333333333333333
WindowsSysImplementation:0.28
