TestUserData:0.48333333333333334
TestUserAdminSession:0.30666666666666664
TestRunner:0.3
TestAuthenticationSession:0.15
