SelectAnalyzerTest:0.6795555555555556
SelectStatementAnalyzer:0.4766666666666667
