FooterPanel:0.43333333333333335
GwtTeamingMessages:0.4
DataTableFolderViewBase:0.2611111111111111
GwtMenuHelper:0.24666666666666667
