ExtensionContext:0.5513333333333333
ClassBasedContainerExtensionContext:0.2783333333333333
ExtensionContextTest:0.24
TimingExtension:0.22666666666666666
AbstractExtensionContext:0.11
ContainerExtensionContext:0.023333333333333334
