ShareThisDlg:0.38333333333333336
FindUserByEmailAddressCmd:0.32666666666666666
GwtTeamingMessages:0.31666666666666665
GwtServerHelper:0.23
GwtRpcServiceImpl:0.22111111111111115
GwtSearchHelper:0.13
