ArticleQueryService:0.6188888888888889
ArticleCache:0.33
IndexProcessor:0.29
CacheProcessor:0.08666666666666667
