WebClient:0.6733333333333333
WebWindow:0.5366666666666666
HtmlAnchor:0.28
History:0.27
PopupPseudoWebWindow:0.25333333333333335
HTMLAnchorElementTest:0.25
WebWindowImpl:0.19666666666666666
LocationTest:0.18833333333333332
HtmlAnchorTest:0.15166666666666667
HistoryTest:0.14
TopLevelWindowTest:0.016666666666666666
