SequencerAgent:0.54
ClusterMember:0.49666666666666665
ClusterTest:0.2733333333333333
