RedissonLocalCachedMap:0.53
RedissonMapCacheReactiveTest:0.33
RedissonMap:0.29833333333333334
RedissonMapReactiveTest:0.2966666666666667
KeySet:0.25333333333333335
RedissonMapCacheReactive:0.24666666666666667
EntrySet:0.24666666666666667
RedissonMapCache:0.20083333333333334
RedissonLocalCachedMapTest:0.12
LocalCachedMapInvalidate:0.03
RLocalCachedMap:0.013333333333333334
