LineNoderPlugIn:0.5366666666666666
PrecisionReducerPlugIn:0.44166666666666665
PolygonizerPlugIn:0.44166666666666665
