BoundedArrayWriteBehindQueue:0.43333333333333335
ArrayWriteBehindQueue:0.4266666666666667
WriteBehindStore:0.3466666666666667
WriteBehindQueues:0.19
WriteBehindQueueTest:0.17333333333333334
MapDataStores:0.065
