FileDataObjectBase:0.43
ApertureRuntime:0.3933333333333333
TestFileDataObject:0.39
TestFaultyFileAccessdata:0.23666666666666666
FileExtractorTestBase:0.14
