GeoImport:0.7953333333333333
CustomOption:0.27666666666666667
