RubySourceLocator:0.7886111111111112
ManageBreakpointRulerActionDelegate:0.2991666666666667
