BrowserJTree:0.49
PastePrevious:0.4
CurrentDirectoryMenu:0.21555555555555553
ActionHandler:0.1588888888888889
