CommonToken:0.5033333333333333
ParserRuleContext:0.33
BaseJavaTest:0.28
CommonTokenStream:0.27666666666666667
TestToolSyntaxErrors:0.23666666666666666
Recognizer:0.23027777777777778
LL1Analyzer:0.19
TestRig:0.17111111111111113
ExtraTokensAndAltLabels:0.0
