TestBursterFactory:0.5266666666666666
UploadTest:0.30666666666666664
PdfBurster:0.25
UploadSender:0.17333333333333334
EmailSender:0.16333333333333333
MainProgram:0.14
DistributeExternalTest:0.14
EmailTest:0.14
MultipleTokensTest:0.13333333333333333
Scripts:0.0033333333333333335
