Step:0.7866666666666666
JobSupport:0.51
StepSupport:0.2833333333333333
AbstractStep:0.27
SimpleJob:0.23333333333333334
MapJobDao:0.2311111111111111
SimpleJobLauncher:0.215
MapJobRegistryTests:0.21
AbstractJobDaoTests:0.20666666666666667
JobRegistryBeanPostProcessorTests:0.19
AbstractStepDaoTests:0.18333333333333332
SimpleStepExecutorTests:0.18333333333333332
SimpleJobRepositoryTests:0.17333333333333334
SpringBeanJobTests:0.15333333333333332
RepeatOperationsStepTests:0.14666666666666667
DefaultJobInstanceLabelGeneratorTests:0.14333333333333334
DefaultJobLoader:0.13666666666666666
JdbcJobRepositoryTests:0.13666666666666666
SimpleJobLauncherTests:0.1308333333333333
StepInstanceTests:0.12333333333333334
JobInstanceTests:0.12333333333333334
BatchResourceFactoryBeanTests:0.12333333333333334
CompositeItemWriterTests:0.11666666666666667
StepExecutorInterruptionTests:0.11
StepSupportTests:0.10333333333333333
StagingItemProcessorTests:0.09666666666666666
RepeatOperationsStep:0.09333333333333334
SimpleJobTests:0.09
JobSupportTests:0.01
