Tag:0.5033333333333333
ArticleQueryService:0.43666666666666665
ArticleMgmtService:0.30666666666666664
ArticleNotifier:0.11777777777777776
