ApprovalDataVO:0.7233333333333334
ApprovalRequest:0.5066666666666667
TestEjbcaWS:0.4766666666666667
EjbcaWS:0.31666666666666665
CommonEjbcaWSTest:0.22
TestApprovalSession:0.195
DummyApprovalRequest:0.19333333333333333
ApprovalDataBean:0.19333333333333333
LocalApprovalSessionBean:0.17166666666666666
ViewHardTokenDataApprovalRequest:0.0911111111111111
GenerateTokenApprovalRequest:0.0911111111111111
TestEjbcaWSNonAdmin:0.02777777777777778
WSConfig:0.013333333333333334
ApprovedActionAdmin:0.0033333333333333335
