Advice:0.43
ForMethodExit:0.33944444444444444
Resolved:0.28444444444444444
OffsetHandler:0.2633333333333333
Simple:0.23
AdviceVisitor:0.21916666666666668
Bound:0.19333333333333333
Copying:0.19
ForOrigin:0.17726190476190476
