RestClient:0.7766666666666666
RestClientIntegTests:0.3233333333333333
RestClientSingleHostTests:0.27
RestClientTestCase:0.19333333333333333
