PlanFragment:0.47333333333333333
SubPlanBuilder:0.3
Visitor:0.27666666666666667
TestExchangeOperator:0.18333333333333332
