UnimplementedServiceGrpc:0.14333333333333334
HealthGrpc:0.14333333333333334
BenchmarkServiceGrpc:0.14333333333333334
MetricsServiceGrpc:0.14333333333333334
WorkerServiceGrpc:0.14333333333333334
LoadBalancerGrpc:0.14333333333333334
TestServiceGrpc:0.14333333333333334
ReconnectServiceGrpc:0.14333333333333334
