Worker:0.5255555555555556
BackupAlg:0.31333333333333335
ClassUtil:0.2816666666666667
Linker:0.25777777777777783
SymbolHashEngine:0.25666666666666665
