PatternShapeIsoChecker:0.7933333333333333
PatternShape:0.6966666666666667
ShapeStateSet:0.11
