ThresholdResourceType:0.53
ThresholdingVisitor:0.30666666666666664
SnmpThresholder:0.26
SnmpThresholdNetworkInterface:0.25666666666666665
DefaultThresholdsDao:0.21777777777777782
UpdateUserServlet:0.15444444444444444
SaveUserServlet:0.1
NewPasswordActionServlet:0.03666666666666667
