Polygon:0.45777777777777773
RGBAShader:0.33666666666666667
Phong:0.3
PolygonArray:0.23333333333333334
Patch:0.22666666666666666
NURBSPolygonizer:0.22
PolygonMesh:0.18333333333333332
GRSMesh:0.13
