ShadowPendingIntent:0.5866666666666667
ShadowNotificationBuilderTest:0.26666666666666666
ShadowPendingIntentTest:0.25
ShadowSmsManagerTest:0.23666666666666666
