ERDesignerBundle:0.45359523809523816
ERDesignerComponent:0.42333333333333334
ERDesignerGraph:0.4166666666666667
ApplicationPreferences:0.38
PreferencesPanel:0.13333333333333333
