MangoInstruction:0.59
MangoMethodPeer:0.49666666666666665
ACATCHHANDLER:0.26666666666666666
ATHROWCREATOR:0.23333333333333334
MangoInvokeInstruction:0.23
ATHROW:0.20777777777777778
INVOKEINTERFACE:0.15
INVOKESPECIAL:0.15
INVOKEVIRTUAL:0.15
INVOKESTATIC:0.13666666666666666
