SchemaAnnotationEditor:0.7405555555555555
NewAnnotationAction:0.3233333333333333
