Robolectric:0.6533333333333333
TestAttributeSet:0.3233333333333333
ShadowContext:0.2733333333333333
ShadowTypedArray:0.27
ContextTest:0.21333333333333335
TestAttributeSetTest:0.18666666666666668
TypedArrayTest:0.07666666666666666
