MetricsTest:0.2866666666666667
ConnectionHolder:0.2733333333333333
DummyEventBusMetrics:0.18416666666666667
EventBusMetrics:0.14583333333333334
FakeEventBusMetrics:0.14333333333333334
