FeatureLocImplementation:0.6627777777777778
ChromosomeFeatureLocImp:0.37666666666666665
