PointInTime:0.6966666666666667
Calendar:0.4083333333333333
