GAMEPanel:0.6277777777777778
GAMEAdapterGUI:0.44666666666666666
ReturnCommit:0.3538333333333334
ReturnCommitKey:0.15694444444444444
