Engine:0.6866666666666666
LegendContext:0.46
Message:0.4266666666666667
ServerConfiguration:0.41
ExtensionManager:0.4
EditorPanel:0.39666666666666667
ConcreteLayerPainter:0.32
LineToCursorContext:0.32
SuperLayerPainter:0.31666666666666665
DevicesPainter:0.31666666666666665
ClientConfigurationParser:0.30666666666666664
ARINC661App:0.30666666666666664
EditorApplication:0.30333333333333334
ServerConfigurationParser:0.3
Projection:0.2966666666666667
AbstractConfigurationParser:0.29
ServerWrapper:0.2866666666666667
ARINCMapGrid:0.2633333333333333
StatefullAPIImpl:0.26
ClientMessageProcessor:0.25
ServerMapItemsUtilities:0.24333333333333335
GraphicsConfigHandler:0.24
PicturesHandler:0.23166666666666666
ServerStarter:0.23
APIFactory:0.23
ClientXMLDFHandler:0.23
AbstractWidgetRefHandler:0.22699999999999998
WidgetListener:0.22666666666666666
UIDefinitionHandler:0.22666666666666666
TestProjection:0.22666666666666666
AbstractMapItemRenderer:0.22166666666666668
LineSegmentRenderer:0.22
ConfigParser:0.21583333333333332
ARINCStarter:0.2105952380952381
ClientBinaryDFHandler:0.21
LayerTreeEditor:0.20666666666666667
AbstractServerEngine:0.20666666666666667
PropertyPanelFactory:0.19333333333333333
ClientWrapper:0.18666666666666668
ScenarioDebuggerAction:0.17666666666666667
EmbedClient:0.17666666666666667
AbstractClientEngine:0.16333333333333333
AbstractLayerPainter:0.16
DFListener:0.15333333333333332
LayerListener:0.14955555555555555
LineArcRenderer:0.14666666666666667
ImagesParser:0.14666666666666667
ServerApplet:0.14333333333333334
UIDefinitionParser:0.13333333333333333
LegendRenderer:0.11
EngineConfigurator:0.1
SymbolGenericRenderer:0.1
ConfigProperties:0.07
SymbolRectangleRenderer:0.04
SymbolCircleRenderer:0.04
SymbolOvalRenderer:0.04
LegendAnchorRenderer:0.03333333333333333
LineStartRenderer:0.013333333333333334
TestPushButton:0.0
