Event:0.56
ScriptEditor:0.48333333333333334
Recorder:0.31333333333333335
ScriptEditorFrame:0.2833333333333333
EventRecorder:0.2833333333333333
DefaultComponentFinder:0.24
RecordAllAction:0.23
ComponentRecorderTest:0.19666666666666666
StepEditor:0.15
AllTests:0.12
EventEditor:0.11
EventEditorTest:0.05333333333333334
