NameTable:0.49
Types:0.37333333333333335
TypeDeclarationGenerator:0.36666666666666664
TypeImplementationGenerator:0.30333333333333334
ImplementationImportCollector:0.2966666666666667
TypeImplementationGeneratorTest:0.27
ObjectiveCImplementationGeneratorTest:0.26
ObjectiveCHeaderGeneratorTest:0.23
MetadataGenerator:0.22333333333333333
TypeGenerator:0.2
TranslationProcessor:0.11583333333333333
