SequenceAlignmentRunner:0.4866666666666667
AlignmentResultCollector:0.34
SequenceAlignmentTask:0.14666666666666667
DatabaseHandler:0.11
