ExecutorDAO:0.48333333333333334
ApplicationContextFactory:0.3933333333333333
ArchiveInitializerServiceBean:0.3799470899470899
ArchivingApplication:0.2966666666666667
ArchivingService:0.24333333333333335
ArchivingServiceDelegate:0.15333333333333332
ArchivingLogic:0.08666666666666667
ArchivingServiceBean:0.08
ArchiveInitializerService:0.075
ArchiveInitializerServiceDelegate:0.03666666666666667
DefinitionHasProcessesException:0.033650793650793646
PermissionDeniedException:0.033650793650793646
ArchivingInitializerLogic:0.03
ArchiveDBInitializer:0.007777777777777778
RestoreProcessDefinition:0.0
BackupProcesses:0.0
BackupProcessDefinitions:0.0
RestoreProcess:0.0
ArchivingServiceLocal:0.0
ArchivingServiceRemote:0.0
