RobolectricTestRunner:0.4066666666666667
RobolectricConfig:0.3233333333333333
ShadowWrangler:0.30666666666666664
ShadowWranglerTest:0.19333333333333333
RunnerForTesting:0.16
InvocationPlan:0.15666666666666668
ClassHandler:0.09166666666666666
RobolectricTestRunnerTest:0.06333333333333334
ShadowFooI18n:0.04416666666666667
