Listener:0.7533333333333333
OkHttpClientTransport:0.43333333333333335
AbstractTransportTest:0.2633333333333333
DelayedClientTransport:0.23199999999999998
NettyClientStream:0.2154444444444444
NettyClientHandler:0.21333333333333335
ClientTransportLifecycleManager:0.18666666666666668
BaseTransportListener:0.16166666666666665
PendingStream:0.15333333333333332
InterimTransportImpl:0.09666666666666666
InProcessStream:0.08
