ChunkProcessor:0.5752380952380953
SimpleChunkProcessor:0.42
ChunkHandler:0.3326111111111111
ChunkProcessorChunkHandler:0.08666666666666667
ChunkProcessorChunkHandlerTests:0.013333333333333334
