CacheManager:0.5577777777777778
WebserviceBean:0.37
WebserviceBeanImpl:0.36
MetadataEntityManagerImpl:0.29333333333333333
BusinessEntityManagerImpl:0.2866666666666667
BridgeDomainSyncProvider:0.24333333333333337
