Actor:0.5666666666666667
ObjectChannel:0.44333333333333336
ActorTest:0.25333333333333335
