IPAtomicLearningDescriptor:0.5966666666666667
IPAtomicLearningDescriptorTest:0.43333333333333335
