DlgBox:0.5544444444444445
GwtTeamingMessages:0.47
ShareThisDlg:0.39666666666666667
