QuorumLexer:0.6266666666666667
HopVirtualMachine:0.4066666666666667
QuorumParser:0.3466666666666667
QuorumTreeWalker:0.31333333333333335
HopFile:0.25333333333333335
AntlrTokenReader:0.14666666666666667
HopEditorLexer:0.12333333333333334
HopEditorParser:0.10833333333333334
HopParserResult:0.056666666666666664
