DomNode:0.6233333333333333
HTMLCollection:0.30750000000000005
WebTestCase:0.29
CSSRuleList:0.2833333333333333
StyleSheetTest:0.23333333333333334
