XMLDocumentTest:0.49333333333333335
XmlPage:0.41333333333333333
XMLDocument:0.39666666666666667
