ClusterService:0.7133333333333334
Cluster:0.65
HttpPostCommandProcessor:0.3233333333333333
HttpGetCommandProcessor:0.2633333333333333
ClientClusterProxy:0.21666666666666667
HttpCommandProcessor:0.0
