Session:0.76
PostgresITest:0.47333333333333333
SetAnalyzedStatement:0.36666666666666664
SQLOperations:0.15666666666666668
