JFXGeomUtils:0.38333333333333336
JFXMapSymbol:0.3333333333333333
XMLType:0.31666666666666665
AbstractEditorOverlay:0.25333333333333335
UIComponentsFactory:0.24666666666666667
MapSymbol:0.24333333333333335
JFXServerWindow:0.21333333333333335
EditorOverlay:0.20127777777777778
JFXEditorOverlay:0.16666666666666666
DecoratedLabelSkin:0.14333333333333334
DecoratedButtonSkin:0.14333333333333334
DataTypeHandler:0.1
