CashFlows:0.4866666666666667
Coupon:0.3
FloatingRateCoupon:0.23333333333333334
CappedFlooredCoupon:0.20666666666666667
Event:0.20666666666666667
Dividend:0.20333333333333334
CashFlow:0.17333333333333334
BPSCalculator:0.17
FixedRateCoupon:0.16333333333333333
IborCoupon:0.07333333333333333
