DatabaseHandler:0.8466666666666667
Environment:0.43666666666666665
WikiBase:0.2633333333333333
DatabaseConnection:0.26
UpgradeServlet:0.20333333333333334
AdminServlet:0.18
SetupServlet:0.17333333333333334
JAMWikiFilter:0.13
