Dependency:0.45666666666666667
BaseTmxMapLoader:0.31
ClassReflection:0.31
GdxSetup:0.30333333333333334
Stage:0.28
TmxMapLoader:0.23333333333333334
DependencyBank:0.23333333333333334
GdxSetupUI:0.21277777777777776
Attributes:0.2111111111111111
AtlasTmxMapLoader:0.21
HttpClientResponse:0.19666666666666666
ExternalExtensionsDialog:0.16333333333333333
Parameters:0.16
ExternalExtension:0.07333333333333333
