Node:0.63
DiscoveryNodeFilters:0.2994444444444444
DiscoveryNodeFiltersTests:0.17
AwarenessAllocationTests:0.07666666666666666
NodeTests:0.043333333333333335
FilterAllocationDeciderTests:0.03666666666666667
FilteringAllocationIT:0.03666666666666667
