GridFS:0.64
GridFSInputFile:0.37
GridFSFile:0.31333333333333335
GridFSDBFile:0.24333333333333335
GridFSTest:0.18666666666666668
CLI:0.14833333333333334
GridFSInputStream:0.04666666666666667
GridFSOutputStream:0.03333333333333333
