Converter:0.7066666666666667
Mapping:0.57
ConversionExecutor:0.36333333333333334
OgnlExpression:0.26555555555555554
OgnlExpressionParserTests:0.2633333333333333
CollectionAddingPropertyExpressionTests:0.22666666666666666
TextToExpression:0.18
TextToBoolean:0.17333333333333334
AbstractConverter:0.16333333333333333
MappingBuilder:0.16
TextToNumber:0.15666666666666668
MethodInvoker:0.1
DefaultAttributeMapper:0.07333333333333333
TextToMethodSignature:0.07333333333333333
RequiredMapping:0.06666666666666667
NoOpConverter:0.05333333333333334
TextToClass:0.016666666666666666
TextToLabeledEnum:0.016666666666666666
ConversionContext:0.0
MappingContext:0.0
AttributeMapper:0.0
