ObjectWithMapOfObjects:0.569555315055315
DocumentCodec:0.3933333333333333
ObjectWithMapOfMaps:0.3781693121693122
PojoCodecTest:0.32666666666666666
PojoCodec:0.26666666666666666
CollectibleDocumentCodec:0.23
MongoClientImpl:0.20333333333333334
IterableCodec:0.19
CollectionAcceptanceTest:0.17
CollectibleDocumentCodecTest:0.1625
PojoDatastore:0.15694444444444444
DocumentCodecTest:0.14666666666666667
IterableCodecTest:0.05333333333333334
ObjectWithMapOfStrings:0.0033333333333333335
