AbstractServerFactory:0.43333333333333335
JerseyEnvironment:0.24666666666666667
JerseyContainerHolder:0.21
