UserActionsPopup:0.4033333333333333
MastheadPopupMenu:0.36
MastHead:0.32
GwtTeamingImageBundle:0.31666666666666665
MiscUtil:0.24333333333333335
HelpData:0.19666666666666666
