IPreferenceManipulator:0.7058333333333332
IJDTSupport:0.503
SaveActionConfigurator:0.44666666666666666
JDTSupport:0.11666666666666667
JDTFacade:0.1
PreferenceManager:0.02666666666666667
