PropsUtil:0.6833333333333333
SPropsUtil:0.34
LuceneProvider:0.26
IndexingResource:0.21666666666666667
LuceneProviderManager:0.21333333333333335
LuceneProviderManagerMBean:0.15833333333333333
