PersistentDuration:0.2733333333333333
PersistentPeriod:0.11666666666666667
TestPersistentDuration:0.11333333333333333
TestPersistentPeriod:0.11333333333333333
