VssTest:0.4166666666666667
CVSTest:0.36
MockSourceControl:0.33666666666666667
VssJournalTest:0.21666666666666667
ClearCaseTest:0.09
