GatewayMetaState:0.6633333333333333
ClusterModule:0.31333333333333335
RoutingIteratorTests:0.265
