SvgTreeRenderer:0.6033333333333334
AbstractTreeRenderer:0.5066666666666667
ReportGraphicalTree:0.3566666666666667
