Configuration:0.6166666666666667
Starter:0.47
UserIdleDetector:0.3933333333333333
ConfigurationWindow:0.18666666666666668
UserIdleDetectorConfigTab:0.1622222222222222
ConfirmationsConfigTab:0.02
