Brent:0.7372936507936508
Bisection:0.22994444444444445
