Mongo:0.4666666666666667
DB:0.4533333333333333
DBCollection:0.38333333333333336
DBObjects:0.28611111111111115
DBCursor:0.27666666666666667
MongoClientURI:0.21
DocumentCodec:0.16
BSONObjectEncoder:0.14
DBDecoderAdapter:0.12
ReplicaSetStatus:0.11833333333333333
