AuthorizationCodeAuthenticationProcessingFilter:0.48333333333333334
NimbusOAuth2UserService:0.2633333333333333
AuthorizationCodeAuthenticationFilterConfigurer:0.22666666666666666
OAuth2LoginSecurityConfiguration:0.17666666666666667
AbstractOAuth2UserConverter:0.16666666666666666
OAuth2UserConverter:0.07333333333333333
UserInfoEndpointConfig:0.02666666666666667
ErrorResponseAttributesConverter:0.016666666666666666
CustomOAuth2UserConverter:0.006666666666666667
AuthorizationCodeAuthorizationResponseAttributesConverter:0.0
UserInfoConverter:0.0
