ScriptStepResult:0.5788888888888889
Constants:0.5058333333333334
ScriptExecutionEngine:0.36666666666666664
ScriptEditViewPart:0.25666666666666665
ScriptStepAddOrEditHandler:0.16333333333333333
