DataManager:0.46
LuceneSearcher:0.3333333333333333
SearchManager:0.2425
Spatial:0.24
SelectionManager:0.23333333333333334
MetaSearcher:0.23
CatalogSearcher:0.13
