Lang:0.6566666666666666
NutDao:0.5333333333333333
LangTest:0.38333333333333336
UpdateTest:0.15333333333333332
