AbstractFlowExecutionTests:0.53
AbstractExternalizedFlowExecutionTests:0.35333333333333333
XmlFlowBuilderTests:0.24
DefaultTargetStateResolverTests:0.15666666666666668
