Field:0.7633333333333333
Factory:0.6633333333333333
jOOQTest:0.35333333333333333
jOOQAbstractTest:0.29
AbstractField:0.25333333333333335
