ERDesignerComponent:0.5866666666666667
RepositoryEntryDesciptor:0.21
ERDesigner:0.20333333333333334
ERDesignerBundle:0.12883333333333333
MigrationScriptEditor:0.10333333333333333
MigrationScriptDataModel:0.05
MigrationScriptView:0.03666666666666667
