CropIwaDynamicOverlayView:0.515
CropIwaView:0.42333333333333334
CropIwaUtils:0.38333333333333336
OvalShapeMask:0.20666666666666667
