ActionUtil:0.4866666666666667
AbstractFolderCoreProcessor:0.37333333333333335
ForumActionModuleImpl:0.19333333333333333
WorkspaceTreeController:0.16333333333333333
SAbstractForumController:0.15333333333333332
EditController:0.15333333333333332
ModifyEntryController:0.14
ConfigureController:0.14
ViewController:0.13666666666666666
ObjectKeys:0.09666666666666666
