MetaProperty:0.6833333333333333
ColorTest:0.4666666666666667
