Table:0.5961666666666666
Utils:0.4066666666666667
AbstractTable:0.39
MySQLTest:0.21
