Theme:0.46
JFCChartsEngine:0.38666666666666666
ItemSelectionXYLineAndShapeRenderer:0.25
JFCChartsSwingComponentsProvider:0.21666666666666667
HighchartsDefaultTheme:0.21
ChartsEngineMessages:0.15833333333333333
CASingularValuesItemSelectionRenderer:0.15444444444444444
ItemSelectionXYBarRenderer:0.085
SymbolAxisBetweenTicks:0.07
