Simulation:0.5166666666666667
Person:0.43
ScientificStudyManager:0.25
MarsProjectFX:0.25
CreditManager:0.23
MainMenu:0.20666666666666667
MedicalManager:0.18666666666666668
RelationshipManager:0.17666666666666667
MalfunctionFactory:0.17
SpinningGlobe:0.15333333333333332
TestCreditManager:0.1325
JavaFXUtil:0.07
ButtonDemo:0.03333333333333333
ConfigEditorTask:0.023333333333333334
ButtonDemoController:0.0
