GistManager:0.6
IGistManager:0.31333333333333335
JavaManagerMethodDispatcher:0.30666666666666664
DownloadGistRunnable:0.2633333333333333
GistManagerPluginTest:0.14
BioclipseJob:0.12333333333333334
GistManagerTest:0.05
CoverageTest:0.0
