BaseMultiLayerNetwork:0.5333333333333333
MultiLayerNetworkOptimizer:0.33222222222222225
GradientChangerExample:0.31333333333333335
