Administrator:0.8266666666666667
ResultFrame:0.36333333333333334
LoginDialog:0.2633333333333333
