Session:0.7968253968253968
LobHelperImpl:0.5066666666666667
SessionImpl:0.4622222222222222
