ForPackageDescription:0.47333333333333333
ClassLoadingAction:0.23666666666666666
SubclassDynamicTypeBuilderTest:0.23333333333333334
RebaseDynamicTypeBuilderTest:0.17333333333333334
