AtmosphereRequest:0.81
JettyWebSocketHandler:0.31666666666666665
Builder:0.30666666666666664
AtmosphereServlet:0.25722222222222224
JettyWebSocketUtil:0.09666666666666666
