FormType:0.6416666666666667
FormNodePresentation:0.31
BaseHtmlFormType:0.18666666666666668
QuickFormType:0.14333333333333334
