TextField:0.41333333333333333
BitmapFontData:0.3646666666666667
GlyphLayout:0.36333333333333334
BitmapFontCache:0.285
BitmapFontTest:0.19666666666666666
LwjglDebugStarter:0.11333333333333333
