FolderEmailFormatter:0.6066666666666667
NotificationDef:0.4766666666666667
DefinitionModuleImpl:0.26
DefaultFolderEmailFormatter:0.23666666666666666
MimeHelper:0.22333333333333333
MailModuleImpl:0.18333333333333332
ConfigureNotifyController:0.13
