WebSocket:0.5066666666666667
Draft:0.48333333333333334
Draft_10:0.42
