MySQL5InnoDBSpatialDialect:0.465
MySQLInnoDBDialect:0.11333333333333333
MySQL5InnoDBDialect:0.11333333333333333
MySQL56InnoDBSpatialDialect:0.11333333333333333
