PostGISSaveDataSourceQueryChooser:0.7886111111111112
DataStoreDataSourceFactory:0.30527777777777776
