Converter:0.14333333333333334
Db2JdbcExpert:0.12666666666666668
PsqlJdbcExpert:0.12666666666666668
DerbyJdbcExpert:0.12666666666666668
SingleColumnCondtionPItem:0.12666666666666668
Sqlserver2005JdbcExpert:0.12666666666666668
HsqldbJdbcExpert:0.12666666666666668
