Principal:0.6033333333333334
LdapModuleImpl:0.3933333333333333
ObjectKeys:0.33916666666666667
DefaultProfileCoreProcessor:0.25333333333333335
LdapConnectionConfig:0.25333333333333335
UserCoordinator:0.21666666666666667
GroupCoordinator:0.18333333333333332
