GetRepositoryItemValidation:0.6113888888888889
CSW202ServiceImpl:0.5233333333333333
