SingleConsumerQueue:0.5633333333333334
Node:0.44333333333333336
CacheProfiler:0.1872222222222222
LinearizableNode:0.10666666666666667
HeadAndTailRef:0.10333333333333333
HeadRef:0.05
PadTail:0.0
PadHead:0.0
