URLConnectionTest:0.44
Builder:0.41
Response:0.3466666666666667
HttpEngine:0.22333333333333333
HttpURLConnectionImpl:0.21333333333333335
RecordedResponse:0.15555555555555556
