FiltersPage:0.7233333333333334
AttributesPage:0.5166666666666667
