ChunkOrientedTasklet:0.6066666666666667
StatefulRetryTasklet:0.3333333333333333
AbstractItemProcessingTasklet:0.3233333333333333
