IActivityConsumer:0.501984126984127
AbstractActivityReceiver:0.2866666666666667
IActivity:0.2840555555555555
FileActivity:0.26666666666666666
StopActivity:0.26666666666666666
ViewportActivity:0.21
AbstractActivityConsumer:0.19
FolderActivity:0.18666666666666668
TextSelectionActivity:0.18666666666666668
TextEditActivity:0.17
EditorActivity:0.17
RoleActivity:0.17
JupiterActivity:0.17
