Jedis:0.65
Protocol:0.45666666666666667
Client:0.3333333333333333
ShardedJedisPoolTest:0.21
JedisPoolTest:0.20666666666666667
JedisSentinelTest:0.2
JedisSentinelPool:0.2
TransactionCommandsTest:0.19666666666666666
PipeliningTest:0.19666666666666666
PublishSubscribeCommandsTest:0.19666666666666666
JedisCommandTestBase:0.16666666666666666
ShardedJedisTest:0.15333333333333332
JedisSentinelPoolTest:0.13666666666666666
PoolBenchmark:0.12333333333333334
HostAndPortUtil:0.10333333333333333
ShardedJedisPipelineTest:0.09666666666666666
HashingBenchmark:0.08666666666666667
ConnectionHandlingCommandsTest:0.08333333333333333
GetSetBenchmark:0.07666666666666666
PipelinedGetSetBenchmark:0.07666666666666666
