DateTruncFunction:0.5933333333333334
DateTruncFunctionTest:0.5366666666666666
ScalarFunctionModule:0.15
Context:0.14
