ClusterManager:0.4266666666666667
ConcurrentMapManager:0.36
Record:0.345
TargetAwareOp:0.2866666666666667
Connector:0.19777777777777777
AsyncRemotelyBooleanCallable:0.10666666666666667
