MediaComposerService:0.5333333333333333
FailureReason:0.4592619047619047
FileUtils:0.4266666666666667
ExecutionStatusInfo:0.14983333333333335
