Context:0.8566666666666667
FlowExecution:0.75
ExternalContext:0.61
RequestContext:0.54
FlowExecutionManager:0.49333333333333335
Event:0.4533333333333333
FlowExecutionImpl:0.39666666666666667
MockExternalContext:0.27666666666666667
MockRequestContext:0.27
JsfFlowExecutionManager:0.25333333333333335
FlowExecutionControlContextImpl:0.24333333333333335
FlowExecutionStorage:0.23083333333333333
FormAction:0.23
FlowAction:0.22666666666666666
DataStoreFlowExecutionStorage:0.22666666666666666
FlowTests:0.20666666666666667
FormActionTests:0.2
DataStoreTokenTransactionSynchronizer:0.19
AbstractTokenTransactionSynchronizer:0.17666666666666667
MockJsfExternalContext:0.17666666666666667
AbstractFlowExecutionTests:0.17666666666666667
ClientContinuationFlowExecutionStorage:0.15333333333333332
FlowController:0.14666666666666667
SetPortletModeAction:0.14
FlowActionTests:0.14
JsfFlowExecutionManagerTests:0.13833333333333334
TransitionExecutingStateExceptionHandlerTests:0.13666666666666666
ParameterizableFlowAttributeMapperTests:0.13333333333333333
FlowExecutionImplTests:0.13
StateTests:0.12666666666666668
ContinuationDataStoreFlowExecutionStorage:0.12333333333333334
FlowExecutionManagerTests:0.12333333333333334
HttpRequestMap:0.12333333333333334
PortletRequestMap:0.12333333333333334
PortletRequestParameterMap:0.11333333333333333
HttpRequestParameterMap:0.11333333333333333
FlowExecutionTests:0.11
ActionFormAdapter:0.10666666666666667
StateResultEvent:0.105
MockFlowExecutionControlContext:0.1
FlowExecutionHolder:0.09666666666666666
FlowPhaseListener:0.09666666666666666
AttributeMapperActionTests:0.09666666666666666
FlowExecutionStorageTests:0.09333333333333334
PortletExternalContext:0.08277777777777777
DataStoreAccessor:0.07666666666666666
FormActionBindingTests:0.07
ServletExternalContext:0.06666666666666667
SessionDataStoreAccessor:0.05333333333333334
JsfExternalContext:0.04666666666666667
StrutsExternalContext:0.023333333333333334
MyFlowExecutionManager:0.016666666666666666
MapDataStoreAccessor:0.01
