BufferOfItems:0.5133333333333333
Message:0.36333333333333334
UpdateRunnable:0.3433333333333333
Converter:0.32666666666666666
ItemMap:0.2966666666666667
ARINCComUtils:0.2733333333333333
LayerRendererBridge:0.25333333333333335
DefaultARINCUtils:0.25333333333333335
DefaultBufferOfItemsConverter:0.25
ARINCModelFactory:0.21
ServerXMLObjectAttribute:0.20194444444444445
MapsPanel:0.19
MapsHandler:0.18333333333333332
ServerMessageProcessor:0.17333333333333334
XMLMapsDefinitionParser:0.13666666666666666
BufferOfItemsInfo:0.08333333333333333
AbstractItem:0.043333333333333335
