TimestampMappingTests:0.24
RoutingTypeMapperTests:0.16666666666666666
TTLMappingTests:0.12666666666666668
SimpleAllMapperTests:0.12666666666666668
IdMappingTests:0.1
