HazelcastInstance:0.7256944444444445
HazelcastClient:0.4033333333333333
MultiMapConfig:0.39
HazelcastInstanceImpl:0.37666666666666665
ServiceManager:0.23
