DFExporter:0.5716666666666665
ARINC661App:0.47333333333333333
DefaultXMLExporter:0.4066666666666667
MenuFactory:0.2713888888888889
SaveAsAction:0.23444444444444448
SaveSnapshot:0.22666666666666666
DefaultBinaryExporter:0.19
SearchAction:0.13
SaveWidgetSnapshotAction:0.09
