GceDiscoveryTests:0.5766666666666667
GceUnicastHostsProvider:0.3566666666666667
GceDiscoveryPlugin:0.2633333333333333
GceNameResolver:0.15
GceNetworkTests:0.14
GceModule:0.13
TestPlugin:0.1
