ClassDefinition:0.4666666666666667
CompilerContext:0.38666666666666666
StateCompiler:0.2833333333333333
AccumulatorCompiler:0.28
