Article:0.6527777777777777
ArticleQueryService:0.5266666666666666
ArticleProcessor:0.4066666666666667
