ObjectiveCHeaderGeneratorTest:0.42
TypeDeclarationGenerator:0.38666666666666666
TypeImplementationGenerator:0.31333333333333335
JavaToIOSMethodTranslator:0.23333333333333334
EnumRewriter:0.23
