SimpleURIReference:0.43
RelationshipTuple:0.3566666666666667
BasicDigitalObject:0.26666666666666666
DefaultManagement:0.24333333333333335
SimpleTriple:0.23592460317460312
ServiceDefinitionTripleGenerator_3_0:0.22333333333333333
FedoraObjectTripleGenerator_3_0:0.15333333333333332
ContentModelTripleGenerator_3_0:0.13666666666666666
ServiceDeploymentTripleGenerator:0.13666666666666666
SimpleLiteral:0.1
Models:0.05333333333333334
