GlobalConfiguration:0.6933333333333334
SignSession:0.59
CertificateFinderBean:0.32
CertDistServlet:0.25
SignSessionBean:0.23333333333333334
EjbcaWS:0.21333333333333335
GuiInfo:0.21
SystemConfigMBean:0.18333333333333332
CAInterfaceBean:0.18
BatchMakeP12Command:0.17333333333333334
GenerateToken:0.16333333333333333
BatchCreateTool:0.13666666666666666
CACertServlet:0.13666666666666666
