TransportSQLActionTest:0.7296111111111112
RoutedCollectPhaseTest:0.20666666666666667
