Robot:0.6166666666666667
AbstractDialogTester:0.38333333333333336
TreeItemTester:0.31333333333333335
BasicFinder:0.21
TestDialogThread:0.19111111111111112
