IssueService:0.8933333333333333
IssueServiceImpl:0.4
PortalHomeAction:0.17
WatchIssueAction:0.15333333333333332
