RunNotifier:0.6455555555555555
ErrorReportingRunner:0.4827777777777777
