ValueComputer:0.7804444444444445
QueryValueComputer:0.4066666666666667
