ApplicationContextFactory:0.61
BpmnXmlReader:0.38333333333333336
EndToken:0.2833333333333333
TokenDAO:0.19333333333333333
