ShadowViewGroup:0.7233333333333334
ShadowLinearLayout:0.23666666666666666
ViewGroupTest:0.2
ShadowFrameLayout:0.0033333333333333335
ShadowAbsoluteLayout:0.0033333333333333335
