RestIndicesAction:0.5033333333333333
RestShardsAction:0.4166666666666667
RestNodesAction:0.4166666666666667
