VerifierConfig:0.4866666666666667
Query:0.44666666666666666
Validator:0.3466666666666667
TestVerifierConfig:0.18666666666666668
QueryPairMapper:0.12666666666666668
