Benchmark:0.6233333333333333
NettyHttpClient:0.4533333333333333
SynchronousHttpClient:0.24333333333333335
