AnnotationManager:0.4266666666666667
Concordance:0.4238888888888889
TemporaryAnnotationManager:0.2833333333333333
