Grammar:0.64
Token:0.6286666666666666
CodeGenerator:0.26
TestTokenTypeAssignment:0.25333333333333335
