IndexService:0.45666666666666667
ElasticsearchIntegrationTest:0.4066666666666667
IndicesService:0.36
PendingDelete:0.30666666666666664
NodeIndexDeletedAction:0.2833333333333333
IndicesServiceTest:0.06333333333333334
