HttpTLSTest:0.6866666666666666
TLSTest:0.3088888888888889
HttpProxy:0.20333333333333334
TestProxyBase:0.20333333333333334
