CMap:0.4033333333333333
BaseManager:0.34
TargetAwareOp:0.31666666666666665
TargetAwareOperationHandler:0.2633333333333333
ConcurrentMapManager:0.22
ResponsiveOperationHandler:0.19666666666666666
UnlockOperationHandler:0.19111111111111112
ClusterTest:0.1
