AndroidBean:0.42
ImgLoadUtil:0.29133333333333333
EverydayFragment:0.24666666666666667
TwoHolder:0.22444444444444447
ThreeHolder:0.22444444444444447
TimeUtil:0.21305555555555558
OneHolder:0.17777777777777778
TransitionActivity:0.17111111111111113
EverydayModel:0.15333333333333332
EverydayAdapter:0.14
