Fiber:0.6233333333333333
InstrumentMethod:0.37333333333333335
SuspendableHelper:0.29333333333333333
FrameInfo:0.15333333333333332
