FrequencySketch:0.72
CountMinTinyLfu:0.2733333333333333
FrequencySketchTest:0.17333333333333334
TinyLfu:0.15333333333333332
