EntityRights:0.41333333333333333
FolderRow:0.39
CommentsInfo:0.36
GwtTeamingMessages:0.31666666666666665
EntityRightsRpcResponseData:0.22666666666666666
GwtViewHelper:0.21444444444444447
ManageCommentsComposite:0.2091111111111111
DataTableFolderViewBase:0.14333333333333334
