SessionManager:0.7041666666666667
CommandHandler:0.5341269841269841
DefaultSessionManager:0.34
GaServer:0.31333333333333335
DefaultCommandHandler:0.30666666666666664
