Categories:0.38666666666666666
RuleFieldValidatorTest:0.3433333333333333
CategoryValidator:0.23
AbstractTimeoutTest:0.21333333333333335
CategoryFilterFactoryStub:0.05333333333333334
