OnSelectBinderInfo:0.5933333333333334
TreeDisplayVertical:0.37666666666666665
TreeDisplayHorizontal:0.28
GwtRpcServiceImpl:0.19666666666666666
GwtRpcServiceAsync:0.14416666666666667
GwtRpcService:0.14416666666666667
