LoadingState:0.5466666666666666
LoadingStateDescriptions:0.25594227994228
