SemaphoreConfig:0.5833333333333334
SemaphoreService:0.43333333333333335
SemaphoreConfigReadOnly:0.22333333333333333
