LdapTestServer:0.49
PasswordComparisonAuthenticatorTests:0.3933333333333333
FilterBasedLdapUserSearchTests:0.25666666666666665
LdapAuthenticationProviderTests:0.15833333333333333
BindAuthenticator:0.15
AbstractLdapServerTestCase:0.013333333333333334
