MapReduceOperation:0.5933333333333334
MapReduceCommand:0.44333333333333336
DBCollection:0.4422222222222222
