Delete:0.5333333333333333
Create:0.4633333333333333
EngineConfig:0.44666666666666666
Index:0.4
Translog:0.37666666666666665
ElasticsearchIntegrationTest:0.32
InternalEngine:0.30666666666666664
Source:0.26555555555555554
DeleteByQuery:0.19666666666666666
InternalEngineTests:0.16
ShadowEngineTests:0.11666666666666667
IndexDynamicSettingsModule:0.09944444444444445
MockInternalEngine:0.06333333333333334
InternalEngineFactory:0.061388888888888896
MockEngineFactory:0.05805555555555555
EngineFactory:0.006666666666666667
