Fiber:0.5716666666666665
RemoteActor:0.32
ThreadLocalSerializer:0.24666666666666667
GlxRemoteActor:0.24111111111111114
Main:0.08666666666666667
