Interval:0.4666666666666667
MutableInterval:0.39666666666666667
AbstractInterval:0.29
TestMutableInterval_Constructors:0.24666666666666667
TestInterval_Basics:0.24
TestMutableInterval_Basics:0.24
TestInterval_Constructors:0.22333333333333333
MockInterval:0.16333333333333333
