ExtensionContext:0.5166666666666667
ClassTestDescriptor:0.34
TestInstanceLifecycleTests:0.32666666666666666
InstanceTrackingExtension:0.32
ExtensionContextTests:0.23666666666666666
MethodExtensionContext:0.23644444444444446
JupiterEngineExtensionContext:0.22666666666666666
ClassExtensionContext:0.18333333333333332
TestTemplateExtensionContext:0.15833333333333333
