SpriteBatch:0.49166666666666664
GroupStrategy:0.37242857142857144
DecalBatch:0.3233333333333333
DefaultGroupStrategy:0.2733333333333333
SimpleOrthoGroupStrategy:0.15333333333333332
GroupPlug:0.08738888888888888
PluggableGroupStrategy:0.08333333333333333
