BasicOperationService:0.43333333333333335
BasicInvocation:0.3933333333333333
BasicTargetInvocation:0.23
InvocationFuture:0.20666666666666667
InvocationBuilder:0.20666666666666667
BasicPartitionInvocation:0.10666666666666667
BasicInvocationBuilder:0.05611111111111112
