DefaultOccurrencesFinder:0.7861111111111112
MarkOccurrencesConfigurationBlock:0.6866666666666666
