Building:0.45
Simulation:0.37666666666666665
Manufacture:0.2966666666666667
ManufactureUtil:0.24
MarsNode:0.23666666666666666
MasterClock:0.21
MarsProjectStarter:0.10333333333333333
