Packet:0.45666666666666667
Node:0.4166666666666667
CipherHelper:0.37666666666666665
SymmetricCipherPacketReader:0.20333333333333334
AbstractJoiner:0.19333333333333333
SymmetricCipherPacketWriter:0.16666666666666666
SmartClientConnectionManager:0.15666666666666668
SymmetricCipherBuilder:0.0875
EncryptionTest:0.07333333333333333
