JobRepository:0.58
JobParameters:0.5633333333333334
JobDao:0.5566666666666666
JobInstance:0.44
SimpleJobRepository:0.35
JobParametersFactory:0.3272804232804233
AbstractStepDaoTests:0.23333333333333334
JobParametersBuilder:0.23
JdbcJobDao:0.23
HibernateFailureJobFunctionalTests:0.20666666666666667
AbstractJobDaoTests:0.20666666666666667
JobParametersTests:0.20666666666666667
MapStepDaoTests:0.2
ScheduledJobIdentifier:0.19333333333333333
BatchStatus:0.19
DefaultJobExecutorTests:0.19
DefaultStepExecutorTests:0.18666666666666668
JdbcStepDaoPrefixTests:0.18666666666666668
StepExecutionTests:0.17666666666666667
MapJobDao:0.17333333333333334
SimpleCommandLineJobRunnerTests:0.17
JobExecutionTests:0.16666666666666666
SimpleCommandLineJobRunner:0.165
SimpleJobRepositoryTests:0.16333333333333333
SimpleStepExecutorFactoryTests:0.15666666666666668
StepInstanceTests:0.15666666666666668
SimpleJobTests:0.15333333333333332
AbstractCustomerCreditIncreaseTests:0.15333333333333332
ScheduledJobParametersFactory:0.1525
MapJobDaoTests:0.15166666666666667
AbstractBatchLauncherTests:0.14666666666666667
ScheduledJobInstancePropertiesFactoryTests:0.145
BatchResourceFactoryBeanTests:0.14333333333333334
StagingItemReaderTests:0.14333333333333334
RestartFunctionalTests:0.14
SimpleJobIdentifier:0.13666666666666666
JobInstanceTests:0.11666666666666667
StepExecutorInterruptionTests:0.11333333333333333
JdbcJobRepositoryTests:0.11333333333333333
StagingItemProcessorTests:0.11333333333333333
GracefulShutdownFunctionalTest:0.11
StubJobLauncher:0.10666666666666667
BatchStatusTests:0.09666666666666666
SimpleJobLauncherTests:0.09333333333333334
JobParametersBuilderTests:0.08555555555555555
SimpleJobLauncher:0.08333333333333333
JobRepositorySupport:0.08166666666666667
JobLauncher:0.07333333333333333
JdbcJobDaoQueryTests:0.07333333333333333
DefaultJobIdentifier:0.059166666666666666
JobParametersPropertyEditor:0.035
JobParametersPropertyEditorTests:0.0325
AbstractValidatingBatchLauncherTests:0.0033333333333333335
