Problem:0.40111111111111114
OptimizerTest:0.38333333333333336
OneDimensionalPolynomDegreeN:0.2966666666666667
