Node:0.81
TreeWalker:0.35333333333333333
Range:0.2716666666666667
