Word2Vec:0.7233333333333334
Builder:0.19777777777777777
Word2VecLoader:0.19666666666666666
Word2VecDataFetcher:0.19333333333333333
SentenceActor:0.1811111111111111
VocabActor:0.13
