Capabilities:0.5733333333333334
Parser:0.4
MapRequest:0.37666666666666665
WMService:0.324
