TodoList:0.43666666666666665
TodosDwrImpl:0.3466666666666667
TodoListsManagerImpl:0.27666666666666667
TodosManagerImplTest:0.24333333333333335
TodosManagerImpl:0.24333333333333335
TodoListsManagerImplTest:0.23333333333333334
TodosDwr:0.17472222222222222
TestableTodosDwrImpl:0.016666666666666666
