ComputationGraph:0.79
BaseGraphVertex:0.41333333333333333
TestComputationGraphNetwork:0.30666666666666664
