AtomContainer:0.6733333333333333
StructureDiagramGenerator:0.48
MoleculeViewer2D:0.17333333333333334
StructureDiagramGeneratorTest:0.16666666666666666
AtomPlacer:0.14666666666666667
RingSet:0.10333333333333333
MoleculeFactory:0.07333333333333333
