SQLBaseRequest:0.33
InnerExpressionAnalyzer:0.2966666666666667
ParameterContext:0.2966666666666667
ExpressionAnalyzer:0.20666666666666667
SQLBulkRequestBuilder:0.1761111111111111
SQLRequestBuilder:0.1761111111111111
TransportSQLBulkAction:0.11666666666666667
TransportSQLAction:0.11666666666666667
RestSQLAction:0.11
ExpressionAnalyzerTest:0.10666666666666667
DummyRelation:0.043333333333333335
