FieldTypeHelper:0.41777777777777775
UAddressTypeRecord:0.32
UStreetTypeRecord:0.23333333333333334
PGIntervalConverter:0.21
UStreetType:0.20512698412698413
UAddressType:0.20512698412698413
PGobjectParser:0.10666666666666667
