Binder:0.69
ProfileModuleImpl:0.32666666666666666
AbstractBinderProcessor:0.2833333333333333
WorkspaceTreeController:0.2
