BulkShardProcessor:0.49666666666666665
CrateClientTest:0.37
TransportExecutorTest:0.36
SymbolBasedBulkShardProcessor:0.328
SymbolBasedTransportShardUpsertAction:0.27666666666666667
TransportShardUpsertAction:0.26
SQLPlugin:0.23666666666666666
KillIntegrationTest:0.20333333333333334
BaseTransportExecutorTest:0.18666666666666668
