OnSelectBinderInfo:0.4066666666666667
HistoryHelper:0.35
GwtMainPage:0.3466666666666667
HistoryInfoCallback:0.3272804232804233
ContentControl:0.3
GwtTeaming:0.2915555555555555
HistoryInfo:0.26866666666666666
WorkspaceTreeControl:0.25333333333333335
ActivityStreamCtrl:0.22666666666666666
TreeDisplayBase:0.21333333333333335
FilrActionsCtrl:0.20333333333333334
TreeDisplayVertical:0.16333333333333333
PushHistoryInfoCmd:0.15333333333333332
HistoryUrlInfo:0.13333333333333333
VibeEventBase:0.115
ActivityStreamEvent:0.11
HistoryActivityStreamInfo:0.006666666666666667
