NetApplicationModel:0.20300175
NetFactory:0.015065207
