HtmlUnitXPath:0.42333333333333334
HtmlNameStep:0.30333333333333334
HtmlXPathHandler:0.14
HtmlXPathFactory:0.03666666666666667
