SqlQueryTask:0.42333333333333334
QueryState:0.4066666666666667
SplitWorker:0.2988888888888889
SqlQueryTaskManager:0.26666666666666666
SqlQueryWorker:0.21333333333333335
SimpleQueryTaskManager:0.19666666666666666
QueryTaskResource:0.17666666666666667
SimpleQueryManager:0.17
