CertTools:0.71
X509CAInfo:0.5033333333333333
X509CA:0.35
CAAdminSessionBean:0.23
TestSignSession:0.21333333333333335
ProtocolOcspHttpTest:0.21
TestCAs:0.20166666666666666
TestCAImportExport:0.17666666666666667
TestRevocationApproval:0.16333333333333333
DnComponents:0.15
CaInitCommand:0.10333333333333333
HwCaInitCommand:0.08
TestRemoveCA:0.04666666666666667
