PseudoEpsgFactory:0.49333333333333335
ParameterizedTransformTest:0.3566666666666667
TransformTestCase:0.31666666666666665
SamplePoints:0.2866666666666667
AuthorityFactoryTest:0.25333333333333335
