Robolectric:0.6833333333333333
InvocationProfile:0.34
InvocationPlan:0.32666666666666666
ShadowWrangler:0.21
ShadowAccountManager:0.165
