HtmlElement:0.7466666666666667
HtmlTextArea:0.43666666666666665
HtmlTextInput:0.3
HtmlPasswordInput:0.17333333333333334
HtmlTextAreaTest:0.13666666666666666
HtmlTextInputTest:0.13666666666666666
HtmlPasswordInputTest:0.043333333333333335
