Cluster:0.7072222222222222
DBTCPConnector:0.47333333333333333
BaseCluster:0.25
ServerMonitorRunnable:0.23
