SimpleDelegatingPagingQueryProviderTests:0.4533333333333333
JdbcPagingItemReader:0.32
OraclePagingQueryProvider:0.06666666666666667
SqlServerPagingQueryProvider:0.06666666666666667
SybasePagingQueryProvider:0.06666666666666667
Db2PagingQueryProvider:0.06666666666666667
PostgresPagingQueryProvider:0.04
SimpleDelegatingPagingQueryProvider:0.03666666666666667
Db2PagingQueryProviderTests:0.03333333333333333
SybasePagingQueryProviderTests:0.03333333333333333
SqlServerPagingQueryProviderTests:0.03333333333333333
OraclePagingQueryProviderTests:0.03333333333333333
