CaffeineConfiguration:0.48333333333333334
CacheProxy:0.37333333333333335
Registration:0.31666666666666665
JCacheExpiryPolicy:0.20666666666666667
