DateRangeIT:0.28
FiltersIT:0.2633333333333333
HistogramIT:0.25666666666666665
DateHistogramIT:0.25
DoubleTermsIT:0.23333333333333334
InternalMultiBucketAggregation:0.19
GeoDistanceIT:0.17
