ItemOrientedStep:0.4416111111111112
ItemOrientedStepTests:0.4266666666666667
SimpleItemHandler:0.3655555555555556
