Packet:0.6766666666666666
HazelcastClient:0.41333333333333333
Connection:0.24333333333333335
OutRunnable:0.2277777777777778
HazelcastClientTest:0.16333333333333333
ClientProxy:0.16166666666666665
InRunnable:0.12777777777777777
