ArchiveTest:0.6833333333333333
JbpmDefinitionLogic:0.4866666666666667
