Peer:0.51
PeerEventListener:0.4766666666666667
Threading:0.37666666666666665
PeerTest:0.2833333333333333
AbstractPeerEventListener:0.23615079365079364
PeerHandler:0.19333333333333336
PrintPeers:0.11666666666666667
AutosaveThread:0.06333333333333334
