PatternRule:0.6566666666666666
TypeGraph:0.4033333333333333
PatternGraphRuleApplication:0.35777777777777775
AbstractPatternGraph:0.34
