ConcordancesEditor:0.5983333333333334
ExecuteScriptImport:0.47
ComputeRepartition:0.2733333333333333
