Index:0.5233333333333333
Engine:0.4
InternalEngine:0.38333333333333336
Operation:0.36
TransportShardBulkAction:0.3516666666666667
Delete:0.21
