TimePeriod:0.54
ConverterManager:0.37
AbstractTimePeriod:0.3233333333333333
StringConverter:0.27666666666666667
ReadableIntervalConverter:0.18333333333333332
DurationConverter:0.17333333333333334
ReadableDurationConverter:0.17
TimePeriodConverter:0.16
LongConverter:0.15
NullConverter:0.15
ReadableTimePeriodConverter:0.03333333333333333
