SessionMap:0.5333333333333333
FieldError:0.4033333333333333
FileUploadInterceptorTest:0.30666666666666664
TagUtils:0.23048989898989902
ServletConfigInterceptorTest:0.21
ActionComponent:0.16
AbstractTagTest:0.11666666666666667
InternalAction:0.10666666666666667
DWRValidator:0.10333333333333333
TextProviderHelper:0.09
ParameterAware:0.05333333333333334
ValidatorActionInvocation:0.04666666666666667
