RWorkspace:0.57
Toolbox:0.38666666666666666
StartRserve:0.26666666666666666
StreamHog:0.16666666666666666
ApplicationWorkbenchAdvisor:0.16333333333333333
RPreferencePage:0.12666666666666668
RPreferenceInitializer:0.08666666666666667
