WebServiceMessageSender:0.5166666666666667
JmsTransportUtils:0.47333333333333333
WebServiceTemplate:0.37
AbstractHttpWebServiceMessageSenderIntegrationTestCase:0.3433333333333333
JmsSenderConnection:0.3233333333333333
WebServiceTemplateTest:0.24333333333333335
CommonsHttpMessageSender:0.23333333333333334
MessageDispatcher:0.22027777777777782
JmsMessageSender:0.17
JmsMessageSenderIntegrationTest:0.16666666666666666
JmsTransportConstants:0.11666666666666667
HttpTransportConstants:0.11666666666666667
WebServiceAccessor:0.09666666666666666
JmsTransportUtilsTest:0.06333333333333334
HttpUrlConnectionMessageSender:0.023333333333333334
AbstractHttpWebServiceMessageSender:0.01
JmsIntegrationTest:0.0
EchoPayloadEndpoint:0.0
