RuleFactory:0.69
Rule:0.54
GraphCondition:0.51
SystemProperties:0.47
RegExprLabel:0.44666666666666666
Groove:0.43
RuleGraph:0.4166666666666667
AspectualRuleView:0.39666666666666667
DefaultGraphCondition:0.37
UntypedGxl:0.35
RegExpr:0.34
SPORule:0.29
DefaultRuleFactory:0.25333333333333335
RuleSystem:0.24666666666666667
AutomatonCalculator:0.24333333333333335
AspectParser:0.21333333333333335
TypeDiscoverer:0.21
Editor:0.20666666666666667
MergeEmbargo:0.19333333333333333
GgxGrammar:0.19333333333333333
EdgeEmbargo:0.18
GpsGrammar:0.17666666666666667
AspectualGpsGrammar:0.16666666666666666
AttributedRuleGraph:0.15666666666666668
VarFlag:0.15666666666666668
NACTest:0.155
VarBinaryEdge:0.14666666666666667
GossipRule:0.1375
DefaultConditionSearchPlanFactory:0.13666666666666666
DefaultNAC:0.12333333333333334
RegExprComparator:0.11
InjectionSearchItem:0.05
RegExprSearchPlanFactory:0.03333333333333333
GrammarPlanData:0.02666666666666667
AttributedSPORule:0.01
NegatedSearchItem:0.01
