TimestampTest:0.49333333333333335
SAfeTest:0.4066666666666667
TestBase:0.3466666666666667
PreparedStatementTest:0.31333333333333335
SanityTest:0.2723333333333333
UpdateTest:0.22583333333333333
