NetClientImpl:0.39
VertxMetrics:0.30333333333333334
FakeVertxMetrics:0.20666666666666667
DummyVertxMetrics:0.20666666666666667
