TautomerizationMechanism:0.36666666666666664
RemovingSEofBMechanism:0.20361111111111113
HeterolyticCleavageMechanism:0.18916666666666668
AdductionPBMechanism:0.1836111111111111
AdductionLPMechanism:0.1802777777777778
SharingElectronMechanism:0.1802777777777778
RadicalSiteRearrangementMechanism:0.1802777777777778
RadicalSiteIonizationMechanism:0.1802777777777778
HomolyticCleavageMechanism:0.1552777777777778
