BasicSemanticChecks:0.4944444444444444
RuleAST:0.35333333333333333
ABaseVisitor:0.2
AVisitor:0.19
