HibernateCursorInputSource:0.9133333333333333
IbatisInputSourceIntegrationTests:0.33666666666666667
IbatisDrivingQueryInputSource:0.15666666666666668
HibernateInputSourceIntegrationTests:0.13666666666666666
