AnnotationEditor:0.43666666666666665
AddTransaction:0.3
TransactionManager:0.26
DeleteTransaction:0.22
AnnotationCompoundEvent:0.21666666666666667
EditMenu:0.12666666666666668
