SearchResult:0.9604444444444444
MainUtil:0.43333333333333335
