RowsResponseBuilder:0.41
TransportSQLAction:0.4033333333333333
Plan:0.385
ResponseBuilder:0.13217857142857142
AffectedRowsResponseBuilder:0.12333333333333334
