LTSJModel:0.7047222222222221
AnimateListener:0.42023809523809524
