PeerEventListener:0.6861666666666667
PeerGroup:0.39
Peer:0.37
Wallet:0.3433333333333333
AbstractPeerEventListener:0.2633333333333333
PeerGroupTest:0.15
TestUtils:0.1061111111111111
