Params:0.45
DateParamConvertor:0.36333333333333334
TimesTest:0.2866666666666667
AdaptorTestModule:0.26666666666666666
ObjectPairInjector:0.18666666666666668
SimpleAdaptorTest:0.14666666666666667
