XLogPDescriptor:0.38666666666666666
LargestChainDescriptor:0.30333333333333334
MDEDescriptor:0.2866666666666667
ChiPathDescriptor:0.25666666666666665
WHIMDescriptor:0.25505555555555554
GravitationalIndexDescriptor:0.25
LargestPiSystemDescriptor:0.22305555555555553
LongestAliphaticChainDescriptor:0.22305555555555553
TPSADescriptor:0.20472222222222222
ChiIndexUtils:0.18666666666666668
