Environment:0.5133333333333333
JerseyEnvironment:0.5066666666666667
ServerFactory:0.2866666666666667
TaskServletTest:0.15333333333333332
LifecycleEnvironment:0.14333333333333334
HelloWorldService:0.13666666666666666
TaskServlet:0.13
HibernateBundle:0.12333333333333334
HibernateBundleTest:0.1125
JDBITest:0.08
DBIFactory:0.07333333333333333
