METSLikeDODeserializer:0.7416666666666667
METSLikeDOSerializer:0.6576666666666667
