Activator:0.6666666666666666
IDescriptorProvider:0.5533333333333333
SetUpDescriptorDatasetAction:0.3933333333333333
SetUpDescriptorDatasetWizard:0.02666666666666667
