AbstractFlowBuilder:0.37666666666666665
XmlFlowBuilder:0.36
XmlFlowBuilderTests:0.21666666666666667
SimpleViewDescriptorCreator:0.21
EventIdTransitionCriteria:0.16666666666666666
TextToViewDescriptorCreator:0.12583333333333335
RedirectViewDescriptorCreator:0.08666666666666667
NotTransitionCriteria:0.07333333333333333
TextToTransitionCriteria:0.07
TextToTransitionCriteriaTests:0.043333333333333335
FlowConversionService:0.033650793650793646
TextToViewDescriptorCreatorTests:0.02
FlowConversionServiceTests:0.006666666666666667
FlowTests:0.0011111111111111111
