MPayment:0.7322222222222222
Fact:0.5166666666666667
Doc_Allocation:0.28
