Extruder:0.8733333333333333
GenericExtruder:0.33666666666666667
NullExtruder:0.32666666666666666
Reprap:0.27666666666666667
