SubmissionManager:0.47711904761904766
JPPFClient:0.32
ChannelWrapper:0.30666666666666664
TaskQueueChecker:0.2633333333333333
AbstractSubmissionManager:0.26
JPPFPriorityQueue:0.25666666666666665
ChannelWrapperLocal:0.21333333333333335
ChannelWrapperRemote:0.21333333333333335
SubmissionManagerClient:0.2
AbstractClientConnectionHandler:0.17333333333333334
AbstractGenericClient:0.15666666666666668
JobScheduleAction:0.07666666666666666
ClientTest:0.0033333333333333335
