Symphonys:0.7666666666666667
ArticleMgmtService:0.33666666666666667
ArticleProcessor:0.2833333333333333
ArticleAddValidation:0.14666666666666667
