JclassSym:0.39
Worker:0.36
Invocation:0.3566666666666667
CoreRule:0.27666666666666667
BackupAlg:0.23666666666666666
JfieldSym:0.22
OSplace:0.21
BadPlace:0.21
JmethodSym:0.19666666666666666
AbstractUconPlace:0.15666666666666668
JnonclassSym:0.07333333333333333
ReturnPointLinkSym:0.07333333333333333
OSmethod:0.06666666666666667
AbstractUconMethod:0.06666666666666667
BadMethod:0.06666666666666667
ClassSym:0.05
InstructionSym:0.04666666666666667
InvocationSym:0.02
FakeMethod:0.0
