EditBlogAuthorizationPlugin:0.7791666666666667
FileUploadPlugin:0.4791666666666667
