DataStructureAdapter:0.7333333333333333
TransactionalMapDataStructureAdapterTest:0.23
IMapDataStructureAdapterTest:0.23
ReplicatedMapDataStructureAdapterTest:0.23
ReplicatedMapDataStructureAdapter:0.16333333333333333
ICacheDataStructureAdapter:0.16333333333333333
IMapDataStructureAdapter:0.16333333333333333
TransactionalMapDataStructureAdapter:0.16333333333333333
ICacheDataStructureAdapterTest:0.13666666666666666
