Loading:0.48
LogicAndIntegerInc:0.39
Newandmisc:0.39
LDC:0.3566666666666667
ExceptionHandlerUtil:0.2327777777777778
LDC2_W:0.18666666666666668
INSTANCEOF:0.18333333333333332
ATHROW:0.18333333333333332
ANEWARRAY:0.06666666666666667
CALOAD:0.06666666666666667
FALOAD:0.06666666666666667
NEWARRAY:0.06666666666666667
DALOAD:0.06666666666666667
SALOAD:0.06666666666666667
BALOAD:0.06666666666666667
LALOAD:0.06666666666666667
IALOAD:0.06666666666666667
ILOAD:0.056666666666666664
DLOAD:0.056666666666666664
ALOAD:0.056666666666666664
FLOAD:0.056666666666666664
LLOAD:0.056666666666666664
ARRAYLENGTH:0.05333333333333334
CHECKCAST:0.05333333333333334
LAND:0.05333333333333334
LXOR:0.05333333333333334
ISHL:0.05333333333333334
ISHR:0.05333333333333334
IUSHR:0.05333333333333334
LUSHR:0.05333333333333334
LSHL:0.05333333333333334
IAND:0.05333333333333334
IOR:0.05333333333333334
LOR:0.05333333333333334
IXOR:0.05333333333333334
LSHR:0.05333333333333334
IINC:0.05333333333333334
LDC_W:0.01
