MapperBuilderAssistant:0.5916666666666667
Configuration:0.5788888888888889
XMLMapperBuilder:0.3
