OrthoCachedTiledMapRenderer:0.36333333333333334
BatchTiledMapRenderer:0.36333333333333334
OrthogonalTiledMapRenderer:0.308
IsometricStaggeredTiledMapRenderer:0.308
HexagonalTiledMapRenderer:0.308
IsometricTiledMapRenderer:0.1613888888888889
TiledMapRenderer:0.013333333333333334
