DSL:0.38333333333333336
SchemaImpl:0.26
NameImpl:0.23333333333333334
QualifiedTable:0.20666666666666667
QualifiedField:0.15666666666666668
