AbstractTicketRegistryTests:0.36666666666666664
CentralAuthenticationServiceImplTests:0.3566666666666667
HttpRequestUtils:0.30522222222222223
AcceptUsersAuthenticationHandlerTests:0.20333333333333334
DefaultCasCookieValueManager:0.16333333333333333
CasSupportJdbcAuditConfigurationTests:0.1
