NegatedPredicateWrapper:0.8116666666666666
AbstractPredicateImpl:0.2966666666666667
BasicCriteriaUsageTest:0.11333333333333333
