JedisTest:0.48
BitCommandsTest:0.43666666666666665
HashesCommandsTest:0.20333333333333334
