PathTreeAggregation:0.5425555555555555
AbstractTreeAggregation:0.20666666666666667
GroupAnalysisViewDegunkController:0.05
