FileMovingUtil:0.64
JournalOutputFile:0.3466666666666667
JournalInputFile:0.18333333333333332
