JglfwApplication:0.38
LwjglApplication:0.37666666666666665
LwjglApplicationConfiguration:0.33816666666666667
JglfwPreferences:0.17666666666666667
LwjglPreferences:0.17666666666666667
JglfwApplicationConfiguration:0.13166666666666665
