AWTFixtureHelper:0.5233333333333333
ButtonTesterTest:0.47333333333333333
AbstractButtonTesterTest:0.36666666666666664
ConditionEDTDecorator:0.15666666666666668
