JMSManager:0.6166666666666667
Messaging:0.43
MessagingModule:0.21666666666666667
MessagingImpl:0.14166666666666666
