MatrixResource:0.83
EditEventHandler:0.3353333333333333
MatrixEditor:0.32666666666666666
