RobotTest:0.7536666666666666
Displays:0.2996666666666667
