AtmosphereServlet:0.77
WebSocketProcessor:0.4166666666666667
SimpleHttpProtocol:0.27666666666666667
