Task:0.45666666666666667
MalfunctionManager:0.4266666666666667
HistoricalEventManager:0.38166666666666665
Maintenance:0.2833333333333333
HealthProblem:0.26
HistoricalEvent:0.24666666666666667
TaskManager:0.23333333333333334
PhysicalCondition:0.22333333333333333
EnterAirlock:0.21
ReserveRover:0.21
Mission:0.20666666666666667
MaintainGroundVehicleEVA:0.2
EVAOperation:0.17666666666666667
DriveGroundVehicle:0.17333333333333334
TendGreenhouse:0.16833333333333333
StudyRockSamples:0.16833333333333333
TaskEvent:0.16248412698412695
ExitAirlock:0.15333333333333332
RepairEVAMalfunction:0.15333333333333332
Sleep:0.14166666666666666
Relax:0.14
LoadVehicle:0.14
MaintainGroundVehicleGarage:0.13916666666666666
EatMeal:0.13666666666666666
MedicalAssistance:0.13
RepairMalfunction:0.13
CollectIce:0.10333333333333333
UnloadVehicle:0.1
RepairEmergencyMalfunction:0.07666666666666666
MissionEvent:0.042222222222222223
MedicalEvent:0.03
MalfunctionEvent:0.02666666666666667
