QueryProvider:0.6833333333333333
HQLQueryProvider:0.3566666666666667
MQLQueryProvider:0.22333333333333333
