Management:0.8133333333333334
DOReader:0.5433333333333333
Authorization:0.5083333333333333
DefaultManagement:0.3233333333333333
FedoraAPIMBindingSOAPHTTPImpl:0.32
JournalConsumer:0.28
DefaultAuthorization:0.27
AutoIngestor:0.24
SourceRepoDialog:0.23
JournalCreator:0.21333333333333335
AutoExporter:0.19666666666666666
MockDOReader:0.19055555555555556
LoginDialog:0.19
TestLockingFollowingJournalReader:0.17
Journaller:0.15666666666666668
IngestObjectMethod:0.11333333333333333
ActionNamespace:0.10333333333333333
ManagementMethod:0.1
SimpleDOReader:0.08666666666666667
IngestMethod:0.006666666666666667
JournalConstants:0.0
