ContinuousSpectrumView:0.42333333333333334
SpectrumMetadataView:0.4166666666666667
PeakSpectrumView:0.3433333333333333
PeakView:0.3233333333333333
