XmlFlowBuilder:0.6877777777777778
TransitionExecutingStateExceptionHandlerTests:0.34222222222222226
