LinearRegressionModelPredict:0.4633333333333333
LinearRegressionModelFit:0.39
RModel:0.26166666666666666
