RxDialogShopCart:0.3333333333333333
ActivityELMe:0.26
AdapterRightDish:0.22
ViewHolder:0.19666666666666666
AdapterLeftMenu:0.18
AdapterContactCity:0.16111111111111112
ActivityContact:0.16
ActivityMain:0.14666666666666667
AdapterPopupDish:0.13
onItemSelectedListener:0.09
ActivitySVG:0.06333333333333334
AdapterRecyclerViewMain:0.06333333333333334
LetterComparator:0.03666666666666667
