Metadata:0.7333333333333333
AstVisitor:0.41333333333333333
MetadataManager:0.3933333333333333
SystemTablesModule:0.2
PlanOptimizersFactory:0.14
CoordinatorModule:0.11
