RandomPopulatorTest:0.8716666666666667
DefaultConstructor:0.42333333333333334
