QualifiedName:0.38333333333333336
TestSemanticAnalyzer:0.3433333333333333
SymbolTable:0.24
AllColumns:0.23666666666666666
TreePrinter:0.16533333333333333
Visitor:0.14666666666666667
SemanticAnalyzer:0.09333333333333334
