CertificateConstants:0.37505555555555553
CertificateData:0.35
SignSessionBean:0.33666666666666667
LdapPublisher:0.2833333333333333
GeneralPurposeCustomPublisher:0.26111111111111107
