DataStructures:0.43666666666666665
ArrayQueue:0.3196666666666667
ArrayStack:0.3196666666666667
