AndroidInput:0.6933333333333334
AndroidLiveWallpaper:0.2916666666666667
AndroidApplicationConfiguration:0.014071428571428572
