Address:0.5966666666666667
NetworkParameters:0.5366666666666666
Base58:0.36333333333333334
PrivateKeys:0.2
