LocalLuceneSession:0.55
LuceneUtil:0.5333333333333333
QueryBuilder:0.22
SearchObject:0.15666666666666668
