EventGlue:0.8133333333333334
ColorChooser:0.4166666666666667
