FolderService:0.6833333333333333
TeamingServiceEndpoint:0.49666666666666665
FolderServiceImpl:0.3233333333333333
