JPPFTaskBundle:0.5133333333333333
ServerJob:0.4866666666666667
NodeNioServer:0.37
JPPFDriver:0.2833333333333333
AbstractServerJob:0.25
AbstractNodeContext:0.24333333333333335
JPPFPriorityQueue:0.22
DriverJobManagement:0.20666666666666667
JobNotification:0.1
WaitingResultsState:0.08333333333333333
SendingBundleState:0.08333333333333333
NodeServerState:0.08333333333333333
