RepeatingEntryLookupControllingMockBundle:0.32
ApplicationContextConfigurationTest:0.31666666666666665
ConfigUtils:0.2866666666666667
ApplicationContextConfiguration:0.2633333333333333
ApplicationContextCreatorTest:0.25
