DicomEditLocal:0.641888888888889
DicomActionNotification:0.5999444444444445
ContentEditService:0.5266666666666666
HL7SendV2Service:0.35
DicomEditBean:0.13666666666666666
