Reader:0.4805555555555555
HpackDraft05Test:0.4533333333333333
BitArray:0.3333333333333333
BitArrayTest:0.29
HpackDraft05:0.0880952380952381
