PagingPredicate:0.59
MapService:0.48333333333333334
MapProxySupport:0.36666666666666664
QueryOperation:0.21333333333333335
SortLimitTest:0.07666666666666666
PartitionCallable:0.01
SortedQueryResultSet:0.0
