Builder:0.8066666666666666
TypesafeConfigurationTest:0.5733333333333334
