CVS:0.5772222222222223
CVSTest:0.5533333333333333
