FieldDefinitionImpl:0.38333333333333336
MDDFactory:0.32
FieldNode:0.2678730158730158
MDDAST:0.25333333333333335
MDDAnalyzeWalker:0.22333333333333333
mddNew:0.2227777777777778
MDDParser:0.22
