Worker:0.7433333333333333
GeneralPreferencePage:0.3333333333333333
MangoScriptModel:0.32666666666666666
HasCommutingClinit:0.08
