StructureDiagramGeneratorTest:0.36333333333333334
GENMDeterministicGeneratorTest:0.33133333333333337
SmilesGeneratorTest:0.3124444444444444
FingerprinterTest:0.30911111111111106
RandomStructureGeneratorTest:0.28800000000000003
HydrogenPlacerTest:0.2786666666666667
TanimotoTest:0.26866666666666666
AllRingsFinderTest:0.25666666666666665
TemplateHandlerTest:0.21942857142857142
SingleStructureRandomGeneratorTest:0.19666666666666666
DrawPolygonTest:0.15
SmilesParserTest:0.11333333333333333
