Sharp:0.49
Wildcard:0.35
RegExpr:0.32666666666666666
RegExprLabel:0.27
RelationCalculator:0.23666666666666666
RegExprCalculator:0.22166666666666668
GraphJVertex:0.21
MatrixAutomaton:0.21
PlanData:0.2
Edge2SearchItem:0.2
DefaultAutomaton:0.19666666666666666
RuleAspect:0.18666666666666668
AutomatonCalculator:0.14666666666666667
