ScopedSettingsTests:0.4533333333333333
CreateIndexIT:0.41333333333333333
SimpleIndexStateIT:0.30444444444444446
