Vector3:0.6122222222222223
SelectBox:0.4166666666666667
LwjglDebugStarter:0.29
