User:0.5833333333333334
Domain:0.5733333333333334
EmailVerifierRegistrationHandler:0.3275
SubjectFactory:0.30666666666666664
TypeFactory:0.20333333333333337
