ExternalNode:0.45
CompositeTestCluster:0.37666666666666665
AbstractRunnable:0.22633333333333336
IndicesTTLService:0.21666666666666667
Notifier:0.21
NodeIndexDeletedAction:0.17
