Form:0.8333333333333334
ServletUrlRenderer:0.21333333333333335
