Settings:0.73
IndexSettings:0.33
IndexScopeSettings:0.2841666666666666
AbstractScopedSettings:0.22
SettingsModule:0.21666666666666667
ScopedSettingsTests:0.12666666666666668
