Refresh:0.4033333333333333
AttributeCustomizerTopComponent:0.34
RefreshableTopComponent:0.3027420634920635
ObjectViewTopComponent:0.25
ClassManagerFrame:0.24666666666666667
ObjectNode:0.23333333333333334
ClassMetadataChildren:0.2277777777777778
UserManagerTopComponent:0.21666666666666667
