RedissonObject:0.5233333333333333
RObjectAsync:0.35
RedisCommands:0.3088888888888889
RObject:0.19666666666666666
