ReduceBitsFilter:0.5133333333333333
DicomImageFilter:0.5033333333333333
DicomImageFilterTest:0.2
ReduceBitsFilterTest:0.026111111111111113
