GazetteerNode:0.53
GazetteerList:0.4533333333333333
DefaultGazetteer:0.37
LinearDefinition:0.3566666666666667
Lookup:0.25333333333333335
Strings:0.25333333333333335
