StateCompiler:0.49333333333333335
AccumulatorCompiler:0.31
JoinCompiler:0.22666666666666666
JoinProbeCompiler:0.22666666666666666
ExpressionCompiler:0.22333333333333333
OrderingCompiler:0.18
