InformationSchemaTest:0.5066666666666667
TableParameterInfo:0.44
ByteSizeSetting:0.2833333333333333
TimeSetting:0.17666666666666667
TablesSettingsRecoveryExpression:0.15788888888888886
PartitionsSettingsRecoveryExpression:0.15788888888888886
TablesSettingsTranslogExpression:0.15477777777777776
PartitionsSettingsTranslogExpression:0.15477777777777776
PartitionsSettingsRoutingAllocationExpression:0.09333333333333334
PartitionsSettingsGatewayLocalExpression:0.09333333333333334
TablesSettingsRoutingAllocationExpression:0.09333333333333334
TablesSettingsGatewayLocalExpression:0.09333333333333334
TablesSettingsExpression:0.02
PartitionsSettingsExpression:0.02
