Queue:0.68
MemQueue:0.4266666666666667
URIQueueMatcher:0.18333333333333332
