BootstrapButton:0.5866666666666667
BootstrapEditText:0.5388888888888889
MainActivity:0.14
