SharedClusterSnapshotRestoreTests:0.41333333333333333
AbstractSnapshotTests:0.25
DedicatedClusterSnapshotRestoreTests:0.22
RepositoriesTests:0.15666666666666668
