IRubyType:0.5591666666666667
RubyScriptStructureBuilder:0.37333333333333335
RubyType:0.3466666666666667
RubyElement:0.3466666666666667
RubyModel:0.3466666666666667
RubyTypeElementInfo:0.2733333333333333
Member:0.21333333333333335
RubyScript:0.18833333333333332
IRubyModel:0.13833333333333334
