AjaxViewRoot:0.47
ELExpression:0.37
JpaBookingService:0.3333333333333333
AjaxViewRootTests:0.23666666666666666
ImplicitFlowVariableELResolver:0.2
BookingService:0.15888888888888889
SpringBeanWebFlowELResolver:0.1
