HostStats:0.6033333333333334
IStatisticManager:0.37583333333333335
MockStatisticManager:0.31333333333333335
StatisticManager:0.22
