FileSystemMgtService:0.4722222222222222
FTPArchiverService:0.4166666666666667
FileSystemUtils:0.3927777777777778
