HsqlProtocol:0.7517777777777778
DatabaseUtils:0.41333333333333333
