ExtensionLoader:0.6077777777777779
ExtensionLoaderTest:0.4766666666666667
Dao:0.4592619047619047
Ext6Impl1:0.29
