CertificateData:0.58
LocalCertificateStoreSessionBean:0.43333333333333335
CaTestCase:0.30333333333333334
EjbcaWSTest:0.21
