Shape:0.6966666666666667
Materialisation:0.42
EdgeBundle:0.33
TestMaterialisation:0.21
EquationSystem:0.19583333333333333
