ReportModule:0.8666666666666667
ReportModuleImpl:0.47
ReportDownloadController:0.23333333333333334
