HTTPHeaders:0.9183333333333333
HTTPResponse:0.3566666666666667
