RedissonBaseIterator:0.6733333333333333
RedissonTest:0.6333333333333333
RedissonBaseMapIterator:0.2866666666666667
RedissonKeysTest:0.25666666666666665
