GeoRaster:0.5980555555555557
ImageryLayerDataset:0.5244444444444444
MrSIDReferencedImage:0.37
