Metadata:0.585
Attribute:0.33
MetadataSupport:0.325
StoredQuery:0.2633333333333333
IdIndex:0.21666666666666667
XATNALogger:0.21666666666666667
UniqueId:0.16666666666666666
BackendRegistry:0.16
