StoreScp:0.52
StoreScpService:0.5033333333333333
StorageBean:0.37333333333333335
