AuthenticationException:0.62
BasicAuthProviderTest:0.19666666666666666
OAuthProviderTest:0.19666666666666666
BasicAuthInjectable:0.02
OAuthInjectable:0.016666666666666666
ExampleResource:0.01
