BigArraysTests:0.37
BytesRefHashTests:0.32666666666666666
LongHashTests:0.32666666666666666
LongObjectHashMapTests:0.20666666666666667
SimpleThreadPoolIT:0.18333333333333332
