ClassInfo:0.7966666666666666
TestNonNull:0.33666666666666667
ConstChecker:0.21333333333333335
NonNullChecker:0.016666666666666666
