ParameterDescriptor:0.37666666666666665
ParameterGroupDescriptor:0.19833333333333333
GeneralParameterDescriptor:0.19833333333333333
