JsonTest:0.6666666666666666
JsonFormat:0.6633333333333333
JsonRenderImpl:0.45666666666666667
JsonEntityField:0.33666666666666667
