HTMLElement:0.48333333333333334
DomAttr:0.4255555555555556
HtmlSubmitInput:0.22
HtmlAttrTest:0.2
DefaultElementFactory:0.17750000000000002
DefaultElementFactoryTest:0.14666666666666667
