NodeIoFilter:0.36
MinaNodeServer:0.3
NodeIoHandler:0.27
NodeServerFactory:0.20444444444444446
NodeServerState:0.1502222222222222
JobQueueChecker:0.14333333333333334
WaitingResultsState:0.12333333333333334
SendingBundleState:0.12333333333333334
