NestedClassTestDescriptor:0.505
ClassTestDescriptor:0.4483333333333333
StandardTestClassTest:0.17333333333333334
