TestBean:0.72
SpringValidator:0.49333333333333335
SpringValidatorTests:0.38666666666666666
