NotSerializableExceptionWrapper:0.38
StreamOutput:0.36
ExceptionSerializationTests:0.31
BlobStoreIndexShardRepository:0.19250000000000003
WithRestHeadersException:0.16
ElasticsearchExceptionTests:0.15666666666666668
UnknownHeaderException:0.013055555555555556
