FormTagBase:0.5633333333333334
AnalysableTag:0.43333333333333335
QueryTag:0.35333333333333333
ValueTag:0.24
GenericMakumbaTag:0.22666666666666666
InputTag:0.21
CriterionTag:0.20333333333333334
BasicValueTag:0.14333333333333334
AttributeTag:0.13
SearchTag:0.13
NewTag:0.08666666666666667
ActionTag:0.07666666666666666
OptionTag:0.07666666666666666
AddTag:0.056666666666666664
