StopClock:0.5333333333333333
Constraint:0.4
MoroInverseCumulativeNormal:0.19666666666666666
InverseCumulativeNormal:0.19666666666666666
