ProviderMethodsTest:0.5333333333333333
ProviderMethod:0.47333333333333333
ProviderMethodsModule:0.32666666666666666
BindingProcessor:0.2377777777777778
FastClassProviderMethod:0.06666666666666667
ReflectionProviderMethod:0.043333333333333335
