DatabaseHandler:0.6205555555555556
PersistencyHandler:0.48333333333333334
