CMap:0.6333333333333333
ConcurrentMapManager:0.3433333333333333
PartitionProxy:0.31666666666666665
AbstractRecord:0.30333333333333334
MLock:0.23444444444444448
MapStoreTest:0.15333333333333332
ClusterLockTest:0.14
MGet:0.13555555555555557
MContainsKey:0.11
