PostGISQueryUtil:0.5216666666666666
SaveToPostGISDataSource:0.45166666666666666
PostgisDSMetadata:0.32
