UrnCalculationWorker:0.5569444444444445
NLoggerNames:0.25594227994228
