AbstractSettingsPage:0.631388888888889
PluginSettings:0.4266666666666667
PluginSettingsPage:0.31666666666666665
AbstractSettings:0.26
PluginList:0.22333333333333333
AppSettings:0.18416666666666667
