CrateClientTest:0.6966666666666667
TimeSetting:0.36333333333333334
ByteSizeSetting:0.34833333333333333
