Server:0.7433333333333333
JUTestServer:0.31
JUTestServerAttack:0.27
JUTestConnectionOptions:0.21333333333333335
