JavaWriter:0.4766666666666667
Modules:0.46166666666666667
Injector:0.38
ProviderMethodBinding:0.3433333333333333
