InvoiceTest:0.5277777777777777
CustomerWithSectionTest:0.3333333333333333
DeliveryTest:0.21
CarrierWithSectionsTest:0.08666666666666667
FamilyWithInheritanceControllerTest:0.04
