DiskLruCache:0.49
DiskLruCacheTest:0.48833333333333334
StrictLineReader:0.24666666666666667
