PathConditionPrinting:0.53
JPF_issta2006_FibHeap_SymFibHeap:0.27666666666666667
JPF_issta2006_BinomialHeap_SymBinomialHeap:0.27666666666666667
JPF_issta2006_BinTree_SymBinTree:0.27666666666666667
JPF_issta2006_TreeMap_SymTreeMap:0.2733333333333333
