Keys:0.8961111111111112
DefaultGenerator:0.39
XTestCase_64_69:0.23111111111111116
TDates:0.21333333333333335
T_DATES_POJO:0.21333333333333335
X_TEST_CASE_64_69:0.20444444444444446
XTestCase_71:0.2
TTriggers:0.19666666666666666
