ApplicationEntityManagerImpl:0.4522222222222222
CypherParser:0.41866666666666663
CypherQueryBuilder:0.37
