EndEntityProfile:0.5933333333333334
UserData:0.4666666666666667
EjbcaWS:0.33666666666666667
CertificateData:0.3
UserAdminSessionBean:0.21333333333333335
EjbcaWSHelper:0.20777777777777778
CertificateStoreSessionBean:0.19
AuthenticationSessionBean:0.09
QueryResultWrapper:0.08333333333333333
