ETC1FileProcessor:0.5466666666666666
ETC1Test:0.5466666666666666
LwjglDebugStarter:0.22277777777777777
