NetworkConnection:0.48
EventLogger:0.41333333333333333
EventConfiguration:0.32
EventCodecTest:0.19833333333333333
