ConflictingInterfaceMethod:0.5733333333333334
MethodBucket:0.4666666666666667
Default:0.4066666666666667
Enabled:0.17277777777777778
