Pool:0.52
FakeConnection:0.35333333333333333
HttpChannelConnector:0.2733333333333333
ConnectionListener:0.14133333333333334
FakeConnectionProvider:0.08666666666666667
ConnectionProvider:0.029444444444444447
