AuthenticationFailureUsernameNotFoundEvent:0.5497222222222222
DaoAuthenticationProvider:0.4033333333333333
LoggerListener:0.16666666666666666
