ServerProcess:0.5433333333333333
ZooKeeperClusterTestManager:0.4666666666666667
PeerProcess:0.45666666666666667
ZooKeeperStandaloneServerManager:0.32666666666666666
ConstructableQuorumServer:0.0
