InfoViewer:0.7683333333333333
infoviewer_open_buffer:0.22666666666666666
InfoViewerAction:0.22
InfoViewerOptionPane:0.15666666666666668
