InviteStudyCollaborator:0.5736666666666667
RespondToStudyInvitation:0.5736666666666667
