CandidateGenerator:0.5866666666666667
PhraseSuggestionBuilder:0.4
SuggestSearchTests:0.3433333333333333
PhraseSuggestParser:0.31
