I18NBundle:0.99
I18NMessageTest:0.29333333333333333
I18NSimpleMessageTest:0.29333333333333333
