Provisioner:0.6208333333333333
OpenNMSProvisioner:0.5566666666666666
XmlRpcTest:0.3333333333333333
OpenNMSProvisionerTest:0.3333333333333333
