AbstractDbDialect:0.6766666666666666
PostgreSqlDbDialect:0.45666666666666667
IDbDialect:0.43333333333333335
