ProductionNode:0.5066666666666667
CompositeConditionChecker:0.4033333333333333
RootNode:0.32666666666666666
