BlojsomConfiguration:0.8266666666666667
BlojsomConstants:0.25594227994228
