UserPreferenceItem:0.5683333333333334
UserPreferencesUtil:0.4766666666666667
RegisterServlet:0.34
