ArticleMgmtService:0.69
ArticleProcessor:0.4666666666666667
AudioMgmtService:0.40055555555555555
