LeakCanaryInternals:0.6566666666666666
LeakCanary:0.5366666666666666
