Model:0.6766666666666666
SQLGenerator:0.39
SQL92SQLGenerator:0.2733333333333333
MSSQLDialect:0.23666666666666666
H2SQLGenerator:0.11
AbstractReverseEngineeringTest:0.10333333333333333
ReverseEngineeringTest:0.043333333333333335
