LineViewer:0.38
javaViewer:0.29
ReferenceChecker:0.2733333333333333
GeneratedCodeViewer:0.24
DataServlet:0.19133333333333333
