ModificationCommand:0.6366666666666667
BuildDetailTest:0.5483333333333333
ModificationCommandTest:0.15
