DBEngineVersion:0.9433333333333334
DBEngineVersionStaxUnmarshaller:0.11666666666666667
