Utils:0.7033333333333334
AopMatcher:0.23333333333333334
MirrorFactory:0.23333333333333334
