WidgetFactory:0.5327777777777777
JFXServerWrapper:0.37333333333333335
ServerExtensionLoader:0.33
AbstractServerEngine:0.33
ARINCModelFactory:0.3233333333333333
JFXImage:0.24666666666666667
AbstractServerCockpitConfigurationHandler:0.205
CockpitConfigurationHandler:0.19666666666666666
WindowManagerFactory:0.15333333333333332
ARINClientWidgetFactory:0.14333333333333334
WindowManagerExtensionTest:0.10666666666666667
WindowManagerProvider:0.0867222222222222
TestServerCockpit:0.026388888888888885
TestWindowManager:0.006666666666666667
TestCockpitProvider:0.0
TestWindowManagerProvider:0.0
