RosterViewComponent:0.5324722222222221
ShellComponent:0.5245119047619048
BasicComponent:0.5178452380952381
SarosMainMenuComponentImp:0.43333333333333335
SarosMainMenuComponent:0.4230119047619048
RosterViewComponentImp:0.4
MainMenuComponentImp:0.35400000000000004
TestMainMenuComponent:0.32
EclipseComponent:0.2733333333333333
SarosWorkbenchComponentImp:0.21305555555555555
ShellComponentImp:0.18
BasicComponentImp:0.13
