WfDefinition:0.59
Variable:0.42333333333333334
DefinitionLogic:0.31
BaseTDBuilder:0.20333333333333334
StartProcessTDBuilder:0.15666666666666668
