SelectStatementAnalyzerTest:0.5033333333333333
Symbols:0.3906666666666666
Literal:0.36
InnerExpressionAnalyzer:0.30333333333333334
EqOperator:0.2866666666666667
SQLTypeMappingTest:0.25666666666666665
ExpressionAnalyzer:0.25
WhereClauseAnalyzerTest:0.18666666666666668
AnyEqOperator:0.14666666666666667
AnyResolver:0.12333333333333334
AnyIntegrationTest:0.11333333333333333
EqOperatorResolver:0.08333333333333333
