MapConfig:0.5633333333333334
CMap:0.48333333333333334
ConcurrentMapManager:0.44
XmlConfigBuilder:0.29
