Materialisation:0.6316666666666667
ShapeState:0.41
ShapeGenerator:0.37333333333333335
