EditView:0.4166666666666667
PopupBean:0.38333333333333336
BasicEditor:0.29333333333333333
InteractionListener:0.26666666666666666
ContextMenu:0.25333333333333335
Back:0.14
AdvancedEditor:0.14
