XmlCompletion:0.43333333333333335
XmlInsert:0.39
TagHighlight:0.3466666666666667
XmlPlugin:0.30666666666666664
