BatchPresentationTestHelper:0.365
HibernateSessionFactory:0.36
BatchPresentationHibernateCompiler:0.29
ExecutorDAOHibernateImpl:0.26
IntegerFilterCriteria:0.22
SecuredObjectDAOHibernateImpl:0.21666666666666667
ExecutorComparatorAscByDescription:0.19666666666666666
ExecutorComparatorAscByName:0.19666666666666666
TaskComparatorDescByProcessDefinitionName:0.19666666666666666
ExecutorComparatorDescByDescription:0.19666666666666666
TaskComparatorAscByProcessDefinitionName:0.19666666666666666
ProcessDefinitionComparatorAscByVersionName:0.19666666666666666
ProcessInstanceComparatorDescByName:0.19666666666666666
ProcessDefinitionComparatorDescByDescription:0.19666666666666666
ProcessInstanceComparatorAscByName:0.19666666666666666
TaskComparatorAscByStateName:0.19666666666666666
ProcessDefinitionComparatorDescByName:0.19666666666666666
ExecutorComparatorDescByName:0.19666666666666666
ProcessDefinitionComparatorAscByName:0.19666666666666666
ProcessDefinitionComparatorAscByDescription:0.19666666666666666
TaskComparatorDescByStateName:0.19666666666666666
AnywhereStringFilterCriteria:0.18
ExecutorComparatorAscByNameDescription:0.18
TaskComparatorDescByStateDescription:0.17666666666666667
TaskComparatorAscByStateDescription:0.17666666666666667
InitializerLogic:0.13333333333333333
ActorPassword:0.12666666666666668
ExecutorComparatorDescByNameDescription:0.11
