HttpClientImpl:0.47333333333333333
HttpClientRequestImpl:0.43
ConnQueue:0.32
HttpClientResponseImpl:0.19666666666666666
Waiter:0.14333333333333334
Http1ConnectionManager:0.13
Http2ConnectionManager:0.04
ConnectionManager:0.029444444444444447
