ChildrenQuery:0.6733333333333333
ChildrenConstantScoreQueryTests:0.33
ParentWeight:0.2633333333333333
