Order:0.8266666666666667
PayDialog:0.36666666666666664
PosModel:0.29333333333333333
PosPanel:0.26
