KeyframedModel:0.5533333333333333
G3DTLoader:0.31333333333333335
KeyframedModelViewer:0.29
Viewer:0.27
SkeletonModel:0.24333333333333335
MD2Loader:0.19
AnimatedModel:0.14068253968253966
