NetworkConfig:0.7166666666666667
XmlConfigBuilder:0.37
XMLConfigBuilderTest:0.30333333333333334
DefaultAddressPicker:0.22666666666666666
