NlpAnalysis:0.5566666666666666
CompanyNatureAttr:0.3933333333333333
CompanyRecogntion:0.35
CompanyTest:0.07
