RegistryObject:0.8433333333333334
RandomPopulatorTest:0.26666666666666666
RegistryObjectFactory:0.21666666666666667
RegistryPackageFactory:0.07
RegistryObjectTest:0.056666666666666664
