InterpolationPoint:0.6766666666666666
ThresholdEntry:0.6766666666666666
FormatDate:0.6766666666666666
ChangeCase:0.6766666666666666
MapItem:0.6766666666666666
Trim:0.5533333333333333
SubString:0.5533333333333333
StringPosition:0.5533333333333333
Categorize:0.19777777777777777
Interpolate:0.19777777777777777
FormatNumber:0.19777777777777777
Recode:0.16333333333333333
StringLength:0.006666666666666667
Concatenate:0.006666666666666667
