AsyncSingleAction:0.5133333333333333
RiversRouter:0.49694444444444436
ApplyRivers:0.18
