ClientMapProxy:0.66
ClientMapEventHandler:0.36666666666666664
NearCachedClientMapProxy:0.27
MapGetAllRequest:0.23333333333333334
MapGetAllMessageTask:0.18
