Config:0.54
ClientConfig:0.31666666666666665
ClientQueryCacheConfigurator:0.17
XmlClientConfigBuilder:0.16166666666666665
NodeQueryCacheConfigurator:0.07
DynamicConfigurationAwareConfig:0.056666666666666664
QueryCacheConfigTest:0.02
