GUI:0.85
CompactLabourReport:0.24333333333333335
OptionsDialog:0.21555555555555558
DifficultyDialog:0.21222222222222223
FindSettlementDialog:0.17111111111111113
ReportPanel:0.17111111111111113
EndTurnDialog:0.17111111111111113
ReportHistoryAction:0.13666666666666666
ReportLabourAction:0.13
