Inventory:0.45666666666666667
VehicleConfig:0.42
BuildingManager:0.37666666666666665
MainDesktopPane:0.345
TabPanel:0.2733333333333333
UnitManager:0.2733333333333333
GoodsManager:0.26666666666666666
Storage:0.26277777777777783
LocationPanel:0.23666666666666666
UnitWindow:0.23666666666666666
GlobeDisplay:0.22142857142857145
MarsPanelBorder:0.2111111111111111
NavButtonDisplay:0.20642857142857143
LegendDisplay:0.19333333333333333
MissionTabPanel:0.18666666666666668
ResupplyWindow:0.18166666666666667
TimeWindow:0.17666666666666667
ScienceWindow:0.17333333333333334
MissionWindow:0.17166666666666666
NavigatorWindow:0.16666666666666666
HelpGenerator:0.16666666666666666
ResourceProcessesTabPanel:0.16
GoodsTabPanel:0.15
VehicleDescription:0.1437301587301587
MonitorTab:0.14333333333333334
AmountResourceConfig:0.14333333333333334
InfoPanel:0.12666666666666668
SettlementWindow:0.12333333333333334
InventoryTabPanel:0.12333333333333334
CreditTabPanel:0.12
EventFilter:0.08666666666666667
TableProperties:0.08666666666666667
VehicleWindow:0.08
EquipmentWindow:0.07333333333333333
PersonWindow:0.07333333333333333
