HiveClientConfig:0.9066666666666666
HiveSessionProperties:0.29333333333333333
HiveClientModule:0.2833333333333333
TestHiveClientConfig:0.26666666666666666
