RouteGuideClient:0.36666666666666664
DetailErrorSample:0.23077777777777772
ErrorHandlingClient:0.23077777777777772
HelloWorldClient:0.17666666666666667
RouteGuideService:0.14
HelloJsonServer:0.1346111111111111
HelloWorldServer:0.1346111111111111
HeaderServerInterceptor:0.1
HeaderClientInterceptor:0.1
TestHelper:0.03
