ProfileModule:0.7094444444444444
ProfileModuleImpl:0.52
BridgeServer:0.3333333333333333
DigestUserDetails:0.26666666666666666
DigestUserDetailsService:0.22
