ManagedAtmosphereHandler:0.5
ManagedAtmosphereHandlerTest:0.38666666666666666
IOUtils:0.32666666666666666
BroadcastOnPostAtmosphereInterceptor:0.15
