Tds:0.7733333333333333
CursorResultSet:0.38333333333333336
PreparedStatement_base:0.27666666666666667
