Command:0.6866666666666666
HttpBoundSession:0.4033333333333333
CommandTokenFactory:0.3
SessionSecret:0.23333333333333334
