AssetManager:0.4483333333333333
AssetLoadingTask:0.4033333333333333
ModelLoader:0.30666666666666664
BuildTarget:0.20333333333333334
SuperJumper:0.16666666666666666
