JavaWriter:0.4866666666666667
Binding:0.39
JavaWriterTest:0.39
InjectProcessor:0.22
ModuleGeneratorTest:0.21333333333333335
ModuleGenerator:0.21333333333333335
CodeGen:0.16666666666666666
ProvidesProcessor:0.15
