ASTUtil:0.57
ObjectiveCImplementationGeneratorTest:0.2966666666666667
ObjectiveCHeaderGenerator:0.2833333333333333
ObjectiveCImplementationGenerator:0.2633333333333333
ObjectiveCHeaderGeneratorTest:0.23333333333333334
OuterReferenceResolver:0.22
ImplementationImportCollector:0.2129444444444444
