CommandLineParser:0.5666666666666667
ParsingUtils:0.4533333333333333
Scanner:0.37333333333333335
Interpreter:0.32
OLParser:0.315
MetaJolie:0.22333333333333333
Compiler:0.14333333333333334
Jolie2Java:0.12666666666666668
Jolie2Wsdl:0.12666666666666668
Jolie2Plasma:0.12666666666666668
JolieDoc:0.12666666666666668
GetSurface:0.12666666666666668
JolieDummyCreator:0.08333333333333333
