SimpleHandler:0.61
SimpleHttpServer:0.48333333333333334
Heritrix:0.37666666666666665
AdminConstants:0.02
