FedoraServerTestSetup:0.3233333333333333
TestIngestDemoObjects:0.24666666666666667
TestServerConfiguration:0.2227777777777778
TestAPIALite:0.2175
FedoraConfigurationTestSetup:0.21666666666666667
FedoraServerTestCase:0.21416666666666667
TestAPIA:0.20666666666666667
ParameterizedTestCase:0.19666666666666666
TestCommandLineUtilities:0.10666666666666667
TestAPIM:0.08666666666666667
FileComparator:0.023333333333333334
TestFedoraConfigurations:0.0044444444444444444
FedoraTestConstants:0.0
