TestingHelpers:0.51
ComparisonReplaceVisitor:0.4266666666666667
WhereClauseAnalyzerTest:0.40166666666666667
