AggregationTestUtils:0.6527777777777777
MinBy:0.5166666666666667
MaxBy:0.3466666666666667
