BuildingManager:0.51
Resupply:0.36666666666666664
MainDesktopPane:0.3233333333333333
MainWindow:0.24666666666666667
TransportWizard:0.19333333333333333
CancelTimer:0.0
