HiveClient:0.5333333333333333
AbstractTestHiveClient:0.38666666666666666
AbstractTestHiveClientS3:0.27666666666666667
HiveClientModule:0.19605555555555554
HiveUtil:0.15583333333333332
HiveConnectorFactory:0.13
