MedicalAid:0.67
MedicalCare:0.4533333333333333
HealthProblem:0.38
MalfunctionManager:0.37
PhysicalCondition:0.3333333333333333
Complaint:0.3233333333333333
Treatment:0.30666666666666664
Person:0.30666666666666664
MedicalManager:0.22666666666666666
MedicalConfig:0.21333333333333335
TreatMedicalPatient:0.18333333333333332
MedicalStation:0.17666666666666667
RestingMedicalRecovery:0.15666666666666668
RequestMedicalTreatment:0.15666666666666668
SelfTreatHealthProblem:0.13666666666666666
Doctor:0.07333333333333333
MetaTaskUtil:0.043333333333333335
RestingMedicalRecoveryMeta:0.03333333333333333
RequestMedicalTreatmentMeta:0.023333333333333334
SelfTreatHealthProblemMeta:0.02
TreatMedicalPatientMeta:0.02
