DNDData:0.82
ScriptEditViewPart:0.3333333333333333
TemplateDropListener:0.25333333333333335
StepDropListener:0.24333333333333335
StepDragListener:0.08666666666666667
