Settings:0.5833333333333334
Dispatcher:0.4066666666666667
LocatableProperties:0.24777777777777782
DefaultSettings:0.20333333333333334
StrutsConfigRetriever:0.17972222222222223
DefaultPropertiesProvider:0.17544444444444443
PropertiesSettings:0.16
SettingsTest:0.15666666666666668
DelegatingSettings:0.14666666666666667
TestSettings:0.07666666666666666
