ApolloPanel:0.625
EnsemblChromosomePanel:0.3283333333333333
SyntenyAdapterI:0.28527777777777774
