TransportSQLActionTest:0.39666666666666667
NodeStatsTest:0.25333333333333335
DistributingCollectTest:0.24666666666666667
FileSystems:0.24444444444444444
NodeFsDataExpression:0.15
NodeFsDisksExpression:0.14
TestModule:0.12083333333333333
