NestingAspect:0.5783333333333334
Level:0.5333333333333333
LevelTree:0.33
