BuildOutputLogger:0.7722222222222221
BuildOutputLoggerTest:0.3233333333333333
