TempFiles:0.41
GlobalTempFiles:0.34
HttpGetFileCache:0.26666666666666666
Intermap:0.21333333333333335
RemindTask:0.14527777777777778
CachedFiles:0.06
