JedisPoolTest:0.33666666666666667
JedisCommandTestBase:0.25666666666666665
TransactionCommandsTest:0.19666666666666666
PipeliningTest:0.10666666666666667
