ApplicationEntityManager:0.7866666666666666
ApplicationEntityManagerImpl:0.43
WebserviceBeanRemote:0.36333333333333334
WebserviceBean:0.2966666666666667
KuwaibaService:0.21
HTMLReport:0.13333333333333333
RemoteReportLight:0.11666666666666667
InventoryReport:0.07666666666666666
RemoteReport:0.05
