IOUtils:0.7033333333333334
DefaultAsyncSupportResolver:0.2866666666666667
JSR356Endpoint:0.2833333333333333
JSR356AsyncSupport:0.17444444444444446
LazyComputation:0.16
