HTMLElement:0.6633333333333333
HTMLAnchorElement:0.3
FormField:0.265
HTMLLabelElement:0.17166666666666666
