StringUtils:0.9466666666666667
LocalDtdEntityFinder:0.44333333333333336
