TermBean:0.5344444444444444
SqlCommands:0.41333333333333333
TermBeanFactory:0.2833333333333333
