StatementGenerator:0.5383333333333333
FunctionizerTest:0.43666666666666665
ObjectiveCImplementationGeneratorTest:0.4
