WalletTest:0.766888888888889
PaymentChannelServerState:0.6216666666666667
