MongoCursorNotFoundException:0.6866666666666666
MongoExceptions:0.27666666666666667
GetMoreProtocol:0.2733333333333333
GetMoreResultCallback:0.26666666666666666
