Map:0.6666666666666666
Entry:0.4166666666666667
SortedMap:0.4096666666666667
TreeMap:0.3433333333333333
HashMap:0.2833333333333333
StreamTest:0.27666666666666667
TreeSet:0.2733333333333333
AbstractMapTest:0.21666666666666667
