LdapServiceRegistryDao:0.30666666666666664
AbstractServletContextInitializer:0.3
DefaultServicesManagerImpl:0.2866666666666667
JsonServiceRegistryDao:0.28
JpaServiceRegistryDaoImpl:0.2633333333333333
MemCacheTicketRegistry:0.26
JpaTicketRegistry:0.25666666666666665
InMemoryServiceRegistryDaoImpl:0.24
MongoServiceRegistryDao:0.22666666666666666
ServiceRegistryReloaderJob:0.21558730158730158
