BulkShardProcessor:0.8166666666666667
AbstractIndexWriterProjector:0.3233333333333333
BulkShardProcessorTest:0.19
