RelationsGraphComponent:0.7266666666666667
AttributeTreeTableExplorer:0.6333333333333333
