LocalExecutionPlanner:0.49666666666666665
Visitor:0.33
ExchangeOperator:0.31
StatementResource:0.2866666666666667
TestSqlTaskManager:0.22333333333333333
ServerMainModule:0.15333333333333332
MockExchangeClientSupplier:0.008981481481481483
