jOOQAbstractTest:0.5972222222222222
InsertUpdateTests:0.47333333333333333
FieldMapForUpdate:0.32666666666666666
