Edge:0.8166666666666667
MouseManager:0.5566666666666666
Sticks:0.27666666666666667
