InternalTestCluster:0.7033333333333334
ElasticsearchIntegrationTest:0.3433333333333333
ElasticsearchSingleNodeTest:0.2633333333333333
