TimeSlot:0.9233333333333333
XmlTimeSlot:0.4066666666666667
XmlSave:0.3333333333333333
