InMemoryExchange:0.7233333333333334
InMemoryExchangeSinkOperator:0.5083333333333333
InMemoryExchangeSourceOperator:0.27666666666666667
