PropertyRenderer:0.6366666666666667
PropertyView:0.6188888888888888
EntityRenderer:0.14333333333333334
