ViewSet:0.49333333333333335
ViewManagerPlugIn:0.3233333333333333
ViewPanel:0.31
View:0.3016666666666667
PBasicStyle:0.23
ViewSetPanel:0.21666666666666667
PColorThemingStyle:0.19
