PageDownstreamContext:0.5633333333333334
LuceneOrderedDocCollector:0.30666666666666664
ScoreDocRowFunction:0.26
BlobOrderedDocCollector:0.2
OrderedDocCollector:0.18333333333333332
BatchPagingIterator:0.15666666666666668
