EntityPersister:0.74
AbstractEntityPersister:0.38
EntityEntry:0.3433333333333333
GoofyProvider:0.32666666666666666
CustomPersister:0.32666666666666666
NoopEntityPersister:0.28
EntityMetamodel:0.25666666666666665
BytecodeProvider:0.19333333333333333
AbstractSaveEventListener:0.18666666666666668
DefaultFlushEntityEventListener:0.16666666666666666
DefaultMergeEventListener:0.14
StandardServiceInitiators:0.10666666666666667
EntityInstrumentationMetadataImpl:0.07666666666666666
BytecodeProviderImpl:0.023333333333333334
