BaseShader:0.5266666666666666
Uniform:0.49333333333333335
ShaderCollectionTest:0.27666666666666667
Setter:0.25711111111111107
