BuildingSalvageMission:0.4666666666666667
BuildingConstructionMission:0.36333333333333334
MissionDataBean:0.35333333333333333
Walk:0.26
SalvageBuilding:0.23333333333333334
BuildingSalvageMissionMeta:0.16666666666666666
MetaMissionUtil:0.14333333333333334
MembersPanel:0.13
Constructionbot:0.06666666666666667
TypePanel:0.043333333333333335
