AbstractTestQueries:0.4766666666666667
TopNOperator:0.4666666666666667
TopNNode:0.24666666666666667
TestTopNOperator:0.17
