CylinderObj:0.35
CubeObj:0.2777777777777778
ObjFactory:0.2633333333333333
