FunctionInfo:0.5833333333333334
DateTruncFunction:0.23666666666666666
ExpressionAnalyzerTest:0.2
ArithmeticFunction:0.18666666666666668
Context:0.15666666666666668
AddFunction:0.14666666666666667
ComparisonReplaceVisitor:0.14
NoopRoundFunction:0.11333333333333333
Resolver:0.11333333333333333
InputCreatingVisitor:0.11333333333333333
NoopCeilFunction:0.11333333333333333
NoopFloorFunction:0.11333333333333333
FunctionTest:0.07666666666666666
