JavaClass:0.7333333333333333
Decompiler:0.4
JClass:0.28833333333333333
JadxWrapper:0.19333333333333333
