TaskRunner:0.7266666666666667
SupervisorTest:0.45
TaskRunnerTest:0.11333333333333333
