JavaCVCL:0.6733333333333333
GLCanvasFrame:0.2866666666666667
