TimeSlotsInterface:0.6719999999999999
Starter:0.38222222222222224
TimeSlotDescriptionInputDialog:0.33666666666666667
