Tab:0.785
ColorTest:0.3566666666666667
InvoiceTest:0.2733333333333333
CarrierWithSectionsTest:0.23333333333333334
