CMap:0.6066666666666667
PartitionManager:0.2733333333333333
EmptyMapEntry:0.21
ConcurrentMapManager:0.19333333333333333
MapStoreTest:0.19
CMapTest:0.15666666666666668
GroupProperties:0.09666666666666666
