PetResource:0.5659444444444445
PetData:0.5283333333333333
