UIInspector:0.49333333333333335
UIAction:0.43166666666666664
Component:0.4166666666666667
JComponent:0.41444444444444445
UIActionGeneratorFactory:0.19333333333333333
