Corpus:0.5233333333333333
TxmObject:0.34
MatrixImpl:0.2966666666666667
MainCorpus:0.27
Workspace:0.24666666666666667
Project:0.16066666666666668
DeleteDir:0.15666666666666668
