AndroidGraphicsLiveWallpaper:0.4666666666666667
AndroidWallpaperEngine:0.3333333333333333
AndroidLiveWallpaper:0.31333333333333335
LiveWallpaper:0.27666666666666667
AndroidLiveWallpaperService:0.25
MyLiveWallpaperListener:0.043333333333333335
