AppleAddressbookCrawler:0.6116666666666667
ExampleAppleAddressbookCrawler:0.41833333333333333
