JingleFileTransferSession:0.7466666666666667
PreferenceInitializer:0.29333333333333333
