WebKeys:0.5405555555555556
MobileAjaxController:0.39666666666666667
EventHelper:0.2633333333333333
