WebClient:0.72
WebClientTest:0.36666666666666664
HtmlSubmitInput:0.25333333333333335
NoContentServlet2:0.195765873015873
NoContentServlet1:0.14666666666666667
