Datastream:0.6366666666666667
Management:0.5366666666666666
DefaultManagement:0.25666666666666665
METSLikeDOSerializer:0.23333333333333334
TestAPIM:0.2305555555555555
JournalConsumer:0.22
TypeUtility:0.2122222222222222
BatchModifyParser:0.20166666666666666
DatastreamConduit:0.2
FOXMLDOSerializer:0.195
METSLikeDODeserializer:0.19
FOXMLDODeserializer:0.18333333333333332
MockManagementDelegateForJournalTesting:0.18333333333333332
JournalCreator:0.17666666666666667
Journaller:0.16333333333333333
FedoraAPIMBindingSOAPHTTPImpl:0.13666666666666666
CurrentVersionPane:0.13166666666666665
NewDatastreamPane:0.08666666666666667
AddDatastreamMethod:0.08333333333333333
ModifyDatastreamByValueMethod:0.08333333333333333
ModifyDatastreamByReferenceMethod:0.08333333333333333
DatastreamPane:0.061388888888888896
AllAPITests:0.03888888888888889
PriorVersionPane:0.01
JournalConstants:0.0
