ConcreteLayer:0.5366666666666666
LayerSet:0.45
PainterUtils:0.41
CockpitLayerProxy:0.3566666666666667
CockpitConfigurationHandler:0.35333333333333333
MapItemsRenderer:0.315
ExtensionManager:0.3121666666666667
BackgroundImage:0.29333333333333333
EditorPanel:0.2833333333333333
DefaultWindowManagerListener:0.27
ARINC661App:0.27
AbstractServerCockpitConfigurationHandler:0.25666666666666665
AbstractMapSource:0.25333333333333335
MultiAppliLayer:0.2475
AbstractVerticalProjection:0.24666666666666667
ARINCGPLinePolar:0.24333333333333335
AbstractMapItemList:0.24
MenuFactory:0.23333333333333334
AbstractProjection:0.23
MultiAppliGenerator:0.22666666666666666
DefaultConnectorRenderer:0.215
MultiAppliGeneratorTest:0.21
LayerSets:0.20666666666666667
ServerMapItemsUtilities:0.19833333333333333
EditorEngine:0.19666666666666666
TestLayer:0.18666666666666668
AbstractMapItemsRenderer:0.16833333333333333
ProjectionTask:0.14833333333333334
MultiAppliGenerator2Test:0.12
ConfigCockpitAction:0.10666666666666667
AppliMenuTypes:0.10666666666666667
