MailUtil:0.6066666666666667
DataObjectFactory:0.37666666666666665
TestMboxCrawler:0.17666666666666667
MailUtilTest:0.16333333333333333
ApertureDocumentsIdentificationTest:0.15333333333333332
DataObjectFactoryTest:0.14666666666666667
