SvnUrl:0.47333333333333333
Departure:0.41333333333333333
AbstractTaglet:0.14333333333333334
