Task:0.7966666666666666
DeadlineTransferHandler:0.33666666666666667
TaskFactory:0.33
TaskDAO:0.13827777777777775
AddDueDateExpressionToJobAndTask:0.07666666666666666
