ConsoleInstaller:0.7666666666666667
InstallationDriver:0.3233333333333333
