HTMLObjectElement:0.6633333333333333
HTMLHRElement:0.32666666666666666
HTMLLegendElement:0.2866666666666667
