Request:0.66
OrcCommander:0.2833333333333333
OrcSoldier:0.2833333333333333
OrcOfficer:0.2833333333333333
