GUI:0.5533333333333333
TaskChecker:0.38333333333333336
TasksCheckerTask:0.30666666666666664
WFRunaHibernateInterceptor:0.26666666666666666
