SyncFileStatusService:0.45666666666666667
MappedHSMModule:0.4266666666666667
FileSystemMgt2Bean:0.38
FileBean:0.16
