CommandoDialog:0.4666666666666667
CompileRunOptionPane:0.45666666666666667
ModeTableModel:0.3
ErrorsOptionPane:0.135
ErrorMatcherDialog:0.07333333333333333
