Lwjgl3Graphics:0.4683333333333333
Lwjgl3Application:0.43333333333333335
Lwjgl3Input:0.36
Lwjgl3Window:0.3333333333333333
Lwjgl3Cursor:0.15666666666666668
