CertTools:0.5227777777777777
CryptoProviderTools:0.38666666666666666
StringTools:0.30666666666666664
WebConfiguration:0.2733333333333333
InternalResources:0.26
LocalCertificateStoreSessionBean:0.23666666666666666
ExternalOCSPPublisher:0.20333333333333334
TestProtect:0.19333333333333333
EjbcaConfiguration:0.18
KeyTools:0.17333333333333334
OldLogDevice:0.15666666666666668
TableProtectSessionBean:0.11333333333333333
