Button:0.8266666666666667
SpriteDrawable:0.37333333333333335
UITest:0.36
