QueueFile:0.44
QueueFileTest:0.38666666666666666
ObjectQueue:0.38333333333333336
ObjectQueueTest:0.3233333333333333
