ChangeHydrogenCountEdit:0.43583333333333335
ControllerHub:0.4066666666666667
SWTUndoRedoFactory:0.26666666666666666
SWTChangeHydrogenCountEdit:0.17
IUndoRedoFactory:0.15638888888888888
