Robolectric:0.66
ViewGroupTest:0.44333333333333336
ShadowView:0.44
Reflection:0.21066666666666667
