Set:0.6
LuceneConfig:0.47
ResourceManager:0.33666666666666667
ApacheDBCPool:0.22
JeevesEngine:0.21666666666666667
DbmsPool:0.21666666666666667
ResourceProvider:0.2105952380952381
PrepareFileDownload:0.18
ServiceManager:0.17333333333333334
LuceneQueryTest:0.17333333333333334
Geonetwork:0.17333333333333334
ServiceContext:0.11666666666666667
GetInfo:0.08666666666666667
Reload:0.08333333333333333
Get:0.013333333333333334
GetStartupError:0.0
