Order:0.6466666666666666
VLookup:0.24333333333333335
MIssue:0.2388888888888889
PosProcessor:0.21333333333333335
OrderItem:0.21
PosPanel:0.20666666666666667
PosTicketFormatter:0.19
PosModel:0.14888888888888888
PayDialog:0.13
