Presentation:0.45
PortabilityRefactoring:0.39666666666666667
FilePresentation:0.08333333333333333
DelegablePresentation:0.08333333333333333
SubprocessPresentation:0.03
