Button:0.6766666666666666
EditText:0.36333333333333334
TextView:0.3
RadioButton:0.28
CheckBox:0.27555555555555555
