XmlConfigBuilder:0.4533333333333333
TopicTest:0.3433333333333333
SpringXmlConfigBuilder:0.3233333333333333
GroupProperties:0.13666666666666666
