AnimatedTiledMapTile:0.6466666666666666
BatchTiledMapRenderer:0.46
OrthogonalTiledMapRenderer:0.24833333333333332
