FolderService:0.6833333333333333
TeamingServiceEndpoint:0.4533333333333333
FolderServiceImpl:0.26
