Actor:0.5533333333333333
LocalActor:0.44666666666666666
ActorRegistry:0.3933333333333333
ExitMessage:0.3466666666666667
ActorImpl:0.30333333333333334
JMXActorMonitor:0.2866666666666667
Supervisor:0.22
ActorMonitor:0.2105952380952381
LifecycleListener:0.18666666666666668
ActorTest:0.17666666666666667
ActorInfo:0.095
ActorEntry:0.03666666666666667
RestartHistory:0.006666666666666667
