Robot:0.4266666666666667
JInternalFrameTesterTest:0.2
RepeatHelper:0.18466666666666667
EDTExceptionCatcher:0.17944444444444446
NamedThreadFactory:0.16
JListLocationTest:0.15444444444444444
