State:0.49333333333333335
PendingEvent:0.4633333333333333
StateMachine:0.45
NativeStateMachine:0.36666666666666664
SimStateMachine:0.21583333333333332
JPF_gov_nasa_jpf_sc_StateMachine:0.17333333333333334
PendingEventQueue:0.02666666666666667
