ExtractQueryTermsServiceTests:0.78
ExtractQueryTermsService:0.5066666666666667
PercolatorQueryTests:0.37333333333333335
PercolatorQuerySearchIT:0.13333333333333333
