HopParser:0.43
qualified_name_return:0.3044563492063493
HopLexer:0.2833333333333333
CompilerError:0.24
DFA27:0.14833333333333332
TypeDescriptor:0.14666666666666667
SymbolTable:0.13666666666666666
DFA7:0.1347222222222222
MethodDescriptor:0.05
ParameterDescriptor:0.020833333333333332
VariableParameterCommonDescriptor:0.0
