QueueService:0.5866666666666667
QueueContainer:0.5833333333333334
TransactionalQueueProxySupport:0.39
