ConfigUtils:0.49666666666666665
BeanIds:0.416984126984127
HttpSecurityBeanDefinitionParser:0.41333333333333333
X509BeanDefinitionParser:0.18666666666666668
