PredictWizard:0.6255555555555556
AssignPredictWizard:0.5066666666666667
PredictNmrSpectrumHandler:0.05333333333333334
