EditableVertex:0.8833333333333333
GraphWriter:0.2833333333333333
VertexHandler:0.16666666666666666
