AuthenticationException:0.6433333333333333
HttpConfiguration:0.36
ServerFactory:0.33
ServerCommand:0.24666666666666667
HttpConfigurationTest:0.18666666666666668
CachingAuthenticator:0.18666666666666668
AbstractService:0.18666666666666668
BasicAuthInjectable:0.15
OAuthInjectable:0.14861111111111108
BasicAuthProvider:0.07333333333333333
OAuthProvider:0.07333333333333333
