JandexHelper:0.7266666666666667
QueryBinder:0.2966666666666667
IdGeneratorBinder:0.24
JandexHelperTest:0.24
TableBinder:0.2
FetchProfileBinder:0.1
TypeDefBinder:0.08777777777777777
FilterDefBinder:0.08333333333333333
