AddAnnotation:0.5733333333333334
AddAnnotationBase:0.35333333333333333
