JChemPaintPanel:0.5066666666666667
JCPMenuTextMaker:0.44333333333333336
CopyPasteAction:0.29
