HtmlPage:0.7866666666666666
DefaultPageCreator:0.31333333333333335
WebClientTest:0.16
