Euler:0.6866666666666666
Codd:0.5866666666666667
EulerRunner:0.26666666666666666
