PipelineStore:0.58
PipelineExecutionService:0.36
IngestActionFilterTests:0.2866666666666667
IngestActionFilter:0.26666666666666666
PipelineExecutionServiceTests:0.24
IngestPlugin:0.22666666666666666
PipelineStoreTests:0.20333333333333334
SimulatePipelineTransportAction:0.19777777777777777
