Viewer:0.6366666666666667
TransformManager:0.48
MouseManager:0.36666666666666664
