Block:0.6033333333333334
ConcurrentMapManager:0.45666666666666667
MapMigrator:0.3466666666666667
BlockOwners:0.2733333333333333
BlocksOperationHandler:0.18666666666666668
ResponseQueueCall:0.1788888888888889
BlockInfoOperationHandler:0.14
