DBObjectCodec:0.8966666666666666
DBObjectCodecTest:0.12333333333333334
