Http2ServerResponseImpl:0.49333333333333335
Http2ClientStream:0.44666666666666666
Push:0.38333333333333336
VertxHttp2Stream:0.37
Http2ServerRequestImpl:0.27666666666666667
VertxHttp2NetSocket:0.2733333333333333
