Wallet:0.5066666666666667
Utils:0.37
Peer:0.35333333333333333
PeerHandler:0.2683333333333333
PeerGroup:0.26
WalletTest:0.22
