SelectableWrapper:0.48333333333333334
TableEntryPropertyAdapter:0.30333333333333334
TablesSelectEditorView:0.21966666666666668
TablesSelectEditor:0.18666666666666668
SelectableTableModel:0.18666666666666668
CheckboxTreeCellEditor:0.11333333333333333
CheckboxTreeCellRenderer:0.11333333333333333
ReverseEngineeringOptions:0.09333333333333334
