RequestScopeInjector:0.51
InjectorsManager:0.31333333333333335
ServletConfigInterceptor:0.25666666666666665
ServletContextScopeInjector:0.21253968253968253
ContextInjectorComponent:0.11333333333333333
CookieTest:0.0
