SortFieldTest:0.4033333333333333
Bug_for_melin:0.4033333333333333
MapSerializer:0.35333333333333333
