AbstractJsonProvider:0.6341666666666667
BaseFunctionTest:0.435
FunctionPathToken:0.4266666666666667
