Mission:0.66
TravelToSettlement:0.3433333333333333
SkillManager:0.26
Driver:0.19
JobManager:0.18333333333333332
CollectResourcesMission:0.17666666666666667
MissionManager:0.15666666666666668
Areologist:0.056666666666666664
Engineer:0.056666666666666664
Botanist:0.056666666666666664
Doctor:0.056666666666666664
