NeuralNetConfiguration:0.4533333333333333
BaseMultiLayerNetwork:0.36
OutputLayer:0.3333333333333333
ConfOverride:0.3272804232804233
Distributions:0.27666666666666667
Builder:0.27
VectorizedDeepLearningGradientAscent:0.26666666666666666
BackPropOptimizer:0.25666666666666665
SemanticHashing:0.23
DBN:0.2277777777777778
StackedDenoisingAutoEncoder:0.22444444444444447
WorkerActor:0.21666666666666667
VectorizedNonZeroStoppingConjugateGradient:0.2
BackPropROptimizer:0.18333333333333332
MultiLayerNetworkOptimizer:0.18
VectorizedBackTrackLineSearch:0.13166666666666665
DBNTest:0.11333333333333333
OutputLayerTest:0.08333333333333333
DenoisingAutoEncoderTest:0.07333333333333333
StackedDenoisingAutoEncoderTest:0.043333333333333335
WeightInitUtil:0.02666666666666667
ListBuilder:0.0
