HazelcastTestSupport:0.5466666666666666
ClientEngineImpl:0.25
InvocationNetworkSplitTest:0.18333333333333332
LocalOperationStatsImpl:0.16199999999999998
HalfPartialSplitAction:0.13258730158730156
FullSplitAction:0.13258730158730156
PerformanceMonitor:0.11199999999999997
PartialSplitAction:0.10258730158730157
