IO:0.8755555555555554
IOTest:0.06333333333333334
