CASNumberTest:0.7966666666666666
MextraTests:0.20192063492063494
