BytesRefs:0.47688888888888886
BytesBinaryDVAtomicFieldData:0.42
ScriptQuerySearchIT:0.20333333333333334
