Builder:0.3333333333333333
QueryBuilders:0.30333333333333334
GeoShapeFieldMapper:0.29
FilterBuilders:0.25333333333333335
GeoJSONShapeParserTests:0.25
GeoShapeQueryParser:0.14666666666666667
GeoShapeFilterParser:0.14333333333333334
ShapeBuilderTests:0.13666666666666666
GeoShapeFilterBuilder:0.13
GeoShapeQueryBuilder:0.11
ShapeFetchService:0.08333333333333333
GeoShapeIntegrationTests:0.07666666666666666
