OsgiServiceProxyFactoryBean:0.8966666666666666
OsgiSingleServiceProxyFactoryBeanTest:0.32666666666666666
