ClusterRerouteTests:0.3233333333333333
FilteringAllocationTests:0.15666666666666668
SimpleClusterStateTests:0.13333333333333333
AckClusterUpdateSettingsTests:0.13333333333333333
HotThreadsTest:0.12
ConcurrentDocumentOperationTests:0.12
ShardsAllocatorModuleTests:0.11
