SqlHelper:0.6633333333333333
AbsSchedulers:0.4533333333333333
