AtomContainer:0.5066666666666667
Atom:0.49
Bond:0.49
GeometryTools:0.47333333333333333
ChemModel:0.42333333333333334
Isotope:0.41
Element:0.4
AtomType:0.4
Molecule:0.39
ChemFile:0.37333333333333335
ChemSequence:0.36
Crystal:0.35
AtomContainerSet:0.3286666666666667
AtomPlacer:0.32
RingSet:0.31
PseudoAtom:0.31
AminoAcid:0.2866666666666667
Strand:0.285
APIVersionTesterTest:0.2733333333333333
BondTest:0.26666666666666666
ElectronContainer:0.26666666666666666
GeometryToolsTest:0.26
LonePair:0.25666666666666665
CML2Test:0.25666666666666665
JCPPropertyHandler:0.25
SymbolsTest:0.25
RingSetManipulator:0.24666666666666667
HydrogenPlacer:0.24333333333333335
ChemModelManipulator:0.24333333333333335
RModel:0.23666666666666666
DictDBTest:0.23666666666666666
FragmentAtomTest:0.23666666666666666
MolecularFormulaManipulatorTest:0.23666666666666666
GeometryToolsInternalCoordinatesTest:0.23666666666666666
StructureDiagramGenerator:0.23333333333333334
AssociationTest:0.23333333333333334
Association:0.23166666666666666
AtomContainerSetManipulator:0.23
RingPlacer:0.22666666666666666
Renderer2D:0.22666666666666666
ReactionManipulator:0.22666666666666666
ChemSequenceManipulator:0.22333333333333333
ModelBuilder3D:0.22
StructureResonanceGeneratorTest:0.22
SubstructureFingerprinterTest:0.21666666666666667
SVGWriter:0.21666666666666667
AtomPlacer3D:0.21666666666666667
Fragment:0.21
AbstractRenderer2D:0.21
MoleculeViewer2D:0.20666666666666667
MappingTest:0.20666666666666667
ReactionManipulatorTest:0.2
InChIToStructure:0.19
JmolTest:0.18666666666666668
ModelBuilder3dTest:0.18666666666666668
MoleculeViewer2DPanel:0.18333333333333332
AbstractController2D:0.18
FlipEditTest:0.18
FragmentAtom:0.18
InChIGenerator:0.17666666666666667
Convertor:0.17333333333333334
ChemFileManipulator:0.17333333333333334
LengthOverBreadthDescriptor:0.17
JChemPaintTest:0.17
HydrogenPlacerTest:0.16666666666666666
ArrowRenderer2D:0.16666666666666666
JumboTest:0.16666666666666666
CDKDictionaryReferences:0.16666666666666666
KabschAlignmentTest:0.16333333333333333
Controller2D:0.16333333333333333
StandardSubstructureSetsTest:0.16
InChIGeneratorFactory:0.155
MomentOfInertiaDescriptor:0.15333333333333332
PetitjeanShapeIndexDescriptor:0.15333333333333332
PeriodicTablePanelTest:0.15
Monomer:0.14666666666666667
SimpleRenderer2D:0.14
CloneAtomContainerTest:0.13333333333333333
TextConsole:0.125
MnonotifyTests:0.09666666666666666
MdatadebugTests:0.09666666666666666
RingSizeComparator:0.09333333333333334
DataFeaturesTool:0.08666666666666667
MexperimentalTests:0.08666666666666667
AtomContainerComparator:0.08
MstandardTests:0.08
Renderer2DTest:0.07666666666666666
ArrowRenderer2DTest:0.07666666666666666
NNFragmentAtomTest:0.013333333333333334
DebugFragmentAtomTest:0.01
MextraTests:0.0033333333333333335
MdictTests:0.0
