BytecodeUtils:0.38666666666666666
INVOKECG:0.2
LongArrayStoreInstruction:0.18333333333333332
LDC2_W:0.17833333333333334
InstructionOrSuper:0.16666666666666666
CHECKCAST:0.145
LDC:0.13733333333333334
IfInstruction:0.13
ARETURN:0.13
ICONST:0.12833333333333333
INSTANCEOF:0.12666666666666668
VirtualInvocation:0.11666666666666667
BIPUSH:0.115
LCONST:0.115
ISHL:0.11333333333333333
ISHR:0.11333333333333333
FSTORE:0.11333333333333333
DSTORE:0.11333333333333333
FLOAD:0.11333333333333333
ISTORE:0.11333333333333333
IUSHR:0.11333333333333333
DUP2:0.11
DUP2_X2:0.11
DUP2_X1:0.11
DUP:0.11
DUP_X1:0.11
DUP_X2:0.11
DLOAD:0.10666666666666667
DCONST:0.105
FCONST:0.105
IINC:0.08666666666666667
IFNONNULL:0.08333333333333333
IFNULL:0.08333333333333333
IDIV:0.08
IREM:0.08
FSUB:0.08
FMUL:0.08
FADD:0.08
DSUB:0.08
ISUB:0.07666666666666666
LADD:0.07666666666666666
F2D:0.07666666666666666
IMUL:0.07666666666666666
L2I:0.07666666666666666
IADD:0.07666666666666666
LAND:0.07666666666666666
FDIV:0.07666666666666666
I2B:0.07666666666666666
I2C:0.07666666666666666
I2L:0.07666666666666666
I2S:0.07666666666666666
IAND:0.07666666666666666
IOR:0.07666666666666666
IXOR:0.07666666666666666
DNEG:0.07333333333333333
DREM:0.07333333333333333
INEG:0.07333333333333333
FNEG:0.07333333333333333
FREM:0.07333333333333333
LongArrayLoadInstruction:0.06666666666666667
IF_ACMPEQ:0.06666666666666667
IF_ACMPNE:0.06666666666666667
INVOKEVIRTUAL:0.043333333333333335
INVOKESPECIAL:0.043333333333333335
INVOKESTATIC:0.028888888888888895
F2I:0.01
L2D:0.01
F2L:0.01
L2F:0.01
I2D:0.01
I2F:0.01
IF_ICMPLT:0.0033333333333333335
IFGE:0.0033333333333333335
IF_ICMPGT:0.0033333333333333335
IFEQ:0.0033333333333333335
GETFIELD:0.0033333333333333335
IF_ICMPLE:0.0033333333333333335
IFNE:0.0033333333333333335
GETSTATIC:0.0033333333333333335
INVOKECLINIT:0.0033333333333333335
IFLT:0.0033333333333333335
IF_ICMPGE:0.0033333333333333335
FCMPL:0.0033333333333333335
FCMPG:0.0033333333333333335
IF_ICMPEQ:0.0033333333333333335
IFGT:0.0033333333333333335
IFLE:0.0033333333333333335
LCMP:0.0033333333333333335
IF_ICMPNE:0.0033333333333333335
