PortMapping:0.7166666666666667
Builder:0.35333333333333333
PortMappingParserTest:0.11
PortMappingParser:0.09666666666666666
