CommunicationsStub:0.8433333333333334
Constants:0.7016825396825397
