WebEjbcaHealthCheckTest:0.5266666666666666
WebOcspHealthCheckTest:0.5266666666666666
WebEjbcaHealthRunner:0.225
