DeterministicKeyChain:0.7033333333333334
DeterministicHierarchy:0.5366666666666666
KeyChainGroup:0.28
DeterministicKeyChainTest:0.26
