Literal:0.6133333333333333
InnerExpressionAnalyzer:0.39
ConditionalFunctionTest:0.31666666666666665
AbstractScalarFunctionsTest:0.30333333333333334
AssertingInput:0.20333333333333334
FunctionExpression:0.20333333333333334
