XMPPServerFacadeForTests:0.575
AllTestSuite:0.4442619047619048
HeadlessPluginTestSuite:0.4442619047619048
