AbstractClientInternalCacheProxy:0.4633333333333333
HazelcastClientProxy:0.4633333333333333
ProxyManagerTest:0.24666666666666667
ConfiguredBehaviourTest:0.23333333333333334
