TextFieldWidget:0.4166666666666667
TextAreaWidget:0.31666666666666665
ChoiceWidget:0.31666666666666665
DateEntry:0.31666666666666665
