BMechMETSSerializer:0.53
GeneralPane:0.45666666666666667
PIDActionListener:0.2571666666666667
