AbstractQueryImpl:0.5366666666666666
Order:0.4846666666666667
PredicateTest:0.2733333333333333
