Map:0.41
jq_Type:0.3933333333333333
Node:0.39
BCProgramLocation:0.33666666666666667
PassedParameter:0.33666666666666667
Range:0.3333333333333333
CSPAResults:0.3233333333333333
IndexMap:0.32
ConcreteTypeNode:0.31333333333333335
jq_Member:0.29333333333333333
StringConstant:0.28777777777777774
Simple:0.28
SCComponent:0.26666666666666666
QuadProgramLocation:0.26666666666666666
IndexedMap:0.255
SCCPathNumbering:0.25333333333333335
BuildBDDIR:0.24666666666666667
FakeProgramLocation:0.23916666666666667
FieldNode:0.23666666666666666
ParamNode:0.21666666666666667
ConcreteObjectNode:0.21
ObjectCreationGraph:0.19333333333333333
LoadedCallGraph:0.18666666666666668
CheckCastNode:0.17666666666666667
MethodSummary:0.17666666666666667
Textualizer:0.11920634920634922
PathNumbering:0.09666666666666666
MethodSummaryBuilder:0.08333333333333333
OperandToNodeMap:0.08333333333333333
GlobalPathNumbering:0.049166666666666664
