View:0.6166666666666667
Messages:0.4066666666666667
AJAXTest:0.29
UpdateReferenceBaseAction:0.22333333333333333
ForbiddenPriceValidator:0.21
NavigationFromReferenceBaseAction:0.20333333333333334
Module:0.2
ModuleManager:0.19
UnitPriceValidator:0.13333333333333333
