StructureTest:0.39
CallbackReference:0.36666666666666664
DefaultCallbackProxy:0.35944444444444446
CallbacksTest:0.35
CbTest:0.2821111111111111
TestLibrary:0.24642857142857133
TestStructure:0.11
SmallTestStructure:0.10838095238095237
