ScopesTest:0.617
FactoryProvider:0.39666666666666667
ServletTest:0.29333333333333333
NullThenNonNullProvider:0.09083333333333334
