X509CertificateFactory:0.43
SshAgentHttpsHandler:0.3988095238095238
CertificateFileHttpsHandler:0.3221428571428571
CertificateHttpsHandler:0.24666666666666667
X509CertificateFactoryTest:0.17333333333333334
HttpsHandlersTest:0.11333333333333333
