Iterate:0.5533333333333333
Map:0.5533333333333333
BenchmarkPerformanceReporter:0.5033333333333333
JmhRunner:0.48833333333333334
Filter:0.37
Prepend:0.24666666666666667
Append:0.24666666666666667
Create:0.24666666666666667
Head:0.22166666666666668
Update:0.22166666666666668
Tail:0.22166666666666668
Get:0.22166666666666668
MemoryUsage:0.19333333333333333
Slice:0.17
VectorBenchmark:0.14333333333333334
Base:0.0
