BlogPageCtrl:0.36333333333333334
GwtServerHelper:0.35
GwtTeamingMessages:0.31333333333333335
CanAddFolderCmd:0.28
GwtRpcServiceImpl:0.2644444444444445
