AuthenticationViaFormAction:0.45
CasSupportActionsConfiguration:0.43666666666666665
GatewayServicesManagementCheck:0.29444444444444445
X509CertificateCredentialsNonInteractiveAction:0.11666666666666667
