Cursor:0.4266666666666667
Mouse:0.30666666666666664
Pbuffer:0.28
DisplayImplementation:0.26916666666666667
HWCursorTest:0.23666666666666666
MacOSXDisplay:0.22333333333333333
LinuxDisplay:0.21666666666666667
PbufferTest:0.21222222222222223
Win32Display:0.19333333333333333
