TestToolSyntaxErrors:0.6432222222222223
LexerATNFactory:0.4826666666666667
