IndexService:0.39666666666666667
MockAppender:0.3433333333333333
IndexStore:0.28903174603174603
UpdateSettingsIT:0.22
UpdateNumberOfReplicasIT:0.16333333333333333
PercolatorAggregationsIT:0.14
