iRectangle:0.5327777777777777
BooleanGrid:0.49666666666666665
