EventBus:0.63
HandlerPoster:0.20666666666666667
BackgroundPoster:0.16344444444444448
AsyncPoster:0.16344444444444448
