ScriptEditor:0.4766666666666667
Strings:0.4592619047619047
TesterMethodAction:0.21666666666666667
EditorSecurityManager:0.205
