IoManager:0.5483333333333333
Router:0.5466666666666666
