AtomTypeFactory:0.59
AtomTypeHandler:0.44333333333333336
AtomTypeTools:0.4166666666666667
CDKChemicalRingConstants:0.19666666666666666
MMFF94AtomTypeMatcher:0.05
