Chalk:0.45
Proxetta:0.3433333333333333
HttpBase:0.33
ProxettaFactory:0.2633333333333333
LagartoParserConfig:0.24
BeanVisitorImplBase:0.23666666666666666
SmtpServer:0.23666666666666666
Chalk256:0.22444444444444447
