MDLReaderTest:0.8366666666666667
IteratingMDLReaderTest:0.3466666666666667
