METSLikeDOSerializer:0.43666666666666665
FOXMLDODeserializer:0.42
METSLikeDODeserializer:0.36333333333333334
FOXMLDOSerializer:0.35
