AreologyStudyFieldMission:0.5033333333333333
MissionManager:0.36666666666666664
AreologyStudyFieldWork:0.17333333333333334
Areologist:0.16666666666666666
