CommunicationsStub:0.6183333333333333
CreateTaskAction:0.44333333333333336
TaskManagerActionFactory:0.12
TaskManagerRootNode:0.10666666666666667
