CollectResourcesMission:0.4266666666666667
Mining:0.42333333333333334
Exploration:0.42333333333333334
