TextAttributesChooser:0.4166666666666667
DocumentEditor:0.41333333333333333
NodeRenderer:0.3433333333333333
LogArea:0.264
MainFrame:0.255
NodeRenderer1:0.09333333333333334
