MethodGen:0.6666666666666666
ClassGen:0.6266666666666667
TestAnnotations:0.18666666666666668
