SnmpSMI:0.5633333333333334
SnmpTableWalker:0.44333333333333336
SnmpMonitor:0.2677777777777778
IfSnmpCollector:0.25333333333333335
