SentinelConnectionManager:0.7669444444444444
DefaultConnectionListener:0.38083333333333336
