JChemPaintPanel:0.6255555555555556
RenderPanel:0.32666666666666666
SaveAsAction:0.24
CloseAction:0.18333333333333332
AppCloser:0.12666666666666668
