ComponentReference:0.43
ScriptEditor:0.36666666666666664
DefaultComponentFinder:0.3466666666666667
DefaultComponentFinderTest:0.2733333333333333
ComponentBrowser:0.21333333333333335
AbbotHelper:0.14333333333333334
