Renderer2DModel:0.5983333333333334
Renderer2D:0.44
JChemPaintEditorPanel:0.2833333333333333
Controller2DModel:0.26666666666666666
PopupController2D:0.20777777777777778
