MongoSecurityException:0.5633333333333334
NativeAuthenticationHelper:0.30333333333333334
DatabaseAcceptanceTest:0.2966666666666667
GSSAPIAuthenticationHelper:0.15
NativeAuthenticator:0.14111111111111113
ReplicaSetTest:0.07333333333333333
