RubyPlugin:0.6683333333333333
RubyParser:0.6016666666666667
