ProviderManager:0.4533333333333333
ProviderManagerTests:0.4
AccountStatusException:0.18333333333333332
MockProviderWhichThrowsAccountStatusException:0.06
MockProviderWhichThrowsConcurrentLoginException:0.04666666666666667
