BootstrapServiceRegistryImpl:0.6666666666666666
TransactionFactoryInitiator:0.3466666666666667
BootstrapServiceRegistryBuilder:0.25666666666666665
EmbeddableIntegratorTest:0.22666666666666666
