Seq:0.6266666666666667
LinearSeq:0.43333333333333335
IndexedSeq:0.25666666666666665
