CommunicationsStub:0.6066666666666667
SpecialChildren:0.43333333333333335
ObjectViewTopComponent:0.4166666666666667
PhysicalConnectionsService:0.20666666666666667
PhysicalPathTopComponent:0.20666666666666667
SpecialRelationshipsTopComponent:0.15944444444444444
ObjectViewService:0.10333333333333333
SpecialObjectExplorerTopComponent:0.056666666666666664
SpecialNode:0.02666666666666667
Migrate05To06Action:0.0
CreateSpecialBusinessObjectAction:0.0
