Device:0.38
CommTest:0.35333333333333333
SNAPCommunicator:0.27666666666666667
CommTest2:0.26666666666666666
VersionResponseMessage:0.23666666666666666
Communicator:0.14492063492063492
SNAPAddress:0.05333333333333334
