Color:0.5266666666666666
MD5Quaternion:0.2686111111111111
SpriteCache:0.24666666666666667
SpriteBatch:0.24666666666666667
BitmapFont:0.24333333333333335
Sprite:0.23666666666666666
Vector3:0.2066666666666667
TileAtlas:0.19666666666666666
BitmapFontCache:0.18
