Utils:0.3566666666666667
NettyClientHandler:0.3233333333333333
NettyClientStream:0.2833333333333333
AbstractTransportTest:0.25666666666666665
NettyClientTransport:0.20333333333333334
NettyClientStreamTest:0.20333333333333334
DelayedClientTransport:0.19666666666666666
InProcessTransport:0.19055555555555556
NettyClientStreamImpl:0.08666666666666667
