TestMapTransformKeyFunction:0.3333333333333333
TestMapTransformValueFunction:0.31666666666666665
MapTransformKeyFunction:0.25
MapTransformValueFunction:0.25
