IoUtility:0.6105555555555555
LoadingListener:0.5612142857142858
UrlUtility:0.05333333333333334
