InGameController:0.5558333333333333
GUI:0.5233333333333333
UnitImageAnimation:0.25333333333333335
UnitMoveAnimation:0.21666666666666667
