Solver:0.3433333333333333
PA:0.33666666666666667
RuleTerm:0.2866666666666667
InferenceRule:0.23333333333333334
BDDInferenceRule:0.17
