PredictionContext:0.4633333333333333
ATNConfigSet:0.32666666666666666
ATNConfig:0.3233333333333333
SingletonPredictionContext:0.31333333333333335
ArrayPredictionContext:0.27
LL1Analyzer:0.18666666666666668
TestATNInterpreter:0.18333333333333332
