CertificateData:0.36333333333333334
QueryResultWrapper:0.34
UserData:0.28
CRLData:0.235
PublisherData:0.22666666666666666
HardTokenIssuerData:0.22666666666666666
HardTokenProfileData:0.22333333333333333
CAData:0.21
EndEntityProfileData:0.21
PublisherQueueSessionBean:0.21
CertificateProfileData:0.21
PublisherQueueData:0.21
AdminGroupData:0.21
UserDataSourceData:0.20666666666666667
ServiceDataSessionBean:0.16333333333333333
