AllJUnitTests:0.5333333333333333
BulkArticleLoaderTest:0.38666666666666666
BulkLoadArticles:0.2675
