NoSuchAtomTypeExceptionTest:0.6466666666666666
HybridizationMatcherTest:0.47333333333333333
CoreClassesTests:0.28
