TransitionManager:0.39
NewsPanel:0.33666666666666667
WebapiAccess:0.23666666666666666
TransitionPanel:0.2
StoreLoader:0.19
TaskButton:0.15666666666666668
PluginPanel:0.08333333333333333
Configuration:0.05333333333333334
XendraStoreAction:0.035833333333333335
PreviewPanel:0.016666666666666666
Bannerpanel:0.006666666666666667
Look:0.006666666666666667
