Packet:0.6333333333333333
EncoderHandler:0.25333333333333335
Decoder:0.24666666666666667
Encoder:0.18333333333333332
AuthorizeHandler:0.17
PacketListener:0.14
