Emotions:0.6033333333333334
ArticleQueryService:0.4033333333333333
CommentQueryService:0.31
NotificationQueryService:0.2966666666666667
FollowQueryService:0.17666666666666667
