AbstractPlugin:0.5783333333333334
DeletePrivateDataPlugin:0.30666666666666664
LookAndFeelPlugin:0.2733333333333333
Action:0.20666666666666667
UpdateDialog:0.17333333333333334
