ScienceTabPanel:0.9166666666666666
PersonWindow:0.36666666666666664
