A:0.71
ArgType:0.42333333333333334
C:0.3
MethodNode:0.2866666666666667
ClassNode:0.2866666666666667
Utils:0.24
ClassGen:0.23
AttributesList:0.19666666666666666
Annotation:0.18666666666666668
MethodGen:0.18333333333333332
AnnotationGen:0.16666666666666666
Util:0.13
ClassModifier:0.12333333333333334
FieldNode:0.08666666666666667
D:0.06
Node:0.06
B:0.043333333333333335
TestGenerics:0.043333333333333335
Pair:0.03666666666666667
Consts:0.03666666666666667
OrderedPair:0.01
GenericClass:0.0
NaturalNumber:0.0
Box:0.0
GenericTypeArg:0.0
