ShardCleaner:0.5666666666666667
ShardDao:0.51
ShardCleanerConfig:0.48333333333333334
TestShardCleaner:0.31666666666666665
TestShardCleanerConfig:0.18
TestingDao:0.15380952380952378
