OleAut32:0.7944444444444445
DISPPARAMS:0.24
COMObject:0.21
OleAut32Util:0.18666666666666668
Oleaut32Test:0.15666666666666668
SCODEbyReference:0.11666666666666667
ULONGbyReference:0.10666666666666667
IDispatch:0.10666666666666667
DISPID:0.09
SAFEARRAYBOUND:0.08666666666666667
ULONG:0.06
LONG:0.06
DISPIDbyReference:0.056666666666666664
SAFEARRAY:0.04777777777777777
SCODE:0.023333333333333334
