Activator:0.6733333333333333
BalloonManager:0.5688888888888889
BallonPreferencePage:0.07666666666666666
