CaSessionLocal:0.7166666666666667
InformationMemory:0.43333333333333335
CaSessionBean:0.36666666666666664
ComplexAccessControlSessionBean:0.2816666666666667
