SimpleProofFinderExecutor:0.4033333333333333
MultiProofFinderExecutor:0.315
WellFormedCheckerExecutor:0.31166666666666665
Qedeq2LatexExecutor:0.27666666666666667
FormalProofCheckerExecutor:0.25833333333333336
DynamicHeuristicCheckerExecutor:0.21666666666666667
Qedeq2Utf8Executor:0.19
