SerializationHelper:0.51
SerializableType:0.33
SerializableToBlobType:0.30833333333333335
CustomObjectInputStream:0.21
SerializableToImageType:0.13333333333333333
