ProfileDAOHibernateImpl:0.5333333333333333
DAOFactory:0.2966666666666667
ConstantDAOProxy:0.29333333333333333
InitializerDAOHibernateImpl:0.2833333333333333
ProfileDAOProxy:0.22833333333333333
InitializerDAOProxy:0.13666666666666666
