Simulator:0.6241666666666666
MyMouseListener:0.17666666666666667
RuleSelectionListener:0.17
