Qux:0.6916666666666667
MethodDelegation:0.58
DefaultMethodCallTest:0.11
MethodDelegationSuperCallTest:0.10666666666666667
IllegalAnnotation:0.05564814814814814
