XmlFlowBuilder:0.6166666666666667
ViewFactoryCreator:0.4909444444444445
MvcViewFactoryCreator:0.2966666666666667
MockViewFactoryCreator:0.26
