SbeStatsReport:0.7988333333333334
StatsListener:0.7666666666666667
