ActionStore:0.5366666666666666
EditorTab:0.53
GraphEditorTab:0.42333333333333334
