ProtocolOcspHttpTest:0.4422222222222222
OCSPServletBase:0.41333333333333333
OcspJunitHelper:0.37333333333333335
