choiceEditor:0.34
dateEditor:0.32
intEditor:0.20666666666666667
textEditor:0.19666666666666666
charEditor:0.19666666666666666
