KerasLayer:0.5833333333333334
KerasLayerUtils:0.5133333333333333
KerasLstm:0.26666666666666666
KerasModelEndToEndTest:0.24
KerasBatchNormalization:0.23333333333333334
KerasModelBuilder:0.21666666666666667
KerasModelImportTest:0.19
KerasEmbedding:0.18666666666666668
KerasReshape:0.18
KerasZeroPadding:0.18
KerasMerge:0.18
KerasModel:0.17666666666666667
KerasLeakyReLU:0.17
KerasLRN:0.11666666666666667
