Database:0.4166666666666667
DBConnection:0.26666666666666666
Table:0.25
FormResponder:0.20333333333333334
DataHolder:0.17777777777777778
RecordPrinter:0.17666666666666667
RecordEditor:0.09333333333333334
