Swimlane:0.49
Process:0.48
Token:0.4633333333333333
TaskNode:0.43333333333333335
TaskDefinition:0.41
Task:0.38
MultiTaskNode:0.37666666666666665
Timer:0.34
Join:0.2966666666666667
SubProcessState:0.26666666666666666
AbstractFigure:0.24333333333333335
SubprocessesGraphElementAdapter:0.23
AjaxGroupMembersTag:0.22166666666666668
TransitionFigureBase:0.22
MultiinstanceGraphElementPresentation:0.21305555555555558
WfTask:0.19666666666666666
NodeModel:0.18666666666666668
ActorsMultiSelectTag:0.18333333333333332
MultiProcessState:0.18166666666666667
EndNode:0.17333333333333334
ProcessGraphElementPresentationVisitor:0.17333333333333334
DeadlineDBSource:0.16333333333333333
JpdlXmlReader:0.16
GraphImageBuilder:0.15
ProcessGraphFormTag:0.14666666666666667
StringVariableDBSource:0.14333333333333334
GraphHistoryElementPresentationVisitor:0.14
TaskLogic:0.13666666666666666
VariableDBSource:0.13666666666666666
TaskNodeFigure:0.13333333333333333
GraphElementPresentationVisitor:0.1308730158730159
BpmnXmlReader:0.12666666666666668
TransitionFigure:0.125
AssignmentHelper:0.115
ActorDBSource:0.11333333333333333
DefinitionGraphElementPresentationVisitor:0.10666666666666667
ActionNodeFigure:0.09666666666666666
GraphImage:0.09666666666666666
WaitStateFigure:0.09333333333333334
ProcessClassPresentation:0.08666666666666667
GraphElementPresentationBuilder:0.08666666666666667
DefinitionClassPresentation:0.08666666666666667
ReceiveMessageNodeFigure:0.085
TaskFactory:0.08333333333333333
EscalationActionHandler:0.07666666666666666
TaskClassPresentation:0.07333333333333333
SubprocessPermissionVisitor:0.06666666666666667
StartedSubprocessesVisitor:0.06666666666666667
UMLFigureFactory:0.061111111111111116
SubstitutionCriteriaSwimlane:0.05
AbstractFigureFactory:0.03666666666666667
Synchronizable:0.03666666666666667
MultiSubprocessFigure:0.02666666666666667
EndTokenNode:0.016666666666666666
BPMNFigureFactory:0.016666666666666666
EndTokenStateFigure:0.006666666666666667
MultiTaskGraphElementPresentation:0.006666666666666667
EndTokenStateGraphElementPresentation:0.006666666666666667
MultiTaskNodeFigure:0.006666666666666667
SubprocessFigure:0.0
