CMSynergy:0.7966666666666666
OpperationFailedException:0.2733333333333333
