Constants:0.575
ServiceUnavailableException:0.3233333333333333
DataLoaderService:0.30666666666666664
WebConstants:0.30333333333333334
HttpOutgoingTransport:0.22333333333333333
AbstractOfflineDetectorService:0.21
HttpIncomingTransport:0.2
PullService:0.13
OfflineException:0.12666666666666668
NodeConcurrencyInterceptor:0.12333333333333334
