Pixmap:0.49333333333333335
StbTrueTypeFont:0.32
Bitmap:0.14333333333333334
FontVMetrics:0.10916666666666666
Box:0.10916666666666666
HMetrics:0.10916666666666666
LwjglDebugStarter:0.10333333333333333
