Shape:0.6666666666666666
EquivClass:0.37333333333333335
EquivRelation:0.35333333333333333
Util:0.33666666666666667
PowerSetIterator:0.2633333333333333
ShapeState:0.21333333333333335
ShapeIsoChecker:0.20333333333333334
GraphNeighEquiv:0.19333333333333333
ShapeMorphism:0.18666666666666668
PreMatch:0.13666666666666666
TestShapeGenerator:0.04
