HibernateCursorItemReader:0.9066666666666666
HibernateCursorItemReaderStatefulIntegrationTests:0.16666666666666666
