QueriesView:0.5166666666666667
CorpusPage:0.38333333333333336
ExecuteScriptImport:0.25
TxmObjectLabelProvider:0.2
ApplicationWorkbenchAdvisor:0.19472222222222224
ConvertCorpus:0.18333333333333332
ExportSVG:0.16
ExecuteGroovyScript:0.12666666666666668
ExecuteGroovyScriptFromFile:0.12666666666666668
