TaskTable:0.37
TaskLinkage:0.35333333333333333
PassThroughEventsPanel:0.2866666666666667
TaskButton:0.2861111111111111
TaskListing:0.20666666666666667
UIData:0.04
