MutableDuration:0.43
Duration:0.4033333333333333
AbstractDuration:0.35333333333333333
