MapProperty:0.7266666666666667
PropertyDeserializer:0.3486666666666666
JsonDeserializationTest:0.13
