CacheRecord:0.6167658730158728
CacheRecordFactory:0.3233333333333333
AbstractCacheRecord:0.3
CacheDataRecord:0.22666666666666666
CacheObjectRecord:0.22666666666666666
