AnnotatedAction:0.8266666666666667
XmlFlowBuilder:0.3933333333333333
AbstractBeanInvokingAction:0.29333333333333333
