ARINCLayer:0.7666666666666667
ClientLayer:0.47333333333333333
AbstractLayer:0.29333333333333333
ARINCModelFactory:0.2633333333333333
DefaultServerBinaryDFHandler:0.25666666666666665
DefaultServerXMLDFHandler:0.24333333333333335
LayerRef:0.24277777777777781
JFXStaticParamBufferExtensionTest:0.22333333333333333
LayerImpl:0.20333333333333334
DefaultClientBinaryDFHandler:0.16333333333333333
DefaultClientXMLDFHandler:0.16
ClientOutputMessageProcessor:0.14333333333333334
StaticParamBufferExtension:0.14249338624338626
ARINC661:0.0
