TLDList:0.5033333333333333
PageFetcher:0.44333333333333336
WebURL:0.42888888888888893
