ByteSizeValue:0.7933333333333333
ByteSizeUnitTests:0.32666666666666666
