Context:0.64
Sender:0.3380952380952381
SelectorAndTransportTest:0.2833333333333333
Receiver:0.23688888888888887
UdpTransportPoller:0.21666666666666667
SenderTest:0.2
ReceiverTest:0.2
