Config:0.5
JPF:0.47333333333333333
MethodInfo:0.38666666666666666
NativePeer:0.19
DefaultInstructionFactory:0.15333333333333332
GenericInstructionFactory:0.13666666666666666
