TypeDeclarationGenerator:0.48
StatementGeneratorTest:0.3466666666666667
ObjectiveCHeaderGeneratorTest:0.2866666666666667
ObjectiveCImplementationGeneratorTest:0.28
TypeDeclarationGeneratorTest:0.22333333333333333
