PageDownstreamContext:0.52
BatchIteratorTester:0.2733333333333333
CollectingBatchConsumer:0.2227777777777778
BatchSimulatingIterator:0.20666666666666667
RemoteCollector:0.1827777777777778
PageDownstreamContextTest:0.15
InnerPreparer:0.14666666666666667
JobExecutionContextTest:0.14
