CommonEjbcaWSTest:0.6583333333333333
TestEjbcaWSNonAdmin:0.4166666666666667
TestEjbcaWS:0.36
