AbstractChannelReplicator:0.36666666666666664
ChannelReplicationTest:0.24333333333333335
TcpReplicator:0.24
UdpChannelReplicator:0.16666666666666666
