CypherParser:0.7433333333333333
CypherQueryBuilder:0.30666666666666664
