AbstractQueryTestCase:0.4666666666666667
QueryBuilders:0.4633333333333333
HasChildQueryBuilderTests:0.29611111111111116
NestedQueryBuilderTests:0.27666666666666667
MoreLikeThisQueryBuilderTests:0.27666666666666667
QueryStringQueryBuilderTests:0.2733333333333333
PercolateQueryBuilderTests:0.25333333333333335
MatchQueryBuilderTests:0.24666666666666667
WildcardQueryBuilderTests:0.23333333333333334
HasParentQueryBuilderTests:0.21
TypeQueryBuilderTests:0.2
SpanTermQueryBuilderTests:0.19666666666666666
ChildQuerySearchIT:0.18666666666666668
JoinQueryBuilders:0.04666666666666667
