HTMLElement:0.49666666666666665
Event:0.4033333333333333
JQuery1131Test:0.30333333333333334
HTMLElementTest:0.2633333333333333
MouseEvent:0.25
UIEvent:0.11333333333333333
