WebClient:0.5894444444444444
HtmlUnitDOMBuilder:0.4766666666666667
HTMLParser:0.26
WebClientTest:0.24666666666666667
