Shape:0.36666666666666664
Util:0.35333333333333333
Multiplicity:0.28
EdgeSignature:0.2633333333333333
GraphNeighEquiv:0.21333333333333335
Materialisation:0.2025
