RubyAbstractEditor:0.48333333333333334
RubyEditor:0.38333333333333336
RubyHeuristicScanner:0.2633333333333333
BracketInserter:0.17666666666666667
BracketLevel:0.11055555555555555
ExitPolicy:0.06333333333333334
ExclusivePositionUpdater:0.05333333333333334
Symbols:0.03333333333333333
