CML2WriterTest:0.49
ReactionSetManipulator:0.4266666666666667
Convertor:0.3333333333333333
