TreeNode:0.6211111111111111
SIPContent:0.5566666666666666
ConversionRules:0.31
Template:0.27977777777777774
SIPReader:0.27977777777777774
PIDGenerator:0.27977777777777774
DivNode:0.23666666666666666
FOXMLMaker:0.20333333333333334
METSReader:0.14333333333333334
FOXMLResult:0.12666666666666668
SIP2FOX:0.08055555555555555
TargetSpec:0.058333333333333334
ResolverBasedSIPContent:0.058333333333333334
FileBasedSIPContent:0.051666666666666666
TestPIDGenerator:0.03666666666666667
ZIPSIPReader:0.035
Converter:0.03166666666666667
Attribute:0.03
DatastreamTemplate:0.03
RemotePIDGenerator:0.03
PIDListReader:0.016666666666666666
ObjectTemplate:0.013333333333333334
StreamUtil:0.013333333333333334
RelSpec:0.013333333333333334
Relationship:0.013333333333333334
DataResolver:0.006666666666666667
