CharStreams:0.5566666666666666
TestCodePointCharStream:0.3566666666666667
BaseJavaTest:0.2833333333333333
TestATNLexerInterpreter:0.19
TestCharStreams:0.19
TestUnicodeGrammar:0.14333333333333334
TestRig:0.13833333333333334
