Record:0.5366666666666666
IndexStore:0.51
Index:0.4533333333333333
Packet:0.33
MapIndexService:0.23666666666666666
RequestBasedCall:0.21666666666666667
ConcurrentMapManager:0.2
DataRecordEntry:0.19666666666666666
SortedIndexStore:0.19
UnsortedIndexStore:0.18666666666666668
GroupProperty:0.18166666666666667
InPredicate:0.17
Request:0.16333333333333333
IndexTest:0.16333333333333333
ComparatorWrapper:0.08333333333333333
OptionalInfo:0.07
