PseudoFactory:0.45
SimpleInternationalString:0.44333333333333336
SimpleCitation:0.2866666666666667
PseudoEpsgFactory:0.126
MathTransformTest:0.07
