TestDate:0.5283333333333333
TestAge:0.51
TestSpouseGender:0.46
ReportValidate:0.31666666666666665
