JTBMessageTemplate:0.75
TemplateDropListener:0.27
JTBMessageDragListener:0.18666666666666668
Base64XmlAdapter:0.18333333333333332
