StudyListPage:0.4066666666666667
Mpps2MwlLinkPage:0.3333333333333333
TrashListPage:0.2866666666666667
LinkPage:0.2633333333333333
SelectPatientWindowPanel:0.18083333333333335
Mpps2MwlLinkPanelM:0.14666666666666667
ContentPanel:0.10666666666666667
