TreeView:0.3
Registry:0.25
Ruler:0.24111111111111114
TimelineView:0.23
Content:0.21666666666666667
TreeViewSettings:0.21
ColorsWidget:0.18666666666666668
TimelineViewSettings:0.17333333333333334
