BaseOAuthWrapperController:0.6741666666666667
OAuth20AccessTokenResponseGenerator:0.5439722222222223
