FeatureView:0.515
ApolloPanel:0.4633333333333333
PickViewI:0.44666666666666677
