ClassVisitorWrapper:0.642
Default:0.54
ClassVisitorWrapperChainTest:0.2833333333333333
ForInlining:0.18833333333333332
ForCreation:0.173
DebuggingWrapper:0.14277777777777775
AbstractDynamicTypeBuilderTest:0.12333333333333334
Chain:0.09333333333333334
AbstractDynamicTypeBuilderForInliningTest:0.09333333333333334
StackMapFrames:0.017388888888888888
RenamingWrapper:0.0033333333333333335
