SPORule:0.5533333333333333
ValueNode:0.27666666666666667
GCLChecker:0.2633333333333333
DefaultRuleView:0.2561111111111111
ControlTransition:0.25583333333333336
SPOEvent:0.2175
function_return:0.20666666666666667
param_return:0.20666666666666667
block_return:0.20666666666666667
program_return:0.20666666666666667
rule_return:0.20666666666666667
var_declaration_return:0.20666666666666667
CtrlAut:0.20666666666666667
statement_return:0.20666666666666667
expression_return:0.20666666666666667
functions_return:0.20666666666666667
condition_return:0.20666666666666667
AbstractGraphState:0.20416666666666666
CtrlVar:0.2
CtrlState:0.18833333333333332
DFA10:0.18
MinimalAnchorFactory:0.10666666666666667
