NDArray:0.6633333333333333
ComplexNDArray:0.5333333333333333
NDArrayUtil:0.30666666666666664
ComplexNDArrayUtil:0.24444444444444444
NDArrayTests:0.16333333333333333
ComplexNDArrayTests:0.15333333333333332
FFTSliceOp:0.11666666666666667
NDArrayUtilTests:0.08666666666666667
ComplexNDArrayUtilTests:0.02666666666666667
