Printer:0.84
GenericRepRap:0.32
PrintTabFrame:0.2833333333333333
GCodeReaderAndWriter:0.27
GCodeRepRap:0.24666666666666667
GCodeExtruder:0.24111111111111114
BotConsoleFrame:0.19333333333333333
LayerRules:0.19
