DataTipPopup:0.10457668
DataTipCell:0.053831693
ListDataTipListener:0.04961358
TableDataTipListener:0.04436726
TreeDataTipListener:0.04390236
