ConfigTest:0.45666666666666667
DemoService:0.2585555555555555
DemoServiceImpl:0.18666666666666668
DemoServiceImpl_LongWaiting:0.18
