GwtTeamingMessages:0.7208333333333333
GwtClientHelper:0.49666666666666665
GwtMainPage:0.37
