StageInfo:0.49333333333333335
StatusPrinter:0.39
QueryCompletionEvent:0.39
QueryMonitor:0.27666666666666667
