IndexSettings:0.4666666666666667
QueryShardContext:0.27
QueryStringQueryBuilder:0.27
MoreLikeThisQueryBuilder:0.21861111111111114
SimpleQueryStringBuilder:0.2111111111111111
TransportAnalyzeAction:0.19333333333333333
SimpleQueryStringBuilderTests:0.17666666666666667
IndexSettingsTests:0.13666666666666666
QueryStringQueryBuilderTests:0.11
QueryParserHelper:0.06333333333333334
