CommandReactiveService:0.48333333333333334
RedissonReactive:0.35333333333333333
CommandReactiveExecutor:0.3175
RedissonReactiveClient:0.25666666666666665
