LockStoreImpl:0.4666666666666667
ManagementCenterService:0.4033333333333333
ClusterRuntimeState:0.29333333333333333
LockService:0.21666666666666667
PartitionRuntimeState:0.2041666666666667
TaskPoller:0.2
StateSender:0.19777777777777777
LockStoreContainer:0.13
RuntimeStateRequest:0.1
