ItemOrientedStep:0.6275
ItemOrientedStepTests:0.3466666666666667
SimpleLimitExceptionHandlerTests:0.32666666666666666
