ROCMultiClass:0.4533333333333333
CountsForThreshold:0.32666666666666666
ROCTest:0.06333333333333334
