RuntimeEnvironment:0.5230555555555556
ManifestParserTestRunner:0.31666666666666665
ShadowNewPackageManagerTest:0.2966666666666667
