IsBST:0.4066666666666667
LowestCommonAncestor:0.4066666666666667
BinaryTreeEquals:0.4066666666666667
ReverseLinkedList:0.3933333333333333
