FrameDescriptor:0.47333333333333333
LossHandlerTest:0.46
LogReader:0.24
LogScanner:0.23333333333333334
LogBufferDescriptor:0.20222222222222225
