ClickableElementTest:0.5266666666666666
HtmlAnchorTest:0.25666666666666665
NodeTest:0.23333333333333334
HtmlRadioButtonInputTest:0.2
HTMLIFrameElementTest:0.2
HTMLFrameElementTest:0.2
ThreadManagerTest:0.19333333333333333
HTMLFrameSetElementTest:0.17
ScreenTest:0.14
