OAuth20AccessTokenControllerTests:0.44333333333333336
OidcDynamicClientRegistrationEndpointController:0.32933333333333337
OAuth20AuthorizeControllerTests:0.31333333333333335
OidcCallbackAuthorizeViewResolver:0.27666666666666667
OAuth20AuthorizeController:0.21666666666666667
OidcConfiguration:0.21
OAuth20AccessTokenController:0.19666666666666666
OidcWellKnownEndpointController:0.18666666666666668
