FlowDefinitionRegistryImpl:0.4816666666666667
DefaultFlowServiceLocator:0.3388095238095238
FlowRegistryPopulationTests:0.31
FlowExecutionImplTests:0.16
FlowExecutorImpl:0.14666666666666667
FlowDefinitionLocator:0.10487301587301587
