ActionInvokerImpl:0.6922222222222223
NutModule:0.5019444444444445
