SWTRenderer:0.54
JChemPaintWidget:0.36
BestStructureView:0.18916666666666668
JChemPaintSWTWidget:0.18305555555555558
MoleculesEditorLabelProvider:0.16
JChemPaintView:0.13333333333333333
