RecordParser:0.485
StringUtils:0.48333333333333334
Logic:0.4266666666666667
