FileContentProvider:0.5736666666666667
BibtexContentProvider:0.5736666666666667
