MddToClass:0.7033333333333334
MddToMapping:0.44333333333333336
