In:0.66
RequestScopeInjector:0.35333333333333333
ScopeDataResolver:0.32666666666666666
BaseScopeInjector:0.24
ApplicationScopeInjector:0.18
SessionScopeInjector:0.14
