ShellComponent:0.6155555555555556
BasicComponent:0.6016666666666667
SarosMainMenuComponent:0.595
RosterViewComponent:0.595
SarosPEViewComponent:0.595
RosterViewComponentImp:0.43333333333333335
PEViewComponentImp:0.42333333333333334
SarosPEViewComponentImp:0.37333333333333335
ShellComponentImp:0.34
SessionViewComponentImp:0.3333333333333333
SarosMainMenuComponentImp:0.31666666666666665
BasicComponentImp:0.3
EclipseComponent:0.29503968253968255
EditorComponenttImp:0.28800000000000003
MainMenuComponentImp:0.2733333333333333
RSViewComponentImp:0.2546666666666667
TestSVNStateUpdates:0.25
TestRosterViewComponent:0.23666666666666666
Musician:0.224
TestShareProjectUsingExistingProject:0.19666666666666666
BasicPart:0.17333333333333334
STFController:0.15333333333333332
TestMainMenuComponent:0.09
