DummyDao:0.5533333333333333
LdapAndJdbcDummyDaoImpl:0.47
LdapDummyDaoImpl:0.47
DirContextProxy:0.4666666666666667
LdapTransactionUtils:0.36
ContextSourceTransactionManagerIntegrationTest:0.3333333333333333
ContextSourceAndDataSourceTransactionManagerIntegrationTest:0.32666666666666666
DirContextHolder:0.30666666666666664
TempEntryRenamingStrategy:0.2833333333333333
ContextSourceAndDataSourceTransactionManager:0.27666666666666667
CompensatingTransactionHolderSupport:0.21333333333333335
RebindOperationRecorder:0.21
ModifyAttributesOperationRecorderTest:0.20666666666666667
DefaultTempEntryRenamingStrategyTest:0.20005555555555554
UnbindOperationRecorder:0.18333333333333332
LdapTransactionUtilsTest:0.15666666666666668
DefaultCompensatingTransactionOperationManagerTest:0.14333333333333334
TransactionAwareContextSourceProxy:0.1375
UnbindOperationExecutorTest:0.13666666666666666
ModifyAttributesOperationExecutorTest:0.13666666666666666
RenameOperationExecutorTest:0.13666666666666666
BindOperationExecutorTest:0.13666666666666666
RebindOperationExecutorTest:0.13333333333333333
ModifyAttributesOperationRecorder:0.11333333333333333
LdapCompensatingTransactionOperationFactory:0.11
BindOperationRecorder:0.10333333333333333
RenameOperationRecorder:0.10333333333333333
RenameOperationRecorderTest:0.09666666666666665
RebindOperationExecutor:0.09333333333333334
BindOperationExecutor:0.09333333333333334
RenameOperationExecutor:0.09333333333333334
ModifyAttributesOperationExecutor:0.09333333333333334
UnbindOperationExecutor:0.09333333333333334
AbstractCompensatingTransactionManagerDelegate:0.0811111111111111
DummyException:0.07980555555555556
ContextSourceTransactionManagerDelegate:0.0761111111111111
TransactionAwareDirContextInvocationHandler:0.06833333333333333
ContextSourceTransactionManagerTest:0.056666666666666664
ContextSourceTransactionManager:0.055
CompensatingTransactionUtils:0.04666666666666667
LdapCompensatingTransactionOperationFactoryTest:0.04666666666666667
DifferentSubtreeTempEntryRenamingStrategy:0.03333333333333333
CompensatingTransactionUtilsTest:0.03
DefaultCompensatingTransactionOperationManager:0.02666666666666667
UnbindOperationRecorderTest:0.02
RebindOperationRecorderTest:0.02
DifferentSubtreeTempEntryRenamingStrategyTest:0.017777777777777778
TransactionAwareContextSourceProxyTest:0.016666666666666666
CompensatingTransactionObject:0.013333333333333334
DefaultTempEntryRenamingStrategy:0.013333333333333334
BindOperationRecorderTest:0.013333333333333334
NullOperationExecutor:0.01
NullOperationRecorder:0.0033333333333333335
DummyServiceImpl:0.0
