XmlResourceParserImpl:0.3933333333333333
ShadowEnvironmentTest:0.31666666666666665
ShadowSpannableStringBuilderTest:0.2866666666666667
ShadowBitmapFactory:0.2833333333333333
RobolectricTestRunner:0.2733333333333333
XmlFileLoaderTest:0.21333333333333335
ShadowSpannableStringBuilder:0.21
SdkConfig:0.19083333333333333
