AuthenticationRequest:0.58
ClientEndpointImpl:0.5574444444444445
AuthenticationBaseMessageTask:0.38666666666666666
