Entities:0.44333333333333336
Tokeniser:0.34
SelectorTest:0.28
EntitiesTest:0.19
TextNodeTest:0.16666666666666666
AttributeTest:0.08666666666666667
