LinearProgressDrawable:0.5366666666666666
ProgressView:0.44
CircularProgressDrawable:0.43333333333333335
