AdductFormula:0.4166666666666667
MolecularFormulaTest:0.3466666666666667
AdductFormulaTest:0.31
MolecularFormulaSetTest:0.19333333333333333
ChemSequenceTest:0.19333333333333333
