GsonConverterFactory:0.5466666666666666
GsonRequestBodyConverter:0.38666666666666666
GsonResponseBodyConverter:0.38666666666666666
GsonConverterFactoryTest:0.22
