CheckedProviderTest:0.44
ProvisionExceptionTest:0.43666666666666665
CircularDependencyTest:0.2833333333333333
SingleParameterInjector:0.17333333333333334
