TeamingServiceEndpoint:0.44333333333333336
ProfileService:0.4326666666666667
BinderService:0.32599999999999996
JaxRpcFacade:0.30666666666666664
BaseService:0.29
DefinitionService:0.2826666666666667
SearchService:0.2826666666666667
TemplateService:0.2826666666666667
WSClient:0.2796666666666667
PrincipalBrief:0.23
ProfileServiceImpl:0.18666666666666668
SearchServiceImpl:0.09666666666666666
BinderServiceImpl:0.06
DefinitionServiceImpl:0.016666666666666666
TemplateServiceImpl:0.016666666666666666
