MathParser:0.545
LatexMathParser:0.21666666666666667
SimpleMathParser:0.13333333333333333
AsciiMathParser:0.13333333333333333
