Exploration:0.5566666666666666
Simulator:0.38333333333333336
Serialized:0.37333333333333335
Scope:0.37
ExplorationDialog:0.34
DefaultFileSystemStore:0.30666666666666664
GCLDeterminismChecker:0.3
GTS:0.28
LTSJModel:0.24666666666666667
TypeGraph:0.23583333333333334
SystemProperties:0.22666666666666666
JAttr:0.22166666666666668
SymbolTable:0.21
LaunchThread:0.20333333333333334
Version:0.18444444444444444
DocumentedSelection:0.17666666666666667
Enumerator:0.16666666666666666
DefaultExplorationValidator:0.14333333333333334
StrategyEnumerator:0.13666666666666666
ConditionalModeArgument:0.11416269841269842
CheckInvModeArgument:0.11416269841269842
OptionArgument:0.10666666666666667
MaterializeRuleApplicationAcceptor:0.08
AcceptorEnumerator:0.04
MaterializeCheckInvariantAcceptor:0.023333333333333334
MaterializeConditionalBFSStrategy:0.023333333333333334
RuleArgument:0.01
EnabledRule:0.006666666666666667
StatusPanel:0.006666666666666667
