ExportProvider:0.7508333333333334
ImportProviderImpl03:0.3566666666666667
ExportProviderImpl03:0.30666666666666664
ExportProviderImpl021:0.2866666666666667
Main:0.16333333333333333
