SessionImpl:0.5233333333333333
HibernateEntityManagerImplementor:0.4746666666666667
SessionDelegatorBaseImpl:0.3566666666666667
AbstractSharedSessionContract:0.3233333333333333
SharedSessionContractImplementor:0.2966666666666667
ProcedureCallImpl:0.28777777777777774
AbstractProducedQuery:0.25333333333333335
TransactionImpl:0.15666666666666668
TransactionCommitFailureTest:0.13666666666666666
ExceptionMapperLegacyJpaImpl:0.13666666666666666
