ArrayList:0.4533333333333333
ArrayQueue:0.42333333333333334
ArrayStack:0.42333333333333334
