Executor:0.47333333333333333
PermissionDAO:0.31
ExecutorLogic:0.27666666666666667
TaskNode:0.23333333333333334
BpmnXmlReader:0.19666666666666666
MultiTaskNode:0.18642857142857144
PrivelegedMapping:0.16333333333333333
TypeConversionUtil:0.1622222222222222
