ApplicationEntityManager:0.7566666666666667
ApplicationEntityManagerImpl:0.42
WebserviceBean:0.27666666666666667
WebserviceBeanRemote:0.25666666666666665
KuwaibaService:0.19666666666666666
