Extruder:0.9033333333333333
LayerRules:0.2986111111111111
LayerProducer:0.27777777777777773
Producer:0.2511111111111111
GenericCartesianPrinter:0.23
GenericExtruder:0.21
