RedissonPubSubStore:0.5183333333333333
RedissonStoreFactory:0.5066666666666667
RedissonStore:0.2866666666666667
