RuleKey:0.4033333333333333
QedeqVoBuilder:0.38333333333333336
WellFormedCheckerExecutor:0.3433333333333333
DefaultExistenceChecker:0.23666666666666666
LogicErrors:0.12111111111111111
