Toolbar:0.58
ExpansionPanel:0.4633333333333333
TextMarker:0.2544444444444445
WidgetsActivity:0.11
