DefinitionModuleImpl:0.545
AdminModuleImpl:0.37333333333333335
CoreDaoImpl:0.36333333333333334
