EverydayFragment:0.6191666666666666
NavHomePageActivity:0.43666666666666665
