NeuralNetworkTopComponent:0.5722222222222222
NeuronPropertiesFrameTopComponent:0.4766666666666667
TrainingDataFileDialog:0.36666666666666664
