Packet:0.57
BaseManager:0.43666666666666665
TestMapStore:0.37333333333333335
