TestActionTranslation:0.5733333333333334
ActionTranslator:0.445
Target:0.265
OutputModelWalker:0.14333333333333334
