IonpotCoverageTest:0.9866666666666667
MionpotTests:0.013333333333333334
