AngleBending:0.5066666666666667
ForceFieldTests:0.27666666666666667
LineSearch:0.25666666666666665
StretchBendInteractions:0.22333333333333333
MMFF94EnergyFunction:0.19583333333333336
ConjugateGradientMethod:0.013333333333333334
