FeaturesConfig:0.6533333333333333
SystemSessionProperties:0.32
TestMergeWindows:0.30666666666666664
TestFeaturesConfig:0.24666666666666667
TestReorderWindows:0.22055555555555556
