ReferenceInfo:0.4033333333333333
Builder:0.38
DocIndexMetaData:0.33
InsertAnalysis:0.21333333333333335
Analysis:0.21
TestSqlParser:0.19333333333333333
SysNodesTableInfo:0.15666666666666668
DocIndexMetaDataTest:0.13333333333333333
ReferenceInfosITest:0.09666666666666666
InsertStatementAnalyzer:0.08666666666666667
