PagingPredicate:0.49
ClientSortLimitTest:0.25666666666666665
MapTransactionTest:0.23333333333333334
SortLimitTest:0.17333333333333334
ClientMapIssueTest:0.13666666666666666
TestComparator:0.08
