SimpleSubscriber:0.6621071428571426
SimplePublisher:0.56
MultipleSubscribersWithFragmentAssembly:0.5444444444444445
