NutMap:0.31
Tmpl:0.30333333333333334
NutBean:0.25833333333333336
TmplFloatEle:0.16
TmplDateEle:0.16
TmplDoubleEle:0.16
TmplLongEle:0.16
TmplStringEle:0.16
TmplBooleanEle:0.16
TmplIntEle:0.16
NutMessageLoader:0.08333333333333333
NutMessageMap:0.06
TmplStaticEle:0.019166666666666665
TmplDynamicEle:0.006666666666666667
