ModuleManager:0.5066666666666667
ModuleTestBase:0.42333333333333334
Module:0.33
CustomerTest:0.31333333333333335
