GedcomDialog:0.75
Edit:0.30333333333333334
EditSource:0.2633333333333333
EditNote:0.24333333333333335
