Files:0.7466666666666667
DefaultClassDefiner:0.37444444444444447
AsmClassAgent:0.09333333333333334
