RedissonTopic:0.59
RedissonBloomFilter:0.5216666666666666
RedissonTopicReactive:0.36666666666666664
