Robot:0.5933333333333334
AWT:0.49666666666666665
Action:0.45666666666666667
ComponentTester:0.44666666666666666
Assert:0.42333333333333334
Bugs:0.4166666666666667
ComponentReference:0.4033333333333333
Script:0.3933333333333333
Event:0.36666666666666664
StepRunner:0.36
Strings:0.3433333333333333
Launch:0.32666666666666666
AWTHierarchy:0.27666666666666667
EventRecorder:0.2633333333333333
CompactHierarchy:0.2633333333333333
Appletviewer:0.25333333333333335
StepRunnerTest:0.25
ComponentTestFixtureTest:0.24666666666666667
ScriptEditor:0.24333333333333335
ComponentRecorder:0.24333333333333335
JComponentTester:0.23333333333333334
Annotation:0.23
ArgumentParserTest:0.22666666666666666
LookAndFeelPreserver:0.22444444444444447
JTreeTester:0.22333333333333333
JGraphLocation:0.22333333333333333
ComponentRecorderTest:0.22333333333333333
InputStateTest:0.22
RobotTest:0.22
ForkedStepRunner:0.21666666666666667
BugsTest:0.21666666666666667
ComponentTestFixture:0.21666666666666667
ComponentTesterTest:0.21333333333333335
Renderer:0.21
ComponentNodeTest:0.20666666666666667
JSplitPaneTester:0.20666666666666667
ScriptEditorFrame:0.20333333333333334
AbstractComponentDecoratorTest:0.20333333333333334
FileComparatorTest:0.2
ComponentReferenceTest:0.2
Expression:0.19333333333333333
ScriptTableTest:0.19333333333333333
CaptureDragDropTest:0.19333333333333333
RobotDragDropTest:0.19
CompactHierarchyTest:0.18666666666666668
Mnemonic:0.18666666666666668
ScriptTestCollector:0.18333333333333332
AWTHierarchyTest:0.18333333333333332
EventDispatchExceptionHandlerTest:0.18333333333333332
JTextComponentRecorder:0.1825
PathClassLoaderTest:0.18166666666666667
LookAndFeelPreserverTest:0.18
HierarchyWriterTest:0.175
JSplitPaneTesterTest:0.17
JInternalFrameTester:0.17
LaunchEditorTest:0.16666666666666666
PropertyCallEditorTest:0.16666666666666666
JScrollBarTester:0.16666666666666666
ComponentPropertyModel:0.16666666666666666
ScriptFixture:0.16666666666666666
SystemState:0.16666666666666666
JFileChooserTesterTest:0.16333333333333333
ComponentTreeTest:0.16333333333333333
AppClassLoaderTest:0.16
JComboBoxTester:0.16
EventNormalizer:0.15333333333333332
EditorAction:0.15333333333333332
JTabbedPaneRecorderTest:0.15333333333333332
RobotAWTModeTest:0.14666666666666667
ProcessOutputHandlerTest:0.14666666666666667
SimpleApplet:0.14666666666666667
CheckboxTesterTest:0.14
FocusWatcher:0.13333333333333333
ButtonTesterTest:0.13333333333333333
WeakAWTEventListenerTest:0.13333333333333333
ScriptTestSuiteTest:0.12666666666666668
EditorStepRunner:0.12
JGraphTester:0.11333333333333333
FrameTesterTest:0.11333333333333333
EDTExceptionCatcher:0.11
AWTFixtureHelper:0.10833333333333334
ActionEditor:0.10333333333333333
Exit:0.09766666666666667
EDTErrorStep:0.09
SystemStateTest:0.08666666666666667
SequenceEditor:0.08333333333333333
AWTConstants:0.08
JListRecorder:0.08
JTableRecorder:0.08
AppEventQueue:0.08
SlaveStepRunner:0.07666666666666666
JTreeRecorder:0.07666666666666666
ContextTracker:0.07333333333333333
ForkedStepRunnerTest:0.04666666666666667
MyCodeStressTest:0.02666666666666667
ExitHandler:0.0033333333333333335
TestEDTError:0.0025
