GwtTeamingMessages:0.506388888888889
UIData:0.4033333333333333
GwtClientHelper:0.33
EntityId:0.31666666666666665
ActionMenuCell:0.21666666666666667
DataTableFolderViewBase:0.21666666666666667
GwtTeamingDataTableImageBundle:0.2
VibeDataTableConstants:0.014285714285714285
ActionMenuColumn:0.01111111111111111
