ApplicationPreferences:0.5533333333333333
ERDesignerComponent:0.49
ERDesignerBundle:0.3765555555555556
JGraphEditor:0.3
GenericModelEditor:0.25916666666666666
Java3DEditor:0.23666666666666666
FadeInFadeOutHelper:0.1988888888888889
Java2DEditor:0.17
ReverseEngineerCommand:0.16666666666666666
SaveToFileCommand:0.14666666666666667
OpenFromFileCommand:0.14
SaveToRepositoryCommand:0.11333333333333333
OpenFromRepositoryCommand:0.11333333333333333
