Series:0.6533333333333333
Instance:0.5033333333333333
Study:0.44666666666666666
