GwtServerHelper:0.7066666666666667
GwtActivityStreamHelper:0.4633333333333333
GwtRpcServiceImpl:0.37333333333333335
