TestApp:0.5266666666666666
TransactionImpl:0.4533333333333333
XAResourceImpl:0.36333333333333334
ServiceLoader:0.22699999999999998
TxnPrepareOperation:0.22
TxnLockAndGetOperation:0.205
