Wallet:0.58
WalletProtobufSerializerTest:0.2966666666666667
WalletProtobufSerializer:0.24
WalletTest:0.18333333333333332
WalletExtensionSerializerRandom:0.06666666666666667
WalletExtension:0.06
