UnannotatedLocusStrategy:0.6033333333333334
AssignTasks:0.31333333333333335
