OtherTestClass:0.6586666666666667
SpecificationResolver:0.6066666666666667
MyTestClass:0.443734126984127
SpecificationResolverTest:0.33666666666666667
ClassTestDescriptor:0.19666666666666666
