AllSTLsToBuild:0.7866666666666666
Main:0.4988888888888889
MachineFactory:0.4
