BaseParameters:0.4633333333333333
CwbProcess:0.2561111111111111
ApplyXsl2:0.25333333333333335
XMLTXMFileRuledConversion:0.25
IOUtils:0.23555555555555557
ImportModule:0.20583333333333334
CwbEncode:0.2
CorpusRuledConvertion:0.02666666666666667
