DerivativeReducer:0.5133333333333333
DerivativeParser:0.26
DerivativeBuilder:0.10833333333333334
DerivativeTests:0.056666666666666664
