ReportModule:0.64
MailModuleImpl:0.31666666666666665
BinderModuleImpl:0.2733333333333333
ProfileDaoImpl:0.2733333333333333
ReportModuleImpl:0.25666666666666665
RelevanceDashboardHelper:0.19666666666666666
SearchServiceImpl:0.13333333333333333
