SysJobsLogTableInfo:0.5966666666666667
StatsTables:0.38333333333333336
OperationsLogIterableGetter:0.3623161375661375
NoopQueue:0.32666666666666666
NodeSettingListener:0.31
InformationSchemaTest:0.29333333333333333
TransportSQLActionClassLifecycleTest:0.25
DistributedRequestContextManager:0.19666666666666666
ReferenceInfosITest:0.19666666666666666
SystemCollectService:0.09
MetaDataSysModule:0.08666666666666667
CollectServiceResolver:0.08666666666666667
MapSideDataCollectOperation:0.04
