BaseLayer:0.4041666666666667
GravesLSTM:0.30666666666666664
GRU:0.24333333333333335
GravesBidirectionalLSTM:0.225
ConvolutionLayer:0.21666666666666667
ImageLSTM:0.1927777777777778
