WmsService:0.4633333333333333
Update:0.31
Identify:0.21666666666666667
Reset:0.14333333333333334
