MetaWeblogAPIHandler:0.4866666666666667
BloggerAPIHandler:0.3875
MovableTypeAPIHandler:0.29333333333333333
