JobExplorer:0.6571111111111111
JobRepository:0.49599999999999983
SimpleJobOperatorTests:0.35
JobRepositorySupport:0.28
SimpleJobOperator:0.25777777777777783
SimpleJobExplorer:0.185
SimpleJobExplorerTests:0.18333333333333332
SimpleJobRepositoryTests:0.13333333333333333
SimpleJobRepository:0.10666666666666667
