GwtTeamingMessages:0.5427777777777776
EntryMenuPanel:0.5166666666666667
