CA:0.7266666666666667
SignSessionBean:0.36
X509CA:0.30666666666666664
CvcCA:0.2866666666666667
