Parser:0.41
Generator:0.37666666666666665
Type:0.3416666666666667
InfoMap:0.2733333333333333
Context:0.19333333333333333
