DefaultEmailFormatter:0.48333333333333334
NotifyBuilderUtil:0.41333333333333333
NotifyVisitor:0.36666666666666664
NotifyBuilderEntry:0.21
AbstractNotifyBuilder:0.15666666666666668
