ComponentTester:0.5833333333333334
ArrowButton:0.42
ArrowButtonTest:0.4066666666666667
AbbotHelper:0.2633333333333333
ScriptEditorTest:0.17111111111111113
