SearchService:0.6633333333333333
BaseAsyncAction:0.21333333333333335
ScrollFetchByIdTransportHandler:0.1943968253968254
SearchFetchByIdTransportHandler:0.18
AsyncAction:0.14
SearchServiceTransportAction:0.13666666666666666
FetchByIdTransportHandler:0.04666666666666667
