MapContainer:0.5708333333333333
AbstractRecordStore:0.4266666666666667
AbstractMapServiceContextSupport:0.25333333333333335
MapServiceContextSupport:0.22166666666666668
