LoggingListener:0.79
QueryDebuggingInfo:0.34
LoggerPane:0.25666666666666665
ServerDebugger:0.23
DebugListener:0.19333333333333333
CMC_logResultSet:0.1511111111111111
