AllocationService:0.57
GatewayAllocator:0.4266666666666667
NoopGatewayAllocator:0.37333333333333335
MaxRetryAllocationDeciderTests:0.18
PrimaryTermsTests:0.17666666666666667
FailedShardsRoutingTests:0.16666666666666666
UnassignedInfoTests:0.16
ClusterStateChanges:0.1325
ClusterRerouteTests:0.11666666666666667
DelayedShardsMockGatewayAllocator:0.0825
ShardFailedClusterStateTaskExecutor:0.03666666666666667
