XLParser:0.48
Compiler:0.37
CompilerBase:0.3433333333333333
Producer:0.17333333333333334
XLTokenizer:0.12916666666666668
JavaTokenizer:0.03666666666666667
CompilerTokenTypes:0.0
XLTokenTypes:0.0
