TestCacheStateMachineAudit:0.51
TestCommitCacheAudit:0.31666666666666665
InitializeLazyCacheTest:0.3
DaemonSafeThread:0.25
TestGetCacheAudit:0.23666666666666666
TestStageSwitchAudit:0.16333333333333333
TestCompleteTransactionAudit:0.12333333333333334
TestOnChangeAudit:0.12
UninitializeCacheTest:0.09
TestLazyCache:0.08333333333333333
TestCacheIface:0.07666666666666666
TestLazyCacheProxy:0.04
TestInitializationErrorAudit:0.01
