ManagedChannelImpl2:0.6266666666666667
ManagedChannelImpl2Test:0.42
LbHelperImpl:0.24555555555555558
ManagedChannelImpl2IdlenessTest:0.24
FakeStatsContextFactory:0.18
