SimpleWebTable:0.5733333333333334
SurveillanceViewController:0.3
DefaultSurveillanceService:0.2833333333333333
SurveillanceService:0.2711428571428571
DefaultSurveillanceServiceIntegrationTest:0.17666666666666667
