Cursor:0.48
ResultQuery:0.3559999999999999
SelectImpl:0.32
DAO:0.2833333333333333
CursorImpl:0.24333333333333335
DSLContext:0.20083333333333334
UpdateImpl:0.1571031746031746
DeleteImpl:0.1571031746031746
InsertImpl:0.1571031746031746
DefaultDSLContext:0.15666666666666668
AbstractResultQuery:0.1
InsertResultStep:0.04
DeleteResultStep:0.04
UpdateResultStep:0.04
