ConnectionTypeDescriptor:0.618
AbstractConnectionTypeDescriptor:0.4533333333333333
WeblogicConnectionTypeDescriptor:0.20666666666666667
JSR160ConnectionNode:0.15333333333333332
Weblogic9Jsr77ConnectionTypeDescriptor:0.14666666666666667
Weblogic9ConnectionTypeDescriptor:0.14666666666666667
