AbstractAuthenticationToken:0.8036666666666666
X509AuthenticationTokenTests:0.30666666666666664
