Event:0.4533333333333333
HtmlElement:0.41333333333333333
ClickableElement:0.2833333333333333
EventTest:0.11333333333333333
