Buffer:0.57
TokenMarker:0.42
ParserRuleSet:0.2833333333333333
AboutPanel:0.27666666666666667
SearchAndReplace:0.2213888888888889
BufferPrintable:0.21333333333333335
ChunkCache:0.17666666666666667
KeywordMap:0.12666666666666668
