Collection:0.53
AbstractCollectionPersister:0.385
SimpleValue:0.3
Ejb3Column:0.2624444444444444
PersistentMapTest:0.13666666666666666
