Tabs:0.6533333333333333
FilterHelper:0.4066666666666667
SearchController:0.31
