NameValuePair:0.88
EditIssueFormAction:0.33666666666666667
CreateIssueFormAction:0.21333333333333335
