PassiveStatusKeeper:0.6966666666666667
PassiveServiceMonitor:0.31333333333333335
LoopMonitor:0.25333333333333335
LoopPlugin:0.07333333333333333
PassiveStatusKeeperTest:0.06666666666666667
LoopPluginTest:0.03833333333333333
LoopMonitorTest:0.021944444444444447
