DOTranslationUtility:0.57
Datastream:0.4166666666666667
AtomDOSerializer:0.38333333333333336
BasicDigitalObject:0.37666666666666665
FOXMLDOSerializer:0.37333333333333335
TestAPIM:0.30333333333333334
AtomDODeserializer:0.2833333333333333
Export:0.27666666666666667
AtomAPIMMessage:0.26666666666666666
METSFedoraExtDOSerializer:0.2633333333333333
DefaultAccess:0.21666666666666667
FedoraServerTestCase:0.19333333333333333
METSFedoraExtDODeserializer:0.19333333333333333
AutoExporter:0.19305555555555554
TestXMLDODeserializer:0.18
AllAPITests:0.15666666666666668
TestAPIALiteConfigA:0.14666666666666667
TestTomcatServerXML:0.12333333333333334
TestFedoraWebXML:0.12333333333333334
DOValidatorXMLSchemaTest:0.11333333333333333
ValidateSchematronTest:0.11333333333333333
ExportOptionsDialog:0.095
Constants:0.08333333333333333
TranslationTest:0.07916666666666666
TestCommandLineFormats:0.056666666666666664
DOTranslatorModule:0.05333333333333334
QName:0.05333333333333334
NamespaceContextImpl:0.051666666666666666
ConvertObjectSerialization:0.04666666666666667
TestAtomDOSerializer:0.043333333333333335
DOTranslationUtilityTest:0.043333333333333335
ObjectFormatDialog:0.04
NamespaceContextImplTest:0.03666666666666667
AllUnitTests:0.03333333333333333
TestAtomDODeserializer:0.02
FedoraModelNamespace:0.006666666666666667
MimeTypeUtils:0.0033333333333333335
ATOM1_0Format:0.0
