BshDatabaseWriterFilter:0.48
DynamicDatabaseWriterFilter:0.4033333333333333
DataLoaderService:0.37666666666666665
LoadFilterService:0.3
JavaDatabaseWriterFilter:0.03
