AbstractExpressionParser:0.46
SimpleExpressionTests:0.33
BeanWrapperExpressionParser:0.17666666666666667
OgnlExpressionParser:0.16666666666666666
