Account:0.7033333333333334
BankService:0.24
BankDao:0.24
BankDaoStub:0.02666666666666667
BankServiceImpl:0.02
SeedData:0.012222222222222221
PostAccounts:0.006666666666666667
ListAccounts:0.005555555555555555
