AsyncProvidersBasicTest:0.5888888888888889
AsyncStreamHandlerTest:0.32
NettyResponseFuture:0.2833333333333333
