HtmlRuby:0.34291269841269834
HtmlRp:0.34291269841269834
HtmlRt:0.34291269841269834
DefaultElementFactory:0.31333333333333335
HTMLElementTest:0.27666666666666667
HTMLElementsTest:0.25666666666666665
HTMLParser2Test:0.25666666666666665
HTMLPhraseElement:0.24666666666666667
