DefaultDOManager:0.6033333333333334
SQLRebuilder:0.31333333333333335
