JTBSession:0.625
ActiveMQQManager:0.41333333333333333
QManagerHelpDialog:0.38333333333333336
