TextEditorCore:0.6416666666666667
CachedImageView:0.3566666666666667
ImageEditorDesigner:0.29333333333333333
