Cfg:0.6766666666666666
QueryHitHost:0.3433333333333333
HttpClientError:0.3269444444444444
GeneralUIPane:0.20666666666666667
NetworkPane:0.14333333333333334
EncodingUtil:0.06666666666666667
