AndroidInput:0.62
SensorListener:0.30333333333333334
GdxTestActivity:0.17333333333333334
AndroidApplicationConfiguration:0.016666666666666666
