ClientTransport:0.5533333333333333
OkHttpClientTransportTest:0.26666666666666666
NettyClientHandler:0.24333333333333335
TransportListener:0.24
DelayedStreamTest:0.22166666666666668
ManagedChannelImplTest:0.21833333333333332
TransportSetTest:0.20666666666666667
TransportSet:0.18333333333333332
TestUtils:0.16
NettyClientTransportTest:0.14
ManagedChannelImplTransportManagerTest:0.13166666666666665
InProcessTransport:0.09
MockClientTransportInfo:0.07
BaseTransportListener:0.006666666666666667
