SymbolTable:0.7212222222222222
TypeChecker:0.5972222222222223
