MainFrame:0.5866666666666667
BaseFrame:0.5166666666666667
SplashWindow:0.25333333333333335
