MoleculesEditor:0.5766666666666667
MultiPageMoleculesEditorPart:0.3566666666666667
MoleculesOutlinePage:0.34
MoleculeEditorElement:0.32
MoleculesFromSDF:0.20333333333333334
