ProcessDefinition:0.43666666666666665
GraphElement:0.4166666666666667
JpdlVersionRegistry:0.3233333333333333
ParContentProvider:0.29833333333333334
JpdlSerializer_3_2:0.22333333333333333
SimpleErrorHandler:0.18833333333333332
DesignerEditor:0.18666666666666668
ExportParWizardPage:0.18666666666666668
JpdlSerializer:0.13
From2JpdlModelConverter:0.13
