StructureResonanceGenerator:0.5216666666666666
StructureResonanceGeneratorTest:0.39666666666666667
RearrangementLonePairReactionTest:0.19333333333333333
RearrangementChargeMechanism:0.14777777777777779
