J2DPrismGraphics:0.6533333333333333
SnapshotConfiguration:0.4255555555555556
