TaskQueueChecker:0.48
JPPFPriorityQueue:0.47
SubmissionManagerClient:0.43333333333333335
BroadcastTask:0.2013095238095238
BroadcastJobRunner:0.1825
ClientJobPriorityComparator:0.11
