InsertIntoIntegrationTest:0.31666666666666665
VersionHandlingIntegrationTest:0.27666666666666667
UpdateAnalyzerTest:0.25666666666666665
UpdateIntegrationTest:0.25333333333333335
WhereClauseAnalyzerTest:0.24
DeletePlannerTest:0.23
Visitor:0.21694444444444447
SelectPlannerTest:0.21666666666666667
UpdateAnalyzer:0.15833333333333333
JobIntegrationTest:0.15
