This:0.18646125
Name:0.17945436
NameSpace:0.14052811
BlockNameSpace:0.06004798
BeanShellFacade:0.059666302
JThis:0.03624091
BeanShell:0.033378083
BeanShellAction:0.022322012
