BSHIfStatement:0.33272988
SimpleNode:0.16758087
EvalError:0.07601817
Interpreter:0.068228364
Parser:0.029381467
CallStack:0.017986007
