BshClassLoader:0.17107527
BeanShellFacade:0.032010477
