JEditBuffer:0.07590676
TextAreaPainter:0.06997686
DisplayManager:0.06616009
ChunkCache:0.05277995
BeanShellFacade:0.04977054
InputHandler:0.04421965
GrabKeyDialog:0.036101457
LineManager:0.03253784
KeyEventWorkaround:0.032449428
ScrollLineCount:0.012149905
