NameSpace:0.21415906
BshClassManager:0.19857171
Name:0.19341043
BSHPrimarySuffix:0.16909587
This:0.16815254
BeanShellFacade:0.16475701
TargetError:0.1622588
ClassGeneratorImpl:0.14210005
UtilEvalError:0.12511297
SimpleNode:0.113540314
Reflect:0.11144929
BSHBinaryExpression:0.10579208
EvalError:0.104683004
BSHEnhancedForStatement:0.10230456
BeanShell:0.09541147
CallStack:0.09500336
BlockNameSpace:0.09147103
BSHCastExpression:0.087629795
BSHAssignment:0.083956465
BSHType:0.08325792
ParseException:0.076594464
BSHUnaryExpression:0.0758806
BSHSwitchStatement:0.07510061
LHS:0.0736434
BSHClassDeclaration:0.070361964
BSHThrowStatement:0.06738943
BSHIfStatement:0.062998585
BSHArguments:0.06271226
BSHTernaryExpression:0.062198382
BSHReturnStatement:0.05927177
BSHSwitchLabel:0.058294907
Parser:0.05440137
BSHStatementExpressionList:0.054007426
BSHFormalParameter:0.052067414
ConsoleInterface:0.051358063
BshClassLoader:0.050514236
JThis:0.04986734
Primitive:0.0418274
BSHFormalParameters:0.039683443
CommandLineReader:0.026390651
TokenMgrError:0.016386315
InterpreterError:0.015602794
JavaCharStream:0.009964918
ReturnControl:0.009021585
JJTParserState:0.007596994
