Token:0.09344521
Interpreter:0.08253494
Parser:0.06850033
EvalError:0.028389743
