AccumulatorStateFactory:0.6333333333333333
StateCompiler:0.38666666666666666
AccumulatorCompiler:0.38333333333333336
GenericAccumulatorFactory:0.26666666666666666
AggregationCompiler:0.21
CompilerOperations:0.11944444444444442
AggregationUtils:0.07333333333333333
DigestAndPercentileStateFactory:0.04
HyperLogLogStateFactory:0.04
