StoreScp:0.535
FileBean:0.43666666666666665
SqlBuilder:0.3388888888888889
