DB:0.7166666666666667
MongoCredential:0.36333333333333334
MongoClientURI:0.3466666666666667
DBPort:0.24333333333333335
GSSAPICredentialsExample:0.09922222222222223
MongoClientURITest:0.03333333333333333
MongoCredentialTest:0.028888888888888895
MongoURITest:0.021111111111111112
