ArrayType:0.44666666666666666
Vector:0.42
BitMappedTrie:0.36333333333333334
Collections:0.28
IterableWithSize:0.255
