Configuration:0.7566666666666667
RuntimeEnvironment:0.45
HistoryGuru:0.35777777777777775
RuntimeEnvironmentTest:0.2633333333333333
