BPartnerHistory:0.6933333333333334
InfoBPartner:0.5666666666666667
