QueryBuilders:0.49
Item:0.48333333333333334
MoreLikeThisQueryBuilder:0.4666666666666667
SimpleIndexQueryParserTests:0.37
MoreLikeThisQuery:0.22333333333333333
ContextAndHeaderTransportIT:0.21666666666666667
MoreLikeThisIT:0.21333333333333335
SimpleValidateQueryIT:0.19
MoreLikeThisQueryBuilderTests:0.14
MoreLikeThisQueryParser:0.11333333333333333
