SelectQueryImpl:0.7517777777777778
DefaultRenderContext:0.6233333333333333
