TestAgentTest:0.5133333333333333
BarrierSignaler:0.3433333333333333
Signaler:0.19527777777777777
