GenbankAdapter:0.5466666666666666
GAMEAdapter:0.41
GenbankValidator:0.20333333333333334
GenbankAdapterGUI:0.17277777777777778
DataSourceChangeListener:0.06
