Configer:0.42
ConsoleServer:0.30666666666666664
ConsoleServerHandler:0.24166666666666667
GreysAnatomyMain:0.22333333333333333
SessionJobsHolder:0.19
GaConsoleInputer:0.17
AgentMain:0.16
GaConsoleOutputer:0.155
GreysAnatomyConsole:0.11
