ClientConnection:0.30333333333333334
NodeNioServer:0.2866666666666667
PeerNode:0.24666666666666667
AbstractRecoveryConnection:0.23333333333333334
ServerConnection:0.21583333333333332
AbstractSocketWrapper:0.15666666666666668
