ExpressionAnalyzer:0.5716666666666667
FieldResolverTest:0.42333333333333334
AbstractDynamicTableInfo:0.2633333333333333
DocTableInfoTest:0.24
