InterpreterRunnerConfiguration:0.9261111111111112
TC_RunnerLaunching:0.5616666666666666
