RamAccountingContext:0.62
CollectSetAggregation:0.2733333333333333
InnerPreparer:0.21333333333333335
ContextPreparer:0.2
ManyKeyGrouper:0.19333333333333333
SizeEstimatorTest:0.18333333333333332
SingleKeyGrouper:0.16333333333333333
BytesRefSizeEstimator:0.14
