AbstractGenerator:0.5266666666666666
StatementModel:0.49333333333333335
Entity:0.4866666666666667
