PrintTask:0.6566666666666666
Preview:0.31666666666666665
