AlignViewport:0.6066666666666667
TreeFile:0.49666666666666665
AlignmentPanel:0.3433333333333333
TreePanel:0.32666666666666666
ColumnSelection:0.2733333333333333
