CriteriaQuery:0.8607539682539683
CriteriaQueryTest:0.69
PropertyProjection:0.3566666666666667
