SessionRegistryImpl:0.5866666666666667
ConcurrentSessionControlStrategy:0.4666666666666667
SessionRegistryImplTests:0.3233333333333333
