ClientConnection:0.84
ClientInvocation:0.2866666666666667
ClientMembershipListener:0.23666666666666666
TargetDisconnectedException:0.21666666666666667
ClusterListenerSupport:0.1825
CleanResourcesTask:0.14333333333333334
HazelcastClientNotActiveException:0.08
