CommunicationsStub:0.5166666666666667
ObjectChildren:0.38
Delete:0.2377777777777778
Edit:0.23333333333333334
HierarchyCustomizerTopComponent:0.19
ObjectNode:0.19
Create:0.16333333333333333
NavigationTreeService:0.15333333333333332
ClassMetadataNode:0.12333333333333334
RootObjectNode:0.11
