MddToClass:0.4633333333333333
DataDefinitionProvider:0.43666666666666665
HibernateSFManager:0.31
