Atom:0.5966666666666667
Bond:0.5133333333333333
ChemObject:0.30666666666666664
AtomContainer:0.30333333333333334
ChemModel:0.2866666666666667
FingerprinterTest:0.27
Association:0.22666666666666666
ChemFile:0.17555555555555558
AtomType:0.15333333333333332
HueckelAromaticityDetector:0.14
ChemSequence:0.1161111111111111
Fingerprinter:0.08666666666666667
