Result:0.74
StoredProcedureQueryImpl:0.32
CustomLoader:0.2866666666666667
StoredProcedureTest:0.2833333333333333
ResultImpl:0.22
JpaUsageTest:0.16666666666666666
ProcedureResultImpl:0.15666666666666668
CustomLoaderExtension:0.07
CurrentReturnState:0.056666666666666664
NoMoreReturnsException:0.05
ProcedureCurrentReturnState:0.023333333333333334
ResultSetReturnImpl:0.023333333333333334
UpdateCountReturnImpl:0.01
