DependencyBank:0.7286666666666667
Intersector:0.56
GdxSetup:0.42
GdxSetupUI:0.2733333333333333
