AtomAPIServlet:0.7669444444444444
BlojsomXMLRPCServlet:0.39222222222222225
