PDQMessageHandler:0.6608333333333334
ADTPatientUpdateMessageHandler:0.29333333333333333
ADTPatientAddMessageHandler:0.29333333333333333
