Waiter:0.5833333333333334
ConnectionPool:0.4972222222222223
HttpClientImpl:0.44333333333333336
HttpClientRequestImpl:0.27
Http2:0.22666666666666666
Http1x:0.22333333333333333
ConnQueue:0.21666666666666667
HttpClientPool:0.15666666666666668
ConnectionManager:0.11
