FieldProvider:0.72
RelationAnalyzer:0.32
FieldProviderTest:0.2633333333333333
TableReferenceResolver:0.199484126984127
FullQualifiedNameFieldProvider:0.19333333333333333
NameFieldProvider:0.17333333333333334
MqttIngestService:0.11666666666666667
