X509CAInfo:0.5566666666666666
CertificateProfile:0.52
CertificatePolicy:0.49
X509CA:0.33
TestCertificateProfile:0.23
CAAdminSessionBean:0.23
ProtocolOcspHttpTest:0.21
TestCAs:0.2
TestCAImportExport:0.17666666666666667
TestRevocationApproval:0.16
CaInitCommand:0.11666666666666667
