LDAPLogic:0.7886111111111112
EmailTaskNotifier:0.4619444444444445
