GedcomConnector:0.4694444444444445
ResumeView:0.4166666666666667
EntityRenderer:0.23416666666666666
