PyObject:0.72
PyType:0.36
TextIOBase:0.28
MethodExposer:0.2733333333333333
BaseSet:0.24222222222222223
PyDeque:0.2188888888888889
PyFile:0.2088888888888889
BuiltinFunctions:0.14
