ResourceFinder:0.42833333333333334
XmlConfigurationProvider:0.39666666666666667
LocationUtils:0.24
NamedVariablePatternMatcher:0.1888888888888889
NumberConverter:0.13666666666666666
NamedVariablePatternMatcherTest:0.13333333333333333
