WindowsDisplay:0.5666666666666667
WindowsDisplayPeerInfo:0.48333333333333334
