PartitionStateManager:0.5966666666666667
FinalizePromotionOperation:0.3233333333333333
FailingOperationResponseHandler:0.19666666666666666
BeforePromotionOperation:0.18333333333333332
PromotionCommitOperation:0.16
