ServerConfiguration:0.6366666666666667
ServerExtensionLoader:0.38
DefaultServerXMLDFHandler:0.30666666666666664
ConverterConfigHandler:0.2633333333333333
DefaultConversionRules:0.25666666666666665
