SelectReference:0.8622222222222221
Summary:0.3566666666666667
