BuildLoopQueryService:0.45666666666666667
GetProjectBuildStatusControllerTest:0.36666666666666664
GetProjectBuildStatusXmlControllerTest:0.22666666666666666
BuildLoopQueryServiceTest:0.20333333333333334
CruiseControlJMXServiceStub:0.16333333333333333
CruiseControlJMXServiceForcedBuildStub:0.15333333333333332
GetProjectBuildOutputControllerTest:0.14666666666666667
