ShadowView:0.5553333333333333
ShadowObjectAnimator:0.30666666666666664
ViewLoaderTest:0.3
ShadowViewGroup:0.29
TestAttributeSet:0.22333333333333333
TestOnHierarchyChangeListener:0.1759126984126984
ShadowRelativeLayout:0.16666666666666666
ViewGroupTest:0.14333333333333334
ObjectAnimatorTest:0.10333333333333333
