Workstation:0.6166666666666667
FileSystem:0.37333333333333335
WorkstationWindow:0.22333333333333333
LibraryJarsAction:0.20444444444444446
LoginDialog:0.19
WorkstationProfile:0.19
LogWindow:0.185
SourceDirsAction:0.18444444444444444
SaveCoreRuleBaseAction:0.17666666666666667
LoadClassFileDataRequestMsg:0.17666666666666667
ScriptSaveAction:0.16666666666666666
ConfigurationDetails:0.16
