ClusterWideIterator:0.36666666666666664
ClientCacheProxy:0.36333333333333334
CacheRecordStore:0.36
CacheCompletionEventListener:0.3521746031746031
AbstractBaseCacheProxy:0.29
LoadAllTask:0.22092063492063493
