ProcessingListener:0.84
DefaultEventQueue:0.4633333333333333
DefaultProcessingListener:0.23333333333333334
EventQueueListener:0.2290158730158731
LimitableEventQueue:0.2
BlockingEventQueue:0.16333333333333333
