Map:0.8233333333333334
AbstractMapTest:0.30666666666666664
