Listener:0.43
MsgPushRequest:0.39
NetworkTab:0.3333333333333333
CellRenderer:0.13666666666666666
MalformedHostAddressException:0.07666666666666666
