SymmetricEngine:0.5933333333333334
Constants:0.5496507936507937
SymmetricWebServer:0.35333333333333333
SymmetricLauncher:0.3
