Level:0.8416666666666667
LevelMap:0.27666666666666667
