WebserviceBeanRemote:0.7911111111111111
WebserviceBean:0.6916666666666668
