DecompressCmd:0.4533333333333333
WADOSupport:0.3566666666666667
CompressCmd:0.3333333333333333
