HttpProtocol:0.5933333333333334
HttpParser:0.37666666666666665
UnsupportedMethodException:0.30333333333333334
Parameters:0.02
