Stream:0.43
List:0.42
Nil:0.34
Queue:0.3
LinearSeq:0.2833333333333333
IndexedSeq:0.2833333333333333
Stack:0.25665079365079363
Seq:0.2500396825396825
Cons:0.15333333333333332
AbstractSeqTest:0.12666666666666668
