AbstractWindowManager:0.5666666666666667
PictureRendererTest:0.5033333333333333
PictureRenderer:0.38
LegendRenderer:0.23333333333333334
