ProxettaAsmUtil:0.6322222222222222
MethodInfo:0.44333333333333336
ProxettaMethodBuilder:0.43333333333333335
