MapStoreWrapper:0.39666666666666667
SecondsBasedEntryTaskScheduler:0.38333333333333336
MapStoreTest:0.24
MapStoreDeleteProcessor:0.16
MapStoreWriteProcessor:0.16
EntryProcessorExecutor:0.12333333333333334
ProcessingStore:0.043111111111111114
MapStoreWithStoreCount:0.016666666666666666
