Operation:0.52
BasicInvocation:0.38
BasicInvocationFuture:0.32
BasicOperationService:0.2866666666666667
OperationHandler:0.21666666666666667
RemoteCallKey:0.2
OperationBackupHandler:0.175
OperationAccessor:0.16666666666666666
BasicOperationServiceTest:0.10666666666666667
OperationPacketHandler:0.105
OperationTimeoutHandlerThread:0.04666666666666667
ResponsePacketHandler:0.04666666666666667
