Library:0.5533333333333333
RO:0.5533333333333333
_Field:0.36333333333333334
DTDShoot:0.30666666666666664
