PGType:0.6166666666666667
Messages:0.36333333333333334
ConnectionContext:0.27
BooleanType:0.21333333333333335
JsonType:0.16333333333333333
FormatCode:0.10555555555555556
StringType:0.10333333333333333
BooleanTypeTest:0.08
JsonTypeTest:0.04666666666666667
