HttpClient:0.6766666666666666
Vertx:0.55
DefaultHttpClient:0.4766666666666667
DefaultHttpClientRequest:0.35
ClientConnection:0.31333333333333335
TestUtils:0.25333333333333335
ConnectionBase:0.20666666666666667
WebsocketTest:0.20666666666666667
HttpTest:0.20333333333333334
DefaultNetSocket:0.19333333333333333
DefaultVertx:0.18333333333333332
Address:0.11666666666666667
HttpTestBase:0.11666666666666667
HttpCompressionTest:0.08333333333333333
