Config:0.72
Search:0.44
Publisher:0.41
ChoiceTracker:0.17444444444444446
DFSearch:0.14333333333333334
