ShardManager:0.67
DatabaseShardManager:0.36666666666666664
OrcStoragePageSink:0.32222222222222224
RaptorMetadata:0.2866666666666667
TestOrcStorageManager:0.2633333333333333
TestRaptorSplitManager:0.22333333333333333
OrcStorageManager:0.20892857142857144
RaptorPageSinkProvider:0.20333333333333334
TestDatabaseShardManager:0.17
TestRaptorMetadata:0.16666666666666666
TestRaptorDistributedQueries:0.14333333333333334
RaptorPageSink:0.11666666666666667
RaptorModule:0.11333333333333333
ShardAssertion:0.042777777777777776
