ExecutionService:0.8112698412698413
ClientEngineImpl:0.63
GroupProperty:0.47350000000000014
