IDSTest:0.7705555555555557
TestsView:0.5533333333333333
SmartsMatchingTest:0.33
DBExactMatchTest:0.28
SmartsInclusiveExclusiveTest:0.18
DSManager:0.17111111111111113
SignSIcRunner:0.14
DBNearestNeighborTest:0.03666666666666667
