Configuration:0.8666666666666667
AutoParseCrawler:0.32
Config:0.18833333333333332
