InstrumentMethod:0.5066666666666667
CheckInstrumentationVisitor:0.43
Transformer:0.42
JavaAgent:0.09666666666666666
