BaseTest:0.5816666666666667
TestTokenStreamRewriter:0.40777777777777774
TestCompositeGrammars:0.36666666666666664
TestListeners:0.2833333333333333
GrammarTransformPipeline:0.19666666666666666
