DrawableSeqFeature:0.53
DrawableFeatureSet:0.49666666666666665
Transcript:0.36333333333333334
FeatureProperty:0.3233333333333333
SeqAlignPanel:0.3
ApolloPanel:0.24666666666666667
FeatureView:0.24333333333333335
ScrollableTierView:0.23666666666666666
BaseEditorPanel:0.22
StrandedZoomableApolloPanel:0.22
SelectableDNARenderer:0.20333333333333334
DragFeatureView:0.19
BaseMouseListener:0.17666666666666667
BaseFineEditor:0.11333333333333333
FastTranslatedGraphics:0.1
TranslationViewer:0.08666666666666667
NavClickListener:0.08
RightClickActionListener:0.04
