TableWriterNode:0.6466666666666666
RewritingVisitor:0.25666666666666665
Visitor:0.24666666666666667
LogicalPlanner:0.21666666666666667
TableCommitNode:0.21
Rewriter:0.205
