DeclaringType:0.7333333333333333
Constitution:0.3933333333333333
Protoclass:0.3433333333333333
FactoryMethodAttributesCollector:0.21666666666666667
ProtoclassCollecter:0.18333333333333332
