MainController:0.801
C3DRippler:0.5994444444444443
ToggleButtonDemo:0.19666666666666666
