Maven2Script:0.5166666666666667
Maven2Builder:0.44
Maven2BuilderTest:0.39
Maven2ScriptTest:0.016666666666666666
