MainScene:0.57
MarsNode:0.47333333333333333
MainSceneMenu:0.2966666666666667
Browser:0.24333333333333335
