OSXAdapter:0.6
ScriptEditor:0.45666666666666667
ResolverFixture:0.4166666666666667
ComponentTestFixture:0.3233333333333333
MapGenerator:0.13
ComponentMatcher:0.0
