SessionFixationProtectionFilterTests:0.44
UserAuthenticatingFilterChain:0.23233333333333334
SessionUtils:0.16333333333333333
