Protocol:0.32944444444444443
Jedis:0.2966666666666667
BinaryClient:0.21333333333333335
BinaryJedis:0.17666666666666667
Client:0.15666666666666668
