TriggerRouterService:0.36666666666666664
FileTrigger:0.32666666666666666
FileSyncZipDataWriter:0.3233333333333333
AutoRegisterLoadTest:0.27051984126984113
FileSyncService:0.26666666666666666
AbstractTest:0.18
FileSyncDataRouter:0.16666666666666666
TableConstants:0.12333333333333334
FileSyncTrackerJob:0.10666666666666667
FileSyncTest:0.08666666666666667
FileSyncServiceSqlMap:0.02666666666666667
