SearchUtils:0.5366666666666666
TrackInfo:0.47
GwtServerHelper:0.4522222222222222
