MirrorTest:0.45388888888888884
NutEntity:0.43666666666666665
Sqls:0.37666666666666665
