InheritedNaturalIdTest:0.31333333333333335
ImmutableNaturalIdTest:0.2833333333333333
CompositeIdAndNaturalIdTest:0.2833333333333333
MutableNaturalIdTest:0.15
ImmutableEntityNaturalIdTest:0.056666666666666664
NullableNaturalIdTest:0.043333333333333335
