Main:0.55
TrianglePlusVertexArray:0.39666666666666667
BoundingPolygon2D:0.38666666666666666
