AnalyzeRequest:0.7566666666666667
TransportAnalyzeAction:0.2633333333333333
AnalyzeRequestBuilder:0.2511111111111111
RestAnalyzeAction:0.15
AnalyzeActionTests:0.09666666666666666
