HQLScrollFetchTest:0.45666666666666667
Parent:0.39
Child:0.32666666666666666
CriterionTest:0.25333333333333335
