JChemPaintGlobalPropertiesManager:0.61
IJChemPaintGlobalPropertiesManager:0.5633333333333334
JChemPaintPreferencePage:0.30333333333333334
PreferenceConstants:0.19061111111111112
DoubleFieldEditor:0.16
