Networks:0.665
HttpException:0.33666666666666667
PostSender:0.18666666666666668
