BoundedLocalCache:0.6044444444444445
AddStats:0.33666666666666667
