Cgroup:0.6666666666666666
OsStats:0.5466666666666666
OsProbe:0.42
OsStatsTests:0.22666666666666666
NodeStatsTests:0.11333333333333333
OsProbeTests:0.1
