MarsProject:0.7866666666666666
SVGMapUtil:0.3591111111111111
