Atom:0.6266666666666667
Bond:0.52
Ring:0.25
StructureDiagramGeneratorTest:0.22
StructureDiagramGenerator:0.20666666666666667
Renderer2D:0.19483333333333333
RingPlacer:0.15666666666666668
RingSet:0.15
ConnectivityCheckerTest:0.14
Renderer2DTest:0.14
