EjbcaWS:0.6466666666666666
CommonEjbcaWS:0.34
EjbcaWsCommonCriteriaTest:0.30666666666666664
IEjbcaWS:0.3000833333333333
EjbcaWSTest:0.29
GetLatestCRL:0.08666666666666667
GetLatestCRLResponse:0.0
