MapClearRequest:0.7333333333333333
AbstractMapAddEntryListenerRequest:0.3577777777777778
