Tab:0.43333333333333335
ModuleTestBase:0.4066666666666667
Configuration:0.3433333333333333
InvoiceListManyTypesTest:0.10083333333333333
