MapService:0.54
QueueService:0.4033333333333333
PartitionServiceImpl:0.28
MapEvictTask:0.24333333333333335
ClusterServiceImpl:0.21333333333333335
ClientCommandService:0.20777777777777778
ClientProtocolService:0.1162777777777778
