DownloadConfig:0.57
AriaManager:0.2966666666666667
DownloadTaskQueue:0.24333333333333335
BaseConfig:0.23333333333333334
ExecutePool:0.2288888888888889
ConfigHelper:0.2277777777777778
