MDesktopManager:0.44399999999999995
PropertiesPanel:0.2866666666666667
MDesktopPane:0.2833333333333333
MInternalFrame:0.2733333333333333
VersionPanel:0.17666666666666667
GhostFrame:0.14333333333333334
