ISODateTimeFormat:0.5566666666666666
TestISODateTimeFormat:0.3433333333333333
TestISODateTimeFormatParsing:0.34
Fraction:0.2966666666666667
