Task:0.6066666666666667
CancelCmd:0.24333333333333335
SingleCmd:0.24333333333333335
StartCmd:0.24333333333333335
StopCmd:0.24333333333333335
Builder:0.21722222222222218
