NodeExtension:0.8866666666666667
Node:0.6066666666666667
DefaultNodeExtension:0.34
