ReplicatedMapDataSerializerHook:0.5466666666666666
VersionResponsePair:0.32666666666666666
ReplicateUpdateToCallerOperation:0.23666666666666666
PutOperation:0.23666666666666666
RemoveOperation:0.23
ReplicateUpdateOperation:0.17666666666666667
PutAllOperation:0.16
GetOperation:0.14166666666666666
SizeOperation:0.14166666666666666
MergeOperation:0.11833333333333333
