Evaluation:0.6433333333333333
RecordReaderDataSetIterator:0.3361111111111111
RecordReaderDataSetiteratorTest:0.14
