Renderer:0.6283333333333333
ReactionHub:0.37666666666666665
JChemPaint:0.355
