AbstractAction:0.6788888888888889
AbstractBeanInvokingAction:0.4644444444444444
