GeonetworkService:0.903888888888889
CSW202ServiceImpl:0.36666666666666664
