Entity:0.5266666666666666
Address:0.5233333333333333
List:0.4066666666666667
EntityFactory:0.23
Domain:0.19
