TopHitsAggregatorBuilder:0.36333333333333334
FiltersIT:0.34
TopHitsAggregatorFactory:0.31666666666666665
BucketSelectorPipelineAggregatorBuilder:0.21688888888888888
BaseAggregationTestCase:0.21
KeyedFilter:0.20333333333333334
BasePipelineAggregationTestCase:0.20333333333333334
FiltersAggregatorBuilder:0.20277777777777778
BucketScriptPipelineAggregatorBuilder:0.19055555555555556
