DriverPublication:0.5916666666666667
SendChannelEndpoint:0.3433333333333333
SystemCounters:0.32666666666666666
SenderTest:0.30666666666666664
LossHandler:0.22
