ComputeServiceBuilder:0.49333333333333335
JCloudsDiscoveryStrategy:0.15555555555555556
ComputeServiceBuilderInvalidConfigTest:0.09666666666666666
IAMRoleCredentialSupplierBuilder:0.0911111111111111
ComputeServiceBuilderTest:0.08666666666666667
JCloudsDiscoveryStrategyTest:0.055555555555555546
