LayoutDialog:0.47
Options:0.4666666666666667
GraphJGraph:0.41333333333333333
DisplaysPanel:0.32666666666666666
LayouterItem:0.26666666666666666
ActionStore:0.15
LayoutPanel:0.1
ReflectiveComponent:0.0867222222222222
MyCheckBox:0.03666666666666667
LayoutDialogAction:0.03
MyJSlider:0.02666666666666667
MySpinner:0.016666666666666666
MyRadioButton:0.0
