MediaDriverFacade:0.6997222222222222
EventLoop:0.4991666666666666
