TestPerformance:0.4533333333333333
TestLexerExec:0.3333333333333333
TestParserExec:0.31666666666666665
BaseTest:0.2833333333333333
TailEpsilonRemover:0.18
