Printer:0.7866666666666666
Reprap:0.37666666666666665
MachineFactory:0.22444444444444447
SquareTest:0.21333333333333335
Main:0.17
LinePrinter:0.12444444444444445
