LuceneQueryBuilder:0.44666666666666666
LuceneQueryTest:0.33666666666666667
LuceneIndexField:0.02
