PyList:0.6533333333333333
PyTuple:0.43
PyArray:0.30333333333333334
