DatabaseDataStore:0.5966666666666667
JDBCDataStore:0.5366666666666666
