GwtRpcService:0.57
GwtRpcServiceAsync:0.5366666666666666
GwtTeamingMessages:0.4166666666666667
TreeInfo:0.38333333333333336
ActivityStreamInfo:0.36
MainMenuControl:0.2833333333333333
TreeDisplayBase:0.28
ActivityStreamsPopup:0.23
ActivityStreamCtrl:0.22666666666666666
TreeDisplayVertical:0.22333333333333333
GwtRpcServiceImpl:0.17333333333333334
GwtMainPage:0.165
BinderExpander:0.16333333333333333
WorkspaceTreeControl:0.15333333333333332
BinderSelector:0.12
