TagParser:0.6066666666666667
CatalogsOptionPane:0.4666666666666667
CompletionOptionPane:0.21
GeneralOptionPane:0.17
