ToleranceModifier:0.3775
Geographic:0.2866666666666667
Scale:0.2733333333333333
MathTransformTest:0.26666666666666666
ToleranceModifiersTest:0.2633333333333333
AuthorityFactoryTest:0.20333333333333334
ToleranceModifiers:0.17666666666666667
