SysNodeCheckerIntegrationTest:0.7333333333333333
SysNodeChecksModule:0.16666666666666666
SysNodeResiliencyIntegrationTest:0.11333333333333333
