SynthContext:0.44
SynthLabelUI:0.4033333333333333
DefaultServerXMLDFHandler:0.36
PopUpMenuButtonRenderer:0.3466666666666667
SynthGraphicsUtils:0.34
SynthButtonUI:0.3333333333333333
ServerMessageProcessor:0.3176111111111112
TestUtilities:0.30666666666666664
ArcEllipseRenderer:0.2833333333333333
AbstractServerEngine:0.28
SynthIconWrapper:0.278
AbstractLayer:0.27666666666666667
DefaultServerBinaryDFHandler:0.26666666666666666
LineRenderer:0.24666666666666667
PolylineRenderer:0.24666666666666667
NumericFormatter:0.22333333333333333
UpdateRunnable:0.20827777777777778
SwingScenarioPanel:0.20333333333333334
SymbolAnimatedRenderer:0.2
WriterEventQueue:0.19666666666666666
JFXScenarioPanel:0.19333333333333333
SwingPropertiesConstructor:0.19
ScenarioOptions:0.19
PerformanceDialog:0.14333333333333334
TimerListener:0.02238095238095238
