DefaultServerXMLDFHandler:0.4066666666666667
LineCurveRenderer:0.33666666666666667
LegendContext:0.32
EnslavedProjectedMapItemRenderer:0.27051984126984113
Starter:0.26666666666666666
ProjectedMap2DItemRenderer:0.22166666666666668
CoursePoint:0.2
TriangleContext:0.18333333333333332
PolygonContext:0.11666666666666667
SymbolGenericRenderer:0.08666666666666667
LineContext:0.08333333333333333
CourseArc:0.03666666666666667
LineToCursorContext:0.016666666666666666
