Config:0.7116666666666667
FeatureEditorDialog:0.27666666666666667
