TestMathFunctions:0.6144444444444443
TypeRegistry:0.4821111111111111
TestTypeRegistry:0.17
