MinAggregatorTests:0.49333333333333335
TermsAggregatorTests:0.37
ShardSearcher:0.36666666666666664
AggregatorTestCase:0.15666666666666668
TopHitsAggregatorTests:0.08666666666666667
