QRCode:0.6616666666666666
Encoder:0.45666666666666667
BlockPair:0.14
