CertTools:0.7
X509CA:0.25
LdapPublisher:0.24666666666666667
ScepRequestMessage:0.20222222222222225
OCSPServlet:0.17888888888888888
RequestHelper:0.17222222222222222
KeyTools:0.13666666666666666
