AbstractAdaptor:0.44666666666666666
AdaptorTestModule:0.41
SimpleAdaptorTest:0.3466666666666667
