Word2Vec:0.6233333333333333
FirstIterationFunction:0.5416666666666666
WordsListToVocabWordsFunction:0.29
