AbstractDataSource:0.5966666666666667
DefaultPropertiesTestLibrary:0.32
JtdsDataSource:0.24
Test_ConnectionJDBC2_unpackProperties:0.16799999999999998
JtdsObjectFactory:0.13133333333333333
