Formula:0.8366666666666667
OnSelectedIngredientAction:0.2866666666666667
FormulaTest:0.19666666666666666
