SplittablePayloadBsonWriter:0.5866666666666667
BsonWriterHelper:0.37
RequestMessage:0.3466666666666667
CommandMessage:0.3233333333333333
