Util:0.65
ApplicationEntityManagerImpl:0.4866666666666667
CypherQueryBuilder:0.36666666666666664
