DefinitionHelper:0.6433333333333333
BinderModuleImpl:0.6366666666666667
ElementBuilderPlaces:0.19666666666666666
ElementBuilderTeamlist:0.19666666666666666
ElementBuilderGrouplist:0.021666666666666667
ElementBuilderUserListSelect:0.021666666666666667
ElementBuilderUserlist:0.021666666666666667
