jOOQAbstractTest:0.6072222222222222
Executor:0.3933333333333333
FetchTests:0.35
