GwtTaskHelper:0.45
GwtServerHelper:0.45
GwtViewHelper:0.39666666666666667
PrincipalInfo:0.37666666666666665
CalendarAppointment:0.34
CalendarFolderView:0.21666666666666667
GwtEventHelper:0.19
GwtCalendarHelper:0.08333333333333333
CalendarAttendee:0.056666666666666664
