MockHttpServletResponse:0.3433333333333333
Scans:0.2733333333333333
Converter:0.25333333333333335
Db2JdbcExpert:0.20666666666666667
PsqlJdbcExpert:0.20666666666666667
DerbyJdbcExpert:0.20666666666666667
SingleColumnCondtionPItem:0.20666666666666667
Sqlserver2005JdbcExpert:0.20666666666666667
HsqldbJdbcExpert:0.20666666666666667
MockHttpServletRequest:0.19333333333333333
MockServletContext:0.10333333333333333
