SimulatorModel:0.6366666666666667
LTSJGraph:0.3433333333333333
ExploreAction:0.31333333333333335
LTSJVertex:0.2733333333333333
LTSJEdge:0.26
StateTab:0.19333333333333333
ApplyMatchAction:0.17
LTSTab:0.16333333333333333
HistoryAction:0.16111111111111112
StepHistory:0.12166666666666667
MyMouseListener:0.12
ScrollToCurrentAction:0.023333333333333334
SetTransitionAction:0.013333333333333334
