ObjectFactory:0.5411111111111111
RelationAPI:0.2325
GetExecutorsRelationPairsLeft:0.19333333333333333
GetExecutorsRelationPairsRight:0.19333333333333333
GetExecutorsResponse:0.15666666666666668
GetExecutors:0.15666666666666668
