BondType:0.6666666666666666
BondUtil:0.42333333333333334
ScaleFactorWizardPage:0.2966666666666667
Messages:0.08842857142857143
