HiddenLayer:0.5233333333333333
BaseMultiLayerNetwork:0.4266666666666667
Builder:0.37
CDBN:0.21333333333333335
DBN:0.13333333333333333
