ViewScene:0.5633333333333334
GeoPositionedNodeWidget:0.32666666666666666
GISViewScene:0.29
AbstractNodeWidget:0.2833333333333333
TagLabelWidget:0.2227777777777778
SpecialRelationshipsTopComponent:0.17444444444444446
MapComponentWidget:0.17111111111111113
GISViewService:0.16333333333333333
ObjectViewService:0.16
