FileHandler:0.5166666666666667
DatabaseHandler:0.445
PersistencyHandler:0.37166666666666665
