RelationType:0.43333333333333335
StatementAnalyzer:0.42
AbstractTestQueries:0.37333333333333335
RelationPlanner:0.30333333333333334
Visitor:0.30333333333333334
ExpressionAnalyzer:0.29
TranslationMap:0.285
Analysis:0.28
DefaultTraversalVisitor:0.2733333333333333
RelationPlan:0.2544444444444445
QueryPlanner:0.24666666666666667
ExpressionInterpreter:0.19
StackableAstVisitorContext:0.19
LogicalPlanner:0.18333333333333332
Analyzer:0.15666666666666668
AggregationAnalyzer:0.08
SemanticExceptions:0.04
GetScopeVisitor:0.013333333333333334
