Frame:0.560484126984127
FrameRecorder:0.48333333333333334
AVPicture:0.4275
FFmpegFrameRecorder:0.38666666666666666
FFmpegFrameGrabber:0.3005555555555555
