GraphicsFileOutput:0.48
VerticalTreeRenderer:0.33666666666666667
GraphicsOutputFactory:0.29733333333333334
TreeRendererBase:0.22666666666666666
ReportGraphicalTree:0.19666666666666666
ScreenOutput:0.07333333333333333
