FreemarkerUtil:0.52
WYSIWYGHTMLEditor:0.49
BaseHtmlFormType:0.33
ValidationHashModel:0.22333333333333333
FtlTagSupportServlet:0.13333333333333333
HtmlFormType:0.04666666666666667
FtlFormType:0.023333333333333334
