XMLMapperBuilder:0.41333333333333333
XMLConfigBuilder:0.37666666666666665
DynamicSqlSource:0.18555555555555556
SelectKeyHandler:0.17
XMLStatementBuilder:0.165
TrimSqlNode:0.15
ChooseHandler:0.05527777777777777
ContextMap:0.013333333333333334
