Patient:0.56
JdbcProperties:0.41333333333333333
QueryOldARRCmd:0.38333333333333336
PatientDAOImpl:0.3
FileSystemUtils:0.26
FileDataSource:0.26
