VanillaChronicleMap:0.5566666666666666
Segment:0.5116666666666667
ReplicatedChronicleMap:0.48
