FuzzyQueryBuilder:0.6866666666666666
FuzzyQueryBuilderTests:0.31333333333333335
RandomQueryBuilder:0.19
