MapService:0.54
TxBackupLog:0.27666666666666667
TransactionManagerServiceImpl:0.2633333333333333
QueueService:0.21
TransactionImpl:0.2
CollectionService:0.19416666666666665
TransactionQueueTest:0.17666666666666667
ReplicateTxOperation:0.16111111111111112
TransactionalService:0.013333333333333334
