Netty4Utils:0.6033333333333334
ExceptionsHelper:0.5666666666666667
Netty4UtilsTests:0.38666666666666666
