TaskStatus:0.4766666666666667
TaskMonitorTest:0.37
ZooKeeperMasterModel:0.30333333333333334
NopListener:0.25666666666666665
StatusUpdater:0.22166666666666668
Builder:0.19333333333333333
Listener:0.19253968253968257
TaskRunner:0.18
TaskMonitor:0.18
TaskListener:0.15
BroadcastingListener:0.15
Stop:0.08
DefaultStatusUpdater:0.08
