ExitCode:0.4766666666666667
CrawlReportBase:0.3333333333333333
ScanReportParser:0.2966666666666667
