FeatureSet:0.4166666666666667
BaseFineEditor:0.37
ApolloFrame:0.2733333333333333
SeqAlignPanel:0.24666666666666667
BaseEditorPanel:0.24333333333333335
GenbankAdapter:0.24
SeqWrapper:0.22333333333333333
GenericAnnotationSet:0.22
DrawableFeatureSet:0.21888888888888886
AlignmentViewer:0.20666666666666667
AnnotationMenu:0.18166666666666667
BaseMouseListener:0.17333333333333334
FeatureEditorDialog:0.17333333333333334
FindDialog:0.14333333333333334
LoadUtil:0.07333333333333333
