RaMasterApi:0.7877777777777778
RaMasterApiProxyBean:0.43
RaSearchCertsBean:0.3233333333333333
RaCertificateSearchResponse:0.14333333333333334
RaMasterApiSessionBean:0.06333333333333334
RaCertificateSearchRequest:0.04666666666666667
RaMasterApiSessionLocal:0.0
