Search:0.4633333333333333
Harvester:0.31333333333333335
CswParams:0.24666666666666667
GeonetParams:0.17666666666666667
