UnidFnrHandler:0.5433333333333333
RequestMessageSubjectDnAdapter:0.5033333333333333
CrmfMessageHandler:0.2966666666666667
CmpRAUnidTest:0.28
UnidFnrHandlerTest:0.020555555555555553
