JdbcClient:0.5533333333333333
JdbcColumnHandle:0.5066666666666667
BaseJdbcClient:0.3233333333333333
JdbcRecordCursor:0.2733333333333333
TestJdbcMetadata:0.24
TestJdbcQueryBuilder:0.18666666666666668
TestJdbcClient:0.16333333333333333
TestJdbcColumnHandle:0.13
TestJdbcRecordSet:0.09666666666666666
