DefinitionService:0.7070555555555555
DefinitionServiceBean:0.32666666666666666
DefinitionServiceDelegate:0.23333333333333334
ListDefinitionsHistoryFormTag:0.22
BatchPresentationHibernateCompiler:0.22
DefinitionLogic:0.18666666666666668
HibernateCompilerParameters:0.18
ShowDefinitionHistoryAction:0.10333333333333333
