VO1:0.525
ParserConfig:0.43666666666666665
ASMUtils:0.30666666666666664
TestInitStringFieldAsEmpty2:0.12333333333333334
VO2:0.08666666666666667
