GPUFluxLightModel:0.5766666666666667
LightDistribution:0.3
PhysicalLight:0.2833333333333333
FluxPhysicalLight:0.09
