DataService:0.41
OutgoingBatchService:0.36333333333333334
RouterService:0.3333333333333333
PullService:0.33
PushService:0.29333333333333333
IncomingBatchService:0.24666666666666667
RegistrationService:0.22583333333333333
ChannelRouterContext:0.21833333333333332
DataMapper:0.13444444444444442
