GAMEPanel:0.47383333333333333
GAMEAdapterGUI:0.3933333333333333
ReturnCommit:0.2733333333333333
