AsyncHttpClientConfig:0.7333333333333333
Builder:0.41
DefaultAsyncHttpClientConfig:0.31333333333333335
EchoWebSocket:0.30666666666666664
ChannelManager:0.28
AsyncHttpClientConfigDefaults:0.19333333333333333
AsyncHttpClientTypesafeConfig:0.19333333333333333
ByteMessageTest:0.12
ConnectSuccessInterceptor:0.11333333333333333
