WebServiceTemplateTest:0.6516666666666666
WebServiceTemplateIntegrationTest:0.5133333333333333
