GwtTeamingMessages:0.7208333333333333
SubscribeToEntryDlg:0.5
ActivityStreamCtrl:0.2521666666666667
