UserManager:0.6477777777777778
UserManagerService:0.5916666666666667
StatementPrivilegeValidatorTest:0.27
TaskCollectingVisitor:0.21666666666666667
AlterTableOperation:0.21
TransportExecutor:0.2
StubUserManager:0.2
DummyUserManager:0.2
TransportActionProvider:0.19
DropTableTask:0.18333333333333332
UserManagerServiceTest:0.15333333333333332
TransportExecutorModule:0.10333333333333333
MetaDataModule:0.09666666666666666
