TreeTableModel:0.365
PRsAndParamsTTModel:0.3466666666666667
ApplicationViewer:0.31333333333333335
JTreeTable:0.17333333333333334
RemovePRAction:0.16666666666666666
CustomTreeCellRenderer:0.14666666666666667
AddPRAction:0.13666666666666666
XJTable:0.13333333333333333
TableMap:0.13333333333333333
AbstractTreeTableModel:0.06333333333333334
WaitDialog:0.016666666666666666
TabBlinker:0.0033333333333333335
ColorGenerator:0.0
