HazelcastCachingProvider:0.65
AbstractCacheProxy:0.4166666666666667
AbstractCacheService:0.3855555555555556
HazelcastServerCacheManager:0.2038888888888889
HazelcastClientCacheManager:0.2038888888888889
AbstractHazelcastCacheManager:0.19416666666666665
