TestParserExec:0.6666666666666666
RuleFunction:0.43
AttributeDecl:0.3233333333333333
StructDecl:0.2733333333333333
