HTMLElement:0.47722222222222227
HTMLInputElement:0.39666666666666667
HTMLFieldSetElement:0.34944444444444445
