RxGalleryFinal:0.57
MediaGridAdapter:0.29333333333333333
OnCheckBoxCheckListener:0.21
OnCheckBoxClickListener:0.19666666666666666
RxBusSubscriber:0.15333333333333332
