ProtonAffinityTool:0.6033333333333334
IonizationPotentialTool:0.5233333333333333
ProtonAffinityALearningDescriptor:0.255
ProtonAffinityALearningDescriptorTest:0.22
ProtonAffinityToolTest:0.013333333333333334
