SpeciesDetailsPage:0.36333333333333334
AbstractSBMLDetailsPage:0.29333333333333333
SBMLContentProvider:0.2763333333333334
SBMLMasterDetailBlock:0.18666666666666668
GeneralProperties:0.18666666666666668
ParameterDetailsPage:0.18194444444444446
ReactionDetailsPage:0.18194444444444446
CompartmentDetailsPage:0.18194444444444446
SBMLLabelProvider:0.1059206349206349
