WebFilter:0.53
HazelcastHttpSession:0.36333333333333334
QueueIterator:0.3333333333333333
EvictionTest:0.3
BasicQueueTest:0.2966666666666667
ClientQueueTest:0.2866666666666667
MapProxySupport:0.25666666666666665
WanReplicationTest:0.25333333333333335
WanReplicationServiceImpl:0.2297222222222222
RequestWrapper:0.22333333333333333
ClientQueueProxy:0.18666666666666668
QueueProxyImpl:0.18333333333333332
VersionCheck:0.15333333333333332
MapEvictAllTest:0.12333333333333334
WebDataSerializerHook:0.11333333333333333
SessionListener:0.08666666666666667
