TabbedPane:0.54
CodePanel:0.41333333333333333
Utils:0.39666666666666667
