Support:0.5633333333333334
TdsCore:0.4748333333333333
ConnectionJDBC2:0.3
MSCursorResultSet:0.24666666666666667
