AfterInvocationProviderManager:0.6166666666666667
CollectionFilterer:0.27666666666666667
ArrayFilterer:0.24
