MatrixUtil:0.53
DataSet:0.4633333333333333
LogisticRegression:0.24166666666666667
Evaluation:0.24
DenoisingAutoEncoder:0.23333333333333334
StackedDenoisingAutoEncoder:0.2227777777777778
MnistDataFetcher:0.19000000000000003
BaseMultiLayerNetwork:0.19
MnistSdaTest:0.12333333333333334
