MapReduceInlineResultsCursor:0.6805555555555555
MapReduceToCollectionOperation:0.4666666666666667
MapReduceWithInlineResultsOperation:0.35
