CategoryConfigDao:0.25493650793650796
ViewDisplayDao:0.25493650793650796
DefaultViewDisplayDao:0.18
DefaultCategoryConfigDao:0.18
