ProtegeProjectName:0.6166666666666667
ProtegeWrapper:0.4266666666666667
