Options:0.7033333333333334
StatementGeneratorTest:0.2833333333333333
CycleFinder:0.21666666666666667
