ZenDiscovery:0.7
RejoinClusterRequestHandler:0.2277777777777778
DiscoveryService:0.15333333333333332
ClusterDynamicSettingsModule:0.05
ZenDiscoveryRejoinOnMaster:0.029166666666666667
ApplySettings:0.016666666666666666
NodeFaultDetectionListener:0.013333333333333334
