GwtTeamingMessages:0.78
ClickOnTitleActionRpcResponseData:0.3333333333333333
GwtUIHelper:0.314
SearchUtils:0.3006666666666667
GwtViewHelper:0.2966666666666667
GwtClientHelper:0.2733333333333333
GwtServerHelper:0.23733333333333334
ConfigureUserAccessDlg:0.23333333333333334
GwtRpcServiceImpl:0.22333333333333333
ActivityStreamUIEntry:0.21055555555555555
GwtMenuHelper:0.21
PersonalPreferencesDlg:0.19333333333333333
GetClickOnTitleActionCmd:0.08333333333333333
