VirtualFileSystem:0.7433333333333333
ShopContent:0.6444444444444445
