ConnectionDescription:0.6766666666666666
DescriptionHelper:0.36666666666666664
X509AuthenticatorNoUserNameTest:0.2847777777777778
