UserHandlerImpl:0.54
ITrackerServices:0.30333333333333334
ITrackerServicesImpl:0.22666666666666666
PermissionDAOImpl:0.22333333333333333
PermissionDAO:0.06333333333333334
