ClientConnection:0.5966666666666667
ClientConnectionManagerImpl:0.3433333333333333
ClientWriteHandler:0.2041666666666667
ClientReadHandler:0.16666666666666669
ManagerAuthenticator:0.1425
ClientPacketProcessor:0.07666666666666666
ClusterAuthenticator:0.013055555555555556
