MetaProperty:0.8133333333333334
ClerkTest:0.29333333333333333
