EqualsMethod:0.7866666666666666
EqualsMethodOtherTest:0.25333333333333335
EqualsBase:0.21777777777777782
NonEqualsBase:0.14564814814814814
