PcoreMolecule:0.63
PcorePage:0.4
QueriesLabelProvider:0.19166666666666668
PcoreMatchingDialog:0.18666666666666668
MoleculesContentProvider:0.18388888888888888
HitsContentProvider:0.15333333333333332
Stopwatch:0.023333333333333334
