BinderModule:0.9
WebUrlUtil:0.6233333333333333
BinderModuleImpl:0.3466666666666667
ReadFileController:0.19333333333333333
