Spark:0.49833333333333335
StaticFiles:0.4533333333333333
Service:0.4066666666666667
