CustomersPoolChildren:0.31
CustomerChildren:0.29333333333333333
PoolChildren:0.23
CustomerNode:0.22333333333333333
CreateServiceAction:0.1825
CreateServicesPoolAction:0.15916666666666668
CustomersPoolNode:0.13583333333333333
CreateCustomerAction:0.13583333333333333
ServiceChildren:0.11333333333333333
