LayoutFactory:0.44666666666666666
Liferay43Style:0.43
DefaultLayoutPainter:0.39666666666666667
AnnotatedClassParser:0.28
DefaultLayoutParser:0.23666666666666666
