Operation:0.5866666666666667
Invocation:0.3433333333333333
OperationServiceImpl:0.29
InvocationRegistry:0.24333333333333335
InvocationFuture:0.21666666666666667
InspectionThread:0.19666666666666666
OperationBackupHandler:0.18333333333333332
InvocationRegistry_notifyTest:0.18
OperationRunnerImpl:0.14
ResponsePacketHandlerImpl:0.08333333333333333
LongRunningOperation:0.03333333333333333
InvocationTimeoutTest:0.03
ResponseHandlerAdapter:0.01
