PySystemState:0.5833333333333334
BasePackageManager:0.43
SysPackageManager:0.3233333333333333
PackageExistsFileFilter:0.11333333333333333
