ScenarioViewer:0.4666666666666667
ServerConfigurationParser:0.41333333333333333
ScenarioDecoderAction:0.245
ScenarioDebuggerAction:0.17722222222222223
DecoderAction:0.10666666666666667
ScenarioDebuggerActionTest:0.05333333333333334
