Annotation:0.49333333333333335
AnnotationDiff:0.43
AnnotDiffDialog:0.35333333333333333
AnnotationImpl:0.25666666666666665
FeatureMap:0.12833333333333333
CollectionSelectionDialog:0.11333333333333333
SimpleFeatureMapImpl:0.013333333333333334
DiffRunner:0.0
