ApplicationPreferences:0.9466666666666667
PostgresDialect:0.33
DataTypeIO:0.22333333333333333
