AssetManager:0.48333333333333334
AtlasTmxMapLoader:0.3283333333333333
TmxMapLoader:0.32
HttpClientResponse:0.315
NetAPITest:0.2966666666666667
UBJsonWriter:0.24
BaseShader:0.23
FilterInputStream:0.21333333333333335
StreamUtils:0.21333333333333335
BufferedInputStream:0.20555555555555557
TiledMapAtlasAssetManagerTest:0.09
NetJavaImpl:0.08333333333333333
