Simulator:0.49333333333333335
DeleteGraphAction:0.4794444444444444
Groove:0.45666666666666667
EditGraphAction:0.41777777777777775
RenameGraphAction:0.41777777777777775
CopyGraphAction:0.41777777777777775
Converter:0.3433333333333333
StateJList:0.33
StatePanel:0.24
EditRulePropertiesAction:0.19666666666666666
MyMouseListener:0.14
SetStartGraphAction:0.12
MySelectionListener:0.1075
