ConcurrentDocumentManager:0.4766666666666667
VariableProxy:0.41333333333333333
VariableProxyListener:0.30111111111111116
ConsistencyAction:0.27666666666666667
StateChangeNotifier:0.15666666666666668
StateChangeListener:0.15276190476190485
VetoableVariableProxyListener:0.15276190476190485
ConsistencyWatchdog:0.15
VetoableVariableProxy:0.13333333333333333
DeferredVariableProxyListener:0.09333333333333334
