MetricsFactory:0.49666666666666665
BaseReporterFactory:0.46
EnvironmentCommand:0.37
ConsoleReporterFactory:0.29333333333333333
