FreeServerCockpit:0.5966666666666667
ClientCockpitItemsAPIUtilities:0.43
DisplayZone:0.30333333333333334
ServerFreeCockpitRuntimeNotif3Test:0.26666666666666666
ServerFreeCockpitRuntimeNotif4Test:0.21000000000000002
CockpitItemDefaults:0.2
BufferOfCockpitCommandsConverter:0.18
ServerFreeCockpitRuntimeNotif5Test:0.14
ServerFreeCockpitRuntimeNotif6Test:0.10333333333333333
