EventHandler:0.5733333333333334
HtmlElement:0.5566666666666666
SimpleScriptableTest:0.22666666666666666
AnchorTest:0.13666666666666666
