Native:0.5633333333333334
Structure:0.42333333333333334
StructureTest:0.34
Pointer:0.29333333333333333
FFIType:0.22733333333333333
NonAllocatingTestStructure:0.02666666666666667
PublicTestStructure:0.02
