Config:0.62
SequenceSelector:0.3144444444444444
GAMEAdapter:0.2866666666666667
StrandedZoomableApolloPanel:0.26666666666666666
