CommonContext:0.5960476190476189
SequencerAgent:0.3333333333333333
