HtmlLinkExtractorTest:0.6266666666666667
HtmlLinkExtractor:0.5833333333333334
