ElectronImpactPDBReaction:0.6752777777777778
ElectronImpactPDBReactionTest:0.36666666666666664
