NettyResponseFuture:0.7166666666666667
NettyRequestSender:0.35
NettyConnectListener:0.30444444444444446
