ClientMapNearCacheTest:0.4033333333333333
CacheReadWriteThroughTest:0.36
GetAllAsyncCacheLoader:0.31333333333333335
LoadAllTask:0.14333333333333334
