SarosView:0.4633333333333333
ContextMenusInSessionArea:0.29333333333333333
SarosPreferences:0.2866666666666667
TeamC:0.27666666666666667
WindowMenu:0.2733333333333333
Chatroom:0.24666666666666667
ContextMenusInPEView:0.24333333333333335
IChatroom:0.24166666666666667
ITeamC:0.23166666666666666
SVNStateUpdatesTest:0.21333333333333335
ConsoleView:0.19
StfTestCase:0.18333333333333332
PackageExplorerView:0.16666666666666666
SortBuddiesOnlineOverOfflineTest:0.13666666666666666
IProgressView:0.13
RemoveUsersFromRosterView:0.13
ProgressView:0.12666666666666668
MenuSarosByAliceBobTest:0.11666666666666667
