PEView:0.432063492063492
AbstractTester:0.42333333333333334
SarosPreferences:0.42206349206349203
STF:0.42
TeamC:0.40539682539682537
STFTest:0.32666666666666666
TestPackageExplorerView:0.29
TestSessionView:0.2833333333333333
TeamCImp:0.2833333333333333
DummyTester:0.27666666666666667
SarosPreferencesImp:0.2744444444444445
TestBasicWidgetTree:0.26666666666666666
TestEditorByAlice:0.26666666666666666
TestBasicSarosElements:0.2633333333333333
TestBuddiesViewByAlice:0.26
PEViewImp:0.26
TestEditorByAliceAndBob:0.25666666666666665
TestContextMenuDelete:0.25
TestMenuFile:0.24666666666666667
TestMenuEdit:0.23333333333333334
TestSarosPreferences:0.23
TestFolderOperations:0.21
TestChangingNameInRosterView:0.21
TestFileOperations:0.20666666666666667
TestStrictSequentialInvitationWithoutTermination:0.20333333333333334
TestEditDuringInvitation:0.2
TestSVNStateInitialization:0.19666666666666666
TestMenuRefactor:0.18666666666666668
TestSVNStateUpdates:0.18
TestHandleContacts:0.17
TestUserWithWriteAccessSavesFiles:0.16666666666666666
TestBasicWidgetsTable:0.16666666666666666
TestContextMenuOpen:0.16666666666666666
RealTester:0.16
TestBuddiesView:0.15
TestContextMenuShareWith:0.14666666666666667
TestEditor2:0.14
TestAllParticipantsFollowUserWithWriteAccess:0.14
isMenuEnabled:0.13666666666666666
TestMenuSaros:0.13666666666666666
TestConcurrentEditing:0.13333333333333333
TestShareProjectUsingExistingProject:0.13333333333333333
Component:0.12188888888888888
STFController:0.12
TestChangingUserWithWriteAccessWhileOtherFollow:0.11333333333333333
TestCreatingNewFile:0.10666666666666667
TestShare3UsersConcurrently:0.08
TestShare3UsersSequentially:0.08
TestHostInvitesBelatedly:0.07666666666666666
TestParallelInvitationWithTerminationByInvitees:0.07333333333333333
TestWriteAccessChangeAndImmediateWrite:0.05
TestUserWithWriteAccessResetsFiles:0.05
TestParallelInvitationWithTerminationByHost:0.05
TestChatViewFunctions:0.03666666666666667
TestFollowMode:0.03333333333333333
TestShare2UsersSequentially:0.023333333333333334
