TdsCore:0.492
JtdsResultSet:0.43
ResponseStream:0.4
SharedSocket:0.2611111111111111
JtdsStatement:0.23666666666666666
ConnectionJDBC2:0.22666666666666666
MSCursorResultSet:0.1953174603174603
JtdsReader:0.1872222222222222
JtdsInputStream:0.18388888888888888
