CSSStyleDeclaration:0.68
ComputedCSSStyleDeclaration:0.5633333333333334
ComputedCSSStyleDeclarationTest:0.4166666666666667
