Config:0.8566666666666667
MultiMapConfig:0.47333333333333333
MultiMapProxySupport:0.23333333333333334
TransactionalMultiMapProxySupport:0.23333333333333334
MultiMapService:0.22666666666666666
MultiMapContainer:0.22
ManagementCenterService:0.20333333333333334
TxnMultiMapRemoveRequest:0.14333333333333334
TxnMultiMapGetRequest:0.14333333333333334
