Split:0.6833333333333333
SplitManager:0.32
PartitionChunk:0.2931111111111111
OperatorStats:0.2633333333333333
RemoteSplit:0.17333333333333334
HiveClient:0.17
HivePartitionChunk:0.15666666666666668
TpchSplit:0.1288888888888889
InternalSplit:0.125
SplitExecutionStats:0.12
SplitWorker:0.10333333333333333
ServerMainModule:0.09666666666666666
ImportSplit:0.07333333333333333
PartitionChunkIterable:0.056666666666666664
NativeSplit:0.03
