AspectualRuleView:0.49666666666666665
NestingAspect:0.48
Converter:0.3725396825396825
NestingAspectValue:0.235
