MatrixUtil:0.47833333333333333
Tree:0.4766666666666667
BinarizeTreeTransformer:0.31
RNTN:0.2388888888888889
TreeParser:0.14666666666666667
CollapseUnaries:0.13333333333333333
TreeTransformerTests:0.105
RNTNTweetClassification:0.10333333333333333
