QueryCacheConfigHolder:0.6533333333333333
DynamicConfigTest:0.6
SamplePartitionLostListener:0.32
AddMapConfigMessageTask:0.25333333333333335
