FastImage:0.5033333333333333
Button:0.5033333333333333
Image:0.5033333333333333
