ByteList:0.33466666666666667
CharList:0.33466666666666667
DoubleList:0.33466666666666667
ShortList:0.33466666666666667
ObjectList:0.33466666666666667
LongList:0.33466666666666667
FloatList:0.33466666666666667
IntList:0.33466666666666667
BooleanList:0.29866666666666664
RoutineDescriptor:0.26
