AbortBenchmarkResponse:0.49333333333333335
AbortBenchmarkRequest:0.34
RandomizingClient:0.2833333333333333
BenchmarkIntegrationTest:0.21666666666666667
StartBenchmarkTask:0.20666666666666667
BenchmarkService:0.17666666666666667
AbstractClient:0.17333333333333334
UpdateBenchmarkStateTask:0.14666666666666667
BenchmarkExecutor:0.13666666666666666
AbortExecutionHandler:0.13666666666666666
RestBenchAction:0.13333333333333333
TransportAbortBenchmarkAction:0.12666666666666668
NodeAbortRequest:0.11
BenchmarkAbortAsyncHandler:0.1
AbortBenchmarkTask:0.056666666666666664
AbortBenchmarkRequestBuilder:0.023333333333333334
BenchmarkStateListener:0.02
