IPreferenceConfigurationBlock:0.605
RubyEditor:0.44333333333333336
PreferenceConstants:0.44
AbstractConfigurationBlockPreferencePage:0.31
AbstractRubyScanner:0.30666666666666664
RubyAbstractEditor:0.29
RubyEditorColoringConfigurationBlock:0.2866666666666667
TextEditorPreferencePage2:0.27
RubySourceViewerConfiguration:0.2422222222222222
EclipsePreferencesAdapter:0.23333333333333334
ToggleFoldingRunner:0.23333333333333334
AbstractConfigurationBlock:0.12444444444444445
RubyEditorColoringPreferencePage:0.12222222222222219
EditorUtility:0.11333333333333333
PreferencesMessages:0.07
