StrandedFeatureSet:0.37333333333333335
FeatureSet:0.36333333333333334
StrandedZoomableApolloPanel:0.31333333333333335
ScaleView:0.31
ExonHolder:0.29
FineFeatureEditorPanel:0.2733333333333333
FeatureView:0.25333333333333335
GenericAnnotationSet:0.25333333333333335
FeatureTreePanel:0.23333333333333334
ApolloFrame:0.20333333333333334
FineApolloPanel:0.19666666666666666
AnnotatedFeatureSet:0.19333333333333333
FineEditorFrame:0.08333333333333333
FileMenu:0.03666666666666667
