SMARTSnEnergiesTable:0.36
GenerateImages:0.3466666666666667
WriteResultsAsHTML:0.32
SMARTCyp:0.20666666666666667
WriteResultsAsCSV:0.1
rankedlabelgenerator:0.013333333333333334
