NetTest:0.32666666666666666
DatagramTest:0.30333333333333334
AsyncTestBaseTest:0.27666666666666667
AsyncTestBase:0.2633333333333333
SharedDataTest:0.25
JSONEventBusTest:0.21666666666666667
HttpTest:0.11
VertxTestBase:0.05333333333333334
