CommandMessage:0.57
MixedBulkWriteOperation:0.29333333333333333
BaseFindAndModifyOperation:0.24333333333333335
CommandOperationHelper:0.2
CommandMonitoringTest:0.18
CommandProtocolImpl:0.15666666666666668
