Cookie:0.41
Builder:0.39666666666666667
Util:0.27666666666666667
HostnameVerifierTest:0.26
OkHostnameVerifier:0.2252777777777778
CookieTest:0.13666666666666666
