AbstractOsgiServiceProxyFactoryBean:0.45666666666666667
OsgiSingleServiceProxyFactoryBean:0.41333333333333333
AbstractConfigurableOsgiTests:0.29333333333333333
MockMethodInvocation:0.27
