InvoiceTest:0.6033333333333334
JasperMultipleReportBaseAction:0.4266666666666667
InvoiceAndCustomerReports2Action:0.18666666666666668
InvoiceAndCustomerReportsAction:0.17
