PointInTime:0.49833333333333335
PropertyAge:0.38
Impl:0.2833333333333333
