Strings:0.7233703703703704
Files:0.11833333333333333
