JTBSession:0.6033333333333334
ConfigManager:0.5666666666666667
MQQManager:0.2577777777777778
SessionEditHandler:0.06333333333333334
