PollStatus:0.7133333333333334
HttpMonitorTest:0.3433333333333333
HttpMonitor2:0.3233333333333333
