ParameterImpl:0.44
PackageImpl:0.35333333333333333
SchemaImpl:0.34
NameImpl:0.23666666666666666
CatalogImpl:0.23666666666666666
