DbSession:0.49333333333333335
WebApplication:0.31333333333333335
AuthenticationInterceptor:0.24666666666666667
LagartoDOMBuilderTagVisitor:0.21333333333333335
PetiteConfig:0.21333333333333335
LagartoParserEngine:0.21333333333333335
LeanJtxWorker:0.21333333333333335
ScopedProxyManager:0.21037878787878786
CoreConnectionPool:0.2
AuthorizationInterceptor:0.16333333333333333
DbJtxResourceManager:0.14333333333333334
DbJtxSessionProvider:0.08333333333333333
ThreadDbSessionProvider:0.08
