StoreScpService:0.5033333333333333
StoreScp:0.3933333333333333
StorageBean:0.37166666666666665
