AbstractProcessingFilter:0.7066666666666667
AbstractProcessingFilterTests:0.6133333333333333
