VerticalSizedRenderer:0.62
JFXPainterUtils:0.3433333333333333
RendererFactory:0.2841666666666667
JFXRendererBridge:0.28
LayerRef:0.28
ARINCScrollPanel:0.2678888888888889
SyntheticRenderer:0.24777777777777782
ScrollPanelRenderer:0.23333333333333334
DefaultARINCUtils:0.2316111111111111
JFXEventLogger:0.2316111111111111
AbstractServerEngine:0.20666666666666667
ServerWidgetsExtensionProvider:0.15777777777777777
DefaultVerticalSizedRenderer:0.10333333333333333
JFXContainerRenderer:0.03
