SqlQueryExecution:0.6616666666666666
SqlQueryManager:0.3193333333333333
ServerMainModule:0.3144444444444444
