ValueSerializationCountingData:0.38666666666666666
KeySerializationCountingData:0.38666666666666666
AbstractClientCacheProxy:0.31
ClientMapProxy:0.23666666666666666
NearCachedMapProxyImpl:0.23333333333333334
NearCachedClientMapProxy:0.22
MapProxyImpl:0.21333333333333335
ClientReplicatedMapNearCacheSerializationCountTest:0.19666666666666666
ClientCacheNearCacheSerializationCountTest:0.19666666666666666
ClientMapNearCacheSerializationCountTest:0.19666666666666666
MapNearCacheSerializationCountTest:0.19666666666666666
NearCachedClientCacheProxy:0.16333333333333333
AbstractNearCacheSerializationCountTest:0.11666666666666667
