ClusterManager:0.42333333333333334
ConnectionManager:0.4166666666666667
Connection:0.3333333333333333
Node:0.33
ClusterService:0.32
CMap:0.30833333333333335
OutSelector:0.2927777777777778
ConcurrentMapManager:0.26666666666666666
SyncMonitor:0.26166666666666666
ReadHandler:0.26
InSelector:0.2566111111111111
WriteHandler:0.19872222222222222
SelectorBase:0.19333333333333333
Serializer:0.19
TargetAwareOp:0.18333333333333332
RequestBasedCall:0.15666666666666668
AllOp:0.14666666666666667
ExecutorManager:0.14666666666666667
MTargetAwareOp:0.12833333333333333
Acceptor:0.12333333333333334
SyncProcess:0.12333333333333334
MembersUpdateCall:0.11333333333333333
AbstractRemotelyProcessable:0.11
AbstractSelectionHandler:0.10333333333333333
Connector:0.08666666666666667
ConnectionCheckCall:0.06333333333333334
MGet:0.043333333333333335
HeartbeatTask:0.04
AsyncRemotelyBooleanCallable:0.016666666666666666
AbstractRemotelyCallable:0.0033333333333333335
AsyncRemotelyObjectCallable:0.0
ClusterOperations:0.0
ResponsiveRemoteProcess:0.0
