DataSourceFactory:0.6233333333333333
SessionFactoryFactory:0.3566666666666667
AbstractLiquibaseCommand:0.35
HibernateBundle:0.3
DBIFactory:0.16
