Channels:0.48
ArticleChannel:0.38333333333333336
TimelineChannel:0.3
ArticleListChannel:0.23666666666666666
WebSocketConfigurator:0.09
