DirectorySpecSnapshot:0.4866666666666667
DirectoryChangeTracker:0.4266666666666667
DirectoryChangeTrackerTest:0.30666666666666664
FileSystemSyncStatusPersister:0.19
SyncClient:0.17333333333333334
FileSystemSyncStatusPersisterTest:0.08
AbstractJsonFileSystemPersister:0.056666666666666664
FileSystemDirectorySpecSnapshotPersister:0.04666666666666667
NodeDirectorySpecKey:0.033650793650793646
IPersister:0.006666666666666667
ISyncStatusPersister:0.0
IDirectorySpecSnapshotPersister:0.0
