HtmlRadioButtonInput:0.538
HtmlRadioButtonInputTest:0.4033333333333333
HtmlRadioButtonInput2Test:0.15333333333333332
