Lib:0.58
SchemaManager:0.5233333333333333
Schema:0.38
ListMetadataFormats:0.20444444444444446
Identify:0.20444444444444446
ListRecords:0.16444444444444445
SelectionSearch:0.16
AbstractTokenLister:0.13333333333333333
GetRecord:0.12666666666666668
Show:0.11
