LoggingConfigController:0.7405555555555555
DefaultTicketRegistryCleaner:0.3333333333333333
