KuromojiTokenizerFactory:0.45666666666666667
KuromojiAnalysisTests:0.44333333333333336
KuromojiAnalyzerProvider:0.16222222222222224
KuromojiIndicesAnalysis:0.056666666666666664
