AnnotationConfiguration:0.4166666666666667
AnnotationBinder:0.36
InheritanceState:0.35333333333333333
AccessMappingTest:0.2833333333333333
PropertyContainer:0.21333333333333335
EntityBinder:0.2
AccessTest:0.08
