MediaDriver:0.55
CommonContext:0.4166666666666667
StopStartSecondSubscriberTest:0.15666666666666668
EmbeddedPingPong:0.14333333333333334
BasicPublisher:0.14
MultiDriverTest:0.14
