FileObjectQueue:0.47333333333333333
InMemoryObjectQueue:0.33666666666666667
TaskQueue:0.32
Listener:0.3111111111111111
