Protocol:0.8333333333333334
JedisTest:0.03666666666666667
