Analyzer:0.5733333333333334
BloomFilter:0.43666666666666665
FactoryProvider2:0.24
AzureDiscoveryModule:0.20777777777777778
SingleFieldsVisitor:0.16333333333333333
RandomExceptionCircuitBreakerIT:0.15666666666666668
