ClientClusterServiceImpl:0.5666666666666667
ClientEndpoint:0.395
ClientPartitionServiceImpl:0.30666666666666664
