PeerGroup:0.6166666666666667
FakeChannel:0.4166666666666667
PeerGroupTest:0.2833333333333333
PeerStartupListener:0.16
FakeChannelSink:0.10444444444444444
