Context:0.7366666666666667
TaskFormBuilder:0.6366666666666667
FtlFormBuilder:0.3033333333333333
