Printer:0.3625277777777777
Reprap:0.32
PreviewPanel:0.31666666666666665
NullCartesianMachine:0.25
Previewer:0.23
Main:0.22333333333333333
Producer:0.20333333333333334
ContinuationMesage:0.15666666666666668
StatusMessage:0.15
PreviewWindow:0.06333333333333334
