HopParser:0.43666666666666665
HopSymbolTableWalker:0.43333333333333335
StepFactory:0.41
HopLexer:0.30333333333333334
DFA62:0.11199999999999997
DFA81:0.11199999999999997
IfStatementInfo:0.0425
loop_statement_scope:0.03305555555555555
if_statement_scope:0.03305555555555555
