Node:0.6533333333333333
Token:0.4533333333333333
TextNode:0.29277777777777775
Comment:0.26
Parser:0.15333333333333332
ParserTest:0.06666666666666667
