VirtualFile:0.8666666666666667
VirtualFileSystem:0.4866666666666667
