Engine:0.8233333333333334
IndexShardTests:0.27
ShardEngineFailListener:0.22333333333333333
SharedFSRecoverySourceHandler:0.18333333333333332
