ComputationGraph:0.6666666666666666
GraphVertex:0.43666666666666665
GraphBuilder:0.24333333333333335
ComputationGraphConfiguration:0.24
GradientCheckTestsComputationGraph:0.05
