DicomURLHandler:0.5466666666666666
DicomCFindFilter:0.32666666666666666
DicomURLHandlerTest:0.26666666666666666
DicomCommandChecker:0.18
