Caffeine:0.5166666666666667
UnboundedLocalCache:0.44333333333333336
BoundedLocalCache:0.36333333333333334
CaffeineTest:0.22666666666666666
