FeaturesTableModel:0.49166666666666664
FeaturesSchemaEditor:0.4066666666666667
FeatureEditorRenderer:0.2777777777777778
