AdvancedConfig:0.4066666666666667
AsyncHttpClientConfigDefaults:0.28
Builder:0.2733333333333333
Processor:0.19666666666666666
Dsl:0.19666666666666666
WebSocketProtocol:0.19
HttpProtocol:0.18666666666666668
BasicHttpsTest:0.13666666666666666
EventPipelineTest:0.08333333333333333
