ServiceProcess:0.88
ServiceProcessImpl:0.44333333333333336
ProcessListPane:0.31333333333333335
ServiceProcessManager:0.25333333333333335
ProcessWindow:0.07333333333333333
