RangeSet:0.5766666666666667
HealpixBase:0.49666666666666665
Moc:0.23333333333333334
RangeSetTest:0.21333333333333335
HealpixBasePerfTest:0.19
HealpixBaseTest:0.16333333333333333
HealpixProcTest:0.16333333333333333
MocUtil:0.1522222222222222
AmocTest:0.03
