BlockPosition:0.37333333333333335
AbstractVariableWidthBlock:0.35333333333333333
AbstractFixedWidthBlock:0.35333333333333333
AlignmentOperator:0.24666666666666667
