DayView:0.41333333333333333
DayViewFacade:0.36333333333333334
MonthPagerAdapter:0.2866666666666667
MonthView:0.2833333333333333
