DataQueueProxy:0.31333333333333335
ObjectQueueProxy:0.31333333333333335
QueueContainer:0.30666666666666664
QueueProxySupport:0.22666666666666666
