TaskStatus:0.5266666666666666
TaskInfo:0.32666666666666666
SqlTask:0.31666666666666665
MockRemoteTask:0.23333333333333334
TestMemoryRevokingScheduler:0.19666666666666666
TestSqlTask:0.19666666666666666
TestingTaskResource:0.14
