GeoLocation:0.5833333333333334
GeoService:0.36333333333333334
Country:0.31
QueryWidget:0.24611111111111114
GeoModel:0.19333333333333333
Model:0.1761111111111111
ReportGoogleMap:0.15333333333333332
Update:0.13
GeoView:0.10666666666666667
PostTest:0.08333333333333333
