TestPrestoDriverUri:0.7083333333333334
ConnectionProperties:0.19666666666666666
SslKeyStorePath:0.02666666666666667
SslKeyStorePassword:0.02666666666666667
