SSLHelper:0.38666666666666666
HttpTest:0.3333333333333333
NetServerOptions:0.33
HttpServerOptions:0.33
HttpClientOptions:0.33
WebsocketTest:0.31
VertxTestBase:0.3
NetTest:0.26666666666666666
TCPOptions:0.23333333333333334
NetClientOptions:0.21666666666666667
NetServerImpl:0.17
HttpServerImpl:0.17
