AbstractTypeDescriptionTest:0.6
ForLoadedType:0.47
ArrayProjection:0.31333333333333335
OfSimpleType:0.23
NamedElement:0.08666666666666667
