ShadowContentResolver:0.43
ApplicationTest:0.31
ContentResolverTest:0.30333333333333334
MenuInflaterTest:0.2733333333333333
MenuTest:0.25666666666666665
MenuItemTest:0.24666666666666667
ShadowPendingIntent:0.22333333333333333
WebSettingsTest:0.21333333333333335
ShadowContextWrapper:0.17666666666666667
PendingIntentTest:0.17333333333333334
QueryParamTrackingCursor:0.14562830687830688
PreferenceManagerTest:0.11333333333333333
