ExceptionTranslationFilter:0.6866666666666666
ExceptionTranslationFilterTests:0.4
AuthenticationEntryPoint:0.3819047619047619
WebXmlConverterTests:0.18666666666666668
FilterSecurityInterceptor:0.15666666666666668
