OrderedDocCollector:0.4666666666666667
MultiShardScoreDocCollector:0.3255555555555556
ShardCollectService:0.23333333333333334
MultiShardScoreDocCollectorTest:0.17666666666666667
SQLHttpIntegrationTest:0.15666666666666668
TableFunctionCollectSource:0.14333333333333334
SystemCollectSource:0.09333333333333334
