ViewTestModule:0.5566666666666666
ViewProcessor:0.5366666666666666
AbstractAdaptor:0.35083333333333333
