XMPPTransmitter:0.47
ITransmitter:0.2991666666666667
IncomingInvitationProcess:0.24
PacketExtensionUtils:0.23
OutgoingInvitationProcess:0.20666666666666667
OutgoingProjectsProcess:0.17
AddToSessionAction:0.16333333333333333
DefaultProjectInfo:0.1125
ExchangeProjectsProcess:0.06333333333333334
IncomingProjectsProcess:0.05333333333333334
