PagesIndex:0.55
HashBuilderOperator:0.32
SortExpressionContext:0.27666666666666667
IndexSnapshotBuilder:0.13
TestSortExpressionExtractor:0.11666666666666667
JoinHashSupplier:0.11333333333333333
HashBuilderOperatorFactory:0.11333333333333333
TestJoinProbeCompiler:0.11
LookupSourceSupplierFactory:0.11
