AsyncHttpClientConfig:0.5566666666666666
AsyncHttpClientConfigBean:0.32
Builder:0.31666666666666665
ChannelManager:0.31333333333333335
AsyncHttpClientConfigDefaults:0.24333333333333335
NettyAsyncHttpProvider:0.14777777777777779
