TableInfo:0.7233333333333334
AnalyzerTest:0.3933333333333333
SelectStatementAnalyzer:0.30333333333333334
Analysis:0.28
StatementAnalyzer:0.26
Literal:0.18
SysClusterTableInfo:0.17
SysShardsTableInfo:0.17
InsertAnalysis:0.15333333333333332
Analyzer:0.14333333333333334
ReferenceInfosITest:0.13666666666666666
DocTableInfo:0.12333333333333334
SysNodesTableInfo:0.11833333333333333
SelectAnalysis:0.10666666666666667
TestMetaDataModule:0.1
TestModule:0.06
TestingTableInfo:0.043333333333333335
ClusterNameExpression:0.0
