TestCreole:0.3333333333333333
CookBook:0.3016666666666667
TestXSchema:0.27
TestDocument:0.26166666666666666
TestJdk:0.22166666666666668
TestEmail:0.22166666666666668
TestHtml:0.17200000000000001
TestSgml:0.17200000000000001
TestXml:0.17200000000000001
