XmlConfigBuilder:0.6797222222222223
SpringXmlConfigBuilder:0.5414444444444444
