Model:0.5166666666666667
CRFModel:0.5066666666666667
