RecordingOutputStream:0.4166666666666667
CrawlURI:0.395
Frontier:0.34
ReplayCharSequence:0.2633333333333333
RecordingInputStream:0.21833333333333332
HttpRecorder:0.17444444444444446
