ExecutionService:0.8033333333333333
ExecutionServiceDelegate:0.7533333333333333
ExecutionServiceDelegateSubstitutionAssignTaskTest:0.28944444444444445
ExecutionServiceDelegateAssignTaskTest:0.28944444444444445
JbpmExecutionServiceBean:0.27666666666666667
ExecutionServiceDelegateLocalImpl:0.24666666666666667
ExecutionServiceDelegateRemoteImpl:0.24666666666666667
JbpmExecutionLogic:0.20333333333333334
