ASMDeserTest:0.4166666666666667
TestNonASM:0.07
Case_Eishay:0.06666666666666667
JSONASMUtilTest:0.06666666666666667
SortFieldTest:0.05333333333333334
TestList:0.006666666666666667
TestType:0.006666666666666667
ASMDeserTest2:0.0
ASMUtilsTest:0.0
Case0:0.0
LoopTest:0.0
