CalculateTruthTest:0.42333333333333334
CalculateTruth:0.35
Predicate:0.30333333333333334
Interpretation:0.29
Model:0.23
