Materialisation:0.7133333333333334
EquationSystem:0.42
TestMaterialisation:0.3111111111111111
