ValidatorDefinition:0.5766666666666667
ValidationUtil:0.3233333333333333
ExportParWizardPage:0.3233333333333333
ValidatorConfig:0.30666666666666664
FieldValidatorsWizardPage:0.22333333333333333
ValidatorWizard:0.18
ValidatorParser:0.16666666666666666
UserInputDialog:0.16333333333333333
ClassLoaderUtil:0.14833333333333334
ValidatorWriter:0.11333333333333333
NumberType:0.11
OpenFormValidationDelegate:0.09666666666666666
ChooseHandlerClassDialog:0.08666666666666667
ChooseItemDialog:0.07
GlobalValidatorsWizardPage:0.07
FormatMapping:0.04666666666666667
ValidatorDialog:0.04
FormatMappingParser:0.02666666666666667
NumberInputDialog:0.023333333333333334
RegexInputDialog:0.0
DateInputDialog:0.0
