DefaultDOManager:0.6066666666666667
SQLUtility:0.4766666666666667
SQLRebuilder:0.3466666666666667
TestAPIM2:0.22444444444444447
