ISharedProject:0.6666666666666666
ActivitySequencer:0.42833333333333334
SharedProject:0.4033333333333333
ConcurrentDocumentManager:0.34
