Log4jLoggerAdapter:0.45716666666666667
StaticLoggerBinder:0.36666666666666664
