Aeron:0.5833333333333334
MediaDriver:0.47
SubUnicastTest:0.21333333333333335
PubUnicastTest:0.21333333333333335
Agent:0.20583333333333334
Sender:0.17
ExampleUtil:0.03666666666666667
