Equation:0.5633333333333334
Solution:0.47333333333333333
Materialiser:0.3466666666666667
EquationSystem:0.2866666666666667
EquationBranchIterator:0.08333333333333333
