WideDirectLoadStrategy:0.63
EndiannessUtil:0.53
StandardMemoryAccessor:0.35333333333333333
HashUtil:0.30333333333333334
Accessor:0.25333333333333335
MemoryAccessor:0.21833333333333332
ByteArrayAccessStrategy:0.20916666666666667
LoadStrategy:0.04666666666666667
ByteArrayLoadStrategy:0.01
NarrowDirectLoadStrategy:0.01
