Document:0.9566666666666667
DocumentTest:0.17666666666666667
