DefinitionLogic:0.2833333333333333
ExecutionLogic:0.28
InvalidDefinitionException:0.24666666666666667
VariableLogic:0.24666666666666667
TaskLogic:0.14583333333333334
