RegistrationService:0.5233333333333333
IRegistrationService:0.44333333333333336
RegistrationServiceSqlMap:0.40972222222222227
