TableUtils:0.4866666666666667
ReferenceDDLUtils:0.4
ReferenceUtils:0.36666666666666664
BusinessModel:0.33666666666666667
TableDDLUtils:0.2833333333333333
ForeignKeyUtils:0.22666666666666666
ForeignKeyConvention:0.21333333333333335
ViewDDLUtils:0.19
