MissingParameterException:0.33666666666666667
Update:0.30666666666666664
Annotation:0.24
