Procedure:0.36333333333333334
PyCursor:0.3333333333333333
Fetch:0.30666666666666664
PyArray:0.30666666666666664
imp:0.27666666666666667
CursorFunc:0.26
FormatDef:0.22
StringFormatter:0.22
thread:0.205
PyStatement:0.18333333333333332
Time:0.18333333333333332
