ResourceParserTest:0.3566666666666667
ResourceTableFactory:0.335
StaxArrayLoader:0.31666666666666665
