HistoryEntry:0.6766666666666666
HistoryEntryTest:0.3466666666666667
RazorHistoryParser:0.33666666666666667
