TestJournalRoundTrip:0.6266666666666667
FilenameComparator:0.48333333333333334
Journaler:0.2966666666666667
