AtmosphereResponseImpl:0.5755555555555555
CookieUtil:0.44333333333333336
JSR356Endpoint:0.23
CookieDecoder:0.06333333333333334
ServerCookieDecoder:0.04
