HazelcastClientInstanceImpl:0.49666666666666665
LifecycleDiscoveryStrategy:0.3933333333333333
ClientDiscoverySpiTest:0.35333333333333333
LifecycleDiscoveryStrategyFactory:0.2733333333333333
