DomNode:0.7
DomText:0.36666666666666664
HtmlScript:0.24666666666666667
DomElement:0.24333333333333335
