ByteBuddyPluginTest:0.37
Initialization:0.3
TransformationAction:0.26666666666666666
ByteBuddyMojoTest:0.23666666666666666
ByteBuddyExtension:0.2025
PostCompilationAction:0.17944444444444446
InitializationTest:0.17
ByteBuddyMojo:0.15333333333333332
