ByteArrayClassLoader:0.78
ByteArrayClassLoaderTest:0.22666666666666666
ByteArrayClassLoaderChildFirstTest:0.22666666666666666
