GwtMenuHelper:0.5666666666666667
GwtViewHelper:0.5433333333333333
ViewFolderEntryInfo:0.32
