OnSelectionChangedListener:0.4431269841269841
Dialog:0.44
SimpleDialog:0.4033333333333333
ButtonFragment:0.33444444444444443
DatePicker:0.2966666666666667
EditText:0.29
Spinner:0.25333333333333335
DatePickerLayout:0.19
DatePickerDialog:0.18777777777777777
PagerAdapter:0.15666666666666668
BaseNavigationManager:0.15666666666666668
DividerDrawable:0.14833333333333334
DialogFragment:0.12333333333333334
Builder:0.09
InternalAdapter:0.08
