HtmlPageTest:0.5266666666666666
WebClient2Test:0.33666666666666667
JavaScriptExecutionJob:0.30333333333333334
JavaScriptJobManagerImpl:0.20333333333333334
