ContinuationFlowExecutionRepository:0.36666666666666664
SimpleFlowExecutionRepository:0.3433333333333333
AbstractConversationFlowExecutionRepository:0.25666666666666665
ClientContinuationFlowExecutionRepository:0.23
