GwtNetFolderHelper:0.41
GwtServerHelper:0.3333333333333333
GwtTeamingMessages:0.32666666666666666
ConfigureShareSettingsDlg:0.28
ShareSettings:0.25333333333333335
EventHelper:0.23666666666666666
GwtRpcServiceImpl:0.22333333333333333
InvokeConfigureShareSettingsDlgEvent:0.19
GwtShareHelper:0.18
AdminControl:0.16
WebKeys:0.14666666666666667
ShareSettingsSelectPrincipalsWidget:0.06666666666666667
GetShareSettingsCmd:0.0
