MarsClock:0.8072222222222222
TimeWindow:0.25333333333333335
