RrCSGPolygon:0.4866666666666667
RrPolygon:0.42333333333333334
RrPolygonList:0.37666666666666665
RrGraphics:0.3058333333333333
LayerProducer:0.23333333333333334
STLSlice:0.21
RrCSGPolygonList:0.20666666666666667
TestMain:0.17333333333333334
Producer:0.15333333333333332
