ConfigurationProcessorTests:0.46
BeanCreationMethodsThrowExceptions:0.2753333333333333
BaseConfiguration:0.24933333333333338
BeanDefinitionRegisteringConfigurationModelRenderer:0.192
ProxiesDotb:0.18533333333333335
InvalidAutowiringConfigurationWithAmbiguity:0.18533333333333335
AliasesConfiguration:0.18
ValidAutoBeanTest:0.14533333333333331
InvalidAutoBeanTest:0.14533333333333331
BeanDefinitionRegisteringConfigurationModelRendererTests:0.13666666666666666
HiddenBeansConfig:0.05333333333333334
BeanFactoryAwareConfiguration:0.05
