DocLookup:0.45666666666666667
DoubleTermsTests:0.31333333333333335
GroovyScript:0.31
IndexedScript:0.2966666666666667
ScoreAccessor:0.29
AbstractSearchScript:0.25333333333333335
TopHitsTests:0.25333333333333335
SearchLookup:0.13
FunctionScoreTests:0.12
