Host:0.6733333333333333
HostManager:0.55
HTTPHeader:0.37333333333333335
HTTPHeaders:0.35
NetworkHostsContainer:0.29333333333333333
HandshakeStatus:0.26666666666666666
NetworkTableModel:0.19
EmptyHTTPHeaders:0.08333333333333333
HandshakeHandler:0.04
LeafHandshakeHandler:0.03666666666666667
UltrapeerHandshakeHandler:0.03
PeerHandshakeHandler:0.0033333333333333335
