GwtMainPage:0.7133333333333334
GwtClientHelper:0.4275
ProfileMainPanel:0.30666666666666664
