CorpusPage:0.6972222222222222
ApplicationWorkbenchAdvisor:0.37666666666666665
InstallPluginHandler:0.3233333333333333
