JPPFManagedConnection:0.5466666666666666
JPPFJcaClientConnection:0.39
DemoTest:0.37666666666666665
JPPFManagedConnectionFactory:0.30666666666666664
