Proto:0.46
ValueType:0.44333333333333336
DeclaringType:0.4166666666666667
ValueAttribute:0.36333333333333334
MetaAnnotated:0.2633333333333333
DeclaringPackage:0.2322222222222222
TypeIntrospectionBase:0.22283333333333333
AbstractDeclaring:0.19
Processor:0.17666666666666667
Environment:0.15666666666666668
AdapterDecider:0.11666666666666667
OkTypeAdapterTypes:0.043333333333333335
EnumDefinition:0.03333333333333333
EnumAllDefinitions:0.03333333333333333
EnumConstant:0.03333333333333333
AttributesByFirstLetter:0.02666666666666667
OkJsons:0.006666666666666667
