SymbolicListenerClean:0.6066666666666667
SequenceChoiceGenerator:0.2472222222222222
