Entry:0.43333333333333335
SnapshotRequest:0.3233333333333333
SnapshotsService:0.29
SnapshotsInProgress:0.27
Fields:0.24666666666666667
RestoreService:0.23333333333333334
ClusterStateDiffIT:0.19333333333333333
SharedClusterSnapshotRestoreIT:0.16666666666666666
MetaDataIndexStateService:0.13888888888888887
