NettyConnectListener:0.4266666666666667
NettyChannelConnector:0.41
NettyRequestSender:0.3933333333333333
ChannelManager:0.38
