Util:0.4422222222222223
StringGrid:0.3
BasicModelUtils:0.2733333333333333
InMemoryLookupCache:0.24166666666666667
TextPipeline:0.2175
ParagraphVectors:0.18416666666666667
FlatModelUtils:0.15333333333333332
