IPAtomicLearningDescriptorTest:0.8166666666666667
IonizationPotentialTool:0.40127777777777773
