WhereClauseAnalyzerTest:0.54
PrimaryKeyVisitor:0.44333333333333336
WherePKIntegrationTest:0.21666666666666667
