Layer:0.44666666666666666
AutoEncoder:0.22
ConvolutionLayer:0.14333333333333334
DenseLayer:0.13833333333333334
GravesLSTM:0.13833333333333334
RecursiveAutoEncoder:0.13833333333333334
LSTM:0.12
OutputLayer:0.08777777777777777
SubsamplingLayer:0.0832142857142857
RBM:0.07111111111111111
Builder:0.06333333333333334
BasePretrainNetwork:0.0
FeedForwardLayer:0.0
