IOSGraphics:0.5666666666666667
IOSApplication:0.4066666666666667
Gdx2DPixmap:0.38333333333333336
LwjglDebugStarter:0.13333333333333333
