PermissionsProcessorTest:0.4
JavaFileBuilder:0.36333333333333334
RuntimePermissionsAnnotatedElement:0.31333333333333335
OnePermissionActivity:0.10666666666666667
OnePermissionFragment:0.10666666666666667
ConstantsProvider:0.0
