LogReader:0.39
LogScanner:0.35833333333333334
ManyToOneRingBuffer:0.2966666666666667
LogReaderTest:0.2833333333333333
LogScannerTest:0.25
RetransmitHandler:0.17077777777777778
