Route:0.5933333333333334
GenericIntegrationTest:0.39666666666666667
SimpleRouteMatcher:0.3433333333333333
MatcherFilter:0.30333333333333334
