Project:0.69
ThreadQueue:0.5066666666666667
ProjectController:0.34777777777777774
BuildQueue:0.33
CruiseControlControllerJMXAdaptor:0.17666666666666667
