Visitor:0.7033333333333334
PlanPrinter:0.47
TableStatistics:0.20333333333333334
ColumnStatistics:0.09
