AsyncHttpClientConfig:0.7641666666666667
Builder:0.4266666666666667
DefaultAsyncHttpClientConfig:0.42333333333333334
WebSocketProtocol:0.24333333333333335
