Packet:0.48333333333333334
Node:0.30333333333333334
ParallelExecutorImpl:0.22333333333333333
ClientService:0.20666666666666667
SelectorBase:0.2
ExecutorManager:0.19333333333333333
ProxyHelper:0.1375
InSelector:0.03666666666666667
