TaskBundle:0.35
GwtTeamingMessages:0.31666666666666665
UIData:0.30333333333333334
GwtMainPage:0.2683333333333333
GwtTaskHelper:0.24666666666666667
TaskListing:0.23333333333333334
