CommandsQueue:0.5033333333333333
ConnectionWatchdog:0.4266666666666667
QueueCommand:0.2875
CommandsData:0.26
