UpdateRequest:0.6116666666666667
AbstractXContentParser:0.37666666666666665
UpdateRequestTests:0.09333333333333334
