Simulation:0.47
MasterClock:0.39
Settlement:0.32
UnitManager:0.24
MainMenu:0.2088888888888889
PersonConfig:0.19666666666666666
MainWindow:0.19
LoadSimulationTask:0.08222222222222221
