OperationServiceImpl:0.32666666666666666
BackupTest:0.26
BasicTest:0.21666666666666667
ScheduledBackup:0.1625
ScheduledBackupProcessor:0.10577777777777776
