SettlementTableModel:0.43333333333333335
VehicleTableModel:0.39666666666666667
StartingSettlementPanel:0.22666666666666666
VehiclePanel:0.22666666666666666
UnitTableCellRenderer:0.18666666666666668
UnitTableModel:0.15
