AbstractTest:0.645
FetchCount:0.37666666666666665
GenerateSeries:0.37666666666666665
