ClientMapPartitionLostEventHandler:0.43666666666666665
ClientMapProxy:0.35
DelegatingFuture:0.3244444444444445
MapRemoveAsyncMessageTask:0.21333333333333335
MapPutAllMessageTask:0.19666666666666666
MapReplaceIfSameMessageTask:0.17333333333333334
MapDeleteMessageTask:0.17333333333333334
MapSetMessageTask:0.17333333333333334
MapTryPutMessageTask:0.17333333333333334
MapContainsKeyMessageTask:0.17333333333333334
MapTryRemoveMessageTask:0.17333333333333334
MapGetEntryViewMessageTask:0.14666666666666667
MapEvictMessageTask:0.10666666666666667
