EditorReader:0.8766666666666667
CodeCharacterLineProcessor:0.3194444444444444
