ModelTest:0.3933333333333333
BaseG3dTest:0.21666666666666667
BaseG3dHudTest:0.21666666666666667
