UcanaccessConnection:0.55
UcanaccessResultSet:0.44666666666666666
UcanaccessPreparedStatement:0.4066666666666667
UcanaccessStatement:0.30333333333333334
ParameterReset:0.03333333333333333
