GeoParsedResult:0.46
ResultHandler:0.38666666666666666
BarcodeReaderCaptureActivity:0.3566666666666667
