LandingPage:0.35333333333333333
DiscussionWSView:0.34
GwtTeamingMessages:0.31666666666666665
ShowDiscussionWSEvent:0.19333333333333333
EventHelper:0.18
ContentControl:0.17666666666666667
