ResponseCacheTest:0.4066666666666667
OkUrlFactory:0.38666666666666666
Entry:0.36
CipherSuite:0.28
JavaApiConverter:0.20666666666666667
HpackTest:0.19333333333333333
ConnectionSpecTest:0.19
OkUrlFactoryTest:0.19
Writer:0.15333333333333332
