Compiler:0.51
XLParser:0.43666666666666665
CompilerBase:0.4066666666666667
ClassInfo:0.02
