GoToHomepageRequest:0.63
RequestBeanInfo:0.49666666666666665
ControllerMethodConfiguration:0.31666666666666665
MemberInfo:0.18
HomepageRedirector:0.06
RequestAwareRequestBean:0.016666666666666666
ContextAwareRequestBean:0.0
BundleAwareRequestBean:0.0
