HtmlUnitDOMBuilder:0.8066666666666666
HTMLParser4Test:0.20933333333333332
