Listener:0.66
MsgManager:0.4066666666666667
CellRenderer:0.20666666666666667
