FindObjectsByClassificationPathQueryTest:0.44666666666666666
FindObjectsByClassificationNodeQueryTest:0.3566666666666667
ShowStoredQueriesQueryTest:0.08333333333333333
ListExtensionPackagesQueryTest:0.08333333333333333
