MultiMapContainer:0.6166666666666667
MultiMapResponse:0.45666666666666667
ClientMultiMapProxy:0.2633333333333333
MultiMapKeyBasedOperation:0.2633333333333333
MultiMapKeyValueSource:0.24666666666666667
RemoveAllRequest:0.22894444444444445
TxnRemoveBackupOperation:0.22672222222222221
GetAllRequest:0.14333333333333334
TxnRemoveOperation:0.12333333333333334
GetAllOperation:0.11
CountOperation:0.06
MultiMapContainerSupport:0.043333333333333335
