FedoraAccessSoapServlet:0.44
MethodParameterResolverServlet:0.28
ObjectMethodDefSerializerThread:0.07333333333333333
DatastreamDefSerializerThread:0.07333333333333333
