XCAAbstractTransaction:0.4816666666666667
XCAGateway:0.43
XCAAdhocQueryRequest:0.3933333333333333
XCAAbstractRequestCollection:0.313
XCAQueryRequestCollection:0.25747619047619047
XCARetrieveRequestCollection:0.19666666666666666
