MessageDigestPasswordEncoder:0.5066666666666667
LdapShaPasswordEncoder:0.5066666666666667
Md4PasswordEncoder:0.43666666666666665
