WFSHttpClient:0.6733333333333333
AbstractWFSWrapper:0.34
UpdateWFSLayerPlugIn:0.2833333333333333
JUMPFeatureFactory:0.18333333333333332
WFServiceWrapper_1_0_0:0.15333333333333332
WFServiceWrapper_1_1_0:0.15333333333333332
WFSClientHelper:0.10666666666666667
GMLSchemaDocument:0.08333333333333333
XMLFragment:0.08333333333333333
WFSCapabilitiesDocument:0.02666666666666667
