SimpleAttributeBinding:0.33666666666666667
HbmPluralAttributeBindingState:0.25333333333333335
SimpleAttributeBindingState:0.19661111111111113
AbstractHbmAttributeBindingState:0.19333333333333333
AnnotationsAttributeBindingState:0.19333333333333333
HbmSimpleAttributeBindingState:0.19333333333333333
HbmManyToOneAttributeBindingState:0.19333333333333333
