ResponseCacheTest:0.4
Http2Connection:0.37333333333333335
JavaApiConverterTest:0.29
HeadersTest:0.24
CookiesTest:0.23666666666666666
