JPPFSubmissionManager:0.52
SubmissionManager:0.3433333333333333
BroadcastJobRunner:0.27
BroadcastTask:0.24772222222222226
