ClassDescriptor:0.4033333333333333
HopLexer:0.30333333333333334
HopParser:0.23333333333333334
HopSymbolTableWalker:0.22444444444444447
DFA43:0.19333333333333333
DFA54:0.17111111111111113
DFA70:0.17111111111111113
