BufferLogger:0.3333333333333333
DefaultClientXMLDFHandler:0.30333333333333334
UACDSHandler:0.28
AbstractEditorEngine:0.27166666666666667
NewLayerNotificationDialog:0.24
BufferLayer:0.23644444444444446
A661Constants:0.2067222222222222
