JavaClientTest:0.2916666666666667
DBObjectTest:0.235
TestCase:0.21666666666666667
DBTests:0.19333333333333333
DBTest:0.18866666666666668
GridFSTest:0.185
DBRefTest:0.185
ByteTest:0.18333333333333332
ObjectIdTest:0.175
DBCollectionTest:0.175
DBCursorTest:0.175
ErrorTest:0.15166666666666667
ReflectionTest:0.14166666666666666
