Tuple8:0.31666666666666665
Tuple6:0.31666666666666665
Tuple7:0.31666666666666665
Tuple4:0.30666666666666664
Tuple5:0.3
Tuple3:0.28
Tuple1:0.27666666666666667
Tuple2:0.2733333333333333
Tuple4Test:0.26
Tuple3Test:0.24333333333333335
Tuple2Test:0.24
Tuple1Test:0.23
Tuple5Test:0.17
Tuple6Test:0.15
Tuple7Test:0.14666666666666667
Tuple8Test:0.11333333333333333
