BaseEditorPanel:0.51
TranslatedSequence:0.31333333333333335
SelectableDNARenderer:0.29333333333333333
BaseFineEditor:0.26
FindDialog:0.19666666666666666
AminoAcidRenderer:0.18444444444444444
RightClickActionListener:0.15444444444444444
