DefaultView2d:0.49
View2d:0.39
ZoomWin:0.37666666666666665
PopUpMenuOnZoom:0.2111111111111111
ViewerPrefView:0.17444444444444446
MouseHandler:0.11833333333333333
