PyBaseException:0.5966666666666667
exceptions:0.5633333333333334
PyException:0.31666666666666665
