AbstractBlobContainer:0.3566666666666667
FsBlobContainer:0.3433333333333333
BlobContainerWrapper:0.23666666666666666
BlobContainer:0.18333333333333332
URLBlobContainer:0.15333333333333332
