Style:0.5333333333333333
ModuleTestBase:0.45666666666666667
JetSpeed2Style:0.39666666666666667
ButtonTag:0.13333333333333333
