HopCompilerObjectVariable:0.4766666666666667
HopCompilerArrayVariable:0.4766666666666667
HopCompilerVariable:0.4766666666666667
