Model:0.6825555555555555
RefModel:0.30333333333333334
ArrayModel:0.3
ModelImpl:0.2733333333333333
AbstractModel:0.09333333333333334
