TagQueryService:0.5566666666666666
SymphonyServletListener:0.44
TagProcessor:0.24666666666666667
