URLTagTest:0.6733333333333333
FreemarkerResultMockedTest:0.4444444444444445
RadioTest:0.32666666666666666
