TreeUtil:0.5566666666666666
TreeVisitor:0.42333333333333334
FunctionConverter:0.4
FunctionizerTest:0.3233333333333333
DebugASTPrinter:0.23333333333333334
Functionizer:0.21
StatementGenerator:0.19055555555555556
ObjectiveCHeaderGenerator:0.1880952380952381
ObjectiveCSourceFileGenerator:0.18666666666666668
ObjectiveCImplementationGenerator:0.15333333333333332
