Viewer:0.55
Jnet:0.42333333333333334
UrlManager:0.37333333333333335
GraphData:0.33666666666666667
InteractBut:0.11
