FolderActivity:0.7133333333333334
FileActivity:0.6966666666666667
