FileAccessData:0.45666666666666667
OutlookCrawler:0.4166666666666667
DATA:0.37666666666666665
OutlookResource:0.32666666666666666
OutlookDataSource:0.16555555555555554
AccessDataImpl:0.11333333333333333
VocabularyWriter:0.10333333333333333
VariantDate:0.09
LogUtil:0.043333333333333335
DATASOURCE:0.043333333333333335
OutlookCrawlerFactory:0.03416666666666667
OutlookAccessor:0.02666666666666667
OlObjectClass:0.023888888888888887
OutlookDataSourceFactory:0.016388888888888887
TestOutlookCrawler:0.006666666666666667
TestOutlookCrawlAll:0.0033333333333333335
ICAL:0.0
VCARD:0.0
