Options:0.37333333333333335
SimulatorAction:0.28
FindReplaceAction:0.26
ActionStore:0.26
GraphJGraph:0.25666666666666665
Simulator:0.22416666666666665
LabelTree:0.21666666666666667
DefaultFileSystemStore:0.21555555555555558
FindReplaceDialog:0.13
