ThreadInfo:0.79
ConsolePublisher:0.4080555555555555
StateMachineCoverage:0.2633333333333333
Search:0.24
SearchListenerMulticaster:0.23666666666666666
AssertionProperty:0.14333333333333334
Coverage:0.09333333333333334
