DrawableFeatureSet:0.64
FeatureChangeEvent:0.42333333333333334
AnnotationView:0.26666666666666666
AnnotationMenu:0.24666666666666667
DrawableAnnotatedSeqFeature:0.21416666666666667
FineAnnotationView:0.21333333333333335
CollapsedFeatureTierManager:0.19444444444444445
DrawableDisplayTool:0.12333333333333334
DrawableAnnotationConstants:0.014285714285714285
