IsotopeFactory:0.5116666666666667
IJmolManager:0.42380555555555555
JmolManager:0.36
