Field:0.8519444444444445
AbstractField:0.36
BasicTest:0.33666666666666667
