SimpleQueryStringBuilder:0.5955555555555555
SimpleQueryStringParser:0.30666666666666664
SimpleQueryStringTests:0.27
