TestUtil:0.49666666666666665
BufferedSinkTest:0.42333333333333334
BufferTest:0.29
RealBufferedSinkTest:0.22333333333333333
BufferedSourceTest:0.18333333333333332
RealBufferedSourceTest:0.14666666666666667
