Task:0.4066666666666667
StudyRockSamples:0.38666666666666666
Settlement:0.3855555555555556
BuildingManager:0.3466666666666667
Research:0.24333333333333335
MaintainGroundVehicleGarage:0.18333333333333332
MobileLaboratory:0.17666666666666667
Workout:0.15333333333333332
MedicalAssistance:0.12833333333333333
BuildingAirlock:0.11666666666666667
Maintenance:0.11333333333333333
EatMeal:0.10666666666666667
RepairEmergencyMalfunction:0.09583333333333334
TendGreenhouse:0.09
RepairMalfunction:0.0825
Sleep:0.07666666666666666
LivingAccommodations:0.07
Relax:0.05333333333333334
