TxmObject:0.43
Text:0.38666666666666666
Property:0.37666666666666665
Base:0.28
Edition:0.24666666666666667
TxmObjectPropertiesCellEditor:0.23
Page:0.22333333333333333
Corpus:0.22333333333333333
Project:0.22333333333333333
Workspace:0.21333333333333335
ObjectExplorer:0.21
Toolbox:0.20666666666666667
Script:0.19333333333333333
TxmObjectPropertiesLabelProvider:0.18333333333333332
Partition:0.11166666666666666
Result:0.10166666666666667
