SplayTree:0.5666666666666667
DataStructures:0.3433333333333333
