ReportEntry:0.8366666666666667
ExtensionContextTests:0.34
TestReporter:0.30666666666666664
MyReportingTestCase:0.27666666666666667
