XMLDocument:0.86
ActiveXObject:0.27666666666666667
SimpleScriptableTest:0.22
ActiveXObjectTest:0.07
DOMImplementationTest:0.016666666666666666
DOMImplementation:0.01
