NrOfThreadsAndNrOfTests:0.4266666666666667
PerformanceTest:0.31666666666666665
HSMKeyTool:0.28
Pkcs11SlotLabel:0.26666666666666666
Statistic:0.2
NormalTest:0.19666666666666666
Log:0.16666666666666666
KeyStoreContainerTest:0.15
StressTestCommand:0.13666666666666666
CLIArgs:0.13083333333333333
CMPKeyUpdateStressTest:0.12666666666666668
TestInstance:0.12
CMPTest:0.11666666666666667
SCEPTest:0.11666666666666667
StressTest:0.11333333333333333
HealthCheckTest:0.09
TestData:0.03333333333333333
