GeoRaster:0.45388888888888884
GeoReferencedRaster:0.4008333333333333
MrSIDImageFactory:0.3063888888888889
