ConfigurationService:0.615
StatisticManager:0.4766666666666667
AbstractSymmetricEngine:0.33666666666666667
