PersistenceContext:0.8066666666666666
EventListeners:0.6766666666666666
Configuration:0.32
InitializeCollectionEvent:0.3
StatefulPersistenceContext:0.19
CollectionRemoveAction:0.18666666666666668
ReattachVisitor:0.14333333333333334
CollectionRecreateAction:0.03666666666666667
CollectionUpdateAction:0.03666666666666667
