TestCase:0.33666666666666667
NameTest:0.29
ReferencingTest:0.1
TestSuite:0.08666666666666667
CRSTest:0.08666666666666667
