DefinitionHelper:0.6266666666666667
DefinitionModuleImpl:0.4533333333333333
AjaxController:0.30333333333333334
