Context:0.7066666666666667
SequencerAgent:0.29
ClusteredServiceAgent:0.25333333333333335
ClusterNodeRestartTest:0.16
