MetadataTools:0.4633333333333333
AuditMetadataGenerator:0.42333333333333334
CollectionMetadataGenerator:0.33
BasicBiowned:0.29333333333333333
EntitiesConfigurator:0.12333333333333334
