ResourceIndexImpl:0.7466666666666667
ResourceIndex:0.602
ResourceIndexModule:0.39666666666666667
