XmlPage:0.6366666666666667
HtmlLabel:0.4166666666666667
XmlUtil:0.38333333333333336
