PatternJModel:0.5866666666666667
MyLayouter:0.4666666666666667
PatternJGraph:0.31
LayouterItem:0.28
MyMouseListener:0.25
PatternPreviewDialog:0.23444444444444448
