TopologyData:0.5666666666666667
JobData:0.2733333333333333
JobAccumulator:0.27111111111111114
OptionElementFactory:0.25666666666666665
GraphTopologyHandler:0.25
GraphOption:0.25
OptionsPageBuilder:0.23666666666666666
NodeDataPanelManager:0.20333333333333334
NodeDataPanel:0.20333333333333334
JobDataPanel:0.19666666666666666
AbstractUpdatableAction:0.17333333333333334
ExpandOrCollapseGraphAction:0.12
AbstractTopologyAction:0.08333333333333333
ToggleLayoutAction:0.07333333333333333
AbstractGraphSelectionAction:0.04
