Magnifier:0.9316666666666666
MagnifierFactory:0.25666666666666665
