Dialect:0.8133333333333334
SimpleValueBinder:0.4533333333333333
PostgreSQL81Dialect:0.41
