SaferpayPaymentController:0.5733333333333334
SaferpayPaymentControllerLocaleConfiguration:0.5183333333333333
