Filler:0.44
UserExt:0.41761111111111116
UserMgmtService:0.35333333333333333
InitProcessor:0.09666666666666666
