Builder:0.39
URLConnectionTest:0.37
Route:0.35333333333333333
ConnectionSpec:0.3466666666666667
Internal:0.31333333333333335
Connection:0.31
RouteSelector:0.30333333333333334
Address:0.28
CallTest:0.26
ConnectionPoolTest:0.22666666666666666
HttpEngine:0.21333333333333335
RouteSelectorTest:0.19666666666666666
HttpURLConnectionImpl:0.19666666666666666
Call:0.17333333333333334
ConnectionSpecTest:0.07333333333333333
