ApolloDataAdapterI:0.7711111111111112
CompositeDataHolder:0.44666666666666666
Style:0.44
SyntenyAdapter:0.41
LinkSet:0.36
ApolloFrame:0.35
SpeciesComparison:0.2966666666666667
SyntenyLinkPanel:0.23916666666666667
TierPopupMenu:0.23666666666666666
CompositeApolloFrame:0.22333333333333333
SyntenyPanel:0.22222222222222218
AbstractApolloAdapter:0.2
SyntenyAdapterGUI:0.19333333333333333
GameSynteny:0.18
