DefaultValuesAuthenticationSourceDecorator:0.23333333333333334
AcegiAuthenticationSource:0.12333333333333334
AcegiAuthenticationSourceITest:0.10333333333333333
AcegiAuthenticationSourceTest:0.05333333333333334
DefaultValuesAuthenticationSourceDecoratorTest:0.043333333333333335
