TedIO:0.6666666666666666
TedParser:0.48333333333333334
TedTranslateDialog:0.41
