CoreDao:0.85
CoreDaoImpl:0.41
BinderModuleImpl:0.3433333333333333
DefaultLogTablePurge:0.24666666666666667
AuditTrailPurgedException:0.13333333333333333
