FetchHTTP:0.61
ARCWriterProcessor:0.5066666666666667
PostRestore:0.18333333333333332
