QueryState:0.79
Query:0.47333333333333333
EdgePredicate:0.13333333333333333
SupplyConstantsPredicate:0.10333333333333333
