TreeUtil:0.7208333333333333
PropertyAnnotation:0.6008333333333334
Mappings:0.5333333333333333
