Assigner:0.43666666666666665
MethodLookupEngine:0.3566666666666667
MethodCall:0.30333333333333334
Proxy:0.24666666666666667
MethodLookupEngineDefaultTest:0.24333333333333335
MethodDelegation:0.22666666666666666
InvocationHandlerAdapter:0.22333333333333333
InvokeDynamic:0.2
ByteBuddy:0.1975
MethodCallProxy:0.19666666666666666
FixedValue:0.19333333333333333
WithoutSpecifiedTarget:0.1877777777777778
FieldAccessor:0.18666666666666668
BridgeMethodResolverSimpleTest:0.18333333333333332
MethodBucket:0.14944444444444444
OverriddenClassMethod:0.14333333333333334
FieldAccessOtherTest:0.14
