OpenGrokLogger:0.53
Indexer:0.31333333333333335
HistoryGuru:0.31
FileLogFormatter:0.29
DefaultIndexChangedListener:0.27972222222222226
ConsoleFormatter:0.25666666666666665
CommandLineOptions:0.24
AgentIndexRunner:0.21833333333333332
GitRepository:0.18333333333333332
BazaarRepository:0.18333333333333332
CVSRepository:0.18333333333333332
