CloverLoader:0.6533333333333333
WebStartTest:0.44888888888888884
TestLoader:0.14666666666666667
Paths:0.0
