ReportPanel:0.14166324
ReportUnitPanel:0.11775735
