Util:0.5366666666666666
AuthorizationStack:0.41833333333333333
AuthorizationEntity:0.4122222222222222
AuthorizationPlugin:0.31666666666666665
