ObjectFields:0.5866666666666667
TypeUtility:0.25333333333333335
FieldSearchResultSQLImpl:0.23333333333333334
ServiceDescriptionPanel:0.22333333333333333
Report:0.19666666666666666
FieldSearchSQLImpl:0.19333333333333333
ResultFrame:0.16333333333333333
AutoFinder:0.16166666666666665
SelectFieldsDialog:0.15666666666666668
FieldSearchServlet:0.13666666666666666
ProfileSerializerThread:0.11333333333333333
