MediaCreationRequest:0.6466666666666666
MediaCreationMgtScpService:0.44
AbstractMediaWriterService:0.32666666666666666
