Comment:0.5580555555555556
ArticleMgmtService:0.42333333333333334
CommentQueryService:0.3933333333333333
