RangeSet:0.67
Moc:0.43666666666666665
RangeSetTest:0.2866666666666667
MocUtil:0.21000000000000002
AmocTest:0.03666666666666667
