TestRaceJPF:0.4266666666666667
TestRace:0.4166666666666667
SameInsnRunnable:0.16666666666666666
SharedObject:0.04666666666666667
