AnnotationSetImpl:0.5138888888888888
AnnotationEditor:0.5133333333333333
TypeData:0.35
