JFlexStateStacker:0.4166666666666667
JFlexXref:0.37555555555555553
JFlexStackingLexer:0.15
ScanningSymbolMatcher:0.006666666666666667
