ItemOrientedStep:0.4766666666666667
InitializingDataSourceFactoryBean:0.33666666666666667
AbstractStepFactoryBean:0.3333333333333333
SimpleExportedJobLauncher:0.20333333333333334
JobRepositoryStub:0.08666666666666667
