PointInTime:0.5055555555555555
DateWidget:0.41
SwitchCalendar:0.19333333333333333
Events:0.14777777777777776
Impl:0.14
