SystemTable:0.7666666666666667
SystemSplit:0.45666666666666667
SystemRecordSetProvider:0.20333333333333334
SystemTablesMetadata:0.19333333333333333
TaskSystemTable:0.14333333333333334
TestInternalSplit:0.10666666666666667
SystemSplitManager:0.09666666666666666
NodeSystemTable:0.08666666666666667
QuerySystemTable:0.08333333333333333
SystemTableLayoutHandle:0.08
TablePropertiesSystemTable:0.043333333333333335
CatalogSystemTable:0.03
ExampleSystemTable:0.016666666666666666
