JSPRelationMiner:0.5069444444444444
JavaRelationMiner:0.4866666666666667
MDDRelationMiner:0.38666666666666666
