User:0.6233333333333333
SitemapNode:0.4666666666666667
AbstractBasicContent:0.29
ContentResult:0.21333333333333335
