GeneratorStrategy:0.59
StringUtils:0.5566666666666666
DefaultGenerator:0.4633333333333333
DefaultGeneratorStrategy:0.37333333333333335
GenerationTool:0.17111111111111113
GenerationUtil:0.08666666666666667
