ClientMapProxy:0.3566666666666667
MapMigrationAwareService:0.30333333333333334
DefaultMessageTaskFactoryProvider:0.28
