DefaultDemandPollService:0.5633333333333334
DemandPollServiceTest:0.30333333333333334
SingleDemandPollStore:0.2833333333333333
DefaultPollerService:0.07611111111111112
PollerServiceTest:0.013333333333333334
