ServiceManager:0.5466666666666666
ShareManager:0.24333333333333335
MsgPong:0.21333333333333335
NetworkTab:0.21
TestHostAddress:0.19666666666666666
UploadEngine:0.18666666666666668
IOUtil:0.16611111111111113
DownloadEngine:0.16333333333333333
ChatEngine:0.15666666666666668
StatusBar:0.12
Main:0.11
BrowseHostConnection:0.08333333333333333
IncomingConnectionDispatcher:0.07666666666666666
