RedisRunner:0.92
RedissonBlockingQueueTest:0.2833333333333333
RedissonTest:0.24
RedisProcess:0.16666666666666666
RedissonMultiLockTest:0.14666666666666667
BaseReactiveTest:0.13666666666666666
RedisClientTest:0.12666666666666668
BaseTest:0.11333333333333333
