Transaction:0.35333333333333333
Database:0.3466666666666667
DataFileCache:0.33
TransactionManager:0.31
DataFileDefrag:0.22111111111111115
