LayerTreeEditor:0.5166666666666667
SaveImageSnapshotAction:0.38
ResetConfigurationAction:0.19333333333333333
SaveSnapshotAction:0.13744444444444445
