ErrorFlyweight:0.35333333333333333
MediaConductor:0.31666666666666665
MediaConductorTest:0.30666666666666664
AeronTest:0.23
ClientConductor:0.21666666666666667
ConductorErrorHandler:0.13666666666666666
