Activator:0.6133333333333333
IJsConsoleManager:0.6105555555555556
JsConsoleManager:0.24
JsConsoleManagerFactory:0.08333333333333333
