EnterpriseDBMigrationMediumTest:0.6466666666666666
EnterpriseDBSqlScriptSmallTest:0.25083333333333335
EnterpriseDBDbSupportMediumTest:0.13666666666666666
EnterpriseDBSuperUserMigrationMediumTest:0.13666666666666666
EnterpriseDBConcurrentMigrationMediumTest:0.08666666666666667
