IndexRequest:0.37
Builder:0.35333333333333333
BulkRequest:0.3466666666666667
ActionModule:0.19
Node:0.18333333333333332
IndexRequestBuilder:0.18
BulkProcessor:0.18
UpdateThreadPoolSettingsTests:0.17333333333333334
FileScriptTests:0.14
Names:0.07
RestIndexAction:0.04
RestBulkAction:0.023333333333333334
