Xml:0.4
LuceneSearcher:0.3
LuceneQueryBuilder:0.2866666666666667
LuceneQueryTest:0.24
LuceneQueryInput:0.21
Z3950Searcher:0.17
JeevesEngine:0.16
TransformerFactoryFactory:0.15
SearchParameter:0.08
UserQueryInput:0.043333333333333335
LuceneIndexField:0.0
