StaticPItem:0.39
VarSet:0.20333333333333334
SimpleVarSet:0.18666666666666668
CustomizedSqlsTest:0.06666666666666667
