Hashtag:0.5033333333333333
TodoEditor:0.39666666666666667
CategoryList:0.22666666666666666
AbstractTextEditor:0.21666666666666667
CategoryAction:0.08333333333333333
StringParseException:0.05333333333333334
DocumentHashtags:0.03
