WebKeys:0.5496507936507937
EventsViewHelper:0.4766666666666667
AjaxController:0.39666666666666667
ListFolderHelper:0.36333333333333334
