PropertiesHelper:0.4066666666666667
BuildAgentServiceImpl:0.33666666666666667
DistributedMasterBuilder:0.28
