SparkBase:0.5933333333333334
SparkServer:0.5033333333333333
GenericIntegrationTest:0.4266666666666667
