ChunkingTest:0.503611111111111
FeedableBodyGeneratorTest:0.4266666666666667
ReactiveStreamsBodyGenerator:0.4266666666666667
