ClientLayer:0.7916666666666666
DefaultClientXMLDFHandler:0.5366666666666666
