Connector:0.7566666666666667
Acceptor:0.7133333333333334
