Range:0.6733333333333333
FileUtils:0.6233333333333333
AbstractIPAddressPattern:0.3466666666666667
PatternConfiguration:0.17666666666666667
