DigestProcessingFilter:0.2966666666666667
DaoAuthenticationProviderTests:0.27666666666666667
DaoAuthenticationProvider:0.27666666666666667
SwitchUserProcessingFilterTests:0.26666666666666666
DigestProcessingFilterTests:0.2630555555555556
TokenBasedRememberMeServicesTests:0.25333333333333335
SwitchUserProcessingFilter:0.25
DaoCasAuthoritiesPopulatorTests:0.24333333333333335
DaoX509AuthoritiesPopulator:0.20666666666666667
TokenBasedRememberMeServices:0.2
DaoX509AuthoritiesPopulatorTests:0.15666666666666668
DaoCasAuthoritiesPopulator:0.13
WebXmlConverterTests:0.09
