TransactionManagerServiceImpl:0.4633333333333333
XAResourceImpl:0.33
ClientTransactionManager:0.32
HazelcastXaTest:0.25666666666666665
XAResourceProxy:0.20333333333333334
ClientXaTest:0.17666666666666667
