Installer:0.7953333333333333
DefaultContainer:0.43833333333333335
