TransportClient:0.6366666666666667
MockPlugin:0.3538333333333334
ClientTemplate:0.17666666666666667
TransportClientTests:0.08
