FlowRegistryMBean:0.6766666666666666
ExternalizedFlowDefinition:0.58
FlowExecutionRepository:0.3933333333333333
AbstractConversationFlowExecutionRepository:0.33666666666666667
AbstractFlowExecutionTests:0.3
FlowLocator:0.27051984126984113
FlowRegistryImpl:0.25
DefaultFlowExecutionRepository:0.23666666666666666
ExternalizedFlowRegistrar:0.22333333333333333
FlowRegistry:0.22295238095238096
ContinuationFlowExecutionRepository:0.22
ClientContinuationFlowExecutionRepository:0.20666666666666667
FlowExecutionFactory:0.20583333333333334
RebindingFlowExecutionRepository:0.2
FlowRegistrar:0.18666666666666668
FlowRegistrarSupport:0.17333333333333334
AbstractFlowRegistryFactoryBean:0.17
FlowRegistryPopulationTests:0.16666666666666666
FlowExecutorImpl:0.15333333333333332
AbstractExternalizedFlowExecutionTests:0.11
DefaultFlowServiceLocator:0.10333333333333333
NoSuchFlowDefinitionException:0.09333333333333334
AbstractXmlFlowExecutionTests:0.09333333333333334
FlowExecutionImplFactory:0.09
ClientContinuationFlowExecutionRepositoryFactory:0.08666666666666667
XmlFlowRegistryFactoryBean:0.08583333333333333
FlowRegistryFactoryBean:0.06666666666666667
FlowExecutionFactoryImpl:0.05
MyFlowRegistrar:0.013333333333333334
StaticFlowDefinitionHolder:0.006666666666666667
