Validator:0.5666666666666667
BindingDirectoryEntryDetail:0.22
ISphereSpooledFiles:0.19666666666666666
MessageDescriptionDetail:0.19666666666666666
ISphereLibrary:0.17888888888888888
IControlDecoration:0.15833333333333333
FieldFormatDetail:0.14333333333333334
DecimalDataAreaEditorDelegate:0.12333333333333334
ColorHelper:0.08666666666666667
TracedItemsValidationStatus:0.06666666666666667
