CrateSettings:0.9066666666666666
InformationSchemaTest:0.5766666666666667
SysClusterSettingsTest:0.19
SysClusterTableInfo:0.17333333333333334
ClusterSettingsExpression:0.1653333333333333
TestGlobalSysExpressions:0.16333333333333333
