DisplayShutterModule:0.7933333333333333
GraphicLayerModule:0.44666666666666666
GraphicAnnotationModule:0.09666666666666666
