IntervalLiteral:0.43
TestSqlParser:0.41333333333333333
Formatter:0.41
DateTimeUtils:0.23666666666666666
