LayerTreeEditor:0.6433333333333333
EditorLayerWrapper:0.53
DeleteWidgetEdit:0.31333333333333335
