EditUACDSAction2Test:0.36666666666666664
UACDSHandler9Test:0.3566666666666667
EditUACDSActionTest:0.3566666666666667
ApplyScriptJFXAction8Test:0.33666666666666667
JFXFocusWithDirectionalTabbingExtensionTest:0.24333333333333335
EditUACDSAction6Test:0.023333333333333334
