Message:0.45666666666666667
Transaction:0.43333333333333335
TransactionInput:0.39
LazyParseByteCacheTest:0.21666666666666667
BitcoinSerializer:0.19
SpeedTest:0.18666666666666668
