XMPPChatTransmitter:0.46
FileTransferTCPTransmitter:0.36333333333333334
JingleSessionException:0.33666666666666667
FileTransferTCPReceiver:0.29333333333333333
JingleFileTransferManager:0.23
ErrorMessageDialog:0.1943968253968254
JingleFileTransferTCPConnection:0.07333333333333333
