OTMIExtractor:0.5566666666666666
RSS20FeedEntry:0.25
Atom03FeedEntry:0.25
RSS10FeedEntry:0.25
IFeedEntry:0.14583333333333334
