ClassDescriptor:0.5466666666666666
StepFactory:0.45166666666666666
