Layerable:0.6013333333333334
Layer:0.55
EditablePlugIn:0.35
AbstractLayerable:0.21
AttributeTab:0.19666666666666666
