JMEReader:0.7669444444444444
MOPAC97Reader:0.5836666666666667
