DefaultRecordStore:0.6433333333333333
AbstractRecordStore:0.35333333333333333
LocalMapStatsTest:0.27
