ScopesTest:0.55
FilterDefinition:0.2866666666666667
ServletDefinition:0.27
Scopes:0.22333333333333333
ServletScopes:0.1936111111111111
