DefaultIndexDefinition:0.3
SearchPR:0.2833333333333333
IndexedCorpus:0.25666666666666665
IndexDefinition:0.08333333333333333
IndexManager:0.075
Search:0.065
QueryResult:0.013333333333333334
