Tables:0.5533333333333333
$ingres:0.43
IngresDatabase:0.39
Iitables:0.34472222222222226
