SearchRequestor:0.605
Messages:0.5283333333333333
CharOperation:0.5033333333333333
Index:0.4633333333333333
SearchMatch:0.44333333333333336
IJob:0.41305555555555556
RubyModelManager:0.41
SimpleLookupTable:0.38333333333333336
HashtableOfObject:0.36666666666666664
IRubySearchScope:0.30789682539682545
Util:0.27666666666666667
IndexQueryRequestor:0.27051984126984113
IndexManager:0.26666666666666666
SimpleSet:0.2633333333333333
LoadpathEntry:0.2594444444444445
RubySearchScope:0.25
AbstractSearchScope:0.24666666666666667
AccessRule:0.21
DiskIndex:0.2
JobManager:0.18666666666666668
AccessRuleSet:0.18
IIndexConstants:0.1437301587301587
EntryResult:0.14333333333333334
SearchParticipant:0.11666666666666667
SearchPattern:0.10666666666666667
InternalSearchDocument:0.09333333333333334
HashtableOfIntValues:0.08333333333333333
IndexRequest:0.07
AccessRestriction:0.058333333333333334
PatternSearchJob:0.057777777777777775
IndexSelector:0.056666666666666664
RubySearchParticipant:0.056666666666666664
RubyWorkspaceScope:0.05444444444444444
BasicSearchEngine:0.05333333333333334
MatchLocator:0.05
SearchDocument:0.05
InternalSearchPattern:0.04666666666666667
MemoryIndex:0.04666666666666667
PatternLocator:0.045
SourceIndexer:0.03666666666666667
ReadWriteMonitor:0.025
SearchEngine:0.023333333333333334
RubySearchDocument:0.006666666666666667
AddJarFileToIndex:0.006666666666666667
IndexBinaryFolder:0.0033333333333333335
ScannerHelper:0.0033333333333333335
IndexAllProject:0.0033333333333333335
SourceElementParser:0.0
