ShamFile:0.45
BufferTests:0.37666666666666665
TS_Core:0.2633333333333333
TC_RubyCore:0.24333333333333335
AbstractRubyModelTest:0.12333333333333334
ModifyingResourceTest:0.09
