CacheConfig:0.4266666666666667
RemainingCapacityOperation:0.2733333333333333
QueueConfig:0.22333333333333333
ReplicatedMapConfig:0.21
MultiMapConfig:0.21
TopicConfig:0.2
QueueIteratorTest:0.16
QueueStatisticsTest:0.16
SetConfig:0.1335
ListConfig:0.1335
