RankedAuthenticationProviderWebflowEventResolver:0.41
PersonDirectoryPrincipalResolver:0.308
RadiusUtils:0.29333333333333333
CasCoreAuthenticationConfiguration:0.2866666666666667
AbstractServiceValidateController:0.27666666666666667
CasValidationConfiguration:0.2
OpenIdConfiguration:0.185
SamlConfiguration:0.15833333333333333
CasCoreWebflowConfiguration:0.15416666666666667
RadiusAuthenticationHandler:0.14333333333333334
