ShadowAssetManager:0.66
ShadowResourcesTest:0.4666666666666667
Converter:0.34
ShadowTypedArray:0.17277777777777778
