WorkerServiceStub:0.29800000000000004
MonitoringFutureStub:0.29800000000000004
TestServiceFutureStub:0.29800000000000004
SimpleServiceStub:0.29800000000000004
WorkerServiceImplBase:0.29333333333333333
SimpleServiceImplBase:0.29333333333333333
MetricsServiceImplBase:0.29
ReconnectServiceImplBase:0.29
MetricsServiceBlockingStub:0.278
WorkerServiceBlockingStub:0.278
SimpleServiceBlockingStub:0.278
ReconnectServiceFutureStub:0.278
BenchmarkServiceBlockingStub:0.278
ReconnectServiceBlockingStub:0.278
ReconnectServiceStub:0.278
WorkerServiceFutureStub:0.278
MetricsServiceStub:0.278
TestServiceStub:0.2733333333333333
TestServiceBlockingStub:0.2733333333333333
MonitoringBlockingStub:0.2733333333333333
MonitoringStub:0.2733333333333333
BenchmarkServiceStub:0.2733333333333333
BenchmarkServiceImplBase:0.27
MonitoringImplBase:0.27
ServerReflectionStub:0.2599444444444444
HealthFutureStub:0.2599444444444444
ReportQpsScenarioServiceBlockingStub:0.2599444444444444
LoadBalancerStub:0.2599444444444444
SimpleServiceFutureStub:0.2599444444444444
ReportQpsScenarioServiceFutureStub:0.2599444444444444
HealthStub:0.2599444444444444
UnimplementedServiceFutureStub:0.2599444444444444
ReflectableServiceStub:0.2599444444444444
ReflectableServiceFutureStub:0.2599444444444444
UnimplementedServiceBlockingStub:0.2599444444444444
HealthBlockingStub:0.2599444444444444
UnimplementedServiceStub:0.2599444444444444
MetricsServiceFutureStub:0.2599444444444444
BenchmarkServiceFutureStub:0.2599444444444444
ReflectableServiceBlockingStub:0.2599444444444444
ReportQpsScenarioServiceStub:0.2599444444444444
TestServiceImplBase:0.23666666666666666
TestServiceGrpc:0.22666666666666666
BenchmarkServiceGrpc:0.22333333333333333
MonitoringGrpc:0.22333333333333333
DynamicServiceBlockingStub:0.208
DynamicServiceFutureStub:0.208
DynamicServiceStub:0.208
AnotherDynamicServiceBlockingStub:0.19033333333333333
AnotherDynamicServiceStub:0.19033333333333333
AnotherDynamicServiceFutureStub:0.19033333333333333
WorkerServiceGrpc:0.18666666666666668
SimpleServiceGrpc:0.18666666666666668
AnotherDynamicServiceImplBase:0.18
LoadBalancerImplBase:0.18
ReportQpsScenarioServiceImplBase:0.18
DynamicServiceImplBase:0.18
UnimplementedServiceImplBase:0.18
ServerReflectionImplBase:0.18
HealthImplBase:0.18
ReflectableServiceImplBase:0.18
AnotherDynamicServiceGrpc:0.17
DynamicServiceGrpc:0.14888888888888888
ServerReflectionGrpc:0.14444444444444443
UnimplementedServiceGrpc:0.14444444444444443
ReflectableServiceGrpc:0.14444444444444443
HealthGrpc:0.14444444444444443
LoadBalancerGrpc:0.14444444444444443
ReportQpsScenarioServiceGrpc:0.14444444444444443
ReconnectServiceGrpc:0.12666666666666668
MetricsServiceGrpc:0.12666666666666668
