Fiber:0.5533333333333333
Supervisor:0.35
LocalGenServer:0.29
LocalActor:0.24
GenServerTest:0.23333333333333334
JMXActorMonitor:0.21333333333333335
ActorImpl:0.20666666666666667
ActorRegistry:0.14
BasicActor:0.125
SupervisorTest:0.11
ActorMXBean:0.10642857142857143
ActorSpec:0.10333333333333333
ActorEntry:0.03333333333333333
Actor1:0.013333333333333334
