DescriptorLabelProvider:0.6533333333333333
DescriptorsPage:0.48333333333333334
