Advapi32:0.8233333333333334
Advapi32Util:0.59
Advapi32Test:0.4266666666666667
