ExtendedHttpServletRequestWrapper:0.73
FilterLdap:0.21
ContextAttributeFinderModule:0.18666666666666668
BaseContributing:0.18666666666666668
FilterFinalize:0.12666666666666668
