IOSGraphics:0.6416666666666667
InnerClass:0.4592619047619047
GwtTestWrapper:0.26
LwjglDebugStarter:0.13333333333333333
