CentralAuthenticationServiceImplTests:0.4666666666666667
CollectionUtils:0.24722222222222223
