HtmlInput:0.6
HtmlImageInput:0.30333333333333334
Input:0.29
Button:0.2833333333333333
HtmlRadioButtonInput:0.27
HtmlForm:0.25
SimpleScriptable:0.24583333333333332
HtmlPage:0.22
HtmlCheckBoxInput:0.20333333333333334
HtmlSubmitInput:0.18666666666666668
FormElementsArray:0.18444444444444444
HtmlHiddenInput:0.16
HtmlTextInput:0.16
HtmlPasswordInput:0.16
JavaScriptEngine:0.16
HtmlButtonInput:0.15
HtmlResetInput:0.13666666666666666
HtmlFileInput:0.025833333333333333
