Request:0.8466666666666667
AsyncHttpClientFilter:0.2966666666666667
RequestImpl:0.27
