Database:0.6533333333333333
DefaultGenerator:0.30666666666666664
IngresDatabase:0.2866666666666667
SQLServerDatabase:0.2866666666666667
AbstractDatabase:0.28
MySQLDatabase:0.2733333333333333
H2Database:0.2733333333333333
DerbyDatabase:0.2733333333333333
HSQLDBDatabase:0.2733333333333333
DB2Database:0.26
PostgresDatabase:0.26
OracleDatabase:0.25666666666666665
jOOQAbstractTest:0.25666666666666665
GenerationTool:0.25333333333333335
AbstractDefinition:0.24666666666666667
ASEDatabase:0.24666666666666667
GenerationTask:0.21
GenerationUtil:0.13666666666666666
Plugin:0.08666666666666667
