InputOutputComposite:0.41
BotTaskEditor:0.38
XmlBasedConstructorProvider:0.23333333333333334
ChooseStringOrFile:0.18611111111111112
ConstructorView:0.12666666666666668
DelegableProvider:0.06333333333333334
IBotTaskHandlerProvider:0.0011111111111111111
