AbstractLocalizedTextProvider:0.6730555555555555
StrutsLocalizedTextProvider:0.39
DefaultLocalizedTextProvider:0.33666666666666667
