StatelessChronicleMap:0.5066666666666667
VanillaChronicleMap:0.4766666666666667
StatelessServerConnector:0.4033333333333333
TcpSocketChannelEntryWriter:0.20333333333333334
