MathUtils:0.4166666666666667
SeekBar:0.3466666666666667
DefaultItemAnimator:0.3
LayoutParams:0.24333333333333335
ShadowGenerator:0.21666666666666667
ScrollFlagsActivity:0.19
AnimUtils:0.185
AvatarTextListItemActivity:0.07666666666666666
FeaturesActivity:0.07666666666666666
