LwjglInput:0.8133333333333334
Rectangle:0.22933333333333333
