SarosSession:0.49333333333333335
ByteStreamConnection:0.47333333333333333
IByteStreamConnection:0.405
Receiver:0.31666666666666665
NetworkManipulatorImpl:0.31
ITransmitter:0.28
SarosView:0.24166666666666667
IncomingSessionNegotiation:0.23
XStreamExtensionProvider:0.22666666666666666
IncomingProjectNegotiation:0.22
DataTransferManager:0.21666666666666667
SarosSessionManager:0.21666666666666667
XMPPReceiver:0.20666666666666667
TestPacket:0.19
TransmitterStub:0.18666666666666668
OutgoingProjectNegotiation:0.18444444444444444
XMPPTransmitter:0.18333333333333332
ByteStreamConnectionTest:0.17
ActivitySequencer:0.15333333333333332
ActivityFlushTask:0.145
Opcode:0.07
StreamConnectionListener:0.04666666666666667
IByteStreamConnectionListener:0.04666666666666667
IPacketInterceptor:0.043333333333333335
ArchivePacket:0.03666666666666667
