XmlFlowBuilder:0.49944444444444436
FlowTests:0.32
TextToTransitionCriteria:0.30777777777777776
TestViewFactoryCreator:0.25666666666666665
EndStateTests:0.2
TextToTargetStateResolver:0.18
AttributeMapperActionTests:0.17
