AdaptorTestModule:0.5566666666666666
Params:0.42
SimpleAdaptorTest:0.16666666666666666
