AccessTree:0.49333333333333335
RoleManagementSessionBeanTest:0.4766666666666667
RoleManagementSessionBean:0.4066666666666667
