HttpServerRequestImpl:0.5266666666666666
Http2ServerRequestImpl:0.49666666666666665
HttpServerRequest:0.3566666666666667
