QueryManagerConfig:0.89
SqlQueryManager:0.39666666666666667
CoordinatorModule:0.30666666666666664
TestQueryManagerConfig:0.22333333333333333
