Interval:0.41333333333333333
TestInterval_Basics:0.38666666666666666
DateTimeUtils:0.37333333333333335
TestDateTimeUtils:0.25333333333333335
