OCSPServlet:0.47
OCSPServletStandAlone:0.45666666666666667
AdminCertReqServlet:0.31333333333333335
OCSPServletBase:0.25
CACertServlet:0.19666666666666666
CACertReqServlet:0.16827777777777778
