Config:0.6433333333333333
Style:0.43666666666666665
ApolloFrame:0.24666666666666667
StrandedZoomableApolloPanel:0.23666666666666666
