Builder:0.87
MetaDataCreateIndexService:0.25666666666666665
IndexTemplateFileLoadingTests:0.23333333333333334
ToAndFromJsonMetaDataTests:0.05
