Profiles:0.49333333333333335
TxmUser:0.4166666666666667
TxmConfig:0.2633333333333333
HelloServiceImpl:0.17333333333333334
ProfileTab:0.04
SubscribeTab:0.04
