RenderPanel:0.6494444444444444
ChangeModeAction:0.3486666666666666
JCPToolBar:0.29777777777777775
