BaseJdbcClient:0.5266666666666666
TestJdbcMetadata:0.36
TestingDatabase:0.32666666666666666
MySqlClient:0.22
TestJdbcClient:0.02666666666666667
