Internal:0.5466666666666666
URLConnectionTest:0.46
RecordedRequest:0.44
Headers:0.36333333333333334
CallTest:0.25666666666666665
MockWebServer:0.25
MockWebServerTest:0.24666666666666667
HttpOverSpdyTest:0.23333333333333334
OkApacheClientTest:0.19666666666666666
InterceptorTest:0.18666666666666668
SpdySocketHandler:0.14833333333333334
