Dialect:0.6466666666666666
Oracle10gDialect:0.3
SQLServer2005DialectTestCase:0.2866666666666667
SQLServer2005Dialect:0.22333333333333333
PostgreSQL95Dialect:0.21
BaseUnitTestCase:0.21
LockTest:0.20333333333333334
LockModeTest:0.2
SQLServer2005LockHintsTest:0.15
SupportSkipLocked:0.03
