CommunicationsStub:0.5566666666666666
ObjectFactory:0.5166666666666667
ObjectNode:0.37666666666666665
TopologyViewScene:0.35
ClassHierarchyScene:0.29333333333333333
TopologyDesignTopComponent:0.21
BookmarksActionFactory:0.20666666666666667
ClassHierarchyTopComponent:0.20333333333333334
GraphicalRepSpecialRelationshipsScene:0.20166666666666666
ExecuteClassLevelReportAction:0.17166666666666666
CreateSubnetAction:0.15333333333333332
GraphicalRepSpecialRelationshipsActionsFactory:0.15166666666666667
ReleaseSubnetFromVRFAction:0.15166666666666667
ReleaseFromVlanAction:0.15166666666666667
BookmarkRootNode:0.15
RelateToVlanAction:0.14
AddIPAddressAction:0.14
DeleteSubnetPoolAction:0.14
RelateSubnetToVRFAction:0.14
DeleteSubnetAction:0.14
CreateSubnetPoolAction:0.14
GeneralPurposeDeleteServiceAction:0.14
ShowSpecialRelationshipChildrenAction:0.10333333333333333
HideSpecialRelationshipChildrenAction:0.10333333333333333
NewBookmarkCategoryAction:0.08555555555555557
DeleteBookmarkCategoryAction:0.06166666666666667
ShowSubclassAction:0.043333333333333335
HideSubclassAction:0.043333333333333335
DeleteConnectionAction:0.04
DeleteFrameAction:0.03333333333333333
ObjectNodeWidgetMenu:0.016666666666666666
FrameMenu:0.016666666666666666
ObjectConnectionWidgetMenu:0.016666666666666666
ClassMetadataWidgetMenu:0.013333333333333334
DeleteNodeAction:0.013333333333333334
Installer:0.0
RegisterUpdateCenterAction:0.0
