Config:0.38
ApolloPanel:0.3466666666666667
FeatureTreePanel:0.3333333333333333
Gene:0.30333333333333334
SequenceTextPanel:0.2833333333333333
Transcript:0.26
TestLoader:0.2127777777777778
CORBAAdapter:0.16333333333333333
ApolloFrame:0.16
DrawableAnnotatedSeqFeature:0.15666666666666668
GFFUtil:0.12
