WebUtils:0.5566666666666666
DefaultRegisteredServiceAccessStrategy:0.4666666666666667
RegisteredServiceAccessStrategy:0.41333333333333333
RegisteredServiceAuthorizationStrategyMixin:0.17333333333333334
GatewayServicesManagementCheck:0.16333333333333333
ServiceAuthorizationCheck:0.15
SamlMetadataUIParserAction:0.12333333333333334
JsonServiceRegistryDaoTests:0.08666666666666667
DefaultRegisteredServiceAccessStrategyTests:0.08
