SerialDataStore:0.43666666666666665
AnnotationDiff:0.36666666666666664
FeatureSchema:0.285
AnnotationEditDialog:0.27
SaveToAction:0.17333333333333334
