SliderRenderer:0.84
CachedARINCRenderer:0.4928809523809524
WidgetListener:0.3566666666666667
