Trees:0.6866666666666666
GrammarInterpreterRuleContext:0.25666666666666665
InterpreterTreeTextProvider:0.22666666666666666
BasePython3Test:0.19333333333333333
ParserFile:0.09666666666666666
TestParseTrees:0.06333333333333334
