JVM:0.4266666666666667
Error:0.42333333333333334
JPF_java_util_Random:0.38
Search:0.3433333333333333
SystemState:0.33
Publisher:0.27
Reporter:0.25
JPF_java_lang_Runtime:0.013333333333333334
