FunctionsTest:0.7366666666666667
CalculatorBaseTest:0.24666666666666667
