ConnectorSession:0.5617777777777777
Session:0.45
FullConnectorSession:0.33666666666666667
TestDateTimeFunctions:0.3333333333333333
TestingConnectorSession:0.24333333333333335
