DistributedMasterBuilderTest:0.9433333333333334
DistributedMasterBuilderNoLookupTest:0.24666666666666667
