OnmsEvent:0.55
EventDaoTest:0.41333333333333333
HibernateDaoTestConfig:0.28
AbstractDaoTestCase:0.24
DaoTestConfig:0.18333333333333332
JdbcDaoTestConfig:0.18333333333333332
