BindingUtil:0.44666666666666666
LambdaExpression:0.4066666666666667
DebugASTPrinter:0.35133333333333333
OuterReferenceResolver:0.34
UOToUO:0.27051984126984113
UnaryOperator:0.27051984126984113
GenerationTest:0.25333333333333335
LambdaTest:0.25333333333333335
Rewriter:0.21449999999999997
TranslationProcessor:0.17
FunctionalAnonymousClassConverter:0.10333333333333333
Callable:0.045
LambdaExpressionTest:0.043333333333333335
