HtmlTreeBuilder:0.5633333333333334
DataUtil:0.36
ParseTest:0.3233333333333333
TreeBuilder:0.25666666666666665
