Printer:0.8
GenericRepRap:0.33
BotConsoleFrame:0.29444444444444445
SNAPReprap:0.26666666666666666
Simulator:0.2588888888888889
GCodeRepRap:0.21666666666666667
