ChadoXmlAdapter:0.6833333333333333
ChadoXmlWrite:0.49333333333333335
