TopNOperatorFactory:0.38
Visitor:0.3466666666666667
TopNOperator:0.33
TopNBuilder:0.25666666666666665
TestTopNOperator:0.24666666666666667
Top100Benchmark:0.15194444444444447
