ConvertUtils:0.5166666666666667
ColumnUtils:0.37666666666666665
ReferenceUtils:0.295
OpenXavaUtils:0.21333333333333335
