Settings:0.7766666666666666
PersistentClass:0.36666666666666664
SessionFactoryImpl:0.32666666666666666
BulkOperationCleanupAction:0.30666666666666664
AbstractSessionImpl:0.20666666666666667
MultiTableUpdateExecutor:0.19333333333333333
BasicExecutor:0.16666666666666666
MultiTableDeleteExecutor:0.16333333333333333
SettingsFactory:0.12333333333333334
AvailableSettings:0.02666666666666667
