TransportMission:0.69
EuropeanAIPlayer:0.43666666666666665
TransportMissionTest:0.26666666666666666
