RaptorMetadata:0.65
RaptorSessionProperties:0.39666666666666667
RaptorQueryRunner:0.37777777777777777
TestingSession:0.14
