FormUrlEncodedTypedOutput:0.7966666666666666
RequestBuilder:0.10333333333333333
FormUrlEncodingTypedOutputTest:0.006666666666666667
