DeadlineTransferConfig:0.8583333333333333
DeadlineTransferHandler:0.31666666666666665
