DcmUPS:0.41333333333333333
BasicApplicationProfile:0.3
Tag:0.2627777777777778
UID:0.21944444444444447
SAXAdapter:0.15333333333333332
