FileAccessor:0.42333333333333334
DataObject:0.42011111111111116
TestFileAccessor:0.4
DataObjectBase:0.17666666666666667
FileAccessorFactory:0.14533333333333334
DataAccessor:0.059333333333333335
FileDataObjectBase:0.056666666666666664
FolderDataObjectBase:0.05
