JdbcSqlTemplate:0.6666666666666666
JdbcSqlTransaction:0.3933333333333333
JdbcUtils:0.36333333333333334
JdbcSqlReadCursor:0.19833333333333333
SqliteDdlBuilder:0.19666666666666666
SqliteJdbcSqlTemplate:0.18333333333333332
GreenplumJdbcSqlTemplate:0.15
SqliteTriggerTemplate:0.14
