LdapServer:0.6066666666666667
LdapSslSocketFactory:0.2966666666666667
LdapBrowserHelper:0.2833333333333333
SecureLdapContextSource:0.16111111111111112
LDAPObjectMapper:0.13
