XmlDocumentFormat:0.19333333333333333
SimpleErrorHandler:0.16
HtmlDocumentFormat:0.11666666666666667
SgmlDocumentFormat:0.11333333333333333
EmailDocumentFormat:0.10333333333333333
RtfDocumentFormat:0.10333333333333333
Scratch:0.06666666666666667
