GwtSharedMeItem:0.5466666666666666
GwtViewHelper:0.5283333333333333
