SoapProtocol:0.36
MultiPartFormDataParser:0.35
HttpProtocol:0.2966666666666667
OLParser:0.28
HttpParser:0.2677222222222222
