GenerationTest:0.5466666666666666
ClassFileConverterTest:0.4533333333333333
ClassFileConverter:0.33
