RowContextReferenceResolver:0.6266666666666667
SysNodesExpressionFactories:0.45666666666666667
NodeStatsCollectSource:0.25333333333333335
LocalSysColReferenceResolver:0.17333333333333334
