CliCommand:0.6466666666666666
CliCommandHelper:0.3566666666666667
FileTools:0.33
