Controller:0.7966666666666666
EnsJAdapterGUI:0.6766666666666666
