Synth2Parser:0.6111111111111112
SynthComboBoxUI:0.5596666666666666
