RDFProtonDescriptor:0.35333333333333333
HOSECodeGenerator:0.2733333333333333
AtomPlacer3D:0.22666666666666666
RandomGenerator:0.21833333333333332
SaturationChecker:0.21333333333333335
IChIHandler:0.18
VicinitySampler:0.14666666666666667
