Robolectric:0.64
ResourceLoader:0.38
ShadowApplication:0.37
RobolectricTest:0.30666666666666664
TestService:0.21333333333333335
FakeHttpLayer:0.2
ApplicationTest:0.06
