DeterministicKeyChain:0.7366666666666667
KeyChainGroup:0.39666666666666667
WalletProtobufSerializer:0.27194444444444443
DeterministicKeyChainTest:0.06666666666666667
AccountOneChain:0.04
