SpringXmlBuilder:0.6033333333333334
TestClientApplicationContext:0.15333333333333332
