AccessTokenManager:0.5166666666666667
TokenInfo:0.5066666666666667
AccessToken:0.5033333333333333
TokenInfoSession:0.36666666666666664
RemoteApplicationManagerImpl:0.25166666666666665
AccessTokenManagerImpl:0.24666666666666667
SecurityDaoImpl:0.16
SecurityDao:0.14781746031746035
TokenInfoRequest:0.14333333333333334
DispatchServer:0.08333333333333333
ContextListener:0.08
SessionListener:0.08
