IllustratedComposite:0.44333333333333336
ExplanationComposite:0.42
RoundedComposite:0.25666666666666665
NoteComposite:0.24666666666666667
SimpleNoteComposite:0.21666666666666667
SimpleExplanationComposite:0.19333333333333333
SimpleRoundedComposite:0.18333333333333332
ExplanatoryComposite:0.18283333333333332
SimpleExplanatoryComposite:0.15666666666666668
ListExplanationComposite:0.14333333333333334
SimpleIllustratedComposite:0.006666666666666667
