ValueMirrors:0.571888888888889
ValueType:0.5633333333333334
Constitution:0.43666666666666665
TypeAdapterTypes:0.3078888888888889
Proto:0.29
OkTypeAdapterTypes:0.2773333333333333
StyleInfo:0.268
PackageNaming:0.20666666666666667
Styles:0.13
OkJsons:0.08333333333333333
Gsons:0.08333333333333333
Scheme:0.0
