FinderPatternFinder:0.5433333333333333
QRCodeBlackBox1TestCase:0.345
QRCodeBlackBox2TestCase:0.14888888888888888
