SearchState:0.6197222222222222
SinglePhaseTransducer:0.5433333333333333
