AbstractDbDialect:0.30666666666666664
SqlTemplate:0.29333333333333333
NodeService:0.2866666666666667
ConfigurationService:0.2833333333333333
AbstractJob:0.28
BootstrapService:0.27
IDbDialect:0.24666666666666667
MySqlDbDialect:0.24
IConfigurationService:0.23
OracleDbDialect:0.21666666666666667
PurgeJob:0.056666666666666664
PushJob:0.056666666666666664
SyncTriggersJob:0.056666666666666664
PullJob:0.006666666666666667
HeartbeatJob:0.006666666666666667
