SideKickPlugin:0.7260000000000001
SideKickTree:0.37
CompleteAction:0.32666666666666666
