X_Fact_Acct:0.6255555555555556
Doc_Invoice:0.38
Doc_Allocation:0.3
AcctViewerData:0.21333333333333335
