CacheConfig:0.64
AbstractHazelcastCacheManager:0.32
AbstractCacheConfig:0.2977222222222222
HazelcastClientCacheManager:0.285
HazelcastServerCacheManager:0.2388888888888889
