QueryManager:0.5033333333333333
MockService:0.39
MockDatabase:0.2966666666666667
DefaultPollContext:0.24666666666666667
DumpVisitor:0.24166666666666667
PollerTest:0.23666666666666666
Outage:0.21
PollableNetwork:0.20666666666666667
MockQueryManager:0.18333333333333332
DefaultQueryManager:0.17666666666666667
MockDatabaseTest:0.15
