Problem:0.6366666666666667
FileModule:0.6033333333333334
FileModuleImpl:0.38333333333333336
FileAttachment:0.27666666666666667
IndexUtils:0.23133333333333336
AbstractFolderCoreProcessor:0.22666666666666666
FolderEntry:0.2
DefinableEntity:0.2
AbstractEntryProcessor:0.1922222222222222
AbstractBinderProcessor:0.1922222222222222
FileLock:0.15666666666666668
LockedByAnotherUserException:0.14
RepositoryServiceUtil:0.10666666666666667
