EntryIndexUtils:0.43666666666666665
AbstractFolderCoreProcessor:0.4033333333333333
IndexObject:0.25666666666666665
WebKeys:0.02
