Weka:0.48
LinearRegressionWModel:0.37
J48WModel:0.3466666666666667
AdministratorFilesReader:0.2833333333333333
IWekaModel:0.14583333333333334
