Vertx:0.88
VertxImpl:0.38666666666666666
TimeoutStream:0.2733333333333333
InternalTimerHandler:0.27
TimerTest:0.18416666666666667
