ListenerConfig:0.4666666666666667
EntryListenerConfig:0.3566666666666667
ItemListenerConfig:0.31333333333333335
