MapAccessor:0.5433333333333333
ClassMethodKeyTests:0.26666666666666666
AbstractConverter:0.26666666666666666
TextToExpression:0.17666666666666667
TextToBoolean:0.17666666666666667
TextToNumber:0.16666666666666666
NoOpConverter:0.08333333333333333
TextToLabeledEnum:0.05333333333333334
TextToClass:0.043333333333333335
MapAdaptable:0.0011111111111111111
