SharedBuffer:0.3933333333333333
TaskOutput:0.37333333333333335
TestSharedBuffer:0.31
BufferResult:0.2966666666666667
SqlTaskExecution:0.29
SqlTaskManager:0.27666666666666667
NamedQueue:0.2
QueryManagerConfig:0.1811111111111111
TaskResource:0.13666666666666666
TestQueryManagerConfig:0.12333333333333334
AddPagesJob:0.12
GetPagesJob:0.1
TestAlignmentOperator:0.09333333333333334
TestRecordProjectOperator:0.09333333333333334
MockTaskManager:0.09166666666666666
