WebKeys:0.5910000000000001
LoginFilter:0.38
PortalLoginController:0.18333333333333332
