JCPPage:0.43
CDK10Manager:0.3233333333333333
SDFileEditorInput:0.2633333333333333
JCPOutlinePage:0.25027777777777777
SDFEditor:0.20333333333333334
MDLMolfileEditor:0.19138888888888891
StructureTablePage:0.14333333333333334
CDK10ManagerHelper:0.013333333333333334
