JsonTest:0.43666666666666665
Streams:0.42333333333333334
StringOutputStream:0.29
BufferRing:0.22
