ConcreteLayer:0.49666666666666665
AttributedStringDrawing:0.39
PainterUtils:0.31333333333333335
MapsPanel:0.25
AbstractServerEngine:0.23333333333333334
MapHorzPanelTest:0.19666666666666666
MapItemsUIHandler:0.17904761904761904
MutuExclRenderer:0.15666666666666668
MapItemLegendRenderer2Test:0.04666666666666667
