ServerComUtilities:0.54
ExtensionTest:0.4
AbstractFXMLRenderer:0.3333333333333333
ExtensionFXMLTest:0.30333333333333334
JFXRenderersHandler:0.25
ExtensionTest2:0.23111111111111116
AltPushButtonRenderer:0.18666666666666668
AltPushButtonController:0.12666666666666668
