Adapter:0.5478214285714285
LocalHardTokenSessionBean:0.49666666666666665
LocalCertificateStoreSessionBean:0.39
CertificateDataUtil:0.1974761904761905
MyAdapter:0.17022222222222222
LocalEjbcaHardTokenBatchJobSessionBean:0.15666666666666668
