DefinitionHelper:0.66
ListFolderHelper:0.3688888888888889
MobileAjaxController:0.21333333333333335
ViewEntryController:0.19111111111111112
AddEntryController:0.15333333333333332
