ArchiveReader:0.49
Reducer:0.45555555555555555
TranslatorFactory:0.17333333333333334
