OrderedHashSet:0.4766666666666667
Decl:0.41
RuleFunction:0.32
LL1PlusBlockSingleAlt:0.16920634920634922
LL1StarBlockSingleAlt:0.16920634920634922
TestSetInline:0.11333333333333333
