RunListener:0.5986666666666667
ParentRunner:0.38333333333333336
ParentRunnerTest:0.2866666666666667
CountingRunListener:0.26666666666666666
RunNotifier:0.25666666666666665
SynchronizedRunListener:0.22333333333333333
EachTestNotifier:0.08611111111111111
