GenericExtruder:0.3644444444444444
Preferences:0.33666666666666667
Printer:0.31617857142857136
MaterialRadioButtons:0.3
NullCartesianMachine:0.25666666666666665
Producer:0.23333333333333334
NullExtruder:0.21666666666666667
STLObject:0.21666666666666667
RepRapBuild:0.19666666666666666
Reprap:0.18666666666666668
