BuildAgent:0.5133333333333333
MulticastDiscovery:0.47
DistributedMasterBuilderTest:0.39666666666666667
DistributedMasterBuilder:0.30333333333333334
BuildAgentTest:0.24
MulticastDiscoveryTest:0.14055555555555554
