DashboardMainPage:0.32166666666666666
DynamicLinkPanel:0.31333333333333335
AddGroupForm:0.2966666666666667
ReportPanel:0.27
SystemInfoPanel:0.21347619047619049
FileSystemPanel:0.21347619047619049
JFreeChartImage:0.12
CreateOrEditReportPage:0.11333333333333333
