AbstractInteropTest:0.4166666666666667
GoogleAuthLibraryCallCredentialsTest:0.3
GoogleAuthLibraryCallCredentials:0.24777777777777782
CallCredentialsApplyingTransport:0.23111111111111116
CallCredentialsApplyingTest:0.09166666666666666
