ActionClose:0.5127619047619048
ActionSave:0.49661111111111117
ControlCenter:0.42
