Listener:0.6266666666666667
ZenDiscovery:0.37333333333333335
PingRequestHandler:0.29
MasterPingResponseResponse:0.2683333333333333
SendPingRequest:0.25666666666666665
NodesFaultDetection:0.21666666666666667
UpdateTask:0.20666666666666667
InternalClusterService:0.2
MasterFaultDetection:0.19
ZenFaultDetectionTests:0.145
MasterPinger:0.13
InternalNode:0.12666666666666668
NodeFaultDetectionListener:0.12
JoinThreadControl:0.08166666666666667
MasterNodeFailureListener:0.03333333333333333
