Lang:0.6733333333333333
Mirror:0.45
Images:0.29333333333333333
SqlTemplate:0.21666666666666667
NutDaoRunner:0.17666666666666667
