Interpreter:0.44555555555555554
Arguments:0.3755555555555556
FunctionCaller:0.33666666666666667
