Article:0.616388888888889
ArticleProcessor:0.28
ArticleMgmtService:0.23666666666666666
