AnalyzerGuru:0.7266666666666667
AnalyzerGuruTest:0.36
Indexer:0.3333333333333333
WebAddress:0.10333333333333333
