MainScreen:0.4666666666666667
ImagePanel:0.42333333333333334
ImageOrientation:0.2677777777777778
DicomTagsReader:0.23444444444444448
QueryRetrive:0.22222222222222224
SeriesPanel:0.20111111111111113
SeriesListUpdator:0.16333333333333333
SeriesThumbUpdator:0.14333333333333334
CellRenderer:0.12666666666666668
SendReceivePanel:0.11
