InternalAggregationFunction:0.6533333333333333
AggregationCompiler:0.3333333333333333
MaxBy:0.255
CountColumn:0.215
