QueryEditorScene:0.6533333333333333
QueryBuilderTopComponent:0.52
SwitchClassNodeWidgetFilterAction:0.2001111111111111
AttributePinWidget:0.1877777777777778
