DecoderConfig:0.54
RestAssuredResponseOptionsImpl:0.48333333333333334
EncoderConfig:0.29
DecoderConfigITest:0.16666666666666666
ResponseConverter:0.12
