Redisson:0.6566666666666666
AccessorInterceptor:0.42333333333333334
RedissonAttachedLiveObjectService:0.35
