DataCollectionVisitor:0.643888888888889
DataCollectionConfigFile:0.5933333333333334
DataCollectionConfigFileTest:0.45
InvocationAnticipator:0.24
