ScepRequestMessage:0.52
PKCS10RequestMessage:0.37666666666666665
PKCS7RequestMessage:0.33466666666666667
X509ResponseMessage:0.18416666666666667
ScepResponseMessage:0.1775
