APIAStubFactory:0.5442777777777777
APIMStubFactory:0.5442777777777777
