JettyWebSocketHandler:0.48333333333333334
Jetty8WebSocket:0.47333333333333333
FrameworkConfig:0.02
ApplicationConfig:0.014444444444444444
