ContextIndexSearcher:0.425
IndexCache:0.38
TestSearchContext:0.24333333333333335
TopHitsContext:0.24333333333333335
DefaultSearchContext:0.21333333333333335
PercolateContext:0.20333333333333334
SearchContext:0.19916666666666666
IndexCacheModule:0.18
