Tds:0.5366666666666666
Procedure:0.48
TdsResultSet:0.29333333333333333
TdsStatement:0.22
TdsConnection:0.21
PreparedStatement_base:0.20666666666666667
AbstractResultSet:0.19333333333333333
CursorResultSet:0.19333333333333333
