DocumentTest:0.7233333333333334
HtmlScriptTest:0.4033333333333333
HTMLScriptElementTest:0.32666666666666666
