OLParser:0.4033333333333333
Constants:0.37822222222222224
OLVisitor:0.3
RequestResponseOperationStatement:0.28
OptimizerVisitor:0.26
SemanticVerifier:0.22
Scanner:0.20777777777777778
AbstractParser:0.13666666666666666
SolicitResponseOperationStatement:0.13666666666666666
NotificationOperationStatement:0.11
EmbeddedServiceNode:0.03333333333333333
