VersionUtils:0.8133333333333334
VersionUtilsTests:0.31333333333333335
