RecordStore:0.9033333333333333
AbstractRecordStore:0.4033333333333333
MapServiceContextImpl:0.24666666666666667
LocalMapStatsProvider:0.24666666666666667
DefaultRecordStore:0.23333333333333334
