CacheRecord:0.43333333333333335
AbstractCacheRecordStore:0.36666666666666664
CacheRecordStore:0.2833333333333333
CacheRecordHashMap:0.26111111111111107
ClusterMembershipTest:0.25333333333333335
CacheRecordFactory:0.24666666666666667
AbstractCacheRecord:0.16666666666666666
CacheDataRecord:0.0911111111111111
CacheObjectRecord:0.0911111111111111
