EmployeesController:0.4875
DownloadFileController:0.2997619047619048
PortletAdapterServlet:0.2997619047619048
