NioServer:0.37333333333333335
BundleIterator:0.275
QueueEvent:0.2701111111111111
JPPFPriorityQueue:0.24
JPPFJobManager:0.2
SelectionKeyWrapper:0.18944444444444444
LocalChannelSelector:0.15833333333333333
