ClassNode:0.43666666666666665
EditableTreeView:0.3933333333333333
OntologyEditorImpl:0.3788888888888889
