Fiber:0.67
Stack:0.2733333333333333
PrimitiveChannelRingBenchmark:0.19666666666666666
RingBenchmark:0.18333333333333332
ThreadRecorder:0.17666666666666667
FJBenchmark:0.14333333333333334
