BoundedLocalCache:0.5633333333333334
Sync:0.5105555555555557
IsValidBoundedLocalCache:0.30333333333333334
RemovalTask:0.29777777777777775
LocalManualCache:0.2447063492063492
AddTask:0.20444444444444446
ExpireAfterAccessTest:0.11
IsValidCache:0.03333333333333333
