Py:0.6466666666666666
PyObject:0.6083333333333333
PyProxy:0.39561111111111114
imp:0.36666666666666664
BytecodeLoader:0.2866666666666667
PyInstance:0.28
PyFrame:0.2633333333333333
StdoutWrapper:0.22
ThreadState:0.22
PyJavaClass:0.21
ProxyMaker:0.18777777777777777
PyClass:0.18666666666666668
PyJavaPackage:0.18333333333333332
PyBeanEventProperty:0.17333333333333334
PyModule:0.16333333333333333
PyTableCode:0.08
AdapterMaker:0.04444444444444444
FunctionThread:0.023333333333333334
