FileDataSource:0.5366666666666666
MoveTask:0.4533333333333333
MoveScpService:0.37666666666666665
MoveScp:0.21
