ObjectiveCSourceFileGenerator:0.37666666666666665
ObjectiveCImplementationGenerator:0.36333333333333334
InitializationNormalizerTest:0.33
ObjectiveCHeaderGenerator:0.27666666666666667
StatementGeneratorTest:0.27666666666666667
ObjectiveCImplementationGeneratorTest:0.25333333333333335
DeadCodeEliminatorTest:0.23
ObjectiveCSourceFileGeneratorTest:0.22
