SymbolicInputHeap:0.5933333333333334
MethodSummary:0.2966666666666667
SymbolicListener:0.24
GETFIELD:0.15666666666666668
