SimpleOptimizableModel:0.5066666666666667
TestOptimizers:0.43333333333333335
UpdaterCreator:0.22
