HtmlPage:0.6366666666666667
HtmlElement:0.5666666666666667
HtmlPageTest:0.26666666666666666
HtmlElementTest:0.21666666666666667
DomNodeList:0.19333333333333333
