Setting:0.78
NettyTransport:0.3433333333333333
NettyHttpServerTransport:0.2866666666666667
NetworkService:0.2711111111111111
AssertingLocalTransport:0.25222222222222224
MockTransportService:0.23166666666666666
CircuitBreakerServiceIT:0.13333333333333333
DateHistogramOffsetIT:0.12333333333333334
TcpSettings:0.006666666666666667
