HeartbeatFailureDetector:0.5066666666666667
DiscoveryNodeManager:0.48333333333333334
TestDiscoveryNodeManager:0.26666666666666666
HttpLocationFactory:0.19666666666666666
TestHeartbeatFailureDetector:0.15333333333333332
