BusinessDuration:0.5333333333333333
SafeBusinessDayIterator:0.34
BusinessDurationParser:0.2866666666666667
JbpmDuration:0.22194444444444447
JbpmBusinessCalendar:0.21666666666666667
BusinessCalendarProperties:0.21333333333333335
Timer:0.2075
JbpmDay:0.17666666666666667
JbpmHoliday:0.16666666666666666
DefaultBusinessCalendarTest:0.16333333333333333
AbstractBusinessCalendar:0.13
BusinessDurationParserTest:0.01972222222222222
DefaultBusinessCalendar:0.0
