TestActionTranslation:0.5366666666666666
BlankActionSplitterListener:0.4630119047619048
ActionSplitterListener:0.4380119047619048
AttributeChecks:0.33
ActionTranslator:0.31
UseDefAnalyzer:0.25
ActionSniffer:0.2417619047619048
