Hook:0.54
JsConsoleView:0.38333333333333336
ConsoleProgressMonitor:0.29
JsAction:0.26666666666666666
Activator:0.2633333333333333
JsThread:0.21666666666666667
