RuleLevel2:0.43333333333333335
RuleLevel1:0.38666666666666666
PredicateTests:0.3433333333333333
LevelMap:0.3333333333333333
TypeModel:0.30666666666666664
RuleModel:0.25666666666666665
Parameters:0.2066666666666667
