Call:0.42
ClusterWidgets:0.29333333333333333
SessionObject:0.23666666666666666
HazelcastClientExecutorServiceTest:0.21333333333333335
HazelcastServiceImpl:0.21
ConnectionManager:0.19476190476190477
ProxyHelper:0.18666666666666668
FutureProxy:0.175
InRunnable:0.15333333333333332
MapBrowserPanel:0.14
MapServiceImpl:0.09333333333333334
ExecutorServiceManager:0.08666666666666667
DynamicClusterTest:0.06333333333333334
OutRunnable:0.03333333333333333
IORunnable:0.023333333333333334
