GwtViewHelper:0.4633333333333333
GwtServerHelper:0.46
BinderHelper:0.4166666666666667
