EffectivePolarizabilityDescriptor:0.3233333333333333
ProtonTotalPartialChargeDescriptor:0.2633333333333333
SigmaElectronegativityDescriptor:0.2633333333333333
IsProtonInAromaticSystemDescriptor:0.21333333333333335
SigmaElectronegativityDescriptorTest:0.1577777777777778
EffectivePolarizabilityDescriptorTest:0.1577777777777778
ProtonTotalPartialChargeDescriptorTest:0.13777777777777778
