FlowExecutor:0.86
ServletExternalContext:0.3688888888888889
ServletExternalContextTests:0.23666666666666666
FlowExecutorImpl:0.19
FlowExecutorImplTests:0.16333333333333333
StubFlowExecutor:0.14666666666666667
RequestPathTests:0.14333333333333334
FlowExecutorFactoryBeanTests:0.14
EnableScopesBeanDefinitionParserTests:0.1
FlowExecutorBeanDefinitionParserTests:0.1
