AlfSession:0.6716666666666666
AlfOrgFunction:0.3566666666666667
ExecutorIdCodeCache:0.17333333333333334
