Pointer:0.6566666666666666
Native:0.51
ToNativeConverter:0.4116666666666667
Function:0.3308333333333333
TypeMapperTest:0.22333333333333333
CallbackReference:0.21666666666666667
Kernel32Test:0.13666666666666666
W32APITypeMapper:0.04666666666666667
Advapi32:0.0011111111111111111
