HazelCastStateTracker:0.56
ActorNetworkRunner:0.38
MasterActor:0.3466666666666667
ZooKeeperStateTrackerTest:0.20333333333333334
ActorNetworkRunnerTest:0.10333333333333333
BatchActor:0.1
