Setting:0.54
AbstractScopedSettings:0.49333333333333335
AffixKey:0.28
ScopedSettingsTests:0.14083333333333334
AffixSetting:0.13
