MultiMapTest:0.5433333333333333
ClientMultiMapProxy:0.5366666666666666
ClientMultiMapTest:0.38666666666666666
ValidationUtil:0.28
ObjectMultiMapProxy:0.08333333333333333
