PropertyResolver:0.4161111111111111
PetiteResolvers:0.4066666666666667
PetiteBeans:0.4
