CheckListener:0.4426666666666667
RobotTest:0.39666666666666667
TableTesterTest:0.38666666666666666
SelectedListener:0.26666666666666666
TreeTesterTest:0.15333333333333332
