WorkerActor:0.4533333333333333
NeuralNetwork:0.44484523809523807
BaseHazelCastStateTracker:0.2866666666666667
DeepLearning4jDistributed:0.2633333333333333
BaseNeuralNetwork:0.21333333333333335
MasterActor:0.21
NeuralNetWorkPerformerTest:0.10666666666666667
