Layer:0.44333333333333336
ComputationGraphConfiguration:0.30333333333333334
SubsamplingLayer:0.26744444444444443
ConvolutionLayer:0.14666666666666667
RnnOutputLayer:0.13
FeedForwardLayer:0.10666666666666667
BaseRecurrentLayer:0.10666666666666667
LocalResponseNormalization:0.08855555555555555
