GwtRpcService:0.5236111111111111
GwtTeamingMessages:0.508888888888889
GwtServerHelper:0.4
MainMenuControl:0.39
GwtRpcServiceAsync:0.3483730158730159
ContentControl:0.27
GwtRpcServiceImpl:0.23
GwtMainPage:0.22
GwtAdminAction:0.06
AdminControl:0.04
GwtAdminCategory:0.04
GwtAdminActionComparator:0.03
