HtmlSpanTest:0.33
HtmlStyleTest:0.2633333333333333
HtmlBaseFontTest:0.23666666666666666
HtmlSpan2Test:0.13333333333333333
HtmlStyle2Test:0.09
