InformationSchema:0.2511111111111111
MySQLDatabase:0.22333333333333333
KeyColumnUsage:0.19333333333333333
Parameters:0.19333333333333333
ReferentialConstraints:0.19333333333333333
Columns:0.19333333333333333
Tables:0.19333333333333333
Schemata:0.19333333333333333
Statistics:0.19333333333333333
MySQLRoutineDefinition:0.16166666666666665
TableConstraints:0.10333333333333333
