CasConfigurationProperties:0.42333333333333334
CheckConsentRequiredAction:0.36666666666666664
ConsentDecision:0.34
ConsentEngine:0.26985714285714296
DefaultConsentEngine:0.24
CasConsentCoreConfiguration:0.13
ConsentRepository:0.0
