Condition:0.7866666666666666
SearchPlan:0.27666666666666667
