Command:0.6133333333333333
UploadProgress:0.5933333333333334
UploadProgressCheck:0.13666666666666666
