DeserializeBeanInfo:0.5333333333333333
FieldInfo:0.51
FieldDeserializer:0.32499999999999996
ParserConfig:0.25333333333333335
