ActionMethodELResolver:0.8533333333333334
RequestContextELContextFactory:0.2966666666666667
