XmlConfigBuilder:0.5627777777777778
MapConfigAdapter:0.37333333333333335
