SecurityFilterChain:0.6566666666666666
FilterChainProxy:0.5266666666666666
DefaultFilterChainValidator:0.2966666666666667
FilterChainProxyTests:0.19666666666666666
FilterChainProxyConfigTests:0.17666666666666667
HttpSecurityBeanDefinitionParser:0.16666666666666666
FilterChainBeanDefinitionParser:0.1
