ConvolutionDownSampleLayerTest:0.5153333333333333
TestConvolutionLayer:0.1511111111111111
SubsampleTests:0.1511111111111111
