ComponentJoin:0.5766666666666667
IdentNode:0.4866666666666667
ComponentCriteriaTest:0.26666666666666666
