View:0.8383333333333334
Module:0.37833333333333335
InvoiceTest:0.2733333333333333
