ClusteredServiceAgent:0.48333333333333334
ClusteredService:0.36
EchoService:0.19666666666666666
