Dashboard:0.8005555555555556
ExplorerUtil:0.37666666666666665
OpenDashboardAction:0.30333333333333334
