IReaction:0.5683333333333334
Reaction:0.42333333333333334
Mapping:0.36333333333333334
DebugMapping:0.33
DefaultChemObjectBuilder:0.2633333333333333
IChemObjectBuilder:0.2535396825396825
ReactionTest:0.23333333333333334
MappingTest:0.22666666666666666
DebugChemObjectBuilder:0.22666666666666666
DefaultChemObjectBuilderTest:0.22333333333333333
IMapping:0.18023809523809523
Renderer2D:0.15333333333333332
MDLRXNReaderTest:0.14
MDLRXNReader:0.08333333333333333
