DocumentImpl:0.7366666666666667
GateFormatXmlDocumentHandler:0.31666666666666665
