BatchPresentation:0.6016666666666667
EmailSenderImpl:0.18166666666666667
SendEmailAction_ActorFullName:0.18
SendEmailAction_ProcessName:0.15
SendEmailAction_SwimlaneName:0.15
SendEmailAction_TaskDescription:0.15
SendEmailAction_TaskName:0.15
cacheController:0.13666666666666666
