MethodSignatureVisitor:0.5566666666666666
PrimitiveArrayListTest:0.3688888888888889
ByteArrayConverter:0.19666666666666666
FloatArrayConverter:0.19666666666666666
CharacterArrayConverter:0.19666666666666666
ShortArrayConverter:0.19666666666666666
BooleanArrayConverter:0.19666666666666666
LongArrayConverter:0.19666666666666666
DoubleArrayConverter:0.19666666666666666
