JmhRunner:0.5133333333333333
DetailedPerformanceReport:0.32777777777777783
