OuterReferenceResolver:0.7133333333333334
OuterReferenceFixer:0.41333333333333333
OuterReferenceResolverTest:0.3254761904761905
