Common:0.5058333333333334
Filler:0.5033333333333333
CommentQueryService:0.4533333333333333
TagProcessor:0.18333333333333332
IndexProcessor:0.18333333333333332
