ScriptExecutionManagerTests:0.49
ScriptExecutionManager:0.24666666666666667
ScriptTests:0.14333333333333334
