ConfiguredClass:0.5266666666666666
AccessHelper:0.51
IndexBuilder:0.3433333333333333
PropertyMocker:0.27
EntityMappingsMocker:0.15
EntityListenerTest:0.13333333333333333
