Util:0.45666666666666667
BusinessEntityManagerImpl:0.2733333333333333
BusinessEntityManager:0.16805555555555554
BusinessEntityManagerRemote:0.16805555555555554
ImporteFromXml:0.10666666666666667
