SWDownloadSegment:0.6533333333333333
SWDownloadFile:0.42333333333333334
DownloadEngine:0.24666666666666667
SWDownloadSegmentComparatorByRating:0.24444444444444446
IDownloadSegment:0.17833333333333334
