SuperAPIALite:0.45
Trial:0.43666666666666665
IndividualTest:0.42
HttpDataSource:0.4
IterableTest:0.18333333333333332
DescribeRepositoryTest:0.17
DataSource:0.14
FindTest:0.04666666666666667
ObjectProfileTest:0.04
ListMethodsTest:0.0033333333333333335
