AbstractDependencyManagerTests:0.4033333333333333
ScopingTest:0.3233333333333333
DependencyTest:0.23333333333333334
WeatherServiceBundleTest:0.23
Cardinality0to1Test:0.22333333333333333
MavenArtifactLookupTest:0.22333333333333333
ReferenceProxyTest:0.15333333333333332
ServiceListenerTest:0.15333333333333332
SimpleServiceBundleTest:0.15333333333333332
LifecycleTest:0.15
