Transition:0.5880555555555556
NotSetTransition:0.39
TestATNSerialization:0.29333333333333333
ATNSerializer:0.19
ATNSimulator:0.1866666666666667
DOTGenerator:0.16938888888888887
LexerATNFactory:0.13333333333333333
