CodeEmitter:0.8666666666666667
ComplexOps:0.46
TestKeyFactory:0.2866666666666667
EnhancerEmitter:0.18333333333333332
FastClassEmitter:0.13333333333333333
Generator:0.13166666666666665
LongKey:0.0867222222222222
ParameterTyper:0.0867222222222222
FloatKey:0.0867222222222222
PrimitivesKey:0.0867222222222222
IntegerKey:0.0867222222222222
