AbstractTestAggregationFunction:0.38666666666666666
TestCountAggregation:0.14
TestVarBinaryMaxAggregation:0.09666666666666666
TestDoubleMaxAggregation:0.09666666666666666
TestDoubleAverageAggregation:0.09666666666666666
TestLongSumAggregation:0.09666666666666666
TestLongMinAggregation:0.09666666666666666
TestLongAverageAggregation:0.09666666666666666
TestDoubleSumAggregation:0.09666666666666666
TestVarBinaryMinAggregation:0.09666666666666666
TestLongMaxAggregation:0.09666666666666666
TestDoubleMinAggregation:0.09666666666666666
