Thread:0.37666666666666665
JVM:0.3466666666666667
JPF:0.32
ClassInfo:0.30666666666666664
RunAnt:0.17
JavaJPF:0.14333333333333334
RunTool:0.09333333333333334
RunJPF:0.03333333333333333
