Scanner:0.6986666666666667
Ejb3Configuration:0.49
NativeScanner:0.3
AvailableSettings:0.04666666666666667
