DataHandler:0.76
QueryHandler:0.6133333333333333
AnsiQueryHandler:0.53
AnsiDataHandler:0.3333333333333333
TestDataHandler:0.2633333333333333
HistoryServlet:0.17666666666666667
DB2400QueryHandler:0.09666666666666666
DB2QueryHandler:0.09
OracleQueryHandler:0.09
