MigrationOperation:0.4866666666666667
PartitionMigrationEvent:0.46
MigrationRequestOperation:0.3933333333333333
PartitionCorrectnessTestSupport:0.21333333333333335
BaseMigrationOperation:0.21333333333333335
