PreparedStatementTest:0.5533333333333333
SharedSocket:0.5433333333333333
Support:0.3616666666666667
