StaticWeaver:0.5166666666666667
NutIoc:0.31
ObjectMakerImpl:0.21777777777777782
DynamicWeaver:0.21333333333333335
SessionIocContext:0.17333333333333334
RequestIocContext:0.17333333333333334
