TinyLfu:0.5933333333333334
PolicyBuilder:0.29333333333333333
VictimTuQueuePolicy:0.2511111111111111
VictimLruPolicy:0.21333333333333335
