TermTable:0.56
LookupException:0.4866666666666667
Terms:0.235
ObsoleteTerm:0.22
UpdateAnnotation:0.21
UpdateGene:0.20666666666666667
TermBeanTest:0.18333333333333332
AddTerm:0.18333333333333332
AddGene:0.17
UpdateTerm:0.16
ImportTermSynonymsFromGo:0.15666666666666668
Term_Graph:0.10333333333333333
