ServletUtil:0.4625
ActionResult:0.3590952380952381
MadvocConfig:0.34
ServletDispatcherResult:0.26
RawResult:0.25
MadvocController:0.23
NoneResult:0.08738888888888888
ChainResult:0.06333333333333334
ServletRedirectResult:0.03
MoveResult:0.023333333333333334
