SpectrumUtils:0.44133333333333336
SpectrumItem:0.4
SpectrumChartFactory:0.3466666666666667
SpectrumAxisListener:0.1775
SpokChartPanel:0.08333333333333333
