AlignViewport:0.4666666666666667
AlignmentPanel:0.43333333333333335
IdPanel:0.29333333333333333
IdCanvas:0.24833333333333332
AlignFrame:0.21
EditMenu:0.18333333333333332
FillPanel:0.03333333333333333
Selection:0.03
RedoAction:0.03
UndoAction:0.03
EditSequenceAction:0.009166666666666667
