TestHierarchy:0.66
ResolverFixture:0.2833333333333333
TestHierarchyTest:0.22333333333333333
AWTHierarchyTest:0.16666666666666666
