AuditMessage:0.4866666666666667
CodeElement:0.32666666666666666
ParticipantObject:0.30666666666666664
ActiveParticipant:0.2966666666666667
AuditEvent:0.26666666666666666
AuditSource:0.24666666666666667
ParticipantObjectDescription:0.235
NetworkAccessPointTypeCode:0.23
SOPClass:0.2227777777777778
AuditMessageFilter:0.20888888888888887
Detail:0.20833333333333334
ApplicationActivityMessage:0.13
