Table:0.7066666666666667
DbImport:0.4633333333333333
SqlDataReader:0.30666666666666664
CsvTableDataReader:0.27666666666666667
DbFill:0.2588888888888889
DatabaseWriter:0.21
AbstractTableDataReader:0.2
DbExportImportTest:0.07666666666666666
