GeneBeanImpl:0.5822222222222222
TermBeanIterator:0.2763888888888889
UrlReferenceBeanFactory:0.2297222222222222
