Assert:0.6566666666666666
AssertionTest:0.4066666666666667
VerifierRuleTest:0.37333333333333335
