StringStatistics:0.42
OrcMetadataReader:0.2966666666666667
DwrfMetadataReader:0.26666666666666666
StringStatisticsBuilder:0.20666666666666667
TestTupleDomainOrcPredicate:0.18333333333333332
TestStringStatistics:0.12333333333333334
TestStringStatisticsBuilder:0.05
