GeoLocation:0.48
GeoService:0.37
GeoModel:0.2633333333333333
ModelWrapper:0.26
GeoView:0.14666666666666667
