EmailPublisher:0.5133333333333333
XMLLogHelper:0.5
EmailPublisherTest:0.3
Failure:0.2633333333333333
