Entity:0.5
Gedcom:0.43
Property:0.39055555555555554
Submitter:0.3433333333333333
PropertyXRef:0.31666666666666665
PropertyFile:0.31333333333333335
Indi:0.2733333333333333
ViewManager:0.26666666666666666
PropertyForeignXRef:0.2633333333333333
PropertyDate:0.24333333333333335
PropertyTreeModel:0.23333333333333334
PropertyEvent:0.23166666666666666
PropertyNote:0.22
PropertyBlob:0.21666666666666667
Note:0.21666666666666667
Fam:0.21333333333333335
Model:0.21333333333333335
PropertyMedia:0.20666666666666667
PropertySex:0.20333333333333334
PropertyMultilineValue:0.2
PropertyName:0.2
EntityTableModel:0.19666666666666666
GedcomWriter:0.19666666666666666
GedcomReader:0.19333333333333333
Source:0.19
ReportAppletDetails:0.19
WordBuffer:0.18333333333333332
PropertyAssociation:0.16666666666666666
PropertySubmitter:0.16333333333333333
PropertySource:0.15666666666666668
PropertyRepository:0.15666666666666668
CreateEntity:0.15333333333333332
ReportMigrateToMedias:0.15333333333333332
PropertyView:0.15333333333333332
Delegate:0.14666666666666667
CreateRelationship:0.14666666666666667
EditViewFactory:0.14666666666666667
Repository:0.14
AssociatedWith:0.13
Media:0.11666666666666667
ActionPropertyUpDown:0.11333333333333333
ProxyXRef:0.10666666666666667
ActionPropertyAdd:0.08333333333333333
LinkedBy:0.056666666666666664
