EatMeal:0.6566666666666666
EatMealMeta:0.26666666666666666
ProduceFoodMeta:0.25777777777777783
ManufactureGoodMeta:0.25777777777777783
MetaTaskUtil:0.25
