Messages:0.6733333333333333
HTMLUtils:0.5233333333333333
HierarchyTypeSelectUtils:0.3566666666666667
BulkDeployDefinitionFormTag:0.23666666666666666
RedeployDefinitionFormTag:0.22333333333333333
BotStationTableBuilder:0.17333333333333334
ImportDataFileTag:0.14333333333333334
RelationFormTag:0.14166666666666666
BotTableBuilder:0.13
BotStationTag:0.13
ExecutorTableBuilder:0.12166666666666667
SubstitutionTableBuilder:0.11666666666666667
BaseDeployReportAction:0.11
PasswordTableBuilder:0.09666666666666666
BaseDeployProcessDefinitionAction:0.06
DeployReportFormTag:0.04666666666666667
BulkDeployProcessDefinitionAction:0.043333333333333335
