XPersistence:0.42333333333333334
XHibernate:0.37333333333333335
SchemaTool:0.31333333333333335
NotNullStringType:0.2633333333333333
StringArrayBytesType:0.22
Date3Type:0.18666666666666668
EnumLetterType:0.18333333333333332
RegionsType:0.16333333333333333
Base1EnumType:0.16333333333333333
DefaultValueIdentifierGenerator:0.15333333333333332
EnumStringType:0.12666666666666668
