ResourceItem:0.6716666666666666
AclItem:0.4866666666666667
ResourceChange:0.4033333333333333
