SarosSXETransmitter:0.4166666666666667
MockedSXETransmitter:0.3933333333333333
SarosPermissionsGraphicalEditor:0.30666666666666664
SXEIncomingSynchronizationProcess:0.27666666666666667
SXEOutgoingSynchronizationProcess:0.16333333333333333
