SearchResult:0.9604444444444444
MainUtil:0.4166666666666667
