Context:0.5366666666666666
ArchivingMediaDriver:0.21333333333333335
LightweightArchivingMediaDriver:0.15333333333333332
