SysShardsTest:0.35
SysShardsTableInfo:0.34476190476190477
InformationSchemaTest:0.32666666666666666
JoinIntegrationTest:0.32666666666666666
SystemCollectSourceTest:0.20666666666666667
SysOperationsTest:0.16666666666666666
ReferenceIdents:0.0
