ProjectConfig:0.7366666666666667
ProjectConfigTest:0.2733333333333333
BuildLoopStatusReportTask:0.2555555555555556
