Renderer2DModel:0.6166666666666667
Convertor:0.43666666666666665
Java2DRenderer:0.28
