FeatureSetI:0.6305555555555555
FeatureSet:0.5266666666666666
GAMEAdapter:0.2833333333333333
BaseMouseListener:0.2761111111111111
BaseEditorPanel:0.2325
GAMESave:0.1877222222222222
DrawableGeneSeqFeature:0.18333333333333332
