Context:0.48
TransportDistributedResultAction:0.36
Visitor:0.30333333333333334
SendResponsePageResultListener:0.18666666666666668
BucketResultListener:0.185
PageResultListener:0.0938095238095238
InputFactory:0.075
