NumberFieldType:0.37666666666666665
Builder:0.20666666666666667
ScaledFloatFieldMapper:0.20333333333333334
DateFieldMapper:0.16666666666666666
IpFieldMapper:0.16666666666666666
GeoPointFieldMapper:0.03
