JSON:0.85
FastJsonHttpMessageConverter4:0.31333333333333335
FastJsonHttpMessageConverter:0.31333333333333335
FastJsonProvider:0.29
FastJsonJsonView:0.25666666666666665
