JFXListView:0.6061111111111112
JFXColorPickerUI:0.4658333333333333
ColorSquare:0.26666666666666666
