QueryEntityCallback:0.5233333333333334
Dao:0.49366666666666664
EntityField:0.43
Sqls:0.36
NutDao:0.2966666666666667
Entity:0.23666666666666666
SqlMaker:0.17333333333333334
CallbackFactory:0.08
QueryTest:0.06333333333333334
