ClientMapTest:0.5238888888888888
EnumTest:0.38666666666666666
