ParamCollector:0.5811111111111111
DefaultDSLContext:0.37
AbstractQuery:0.26666666666666666
