GeneralMetadataFormPage:0.7416666666666667
CMLToJcampSpectrumMapper:0.43833333333333335
