PersonDirectoryAttributeResolutionController:0.5366666666666666
CasReportsConfiguration:0.33666666666666667
Saml10SuccessResponseViewTests:0.20333333333333334
BaseCasMvcEndpoint:0.17
DefaultCentralAuthenticationService:0.15333333333333332
Cas10ResponseViewTests:0.14333333333333334
