ra:0.41
GlobalConfiguration:0.39
Install:0.38666666666666666
ca:0.31666666666666665
IRaAdminSessionRemote:0.2500396825396825
IRaAdminSessionLocal:0.2500396825396825
CAInterfaceBean:0.22
LocalHardTokenSessionBean:0.18666666666666668
LocalRaAdminSessionBean:0.155
SetupCommandFactory:0.14333333333333334
GlobalConfigurationDataHandler:0.1
BasePasswordGenerator:0.09666666666666666
setup:0.056666666666666664
SetupSetBaseURLCommand:0.04666666666666667
