TypeGen:0.5633333333333334
EncValueParser:0.5333333333333333
AnnotationsParser:0.4066666666666667
