TestEngine:0.7966666666666666
JUnit5TestEngineTests:0.39666666666666667
JUnit5TestEngine:0.21666666666666667
Launcher:0.15
JUnit4TestEngine:0.09
TestEngineStub:0.08333333333333333
