TransportChargesTest:0.32
InvoicesTest:0.305
TransportChargesWithDistanceTest:0.27
CustomersWithSectionTest:0.18666666666666668
TransportChargesTestBase:0.14666666666666667
