SQLDataType:0.5755555555555555
ParserImpl:0.4166666666666667
DefaultDataType:0.3
