Template:0.6355555555555557
UpdatedAreaUtils:0.35777777777777775
FunctionDDLUtils:0.34
ModelGenerator:0.30333333333333334
TemplateUtils:0.12333333333333334
ParserUtils:0.1
