LayersInspector:0.53
GrapherApplicationView:0.47333333333333333
CreationTool:0.22666666666666666
ConnectionTool:0.12333333333333334
