OptionElement:0.6766666666666666
OptionsPageBuilder:0.29333333333333333
AbstractOptionElement:0.27666666666666667
MonitoringPanel:0.2227777777777778
OptionDescriptorParser:0.20333333333333334
AbstractActionsHolder:0.16333333333333333
ValueChangeEvent:0.13666666666666666
ScriptDescriptor:0.08333333333333333
ScriptedValueChangeListener:0.07166666666666667
OptionDescriptor:0.02666666666666667
