User:0.6233333333333333
ProfileModule:0.6066666666666667
AuthenticationManager:0.5266666666666666
IdentitySourceObtainable:0.3272804232804233
ProfileModuleImpl:0.3233333333333333
GwtServerHelper:0.31333333333333335
OpenIDAuthenticationUserDetailsService:0.3016666666666667
AuthenticationManagerImpl:0.26666666666666666
AuthenticationModuleImpl:0.20666666666666667
AuthenticationManagerUtil:0.18666666666666668
AbstractZoneModule:0.17666666666666667
ZoneAwareLocalAuthenticationProviderImpl:0.16
ManageApplicationGroupsController:0.09666666666666666
ManageGroupPrincipalsController:0.08666666666666667
ManageGroupsController:0.08333333333333333
ObjectKeys:0.06333333333333334
SynchNotifiableAuthenticationImpl:0.02
