Handler:0.35
Default:0.32
MethodRegistry:0.30666666666666664
MethodAnnotationTarget:0.26
Compiled:0.24
DefaultMatchedMethodInterception:0.23666666666666666
MatchedMethodInterception:0.22333333333333333
DefaultExceptionDeclarableMethodInterception:0.22333333333333333
Entry:0.21666666666666667
MethodPool:0.21
ConstructorStrategy:0.21
AccessBridgeWrapper:0.20666666666666667
TypeWriterMethodPoolRecordTest:0.20666666666666667
DefaultMethodAnnotationTarget:0.20333333333333334
Prepared:0.2
AbstractDelegationRecord:0.2
ForDefinedMethod:0.19333333333333333
DefaultOptionalMatchedMethodInterception:0.19
RedefinitionClassVisitor:0.18
ConstructorStrategyDefaultTest:0.16
AbstractDynamicTypeBuilderTest:0.15333333333333332
MethodRegistryDefaultTest:0.14
ForImplementation:0.13666666666666666
Transforming:0.13333333333333333
MethodRegistryHandlerTest:0.1
ForAnnotationValue:0.056666666666666664
