ChangeNode:0.7233333333333334
TextCompareChange:0.3566666666666667
MoveUserTypeAttributeRefactoring:0.3
FormNodePresentation:0.20333333333333334
ChangeElementLabelProvider:0.18333333333333332
