HasAETModel:0.42
AETGroupListPanel:0.38333333333333336
CreateOrEditAETGroupForm:0.2733333333333333
