PrivateStudyBean:0.41766666666666663
PrivateSeriesBean:0.41766666666666663
