RedisConnection:0.58
RedisAsyncConnection:0.3933333333333333
RedissonBlockingQueue:0.25333333333333335
ConnectionManager:0.23666666666666666
RBlockingQueue:0.16777777777777778
RedissonBlockingQueueTest:0.14333333333333334
RedissonDequeTest:0.14
MasterSlaveConnectionManager:0.13
RedissonQueue:0.09666666666666666
RQueue:0.013333333333333334
