AssignmentPage:0.7857936507936508
SpecMolEditor:0.29333333333333333
