Graphics3D:0.6466666666666666
JnetConstants:0.415
BallsRenderer:0.41333333333333333
JnetRendererInterface:0.27166666666666667
Pill:0.25
Graphics2D:0.11
