BookmarkedHostsChangeListener:0.45888888888888885
FavoritesContainer:0.4266666666666667
Connection:0.33666666666666667
DownloadEngine:0.3
HostBusyException:0.16666666666666666
FavoritesListModel:0.03
EnvironmentConstants:0.0
