ARHostQueue:0.62
AdaptiveRevisitFrontier:0.5622222222222222
ARHostQueueTest:0.20666666666666667
ARHostQueueList:0.2
ChangeEvaluator:0.03
