AdminProcessor:0.5883333333333334
ArticleSearchAdder:0.3688888888888889
SearchMgmtService:0.2633333333333333
