FileUpload:0.6666666666666666
MemoryFileUpload:0.33666666666666667
DiskFileUpload:0.29333333333333333
