ViewInfo:0.48333333333333334
GwtViewHelper:0.4238888888888889
ContentControl:0.29333333333333333
