OcspSigningCacheEntry:0.8111111111111111
OcspResponseGeneratorSessionBean:0.5055555555555555
IntegratedOcspResponseTest:0.3
