HazelcastInstance:0.6433333333333333
MemberState:0.415
MemberStateImpl:0.38
ProxyManager:0.28583333333333333
ServiceManager:0.24166666666666667
HazelcastInstanceImpl:0.2275
ManagementService:0.225
HazelcastClientProxy:0.2175
TimedMemberStateFactory:0.21
HazelcastClient:0.20333333333333334
HazelcastInstanceProxy:0.15333333333333332
