LightModelProcessor:0.6866666666666666
RadiationModel:0.56
RadiationModelTask:0.37
ParallelRadiationModel:0.17333333333333334
