DmlStatement:0.6133333333333333
DatabaseWriter:0.5366666666666666
