FileModule:0.72
FolderModule:0.6244444444444444
TemplateModule:0.2833333333333333
KablinkFileSystemLibrary:0.2833333333333333
AbstractFolderModule:0.25666666666666665
EntryProcessor:0.24666666666666667
AbstractEntryProcessor:0.24666666666666667
TemplateModuleImpl:0.22333333333333333
AclResourceSession:0.22166666666666668
BaseFolderModule:0.17333333333333334
FileModuleImpl:0.16666666666666666
