MembershipManager:0.72
ClusterService:0.5997222222222223
IncrementMemberListVersion:0.33349999999999996
DecideNewMembersViewTask:0.09
MemberListJoinVersionTest:0.02666666666666667
