MedicalManager:0.7366666666666667
HealthProblem:0.5733333333333334
