Block:0.5777777777777778
BlockPair:0.37438095238095237
Wallet:0.33666666666666667
TransactionOutput:0.33
Transaction:0.3233333333333333
BlockChain:0.24333333333333335
StoredBlock:0.23666666666666666
WalletTest:0.20666666666666667
TransactionOutPoint:0.13666666666666666
BlockChainTest:0.11333333333333333
