ShowHideCreateInvoiceAction:0.9866666666666667
CreateInvoiceFromOrderAction:0.25333333333333335
