MapPanel:0.61
SurfaceFeatures:0.25
MainDetailPanel:0.215
NavigatorWindow:0.20333333333333334
MissionTableModel:0.19444444444444445
ExplorationSitesPanel:0.18666666666666668
FieldSitePanel:0.12333333333333334
ProspectingSitePanel:0.12333333333333334
MiningSitePanel:0.11666666666666667
NavpointPanel:0.10666666666666667
