PreferenceUtils:0.35333333333333333
UndoManager:0.35333333333333333
PreferenceConstants:0.33644444444444443
PreferencePage:0.33
PreferenceInitializer:0.12
