FlyCaptureFrameGrabber:0.7482777777777778
FrameConverterTest:0.3663888888888889
