Target:0.57
TemplateTarget:0.4266666666666667
Targets:0.34
Property:0.2866666666666667
