CertificateProfile:0.6933333333333334
CertProfileBean:0.32666666666666666
CertificateProfileTest:0.31666666666666665
CAInterfaceBean:0.22
