SizeEstimatorTest:0.39666666666666667
BasicMapTest:0.39
TestHazelcastInstanceFactory:0.315
SizeEstimatorTestMapBuilder:0.26
JmxTestDataHolder:0.24
MBeanTest:0.20333333333333334
AtomicReferenceInstanceSharingTest:0.15666666666666668
