MockBundleContext:0.5766666666666667
OsgiCatalinaLoaderTest:0.5733333333333334
OsgiBundleXmlWebApplicationContext:0.4033333333333333
BaseIntegrationTest:0.17666666666666667
AbstractWarDeployerTest:0.1
OsgiBundleXmlWebApplicationContextTest:0.03
TomcatWarDeploymentTest:0.016666666666666666
JettyWarDeploymentTest:0.016666666666666666
JettyWarDeployerTest:0.01
