BitMatrix:0.6
Decoder:0.2733333333333333
Version:0.2633333333333333
DataMask:0.19333333333333333
BitMatrixParser:0.16333333333333333
DataMaskTestCase:0.13333333333333333
BitMatrixTestCase:0.11
DataMask001:0.09333333333333334
DataMask100:0.09333333333333334
DataMask111:0.09333333333333334
DataMask000:0.09333333333333334
DataMask011:0.09333333333333334
DataMask110:0.09333333333333334
DataMask010:0.09333333333333334
DataMask101:0.09333333333333334
QRCodeReader:0.08333333333333333
DataMatrixReader:0.08
DefaultGridSampler:0.07333333333333333
