PlayTest:0.7066666666666667
PlayTestMemory:0.4033333333333333
