HibernateFlightDaoTest:0.43333333333333335
HibernateCustomerDaoTest:0.37333333333333335
HibernateTicketDaoTest:0.36333333333333334
