FileResource:0.43666666666666665
JarEntryResource:0.42
Scans:0.31666666666666665
WebResourceScan:0.19111111111111112
NutMessageLoader:0.17333333333333334
AbstractResourceScan:0.12333333333333334
LocalResourceScan:0.10333333333333333
