Gaussian98Reader:0.5466666666666666
MOPAC97Reader:0.41444444444444445
