ExchangeCodec:0.49333333333333335
HeaderExchanger:0.22
DubboCodec:0.21
AbstractCodec:0.14333333333333334
