BitcoinSerializer:0.5533333333333333
BitcoinSerializerTest:0.30666666666666664
LazyParseByteCacheTest:0.24333333333333335
TCPNetworkConnection:0.23688888888888893
BitcoinPacketHeader:0.23666666666666666
TestUtils:0.13333333333333333
