Engine:0.8533333333333334
AbstractServerEngine:0.3433333333333333
StandAloneServerGUI:0.33666666666666667
AbstractClientEngine:0.2833333333333333
ClientWrapper:0.21611111111111114
ProtocolInputDecoder:0.21
