LocalMapStats:0.6855000000000001
CMap:0.5133333333333333
LocalMapStatsImpl:0.5066666666666667
MGet:0.15333333333333332
