BoyerMooreSearchMatcher:0.5333333333333333
SearchAndReplace:0.49666666666666665
ContentManager:0.41
StatusBar:0.24666666666666667
