RequestInfo:0.49916666666666665
GwtClientHelper:0.49
GwtUIHelper:0.37666666666666665
WorkspaceTreeControl:0.33
