Net:0.7766666666666666
HttpResponseListener:0.32505555555555554
GwtNet:0.28
NetJavaImpl:0.21666666666666667
NetAPITest:0.20666666666666667
AndroidNet:0.17666666666666667
HttpRequestExample:0.17111111111111113
IOSNet:0.12666666666666668
JglfwNet:0.09666666666666666
LwjglNet:0.09666666666666666
