Html5UploadHelper:0.6566666666666666
FolderViewBase:0.35
GwtTeamingMessages:0.32666666666666666
AddFilesHtml5Popup:0.27666666666666667
Html5UploadCallback:0.245
Html5UploadPopup:0.17666666666666667
