RegisteredServiceProperty:0.7766666666666666
JWTServiceTicketResourceEntityResponseFactory:0.4166666666666667
