SystemProperties:0.4666666666666667
GrammarModel:0.4666666666666667
SimulatorModel:0.2703333333333333
