TypeHelper:0.4633333333333333
InstrumentTest:0.2633333333333333
AbstractTransformingClassLoaderInstrumentTestCase:0.2633333333333333
