CaughtHostsContainer:0.653888888888889
DlgNetwork:0.3566666666666667
