TaskService:0.78
TaskLogic:0.48333333333333334
TaskServiceBean:0.27666666666666667
TaskServiceDelegate:0.26666666666666666
