External:0.7585714285714286
Window:0.6766666666666666
SimpleScriptableTest:0.43333333333333335
ExternalTest:0.06666666666666667
