DcmElement:0.7253333333333333
DcmObject:0.6666666666666666
DcmElementImpl:0.2633333333333333
DcmObjectImpl:0.19666666666666666
