MetaDataTable:0.4666666666666667
H2DbSupport:0.18333333333333332
OracleDbSupport:0.18333333333333332
HsqlDbSupport:0.18333333333333332
MySQLDbSupport:0.18333333333333332
DbSupport:0.12083333333333333
