Configuration:0.67
GitRepositoryTest:0.3233333333333333
CommandLineOptions:0.31666666666666665
Indexer:0.2277777777777778
