MainWindowFX:0.5733333333333334
MenuScene:0.5398333333333333
MainToolBar:0.4222222222222222
