KeyRenewer:0.4633333333333333
PrivateKeyContainerKeyStore:0.31333333333333335
PrivateKeyContainer:0.25666666666666665
OCSPServletBase:0.24666666666666667
Runner:0.18
PrivateKeyContainerCard:0.17
OCSPServlet:0.16166666666666665
IStandAloneSession:0.11
StandAloneSession:0.09333333333333334
OCSPServletStandAlone:0.08666666666666667
SigningEntity:0.07416666666666667
