XmlDataSource:0.5666666666666667
Starter:0.43555555555555564
XmlParser:0.38666666666666666
