ARCSocket:0.7466666666666667
ARCSocketFactory:0.39
ARCSocketFactoryTest:0.27666666666666667
