ColumnInfo:0.48333333333333334
PrestoResultSet:0.38333333333333336
Builder:0.37333333333333335
PrestoResultSetMetaData:0.3011111111111111
