TopNProjection:0.5833333333333334
Visitor:0.26000000000000006
ProjectionToProjectorVisitorTest:0.23333333333333334
TopNProjectionTest:0.22333333333333333
ProjectionBuilder:0.15666666666666668
MultiGetJobContext:0.13
PageDownstreamFactoryTest:0.12666666666666668
MergeNodeTest:0.11333333333333333
NestedLoopPhaseTest:0.11333333333333333
