DefaultResultMapBuilderTest:0.6033333333333334
PackageBasedActionConfigBuilderTest:0.44333333333333336
DefaultResultMapBuilder:0.4266666666666667
