ComponentFinder:0.7944444444444445
DefaultComponentFinder:0.5033333333333333
Robot:0.4066666666666667
Launch:0.2644444444444444
FrameTesterTest:0.2633333333333333
FrameTester:0.12333333333333334
DialogTester:0.03
