FlowExecutionImpl:0.625
AbstractFlowExecutionTests:0.37
NoOpFlowExecutionRequestRedirector:0.2866666666666667
FlowExecutionImplFactoryTests:0.14333333333333334
SimpleFlowExecutionKeyFactory:0.05
RandomFlowExecutionKeyFactory:0.05
FlowExecutionKeyFactory:0.036166666666666666
