OrcTester:0.48
OrcMetadataReader:0.36
DwrfMetadataReader:0.36
OrcReader:0.295
OrcOutputBuffer:0.21333333333333335
OrcMetadataWriter:0.20666666666666667
DwrfMetadataWriter:0.19666666666666666
OrcDecompressor:0.18
