JPPFPriorityQueue:0.3566666666666667
JMXConnectionWrapper:0.33
JPPFDriver:0.2911111111111111
TopologyData:0.25
ClientContext:0.23
NodeNioServer:0.21
DriverJobManagement:0.20666666666666667
TaskQueueChecker:0.20333333333333334
JPPFJobManager:0.2
SubmissionManagerClient:0.18
PeerNode:0.16333333333333333
JobScheduleAction:0.12
WaitingResultsState:0.11333333333333333
JobEventTask:0.043333333333333335
NodeServerState:0.03333333333333333
ScheduleManager:0.01
