ITestManager:0.8674206349206349
AbstractManagerMethodDispatcherTest:0.39
TestManager:0.25333333333333335
