ThreadContext:0.3894444444444444
Data:0.335
Packet:0.30333333333333334
QueryTest:0.2633333333333333
MemberImpl:0.2633333333333333
Request:0.24666666666666667
Node:0.229
ExecutorManager:0.20111111111111113
ExecutorServiceAndMigrationCallable:0.15
ReadHandler:0.12
