XKMSUtil:0.38333333333333336
XKMSKRSSTest:0.31333333333333335
XKMSKISSTest:0.29
KRSSResponseGenerator:0.25
KISSResponseGenerator:0.19
XKMSProvider:0.16333333333333333
