SequenceTextPanel:0.7178888888888889
Transcript:0.6310555555555556
