BaseLayer:0.45666666666666667
Layer:0.4266666666666667
MultiLayerNetwork:0.41
ActivationLayer:0.29333333333333333
UpdaterBlock:0.21333333333333335
BaseMultiLayerUpdater:0.17666666666666667
ZeroPaddingLayer:0.14888888888888888
Builder:0.08666666666666667
