ConcordanceResultTab:0.4066666666666667
ConcordanceForm:0.30666666666666664
TxmI18N:0.2966666666666667
TXM_RIA:0.19166666666666668
TreeContextMenu:0.10666666666666667
ConcordanceFormTab:0.10333333333333333
ProcessingWindow:0.08333333333333333
ExtractResultTab:0.07666666666666666
TabContextMenu:0.03755555555555556
