Message:0.7966666666666666
BaseMessage:0.51
DefaultEventBus:0.4033333333333333
LocalClient:0.25
JavaEventBusTest:0.21333333333333335
