OAuth2LoginAuthenticationFilter:0.4533333333333333
OAuth2LoginConfigurer:0.36666666666666664
OAuth2LoginAuthenticationProvider:0.28944444444444445
FilterComparator:0.19666666666666666
OAuth2LoginAuthenticationFilterTests:0.19333333333333333
ImplicitGrantConfigurer:0.12333333333333334
