FunctionRegistry:0.5066666666666667
TestExpressionInterpreter:0.4633333333333333
ExpressionInterpreter:0.33666666666666667
Visitor:0.31333333333333335
