InstallPanel:0.12863639
ManagePanel:0.12669365
jEdit:0.11623698
PluginList:0.11521624
PluginManagerProgress:0.08458358
EditPlugin:0.0771663
PluginJAR:0.07699639
PluginUpdate:0.06145988
EditBus:0.060142737
GUIUtilities:0.056614697
MiscUtilities:0.04395126
PluginOptions:0.028563399
ThreadUtilities:0.02227093
PropertiesChanged:0.02221766
Log:0.021822214
StandardUtilities:0.017651226
Task:0.013928579
GlobalOptions:0.0043728063
