Plugin:0.45
PluginConfiguration:0.44666666666666666
NavigatorTest:0.33666666666666667
Navigator:0.3333333333333333
