Parameters:0.7366666666666667
ParametersTest:0.2966666666666667
