AddGene:0.31333333333333335
AddArticle:0.31333333333333335
AddTerm:0.31333333333333335
AddSequenceI:0.3
