WorkAreaOperation:0.4633333333333333
RightSet:0.35
AbstractZoneModule:0.31
BinderModuleImpl:0.28
AbstractFolderModule:0.27
GwtMenuHelper:0.24666666666666667
ReadFileController:0.20555555555555557
