ConfigurationListener:0.6944444444444444
PropertySource:0.6
ConversationScopedConfigurationListener:0.569555315055315
MethodVisitorSupport:0.3333333333333333
TypeFilter:0.27
ConfigurationProcessor:0.27
ConfigurationListenerSupport:0.24666666666666667
DependencyAnalyzer:0.24
DefaultConfigurationListenerRegistry:0.18666666666666668
AbstractAnnotationApplicationContext:0.18333333333333332
ConfigurationPostProcessor:0.18333333333333332
ConfigurationSupport:0.17
ClassVisitorSupport:0.12666666666666668
AbstractClassScanningBeanDefinitionReader:0.11777777777777779
AnnotationVisitorSupport:0.10333333333333333
PropertyDefinitionException:0.09333333333333334
DelegatingTargetSource:0.09222222222222222
ConfigurationClassScanningBeanDefinitionReader:0.09166666666666666
AbstractHibernateConfiguration:0.07666666666666666
ClassListBuilder:0.07333333333333333
ConfigurationListenerRegistry:0.045
AbstractAsmClassScanningBeanDefinitionReader:0.03666666666666667
AspectJAdviceConfigurationListener:0.03333333333333333
SpringAdviceConfigurationListener:0.03
GetterInvocationFindingClassVisitor:0.03
LocalHelper:0.02666666666666667
AnnotationApplicationContext:0.023333333333333334
SpringAdvisorConfigurationListener:0.018888888888888886
HotSwapConfigurationListener:0.018888888888888886
AutoBeanConfigurationListener:0.018888888888888886
CompositePropertySource:0.015833333333333335
BeanFindingClassScanningBeanDefinitionReader:0.009166666666666667
AbstractClassTestingTypeFilter:0.006666666666666667
AbstractPropertySource:0.006666666666666667
AnnotationTypeFilter:0.006666666666666667
PropertiesPropertySource:0.0033333333333333335
AbstractTransactionalConfiguration:0.0
MvcHelper:0.0
TypePatternTypeFilter:0.0
AnnotationHandlerMapping:0.0
AbstractStringBasedPropertySource:0.0
AbstractAopConfigurationListener:0.0
J2eeHelper:0.0
AbstractMvcConfiguration:0.0
AssignableTypeFilter:0.0
