Renderer2DModel:0.6616666666666666
Renderer2D:0.4766666666666667
