PropertyBuilder:0.49333333333333335
AbstractProperty:0.3333333333333333
RefModel:0.24666666666666667
PropertyDeserializer:0.22
JsonDeserializationTest:0.07666666666666666
