DBObjectCodec:0.38
DocumentCodecProvider:0.27
UuidSerializer:0.24333333333333335
JSONSerializers:0.15666666666666668
DBObjectCodecProvider:0.11
TransformingBinaryDecoderTest:0.10666666666666667
