MultiWebApplicationContext:0.7449444444444445
FileDownloadAction:0.2991666666666667
