QueryFilterBuilder:0.5533333333333333
FQueryFilterBuilder:0.43666666666666665
FQueryFilterParser:0.2733333333333333
QueryFilterParser:0.17
