RetrieveCmd:0.49
QuerySeriesAttrsForRetrieveCmd:0.31333333333333335
ImageQueryCmd:0.31
Sql:0.2966666666666667
QuerySeriesAttrsForQueryCmd:0.25333333333333335
SeriesAttrsCacheEntry:0.013055555555555556
