RemoteLogicalConnectionDetails:0.5066666666666667
WebserviceBeanImpl:0.43666666666666665
TableCreator:0.4
FormDashboardWidget:0.19333333333333333
CpwVcMplsSynchronizer:0.18666666666666668
