DOReader:0.72
DigitalObject:0.72
DefaultDOManager:0.44666666666666666
BasicDigitalObject:0.38333333333333336
DOManager:0.3661111111111111
DefinitiveDOWriter:0.29
DefinitiveDOReader:0.25666666666666665
FastDOReader:0.21666666666666667
DefinitiveBMechReader:0.17333333333333334
DefinitiveBDefReader:0.16
DefaultManagement:0.15416666666666667
