FilterContext:0.5397777777777778
MockMvcRequestSenderImpl:0.4033333333333333
RequestLoggingFilter:0.31777777777777777
PathParamITest:0.31
RequestPrinter:0.25777777777777783
