StructGenAtomTypeGuesser:0.5033333333333333
IAtomTypeGuesser:0.4984444444444444
StructGenAtomTypeGuesserTest:0.2633333333333333
