RedeployProcessDefinitionActionTest:0.69
DeployProcessDefinitionActionTest:0.49666666666666665
BaseDeployProcessDefinitionAction:0.34833333333333333
