Word2Vec:0.77
UimaSentenceIterator:0.25666666666666665
Word2VecSimilarityTester:0.19333333333333333
Word2VecLoader:0.17688888888888887
UimaTokenizerFactory:0.15
