ElementMatchers:0.39666666666666667
ForLoadedType:0.35333333333333333
ForLoadedMethods:0.3433333333333333
TypeLocator:0.23503968253968252
AbstractTypeDescriptionTest:0.22666666666666666
TypeDescriptionForLoadedTypeTest:0.22333333333333333
WithEagerProperties:0.22
Foo:0.21333333333333335
ExceptionMethodTest:0.11666666666666667
MethodListForLoadedTypesTest:0.10666666666666667
AgentBuilderDefaultApplicationTest:0.10333333333333333
Bar:0.09666666666666666
DescriptionStrategy:0.05
