NetworkUtils:0.5466666666666666
InternalTestCluster:0.42
NettyTransport:0.31666666666666665
NetworkService:0.26666666666666666
DiscoveryNode:0.21333333333333335
Ec2NameResolver:0.19
NettyTransportMultiPortTests:0.17833333333333334
NettyHttpServerTransport:0.15
MulticastZenPing:0.12666666666666668
ServerChannelPipelineFactory:0.09
