MySQLTest:0.5833333333333334
TDates:0.51
TDatesRecord:0.44666666666666666
TDatesDao:0.20333333333333334
