NodeTaskWrapper:0.4633333333333333
ExceptionUtils:0.43333333333333335
RemoteNodeIO:0.30666666666666664
TestDriverJobManagementMBean:0.24
JobClassPathHandler:0.14666666666666667
