ERDesignerBundle:0.4976111111111112
ERDesignerComponent:0.42
Java2DEditor:0.35333333333333333
Java3DEditor:0.3333333333333333
EditorPanel:0.22666666666666666
DockingHelper:0.20222222222222225
TestFrame:0.13666666666666666
