Md4:0.7866666666666666
Md4PasswordEncoderTests:0.3466666666666667
Md4PasswordEncoder:0.27666666666666667
