MetaObjectAsmClass:0.3933333333333333
ArchiveFileReader:0.38
FilesTree:0.3233333333333333
ClassySharkPanel:0.2733333333333333
MetaObjectFactory:0.2733333333333333
