LocalActor:0.5966666666666667
RemoteProxyFactoryService:0.3744444444444444
RemoteChannel:0.3
ActorRegistry:0.29
