Mol2Format:0.4997222222222223
PDBFormat:0.4997222222222223
