PeakTableViewer:0.6305555555555555
PeakContentProvider:0.43333333333333335
PeakView:0.36333333333333334
