Icons:0.5433333333333333
GraphJGraph:0.39666666666666667
MouseHandler:0.37333333333333335
ExportAction:0.3233333333333333
SimulatorAction:0.28
ImportAction:0.25
JGraphUI:0.23333333333333334
TextTab:0.20666666666666667
ActionStore:0.19666666666666666
GroovyDisplay:0.14333333333333334
ExecGroovyAction:0.05
GraphManager:0.04666666666666667
