Client:0.6475
Jedis:0.5366666666666666
SortedSetCommandsTest:0.2966666666666667
