SSOPostProfileHandlerController:0.43666666666666665
SamlRegisteredService:0.42333333333333334
SSOPostProfileSamlResponseBuilder:0.36333333333333334
SamlIdPServletContextListener:0.19333333333333333
SamlProtocolConstants:0.14622222222222223
SamlIdPConstants:0.07333333333333333
