TerminalNode:0.5797777777777778
Parser:0.47
ParserRuleContext:0.42333333333333334
TerminalNodeImpl:0.42333333333333334
