Search:0.5666666666666667
CGPQueryCriteria:0.2633333333333333
Harvester:0.2633333333333333
HarvestTest:0.24333333333333335
CGPHarvester:0.22
