RuntimeEnvironment:0.4533333333333333
Configuration:0.4166666666666667
ProjectHelper:0.36333333333333334
Group:0.31
PageConfig:0.18333333333333332
SearchEngine:0.16666666666666666
GroupTest:0.10333333333333333
JSONSearchServlet:0.08333333333333333
WebappListener:0.051666666666666666
PageConfigTest:0.043333333333333335
