DataManager:0.8833333333333333
DatabaseLib:0.3466666666666667
ImportFromDir:0.25666666666666665
Insert:0.12666666666666668
