DisseminationService:0.42333333333333334
DefaultAccess:0.39222222222222225
FedoraAccessServlet:0.3
