Content:0.8566666666666667
FilterContentDisplayer:0.39666666666666667
FilterContentRequestBean:0.26666666666666666
