ClassData:0.44
ClassSource:0.32
ClientUserCodeDeploymentConfigTest:0.2633333333333333
ClassLocator:0.25666666666666665
ClientUserCodeDeploymentTest:0.24333333333333335
HazelcastStarter:0.23333333333333334
ClassDataProvider:0.16333333333333333
ClassDataProviderTest:0.12666666666666668
HazelcastAPIDelegatingClassloader:0.12666666666666668
HazelcastVersionClassloaderFuture:0.021666666666666667
