StaxEventItemWriter:0.47333333333333333
FlatFileItemWriter:0.41333333333333333
StaxEventItemWriterTests:0.3933333333333333
ChunkMessageChannelItemWriter:0.2866666666666667
ItemOrientedStepHandler:0.25
FlatFileItemWriterTests:0.22666666666666666
SkipWriterStub:0.22666666666666666
CustomItemWriter:0.20666666666666667
CompositeItemWriter:0.12833333333333333
CustomItemWriterTests:0.11333333333333333
