PredictionContext:0.6433333333333333
ParserATNSimulator:0.39666666666666667
Utils:0.3466666666666667
