CustomAttribute:0.43666666666666665
AbstractFolderModule:0.43
DashboardHelper:0.4033333333333333
Statistics:0.34
AdminModuleImpl:0.27
ProfileDaoImpl:0.21666666666666667
AbstractFolderCoreProcessor:0.19
