PyCursor:0.6033333333333334
PyStatement:0.43
PyConnection:0.29333333333333333
