EntityTuplizerFactory:0.4266666666666667
ComponentTuplizerFactory:0.37
EntityModeToTuplizerMapping:0.20333333333333334
DefaultIdentifierGeneratorFactory:0.18666666666666668
SessionFactoryObjectFactory:0.15666666666666668
