DeliveryTest:0.49166666666666664
InvoiceTest:0.4033333333333333
TableModels:0.33
CarrierWithSectionsTest:0.18
