Summary:0.45666666666666667
Gene:0.35
DelegatorServlet:0.2733333333333333
JspRequestHandler:0.21333333333333335
