Schedule:0.7766666666666666
LdapConfig:0.4266666666666667
LdapModuleImpl:0.34
SSimpleFormController:0.30333333333333334
SAbstractController:0.30333333333333334
Workspace:0.2377777777777778
LdapModule:0.22398412698412695
LdapJobDescription:0.14333333333333334
ConfigureLdapController:0.04666666666666667
