ConfigurationProcessorTests:0.5133333333333333
JavaConfigApplicationContext:0.44
ConfigurationEnhancingBeanFactoryPostProcessor:0.3433333333333333
BeanMethodInterceptor:0.2833333333333333
SimpleHiding:0.056666666666666664
