TestShareProjectUsingExistingProject:0.5566666666666666
BotConfiguration:0.47560317460317453
TestShare3UsersSequentially:0.24333333333333335
TestShare2UsersSequentially:0.20333333333333334
