Options:0.5266666666666666
GenerationBatch:0.3333333333333333
J2ObjCTest:0.30666666666666664
ArgProcessor:0.24666666666666667
