Crewable:0.7366666666666667
Vehicle:0.54
Robot:0.45
Rover:0.2966666666666667
TabPanelActivity:0.23111111111111116
LightUtilityVehicle:0.17333333333333334
