TypeGraph:0.47
TypeFactory:0.38
NodeTypeMap:0.3
NodeTypeSearchItem:0.29
RegAutCalculator:0.24666666666666667
HostFactory:0.24166666666666667
AspectJVertex:0.23
RuleFactory:0.22833333333333333
LabelTree:0.21666666666666667
AspectJGraph:0.21666666666666667
NodeTypeSingularRecord:0.215
AGTS:0.19666666666666666
CompositeTypeModel:0.18666666666666668
NodeTypeMultipleRecord:0.185
PlanData:0.17333333333333334
TypeModel:0.165
ItemTypeComparator:0.09
TypeFilterMenu:0.02
Predicate_subtype:0.006666666666666667
Predicate_direct_subtype:0.006666666666666667
