XMPPChatTransmitter:0.5833333333333334
IJingleFileTransferListener:0.3001428571428572
