ProjectRecord:0.43
ExternalProjectImportWizardPage:0.4033333333333333
ProcessError:0.30666666666666664
ProjectLabelProvider:0.1391111111111111
ErrorsHeaderBuilder:0.09333333333333334
