MethodExecution:0.58
ClassExecution:0.36333333333333334
StepFactory:0.3433333333333333
IntermediateExecutionBuilder:0.24666666666666667
