Multiplicity:0.6033333333333334
Shape:0.5033333333333333
HostToShapeMap:0.32
EdgeSignature:0.2966666666666667
Util:0.24
GraphNeighEquiv:0.19333333333333333
ShapeFactory:0.13777777777777775
ShapeNeighEquiv:0.13
TestShape:0.04
