JoinTable:0.6666666666666666
AbstractTable:0.4505555555555556
DeleteQueryImpl:0.2522222222222222
