IBMiHostContributionsHandler:0.5333333333333333
IIBMiHostContributions:0.449484126984127
CopyMemberItem:0.42333333333333334
CopyMemberDialog:0.39
CopyMemberService:0.22666666666666666
