SamlMetadataController:0.6733333333333333
SamlIdPServletContextListener:0.5622222222222222
