GAMEAdapter:0.4633333333333333
AnnotationEditor:0.43666666666666665
DrawableAnnotatedFeatureSet:0.29333333333333333
FindPanel:0.25
AnnotationView:0.24
AnnotationMenu:0.13666666666666666
