SchemaUpdateWithViewsTest:0.3466666666666667
SchemaUpdateWithFunctionIndexTest:0.23333333333333334
CrossSchemaForeignKeyGenerationTest:0.13333333333333333
PersisterClassProviderTest:0.10333333333333333
SchemaUpdateFormatterTest:0.1
Schema2Entity3:0.0
SchemaNoneEntity0:0.0
Schema1Entity2:0.0
Schema1Entity1:0.0
Schema2Entity4:0.0
