ListTest:0.46
Vector:0.44333333333333336
Array:0.37
AbstractSeqTest:0.3566666666666667
StreamTest:0.2833333333333333
VectorTest:0.27666666666666667
