ReplicatedChronicleMap:0.5066666666666667
ReplicatedMapEntryStages:0.3233333333333333
ModificationIterator:0.25666666666666665
ReplicableEntry:0.23666666666666666
QueryContext:0.21047619047619046
ReplicationUpdate:0.19333333333333333
ReplicatedInput:0.17333333333333334
ReplicableEntryDelegating:0.17
RemoteOperationContext:0.013333333333333334
