Header:0.5933333333333334
TermReader:0.4
Connection:0.2733333333333333
TermReaderTest:0.2633333333333333
FragmentAssemblyAdapterTest:0.14666666666666667
ReceiverTest:0.0825
