MemcachedMonitorTests:0.801
CasKryoTranscoderTests:0.6558333333333334
MemcachedPooledConnectionFactory:0.38333333333333336
