UriComponents:0.8333333333333334
NettyRequestFactory:0.31222222222222223
Protocol:0.20666666666666667
