HazelcastInstance:0.7966666666666666
HazelcastConnectionImpl:0.2413888888888889
HazelcastInstanceImpl:0.21972222222222224
HazelcastClientProxy:0.21
HazelcastInstanceProxy:0.21
HazelcastClientInstanceImpl:0.20672222222222222
HazelcastConnectionImplTest:0.15333333333333332
