ErikExampleDao1Test:0.6586666666666667
ErikExampleServiceImpl:0.4666666666666667
ErikExampleDao:0.20333333333333334
ErikExampleDaoTest2:0.19666666666666666
ErikExampleService:0.09838095238095237
