ShadowAssetManager:0.5733333333333334
XmlResourceParserImpl:0.43833333333333335
ShadowResourcesTest:0.31
