DefaultSearchContext:0.5
QueryRescorerIT:0.33916666666666667
TopDocsCollectorContext:0.27666666666666667
RescorePhase:0.19666666666666666
