HiveSplit:0.6133333333333333
TestHiveSplit:0.2715
HiveSplitIterable:0.24888888888888885
