IStructuredbInstanceManager:0.7666666666666667
StructuredbManager:0.49333333333333335
StructuredbInstanceManager:0.48
StructuredbInstanceManagerTest:0.27
StructuredbManagerTest:0.07416666666666667
