ShareThisDlg2:0.5583333333333333
CopyPublicLinkDlg:0.38
ShareExpirationWidget:0.2866666666666667
SearchResultItemWidget:0.28
EditShareNoteDlg:0.21833333333333332
