Tds:0.47
AsTest:0.34444444444444444
PacketEndTokenResult:0.2733333333333333
TdsStatement:0.26166666666666666
CursorResultSet:0.24083333333333334
SAfeTest:0.24
TdsDefinitions:0.03
