ShardSearchStats:0.2866666666666667
PercolateContext:0.2733333333333333
TestSearchContext:0.22666666666666666
FilteredSearchContext:0.22666666666666666
DefaultSearchContext:0.22666666666666666
SearchContext:0.19416666666666665
