Condition:0.5533333333333333
Operator:0.43666666666666665
Level1:0.27666666666666667
ConnectedPartsComparator:0.27
IndegreeComparator:0.25666666666666665
NeededPartsComparator:0.25333333333333335
Level3:0.2527777777777778
Level2:0.23
Level4:0.21666666666666667
ConditionSearchItem:0.21166666666666667
OperatorNode:0.20833333333333334
PlanData:0.20666666666666667
