IOSAudio:0.49
IOSApplication:0.45555555555555555
IOSApplicationConfiguration:0.014071428571428572
