ContinuousSpectrumView:0.6343333333333334
PeakSpectrumView:0.6343333333333334
