HTMLCollection:0.5066666666666667
HtmlCheckBoxInput:0.38777777777777783
HttpWebConnection:0.345
