ActivityStreamTopEntry:0.32
GwtTeamingMessages:0.31666666666666665
ActivityStreamUIEntry:0.2833333333333333
ActivityStreamComment:0.26994444444444443
GwtTeamingImageBundle:0.23666666666666666
BlogFolderView:0.208
