drawable:0.7266666666666667
ResName:0.36666666666666664
ShadowAssetManager:0.33
ShadowBitmapFactory:0.2833333333333333
DrawableResourceLoaderTest:0.17333333333333334
DrawableTest:0.13666666666666666
BitmapFactoryTest:0.11
AssetManagerTest:0.07666666666666666
ResNameTest:0.016666666666666666
