WxMassGroupMessage:0.7933333333333333
WxMassMessageAPITest:0.3566666666666667
