ICU:0.6205555555555556
Formatter:0.44333333333333336
NativeDecimalFormat:0.4166666666666667
DecimalFormatSymbols:0.38
