Iterator:0.37333333333333335
List:0.36333333333333334
Stream:0.33
Array:0.225
StreamTest:0.20666666666666667
Vector:0.205
IteratorTest:0.17333333333333334
