AspectEdge:0.43333333333333335
LabelPattern:0.31
ExploreConfig:0.25666666666666665
NameField:0.2
SettingListParser:0.09333333333333334
