UpdateProcessVariables:0.4877222222222222
StartProcess:0.4877222222222222
