CommunicationsStub:0.7233333333333334
ConnectionWizardWizardPanel1:0.25666666666666665
ObjectNode:0.225
ConnectionWizardWizardPanel2:0.18333333333333332
CustomerNode:0.13
ServiceNode:0.12
ServiceManagerService:0.09666666666666666
ConnectLinksFrame:0.08333333333333333
ServiceChildren:0.08305555555555555
CustomerChildren:0.08305555555555555
ReleaseFromServiceAction:0.043333333333333335
ServicesFrame:0.03666666666666667
ServiceManagerRootNode:0.03666666666666667
CreateCustomerAction:0.023333333333333334
CreateServiceAction:0.023333333333333334
