Downstream:0.7833333333333333
DirectResponseListener:0.24333333333333335
DistributingDownstreamTest:0.11666666666666667
