DefaultExecutionTracker:0.6263333333333333
DefaultActionHandler:0.36666666666666664
