UpdateGene:0.38333333333333336
UpdateAnnotation:0.32666666666666666
UpdateAllele:0.29
UpdateGermplasm:0.29
TermException:0.2816666666666667
UpdateSequence:0.06333333333333334
UpdateTerm:0.056666666666666664
UpdatePhenotype:0.05
BadTermException:0.0033333333333333335
ForceRedirectionException:0.0033333333333333335
UpdateArticleWithId:0.0025
UpdateLocus:0.0
