MemberCallableTaskOperation:0.5233333333333333
ClusterListenerThread:0.31666666666666665
LocalTargetCallableRequest:0.24666666666666667
TargetCallableRequest:0.24666666666666667
