ModuleManager:0.7212222222222222
ModifyFromReferenceAction:0.4305555555555555
