SSStatefulJob:0.49333333333333335
LdapJobDescription:0.30333333333333334
MailJobDescription:0.29
MailModule:0.19566666666666668
FolderEmailFormatter:0.15888888888888889
DefaultFolderFailedEmail:0.06333333333333334
