ShadowApplication:0.5933333333333334
ParallelUniverse:0.43444444444444447
ShadowContentResolverTest:0.39666666666666667
