DefaultDSLContext:0.5233333333333333
DSLContext:0.48
DSL:0.48
ParserImpl:0.37666666666666665
CreateViewImpl:0.3466666666666667
Keywords:0.0
