RetryWithHttpsEntryPointTests:0.39
AbstractRetryEntryPoint:0.38333333333333336
RetryWithHttpEntryPointTests:0.37666666666666665
