XJBAlternateLocation:0.6616666666666666
XJBAlternateLocationImpl:0.45666666666666667
Unmarshaller:0.23333333333333334
