ClientEngineImpl:0.7272222222222222
AuthenticationBaseMessageTask:0.41333333333333333
ClientOwnershipTest:0.23666666666666666
ClientDataSerializerHook:0.15666666666666668
