ModelBuilder3D:0.45666666666666667
AtomTetrahedralLigandPlacer3D:0.32133333333333336
ForceFieldConfigurator:0.3
ShelXReader:0.25666666666666665
MMFF94BasedParameterSetReader:0.2553333333333333
MDLRXNWriter:0.23666666666666666
ZMatrixReader:0.22
MoleculeBuilder:0.2
EventCMLDemo:0.154
