AttributeTableComponent:0.5683333333333334
ChangeHighlighter:0.31333333333333335
PopupListener:0.24666666666666667
MappedObjectView:0.23333333333333334
