GenericCursor:0.49666666666666665
TestQueries:0.4766666666666667
