BuildCommand:0.5066666666666667
BuildCommandTest:0.35
BuildSummaryUIService:0.2816666666666667
FailedBuildMoreThan24HourTest:0.23
SuccessfulBuildMoreThan24HourTest:0.21
GetProjectBuildStatusControllerTest:0.18666666666666668
BuildSummaryUIServiceTest:0.18
