SharedClusterSnapshotRestoreTests:0.49
UpgradeTest:0.3983333333333333
MulticastZenPing:0.21
RestUpgradeAction:0.18333333333333332
