Robot:0.78
BugsTest:0.28777777777777774
RobotTest:0.21666666666666667
SystemState:0.17
