PartialPiChargeDescriptor:0.4266666666666667
IPAtomicHOSEDescriptor:0.28
PartialTChargePEOEDescriptor:0.23333333333333334
EffectiveAtomPolarizabilityDescriptor:0.22
PartialSigmaChargeDescriptor:0.17333333333333334
