GestureInterpreter:0.605
GesturesProvider:0.4605
ServerExtensionLoader:0.43333333333333335
JFXFactory:0.3
SwingFactory:0.3
GestureReceiver:0.27051984126984113
GraphicFactory:0.25833333333333336
GesturesManager:0.22333333333333333
ProtocolManager:0.19166666666666668
SwingGesturesManager:0.12
JFXGesturesManager:0.12
AbstractGestureInterpreter:0.03333333333333333
