Euler:0.61
Codd:0.46
EulerRunner:0.38666666666666666
Egg:0.31666666666666665
