Executor:0.7808333333333334
DefaultResultSetHandler:0.39
CachingExecutor:0.25333333333333335
BaseExecutor:0.20666666666666667
ReuseExecutor:0.2
SimpleExecutor:0.19
NestedQueryCacheTest:0.18333333333333332
BatchExecutor:0.17944444444444446
