Constraint:0.5666666666666667
JapeGUI:0.54
TestJape:0.24
RawEditorKit:0.19666666666666666
