Crawler:0.54
Config:0.47904761904761906
HttpRequesterImpl:0.36
StandardGenerator:0.32666666666666666
