MoleculesEditor:0.45
MoleculeTableContentProvider:0.4033333333333333
MoleculeTable:0.38
SDFileMoleculesEditorModel:0.26666666666666666
MoleculesFromSDF:0.21
MoleculesFromSMI:0.18333333333333332
MoleculeTableViewer:0.12333333333333334
