AggregationMetadata:0.5641666666666667
CountAggregation:0.47333333333333333
FunctionRegistry:0.37
AggregationCompiler:0.2866666666666667
