Translator:0.6916666666666667
LuceneSearcher:0.5
SearchManager:0.36
CatalogSearcher:0.31333333333333335
CodeListTranslator:0.08
