GenericService:0.33
VLAN:0.06666666666666667
VPN:0.06666666666666667
GenericAddress:0.056666666666666664
PointToPointLogicalLink:0.0
SatelliteDataService:0.0
SatelliteMediaService:0.0
AccessPoint:0.0
Redirector:0.0
GenericLogicalElement:0.0
Switch:0.0
SDHLink:0.0
IPLink:0.0
