DefaultParserExtensionHandler:0.5616666666666666
DataProvider:0.5269444444444444
DataProviderParserHandler:0.48
ParserExtensionHandler:0.41892857142857143
EmbedClient:0.34
DefaultDataProviderParserHandler:0.33666666666666667
DefaultProviderHandler:0.2866666666666667
OutputMethodBind:0.25833333333333336
EmbedClientGUI:0.25333333333333335
DefaultDataComponent:0.20333333333333334
DataChangeListener:0.17666666666666667
DefaultDataProvider:0.14333333333333334
VariableEquationBind:0.13333333333333333
WidgetEquationBind:0.08333333333333333
LoggerStream:0.01
UneditableVariableModel:0.01
