ADIntegration:0.48
GetUserModelFromADPrivilegedAction:0.25
WindowsSSONAuthenticatorADInfo:0.14333333333333334
SimpleCallbackHandler:0.006666666666666667
