Viewer:0.5633333333333334
JnetManager:0.47333333333333333
Navigation:0.4533333333333333
SticksRenderer:0.2500396825396825
MouseManager11:0.24666666666666667
MouseManager:0.24666666666666667
FrameRenderer:0.23333333333333334
TransformManager11:0.23142857142857143
MouseManager10:0.2305555555555555
ShapeRenderer:0.2105952380952381
BallsRenderer:0.21
FileDialog:0.21
RepaintManager:0.20142857142857143
MeasuresRenderer:0.2
MousePopupMenu:0.19333333333333333
AbstractView:0.17333333333333334
Point3fi:0.17333333333333334
NBSelectionManager:0.14
EdgeFilterState:0.13111111111111112
ModelManager:0.125
HalosRenderer:0.04
FontLineShapeRenderer:0.0
LabelsRenderer:0.0
EchoRenderer:0.0
