GAMEAdapter:0.5733333333333334
Sequence:0.5104444444444444
