RestEndpointEntity:0.48333333333333334
AbstractCasWebflowEventResolver:0.46
BaseMultifactorAuthenticationProviderEventResolver:0.3433333333333333
RestEndpointMultifactorAuthenticationPolicyEventResolver:0.17666666666666667
