ClusterTest:0.54
CollectionWrapper:0.2866666666666667
Data:0.2833333333333333
SemaphoreTest:0.17333333333333334
