BooleanResult:0.2633333333333333
DoubleResult:0.2633333333333333
IntegerResult:0.2633333333333333
IntegerArrayResult:0.22
DoubleArrayResult:0.22
IDescriptorResult:0.0
