Messages:0.9066666666666666
ConcordancesEditor:0.6133333333333333
LineLabelProvider:0.23611111111111113
ParaBrowserEditor:0.22666666666666666
DefineViewReferencePattern:0.15
ReferenceLabelProvider:0.12
DefineSortReferencePattern:0.12
ReferencerToConc:0.10333333333333333
ExecuteText:0.09333333333333334
ExecuteGroovyScript:0.03333333333333333
