NetworkParameters:0.51
Peer:0.36333333333333334
BlockChain:0.32666666666666666
BlockChainTest:0.23333333333333334
