TestJulianChronology:0.6533333333333333
TestGJDayOfMonthField:0.48
TestGJWeekOfWeekyearField:0.3933333333333333
