DatabaseAcceptanceTest:0.53
ClientAcceptanceTest:0.4683333333333333
NewQuickTour:0.1313888888888889
