SWDownloadFile:0.8233333333333334
SortedProperties:0.30833333333333335
