ConcurrentSessionControllerImpl:0.6088888888888889
AuthenticationManagerBeanDefinitionParser:0.20333333333333334
BeanIds:0.0
