DefaultCommandHandler:0.37
GaServer:0.33666666666666667
Configure:0.31333333333333335
GreysLauncher:0.16
GlobalOptions:0.12111111111111111
