CodeGenerator:0.6366666666666667
RuleFunction:0.3466666666666667
OutputModelWalker:0.24
