HopParser:0.44333333333333336
StepFactory:0.31333333333333335
HopSymbolTableWalker:0.2866666666666667
ParentVariableMoveStep:0.22333333333333333
DFA51:0.14777777777777776
DFA67:0.14777777777777776
