MoleculeTest:0.23333333333333334
BondTest:0.2
PDBAtomTest:0.18666666666666668
PseudoAtomTest:0.17333333333333334
CrystalTest:0.17
IsotopeTest:0.16333333333333333
ChemObjectTest:0.15333333333333332
PDBPolymerTest:0.13666666666666666
PolymerTest:0.13666666666666666
LonePairTest:0.13666666666666666
ElectronContainerTest:0.11333333333333333
ReactionTest:0.11333333333333333
ReactionSetTest:0.11333333333333333
PDBMonomerTest:0.11333333333333333
