HopSymbolTableWalker:0.41333333333333333
HopParser:0.4093333333333333
HopLexer:0.37666666666666665
DFA16:0.29
