Distribution:0.5472222222222223
Database:0.48333333333333334
InstallOptions:0.4
FedoraHome:0.18305555555555558
ConnectionPoolManagerImpl:0.17333333333333334
Installer:0.1575
DerbyDDLConverter:0.14333333333333334
