MediaTypeCondition:0.24666666666666667
FilenameCondition:0.24333333333333335
FileSizeCondEditor:0.24
Range:0.22333333333333333
FileNameCondEditor:0.16
MediaTypeCondEditor:0.15
RuleDescriptionPanel:0.14333333333333334
OkBtnListener:0.13666666666666666
AddActionListener:0.09333333333333334
FileSizeCondition:0.07666666666666666
RemoveActionListener:0.043333333333333335
