TrapHandlerTest:0.8
V2TrapInformation:0.2966666666666667
Snmp4JV2TrapInformation:0.2816666666666667
