BinderModule:0.7966666666666666
CoreDao:0.6866666666666666
BinderModuleImpl:0.36
ShareResource:0.2733333333333333
CoreDaoImpl:0.23666666666666666
AbstractBinderResource:0.23
SelfResource:0.21666666666666667
AbstractResource:0.19333333333333333
