ResourceLoader:0.65
ShadowMapView:0.4266666666666667
ShadowPreferenceActivityTest:0.26666666666666666
OverlayResourceLoader:0.24
RoutingResourceLoader:0.24
XResourceLoader:0.20666666666666667
