StepContribution:0.6233333333333333
ChunkOrientedTasklet:0.38333333333333336
StatefulRetryTaskletTests:0.31666666666666665
ChunkOrientedTaskletTests:0.26
StepContributionTests:0.18683333333333332
