TypeUtils:0.44666666666666666
IntegerParseTest:0.31666666666666665
ArrayListTypeFieldTest:0.22333333333333333
BigDecimalSerializer:0.07333333333333333
