Mapper:0.6861111111111111
TypeHandlerRegistry:0.3944444444444445
TypeHandlerTest:0.37333333333333335
ConstantProductIdTypeHandler:0.07666666666666666
