Subscription:0.5933333333333334
ClientConductor:0.42
Aeron:0.4166666666666667
