NodeService:0.49333333333333335
ParameterService:0.47
SimpleIntegrationTest:0.31
DataLoaderService:0.2866666666666667
NodeServiceSqlMap:0.14444444444444446
