CooccurrencesEditor:0.6933333333333334
VocabularyEditor:0.5783333333333334
ExportSVG:0.3566666666666667
