JFXTextField:0.37
JFXTextArea:0.3433333333333333
JFXPasswordField:0.3333333333333333
JFXCheckBox:0.22333333333333333
JFXButton:0.22333333333333333
