StackFrame:0.38
Contract:0.31333333333333335
Operand:0.31
PostCond:0.21492857142857139
TestContracts:0.21
StaticElementInfo:0.20666666666666667
ReturnInstruction:0.17666666666666667
RETURN:0.17333333333333334
ContractVerifier:0.15666666666666668
FRETURN:0.13
ARETURN:0.13
IRETURN:0.13
LRETURN:0.11333333333333333
DRETURN:0.11333333333333333
TestContractsBase:0.11
VarRef:0.10666666666666667
SimpleContract:0.09666666666666666
ClassRef:0.05
EmptyContract:0.03666666666666667
Functor:0.016666666666666666
Const:0.013333333333333334
ContractOr:0.013333333333333334
ContractAnd:0.013333333333333334
Interval:0.01
