Almanac:0.6033333333333334
TimelineView:0.41333333333333333
Ruler:0.18666666666666668
ChangeCenteredYear:0.16777777777777778
