Sample:0.6666666666666666
JavaAnalyzerFactoryTest:0.34
CSharpAnalyzerFactoryTest:0.20333333333333334
