CSSStyleDeclaration:0.6366666666666667
HTMLElement2Test:0.4033333333333333
ClientRectTest:0.22333333333333333
