CasServiceTicketGrantedEvent:0.4766666666666667
CasServiceTicketValidatedEvent:0.455
CentralAuthenticationServiceImpl:0.4033333333333333
