Build:0.6692222222222222
BuildDetail:0.43333333333333335
BuildCommandTest:0.39
BuildSummary:0.28
BuildCommand:0.24666666666666667
