ListFolderHelper:0.5205555555555555
WorkspaceTreeHelper:0.4166666666666667
ManageBinderQuotaController:0.35
