SamlRegisteredService:0.43666666666666665
SamlMetadataAdaptor:0.3566666666666667
SamlObjectSigner:0.20666666666666667
AbstractSamlProfileHandlerController:0.18333333333333332
SamlProfileSamlAuthNStatementBuilder:0.16333333333333333
SamlProfileSamlConditionsBuilder:0.14
SSOPostProfileHandlerController:0.11333333333333333
