SearchContext:0.478888888888889
RangeQueryBuilderTests:0.4033333333333333
RangeQueryBuilder:0.37333333333333335
SearchService:0.2866666666666667
IndicesRequestCacheIT:0.11333333333333333
