JmolEditor:0.7212222222222222
JmolScriptEditor:0.46388888888888885
