MetaProperty:0.44
Locales:0.4166666666666667
XavaResources:0.41333333333333333
Tab:0.36666666666666664
Labels:0.26666666666666666
MoneyFormatter:0.18
MetaElement:0.17666666666666667
XavaPortlet:0.14666666666666667
DateTimeSeparatedFormatter:0.12666666666666668
DateFormatter:0.12
DateTimeCombinedFormatter:0.12
