NodeInfo:0.56
IndicesService:0.42333333333333334
NodeService:0.2633333333333333
NodesInfoResponse:0.22333333333333333
NodeInfoStreamingTests:0.13666666666666666
SimpleNodesInfoIT:0.06333333333333334
