BasicHttpsTest:0.6716666666666666
ComplexClientTest:0.2966666666666667
Head302handler:0.17999999999999997
