CDKConstants:0.66
UniversalIsomorphismTester:0.38333333333333336
SSSRFinder:0.36
FiguerasSSSRFinder:0.27
SingleStructureRandomGenerator:0.25
AllRingsFinder:0.23333333333333334
MoleculeFactory:0.08666666666666667
