BuildInformationRepository:0.6975000000000001
BuildLoopQueryService:0.43
BuildLoopQueryServiceTest:0.27666666666666667
BuildInformationRepositoryInMemoImplTest:0.25666666666666665
BuildInformationRepositoryInMemoImpl:0.21333333333333335
