Controller2D:0.7266666666666667
Controller2DModel:0.31333333333333335
CDKInputAdapter:0.19
