SimpleValueBinder:0.73
EntityEnum:0.44333333333333336
MapBinder:0.3433333333333333
