SequenceI:0.5066666666666667
Sequence:0.43666666666666665
DataLoader:0.33666666666666667
ApolloFrame:0.3233333333333333
CurationSet:0.30333333333333334
LoadUtil:0.23333333333333334
AbstractLazySequence:0.22666666666666666
NonWindowControlledObject:0.20333333333333334
