ClasspathScannerTests:0.42333333333333334
CloseablePath:0.4116666666666667
ReflectionUtils:0.39666666666666667
ClasspathScanner:0.16
