WidgetDefaultsFactory:0.4166666666666667
WidgetDefaultsHandler:0.2833333333333333
EditorPanel:0.25666666666666665
SearchDialog:0.23333333333333334
UIDefaultExporter:0.23
EditorMenuFactory:0.185
SearchResultDialog:0.14
SearchAction:0.14
AppLoggerArea:0.031111111111111107
SaveAsDialog:0.03
UneditableTableModel:0.03
