AlbumPage:0.4266666666666667
Page:0.37
AlbumListPage:0.24666666666666667
LoginPage:0.08666666666666667
AlbumListPageTest:0.02611111111111111
LoginPageTest:0.02611111111111111
AlbumPageTest:0.023333333333333334
