HttpClientUtil:0.8333333333333334
SubCrawlerUtil:0.282
HttpClientUtilTest:0.10666666666666667
