AbstractAccessDecisionManager:0.8
ConsensusBased:0.2733333333333333
UnanimousBased:0.09666666666666666
AffirmativeBased:0.09666666666666666
