JPPFJob:0.4816666666666667
SubmissionManagerClient:0.3933333333333333
JPPFDriver:0.36333333333333334
FJThreadFactory:0.23333333333333334
Pair:0.16777777777777778
