XDSIModel:0.5033333333333333
XDSQueryDelegate:0.39666666666666667
XDSDocumentObject:0.37333333333333335
XDSFolderObject:0.24
XDSAssociation:0.10333333333333333
XDSClassification:0.03666666666666667
