VariableNameChecker:0.7433333333333333
CreateVariableDialog:0.4166666666666667
UpdateSwimlaneNameDialog:0.33
UpdateVariableNameDialog:0.2966666666666667
