AbstractFieldMapper:0.5722222222222222
TimestampFieldMapper:0.5366666666666666
TimestampMappingTests:0.2733333333333333
