Seller:0.7233333333333334
MetaModel:0.43333333333333335
SellerValue:0.3
SellerHome:0.2678730158730158
SellerCMP:0.24
SellerData:0.22
ISeller:0.2
SellersTest:0.19
SellerBean:0.08666666666666667
