Tuple8:0.24
Tuple7:0.23333333333333334
Tuple6:0.22333333333333333
Tuple4:0.22
Tuple1:0.21666666666666667
Tuple3:0.21666666666666667
Tuple5:0.21333333333333335
Tuple2:0.20666666666666667
