DSLContext:0.6902777777777778
Keywords:0.6666666666666666
DSL:0.4033333333333333
DefaultDSLContext:0.38666666666666666
