BinderHelper:0.44333333333333336
GwtTaskHelper:0.33666666666666667
UIData:0.30666666666666664
GetTaskBundleCmd:0.2833333333333333
MiscUtil:0.2833333333333333
TaskListing:0.2755555555555555
GwtRpcServiceImpl:0.26666666666666666
GetTaskListCmd:0.23
GwtViewHelper:0.2277777777777778
