TestParser:0.684888888888889
CheckLogicTest:0.6844444444444445
