DatabaseInfo:0.6547222222222222
DmlStatement:0.43
Db2DdlBuilder:0.4166666666666667
