ConfigurationServiceImpl:0.5433333333333333
PropertiesFileHandler:0.49222222222222217
