HtmlPrintElement:0.8533333333333334
HtmlComponent:0.5833333333333334
ReportParameterDto:0.46
ReportAdminEditModel:0.4
DeployReportFormTag:0.37666666666666665
HtmlPrintElementUtils:0.35
ReportAdminParameterEditModel:0.3333333333333333
HtmlPrintElementFactory:0.3272804232804233
Messages:0.2544444444444444
ReportService:0.2544444444444444
HtmlComponentApp:0.23333333333333334
ReportBuildResult:0.21333333333333335
ReportParameterModel:0.19
HtmlComponentFill:0.17666666666666667
DefaultHtmlPrintElement:0.16666666666666666
AnalizeReportAction:0.15666666666666668
ReportParameterIsSetOperation:0.13666666666666666
ReportParameterParseOperation:0.13666666666666666
ReportParameterCreateModelOperation:0.13
HierarchyTypeSelectUtils:0.1211111111111111
FlyingSaucerHtmlPrintElement:0.10666666666666667
ReportAnalyzeResult:0.1
ReportParameterValidateOperation:0.1
HtmlElementOdtHandler:0.09
HtmlElementJExcelHandler:0.08666666666666667
HtmlElementOdsHandler:0.08666666666666667
HtmlElementPdfHandler:0.08666666666666667
HtmlElementXlsHandler:0.08666666666666667
HtmlElementRtfHandler:0.08666666666666667
ReportRequestModel:0.07333333333333333
HtmlElementDocxHandler:0.07
HtmlElementGraphics2DHandler:0.07
CustomJava2DRenderer:0.06833333333333333
HtmlElementPptxHandler:0.06666666666666667
ReportParameterHtmlClassOperation:0.058333333333333334
ReportParameterHtmlTypeOperation:0.058333333333333334
IsFlagPropertyOperation:0.058333333333333334
IsFixedListPropertyOperation:0.058333333333333334
ReportLogic:0.05777777777777779
FlyingSaucerXhtmlToImageRenderer:0.045
ReportServiceBean:0.043333333333333335
HtmlComponentDigester:0.03783333333333333
CheckReportDefinition:0.03333333333333333
HtmlComponentXmlWriter:0.03333333333333333
ReportServiceDelegate:0.03
DefaultHtmlPrintElementFactory:0.02666666666666667
HtmlComponentFillFactory:0.024166666666666666
HtmlElementXlsxHandler:0.023333333333333334
HtmlElementXmlHandler:0.019166666666666665
HtmlElementHtmlHandler:0.015
HtmlElementXhtmlHandler:0.015
GetCompiledReportParametersDescription:0.013333333333333334
HtmlComponentCompiler:0.01
HtmlElementHandlerBundle:0.0033333333333333335
HtmlComponentDesignConverter:0.0033333333333333335
HtmlComponentExtensionsRegistryFactory:0.0025
HtmlElementExtensionsRegistryFactory:0.0
HtmlComponentManager:0.0
FlyingSaucerHtmlPrintElementFactory:0.0
