RestAnalyzeActionTests:0.4533333333333333
RestAnalyzeAction:0.3933333333333333
RestClearIndicesCacheAction:0.20666666666666667
