Log:0.5933333333333334
ProjectTest:0.37
LogTest:0.27666666666666667
AntPublisher:0.10666666666666667
AntBootstrapper:0.0
