RrPolygonList:0.5033333333333333
RrCSGPolygon:0.4775
RrPolygon:0.45
TestMain:0.25666666666666665
