CustomObjectRenderer:0.45666666666666667
NewResourceDialog:0.4
ObjectRenderer:0.15333333333333332
