Database:0.51
TableManager:0.4533333333333333
Query:0.35
Table:0.3466666666666667
NativeQuery:0.32666666666666666
HsqldbDatabase:0.3
PgsqlDatabase:0.18666666666666668
QedDatabase:0.18666666666666668
DbcpDatabase:0.17
HibernateTransaction:0.16833333333333333
OracleDatabase:0.16333333333333333
MsqlDatabase:0.15333333333333332
OdbcjetDatabase:0.13666666666666666
MsSqlDatabase:0.12
CheckingStrategy:0.11753968253968256
CatalogChecker:0.08666666666666667
SQLUpdate:0.08333333333333333
ParameterHandler:0.06166666666666667
MySqlDatabase:0.06055555555555555
CloudscapeDatabase:0.04
InformixDatabase:0.0
Odbcjetv4Database:0.0
