Vector:0.6719999999999999
Vector2:0.30666666666666664
Vector3:0.27666666666666667
