Step:0.5172222222222221
AppClassLoader:0.5033333333333333
AppEventQueue:0.4
