Extruder:0.8333333333333334
GenericExtruder:0.42333333333333334
NullExtruder:0.38333333333333336
