ManagedAtmosphereHandler:0.5
ManagedServiceInterceptor:0.35
ServiceInterceptor:0.2866666666666667
PathTest:0.23666666666666666
AnnotatedProxy:0.193
InjectRuntime:0.016666666666666666
