GlobalConfigurationDataHandler:0.5108333333333334
EjbcaWebBean:0.4066666666666667
GlobalConfigurationSessionBean:0.24083333333333334
