WriteReport:0.67
Manager:0.26666666666666666
Administration:0.19666666666666666
Doctor:0.11333333333333333
Technician:0.07333333333333333
MetaTaskUtil:0.06666666666666667
Areologist:0.05
Astronomer:0.05
Biologist:0.05
Trader:0.05
Chef:0.05
Driver:0.05
Botanist:0.05
Mathematician:0.05
Architect:0.05
Engineer:0.05
Physicist:0.05
Meteorologist:0.05
Chemist:0.02
WriteReportMeta:0.013333333333333334
