EmailPublisher:0.6266666666666667
EmailPublisherTest:0.43666666666666665
EmailMapperHelper:0.18
PluginXMLHelperTest:0.12
EmailAddressMapper:0.11666666666666667
PropertiesMapper:0.09333333333333334
EmailMapper:0.05
MockMapping:0.03631746031746032
DropLetterEmailAddressMapper:0.03
EmailMapping:0.01
