LocalAttributeMetadata:0.63
LocalStuffFactory:0.3433333333333333
LocalAttributeMetadataImpl:0.33
QueryManagerTopComponent:0.33
AttributePinWidget:0.2966666666666667
CommunicationsStub:0.29
QueryEditorScene:0.24333333333333335
ExportSettingsPanel:0.16666666666666666
ClassNodeWidget:0.15666666666666668
ComplexQueryResultTopComponent:0.13777777777777775
QueryManagerService:0.13666666666666666
JComplexDialogPanel:0.013333333333333334
