AtomicNumberService:0.5733333333333334
AtomicNumberProxy:0.5133333333333333
TopicService:0.22333333333333333
ConfigXmlGenerator:0.22333333333333333
