Analysis:0.7
IndexAnalysis:0.56
FastIndexAnalysis:0.30666666666666664
TestError:0.12666666666666668
