Transformer:0.45
DefaultClassifier:0.43333333333333335
ServiceDeploymentGenerator:0.37
Generator:0.31666666666666665
