UnicastZenPing:0.5133333333333333
Ec2DiscoveryTests:0.4066666666666667
FileBasedUnicastHostsProviderTests:0.36666666666666664
UnicastZenPingTests:0.18666666666666668
FileBasedUnicastHostsProvider:0.11333333333333333
FileBasedDiscoveryPlugin:0.06
