Grammar:0.8
SymbolChecks:0.2866666666666667
TestToolSyntaxErrors:0.20666666666666667
