BrowseDatabaseAction:0.5088888888888888
AnalyzeAction:0.40277777777777773
