DepthTestAttribute:0.42333333333333334
BlendingAttribute:0.39599999999999996
FloatAttribute:0.30333333333333334
GwtNet:0.3
