FileInfo:0.6066666666666667
MainWindowMenuHandler:0.43333333333333335
FiltersCustomizer:0.3933333333333333
FilterFormatCellRenderer:0.31333333333333335
ProjectPropertiesDialog:0.19666666666666666
