LightManager:0.5766666666666667
HybridLightTest:0.4766666666666667
PrototypeRendererGL20:0.41333333333333333
