RelationDAOProxy:0.7187777777777777
RelationServiceBean:0.5627777777777778
