RedissonSortedSet:0.37666666666666665
ConnectionManager:0.30666666666666664
RedissonList:0.29
RedissonSubSortedSet:0.2833333333333333
Redisson:0.28155555555555556
RedissonQueue:0.28111111111111114
RedissonCountDownLatch:0.2752777777777778
RedissonLock:0.27416666666666667
RedissonAtomicLong:0.27416666666666667
RedissonSet:0.2633333333333333
RedissonTopic:0.25083333333333335
RedissonMap:0.1877777777777778
