VanillaChronicleMap:0.5733333333333334
BuildVersion:0.4866666666666667
BuildVersionTest:0.2733333333333333
