AbstractMultimapTest:0.33666666666666667
HashMultimapTest:0.30333333333333334
LinkedHashMultimapTest:0.30333333333333334
TreeMultimapTest:0.30333333333333334
Builder:0.27666666666666667
