EclipsePopUpWindowObject:0.5616666666666666
SarosPopUpWindowObject:0.5525
RosterViewObject:0.5
EclipsePopUpWindowObjectImp:0.47
SessionViewObject:0.4533333333333333
SarosState:0.4166666666666667
InitMusician:0.4166666666666667
Musician:0.4033333333333333
ViewObject:0.38133333333333336
SarosConditions:0.37666666666666665
EclipseEditorObject:0.36666666666666664
EclipseStateImp:0.35
EclipseMainMenuObject:0.3466666666666667
PackageExplorerViewObject:0.3333333333333333
RmiSWTWorkbenchBot:0.33
EclipseMainMenuObjectImp:0.31333333333333335
ProgressViewObject:0.30666666666666664
EclipseState:0.2833333333333333
RosterViewObjectImp:0.26
SarosRmiSWTWorkbenchBot:0.25
EclipseBasicObject:0.24666666666666667
SarosPopUpWindowObjectImp:0.24666666666666667
WorkbenchObjectImp:0.23638888888888887
RmiTest:0.23
SessionViewObjectImp:0.21666666666666667
TestHandleContacts:0.195
TestDriverSavesFiles:0.19166666666666668
EclipseEditorObjectImp:0.19
TestSVN:0.175
TestFileOperations:0.17333333333333334
TestFolderOperations:0.17166666666666666
TestCreatingNewFile:0.16833333333333333
TestAllParticipantsFollowDriver:0.16666666666666666
TestShareProjectUsingExistingProject:0.165
SarosMainMenuObjectImp:0.16333333333333333
TestParallelInvitationWithTerminationByHost:0.15833333333333333
TestHostAsDriverInvitesBelatedly:0.15333333333333332
StartupSaros:0.14666666666666667
TestDriverResetsFiles:0.145
TestParallelInvitationWithTerminationByInvitees:0.145
TestFollowMode:0.14
PackageExplorerViewObjectImp:0.13
SarosStateImp:0.12
IsClassContentsSame:0.08333333333333333
EclipseBasicObjectImp:0.05333333333333334
ProgressViewObjectImp:0.04833333333333333
IsFollowingUser:0.02666666666666667
ExistNoParticipants:0.02666666666666667
IsInSession:0.02
isSessionclosed:0.02
ISarosRmiSWTWorkbenchBot:0.013333333333333334
EclipseObject:0.013333333333333334
IRmiSWTWorkbenchBot:0.013333333333333334
