PeerGroup:0.6233333333333333
WalletTool:0.30333333333333334
WalletAppKit:0.27666666666666667
