WhereClauseAnalyzerTest:0.44333333333333336
ReferenceToTrueVisitorTest:0.3933333333333333
NotPredicate:0.2833333333333333
NotPredicateTest:0.08333333333333333
