Customer:0.45
PersistentAttributesEnhancer:0.43666666666666665
CustomerInventory:0.29
MavenEnhancePlugin:0.28
AttributeTypeDescriptor:0.25166666666666665
EnhancementTask:0.24750000000000005
DefaultEnhancementContext:0.22666666666666666
EnhancementContext:0.15833333333333333
CustomerEnhancerTest:0.03333333333333333
