MethodEndpoint:0.36333333333333334
SaajUtils:0.35
AxiomSoapMessageFactory:0.33666666666666667
SaajSoapMessageFactory:0.32
