HopLexer:0.3466666666666667
HopParser:0.31333333333333335
HopSymbolTableWalker:0.22083333333333333
StepFactory:0.19
DFA42:0.18333333333333332
DFA41:0.16
DFA4:0.13666666666666666
ParentCallStep:0.10666666666666667
DFA52:0.018333333333333333
DFA68:0.018333333333333333
CallInfo:0.0
