IssueHandlerImpl:0.5
ProjectHandlerImpl:0.4033333333333333
ITrackerServicesImpl:0.29333333333333333
ITrackerServices:0.19916666666666666
ComponentDAOImpl:0.05333333333333334
ComponentDAO:0.03
