AbstractAttributeContainer:0.5533333333333333
EntityBinder:0.49333333333333335
AbstractBasicBindingTests:0.21
