Heritrix:0.49333333333333335
CrawlJobHandler:0.38
SimpleHttpServer:0.2833333333333333
CommandLineParser:0.22
HeritrixHelpFormatter:0.10666666666666667
