AETs:0.4166666666666667
FileSystemMgt2Bean:0.39
SeriesBean:0.25666666666666665
StudyBean:0.25666666666666665
InstanceBean:0.24666666666666667
