TypefaceProvider:0.53
BootstrapThumbnail:0.31166666666666665
AwesomeTypefaceSpan:0.2833333333333333
IconResolver:0.2628888888888889
FontIcon:0.25
