TaskInformation:0.49666666666666665
NodeExecutionManager:0.43
TaskExecutionListener:0.35055555555555556
JPPFNodeTaskMonitorMBean:0.30333333333333334
JPPFDefaultNodeMBeanProvider:0.24666666666666667
NodeTaskWrapper:0.21333333333333335
JPPFNodeTaskMonitor:0.17
TaskExecutionEvent:0.11333333333333333
MBeanClient:0.10666666666666667
JPPFNodeTaskMonitorProvider:0.056666666666666664
TaskExecutionNotification:0.05333333333333334
