PurchaseManager:0.7533333333333333
PurchaseListener:0.2988888888888889
PurchaseManagerAndroidOpenIAB:0.27666666666666667
PurchaseSystem:0.25916666666666666
PurchaseManagerAndroidOUYA:0.23
PurchaseObserver:0.15833333333333333
PurchaseManagerGwtGoogleWallet:0.13833333333333334
PurchaseManageriOSApple:0.13833333333333334
PurchaseManagerDesktopApple:0.13833333333333334
