VideoSharingSession:0.3233333333333333
Encoder:0.31666666666666665
SarosUI:0.31666666666666665
ConnectionFactory:0.24666666666666667
Screen:0.23666666666666666
XugglerEncoder:0.23666666666666666
DataTransferManager:0.22194444444444447
ImageTileEncoder:0.19666666666666666
VideoPlayerView:0.15833333333333333
ChangeSourceMode:0.11333333333333333
SessionErrorActivity:0.06333333333333334
ActivityManagerReceiver:0.043333333333333335
ImageSourceSwitchModeActivity:0.017388888888888888
MouseClickedActivity:0.016666666666666666
MouseWheeledActivity:0.016666666666666666
KeyPressedActivity:0.01
