JspRelationsAnalyzer:0.32666666666666666
ValueTag:0.24666666666666667
JSPRelationMiner:0.24333333333333335
RelationCrawler:0.12666666666666668
JavaMDDParser:0.1
JavaRelationMiner:0.08666666666666667
RelationParseStatus:0.07
RelationMiner:0.05333333333333334
MDDRelationMiner:0.016666666666666666
