ProfileModule:0.9433333333333334
ProfileModuleImpl:0.6283333333333333
SendEntryMailController:0.21
