BusinessEntityManager:0.5553452380952381
BusinessEntityManagerRemote:0.5553452380952381
WebserviceBean:0.4666666666666667
BusinessEntityManagerImpl:0.3333333333333333
Kuwaiba:0.33
WebserviceBeanRemote:0.27166666666666667
