Wallet:0.82
WalletProtobufSerializer:0.3333333333333333
PeerGroupTest:0.20666666666666667
WalletTool:0.20333333333333334
WalletProtobufSerializerTest:0.17333333333333334
FilteredBlockAndPartialMerkleTreeTests:0.12333333333333334
