EnterExitEvent:0.4093333333333334
AbstractFolderModule:0.3566666666666667
AbstractAdminModule:0.2866666666666667
MailModuleImpl:0.28
ProfileModuleImpl:0.2733333333333333
AbstractBinderProcessor:0.2733333333333333
AbstractLicenseModule:0.2633333333333333
LdapModuleImpl:0.21333333333333335
DefaultProfileCoreProcessor:0.2127222222222222
WorkflowModuleImpl:0.19666666666666666
