FindOperation:0.5266666666666666
DBCollection:0.39
MapReduceInlineResultsCursor:0.33
AggregateOperation:0.30916666666666665
ParallelCollectionScanOperation:0.30583333333333335
CollectionHelper:0.2833333333333333
DBCursor:0.27
MapReduceWithInlineResultsOperation:0.20666666666666667
GroupOperation:0.2
MapReduceOutput:0.17
FindOperationHelper:0.16666666666666666
FindOperationIterable:0.1
OperationIterable:0.08666666666666667
