TrashListFilter:0.39666666666666667
ViewPort:0.35333333333333333
ModalityWorklistFilter:0.32666666666666666
StudyListFilter:0.32666666666666666
TrashListPage:0.22
StudyListPage:0.20666666666666667
ModalityWorklistPanel:0.19444444444444445
AbstractViewPort:0.08666666666666667
