StoreServiceImpl:0.42
StoreHelper:0.3333333333333333
StorageBindingsParser:0.24111111111111114
StorageConstraintsModel:0.23666666666666666
StoreHelperImpl:0.23666666666666666
StoreService:0.1800952380952381
ExternalStorageHandler:0.13666666666666666
ExecutionResult:0.13
