Main:0.4066666666666667
LDA:0.37
LDAFunction:0.2
InteractXMLParserLite:0.19666666666666666
IsotopePeaks:0.14333333333333334
ScoreCalculator:0.13666666666666666
