ShardInfo:0.5066666666666667
ShardMetadata:0.47333333333333333
TestShardManagerDao:0.36333333333333334
ShardManagerDao:0.3417222222222222
TestOrcStorageManager:0.23666666666666666
TestDatabaseShardManager:0.20333333333333334
OrcStoragePageSink:0.13333333333333333
Mapper:0.10666666666666667
