Display:0.7953333333333333
WindowsKeyboard:0.3793333333333333
