CrlCreateSessionBean:0.5666666666666667
CAAdminSessionBean:0.5266666666666666
RAInterfaceBean:0.47
