Euler:0.6133333333333333
EulerRunner:0.11733333333333335
