TestDistributedQueries:0.49333333333333335
QueryExecutor:0.4166666666666667
QueryRunner:0.4166666666666667
ServerMainModule:0.3
