QueryOperation:0.6033333333333334
DBCollection:0.5088888888888888
FindModel:0.27666666666666667
