Settlement:0.49666666666666665
BuildingManager:0.4166666666666667
GoodsManager:0.38666666666666666
Farming:0.32666666666666666
Storage:0.26
Crop:0.25333333333333335
