LdapTestUtils:0.7466666666666667
TestContextSourceFactoryBean:0.43333333333333335
