TextEditActivity:0.43666666666666665
JupiterActivity:0.37
FileActivity:0.36
Jupiter:0.36
InsertOperation:0.34
ChecksumActivity:0.31666666666666665
Document:0.31666666666666665
TextEditActivityDataObject:0.31333333333333335
DeleteOperation:0.30666666666666664
EditorManager:0.2833333333333333
FolderActivity:0.27
JupiterClient:0.26666666666666666
EditorActivity:0.23666666666666666
FileActivityDataObject:0.22
TextSelectionActivityDataObject:0.21666666666666667
ClientSynchronizedDocument:0.21666666666666667
ViewportActivity:0.21
TextSelectionActivity:0.21
SplitOperation:0.20666666666666667
ViewportActivityDataObject:0.20333333333333334
ActivitySequencer:0.2
JupiterServer:0.19666666666666666
TwoWayJupiterServerDocument:0.19666666666666666
ServerSynchronizedDocument:0.19
FolderActivityDataObject:0.19
SharedResourcesManager:0.18333333333333332
ConsistencyWatchdogHandler:0.18333333333333332
ConcurrentDocumentClient:0.18
PingPongActivity:0.17666666666666667
SplitOperationTest:0.17
JupiterActivityDataObject:0.16666666666666666
ConsistencyWatchdogClient:0.16333333333333333
EditorActivityDataObject:0.16
ChecksumActivityDataObject:0.15
ActivitiesExtensionProviderTest:0.14666666666666667
SimpleServerProxyTest:0.14
JupiterTestCase:0.13333333333333333
ResourceDeltaVisitor:0.13333333333333333
ConsistencyWatchdogServer:0.12
NetworkSimulator:0.11333333333333333
ProxySynchronizedQueue:0.10666666666666667
ActivitiesExtensionProvider:0.09666666666666666
IResourceActivity:0.03666666666666667
TwoWayJupiterClientDocument:0.01
