ParallelUniverseInterface:0.513888888888889
Robolectric:0.5033333333333333
ParallelUniverse:0.4
RobolectricTestRunner:0.38666666666666666
ShadowMessageTest:0.25
ParallelUniverseTest:0.22333333333333333
RobolectricTestRunnerTest:0.19777777777777777
MyParallelUniverse:0.07
