MongoDatabaseImpl:0.8066666666666666
MappingIterable:0.3933333333333333
MongoClient:0.35
