Flyway:0.7233333333333334
MigrationInfoContext:0.5366666666666666
FlywayConfiguration:0.44156349206349205
MigrationInfoServiceImpl:0.37
MigrationInfoImpl:0.36333333333333334
Main:0.3433333333333333
AbstractFlywayMojo:0.18333333333333332
AbstractFlywayTask:0.18333333333333332
DbValidate:0.18
DbRepair:0.16333333333333333
DbMigrate:0.16
ConfigUtils:0.12333333333333334
DbInfo:0.10666666666666667
FlywayExtension:0.07
