CreoleRegisterImpl:0.7466666666666667
TypedResourceList:0.5513888888888888
