DBCollectionTest:0.605
BSONTest:0.38666666666666666
JSONTest:0.3566666666666667
