DefaultDataFieldMaxValueIncrementerFactory:0.7866666666666666
DefaultDataFieldMaxValueIncrementerFactoryTests:0.44333333333333336
