EnsJAdapterGUI:0.5966666666666667
EnsJAdapter:0.5933333333333334
DataSourceConfigurationPanel:0.4633333333333333
