Task:0.7033333333333334
Swimlane:0.42
TaskFactory:0.18333333333333332
AssignmentHelper:0.17
Assignable:0.07
