FilterCompiler:0.47333333333333333
LogicalExpressionNode:0.37
CharacterIndex:0.31333333333333335
FilterCompilerTest:0.20333333333333334
PathCompilerTest:0.15
