Invocation:0.5233333333333333
HandleInvocation:0.5033333333333333
OfGenericMethod:0.34
MethodInvocationDynamicTest:0.19666666666666666
MethodInvocationOtherTest:0.16333333333333333
WithImplicitInvocationTargetType:0.013333333333333334
