Model:0.6966666666666667
MyStaticValue:0.35333333333333333
CRFAnalysis:0.205
RightRate:0.11666666666666667
