HtmlPage:0.8133333333333334
HtmlPage3Test:0.20666666666666667
