MultiSourceSelect:0.57
TwoTableJoin:0.45
RelationSource:0.4166666666666667
ManyTableConsumerTest:0.24666666666666667
NormalizerVisitor:0.2428888888888889
