HttpTransportConstants:0.7266666666666667
MessageDispatcherServlet:0.36
WebServiceMessageReceiverHandlerAdapterTest:0.23666666666666666
WsdlDefinitionHandlerAdapterTest:0.22666666666666666
WebServiceMessageReceiverHandlerAdapter:0.22666666666666666
WsdlDefinitionHandlerAdapter:0.21888888888888886
MessageDispatcherServletTest:0.10666666666666667
HttpUrlConnectionMessageSender:0.07666666666666666
