ImageToolbar:0.39
ImagePanel:0.3466666666666667
Canvas:0.2833333333333333
LayeredCanvas:0.2833333333333333
TextOverlay:0.2833333333333333
AnnotationPanel:0.25
SeriesPanel:0.21222222222222223
QueryRetrive:0.20666666666666667
ButtonTabComp:0.016666666666666666
