AuthAction:0.9008333333333332
AppAction:0.48833333333333334
AuthenticationInterceptor:0.48
