AnnotationEditor:0.8066666666666666
TestApollo:0.3433333333333333
