Shape:0.7766666666666666
ShapeFactory:0.35083333333333333
ShapeMorphism:0.215
ShapeStore2:0.21
EdgeRecord:0.1866666666666667
