GwtTeamingMessages:0.7797222222222222
AbstractAdminModule:0.28
GwtViewHelper:0.224
GwtServerHelper:0.224
ForgottenPwdDlg:0.1811111111111111
UserTypeCell:0.14666666666666667
