Xml:0.5566666666666666
Setup:0.29333333333333333
ImageMerger:0.23694444444444449
ServiceManager:0.21
WmsService:0.19333333333333333
Upload:0.18744444444444444
UserSession:0.17666666666666667
SampleData:0.13666666666666666
Z3950Searcher:0.11666666666666667
Cli:0.09666666666666666
