HeadersFilter:0.7166666666666667
HeadersBeanDefinitionParser:0.41333333333333333
HeadersFilterTest:0.32666666666666666
