Messages:0.7233333333333334
ExecutorService:0.6666666666666666
ExecutorServiceDelegate:0.64
ExecutorRelation:0.49
ExecutorDAO:0.3675
TabHeaderTag:0.3125
ELParser:0.29777777777777775
GroupOfExecutorRelations:0.26666666666666666
ExecutorServiceBean:0.2633333333333333
TitledFormTag:0.25666666666666665
RelationGroupPermission:0.24666666666666667
ActionExceptionHelper:0.22472222222222224
RelationsGroupDoesnotExistsException:0.22333333333333333
ListExecutorsWithoutPermissionsOnRelationsFormTag:0.18333333333333332
ListRelationMembersFormTag:0.16
ExecutorDAOHibernateImpl:0.15
ExecutorServiceDelegateLocalImpl:0.14666666666666667
ExecutorServiceDelegateRemoteImpl:0.14666666666666667
ListExecutorsWithoutPermissionsOnRelationFormTag:0.13666666666666666
ExecutorLogic:0.13333333333333333
AFProfileStrategy:0.13
ExecutorServiceDelegateRelationsTest:0.12666666666666668
OrgFunctionHelper:0.12666666666666668
GrantPermissionOnRelationsAction:0.11333333333333333
UpdatePermissionOnGroupsOfRelations:0.1
AFInitializerLogic:0.09666666666666666
CreateRelationAction:0.09083333333333334
RemoveRelationAction:0.09083333333333334
CreateRelationGroupAction:0.09083333333333334
RelationsGroupSecure:0.08333333333333333
Resources:0.08
GrantPermissionOnRelationLinkTag:0.07944444444444443
RelationGroupNameTDBuilder:0.07555555555555556
RemoveRelationGroupAction:0.07083333333333333
UpdatePermissionOnRelationGroupsFormTag:0.06611111111111112
ListRelationsFormTag:0.06222222222222223
ManagePermissionOnRelationLinkTag:0.062222222222222213
CreateRelationLinkTag:0.062222222222222213
CreateRelationForm:0.058333333333333334
CreateRelationGroupForm:0.05
RelationGroupClassPresentation:0.03805555555555555
GrantPermissionOnGroupsOfRelationsLinkTag:0.03527777777777778
RelationClassPresentation:0.03472222222222222
RelationToTDBuilder:0.03
RelationsGroupExistException:0.03
RelationFromTDBuilder:0.03
ActorSelectTD:0.028333333333333332
GrantPermissionOnRelationAction:0.025
UpdatePermissionOnRelationFormTag:0.02
CreateRelationGroupFormTag:0.02
CreateRelationFormTag:0.02
CreateRelationGroupLinkTag:0.019166666666666665
ManagePermissionOnGroupsOfRelationsLinkTag:0.019166666666666665
RelationDoesnotExistException:0.016666666666666666
RelationIdsForm:0.0033333333333333335
