NodeService:0.5016666666666667
OutgoingBatchService:0.45
DataService:0.37
IncomingBatchService:0.35333333333333333
DataExtractorService:0.25
