PubSubConnectionEntry:0.39666666666666667
RedisPubSubConnection:0.3611111111111111
MasterSlaveConnectionManager:0.2833333333333333
ConnectionManager:0.27166666666666667
RedisPubSubTopicListenerWrapper:0.17083333333333334
RTopic:0.15833333333333333
RedissonTopic:0.09
