UURI:0.78
ARCWriterProcessor:0.4066666666666667
PreconditionEnforcer:0.20666666666666667
CrawlStateUpdater:0.18666666666666668
