RenderPanel:0.5766666666666667
JChemPaintPanel:0.5266666666666666
JCPToolBar:0.25666666666666665
RedoAction:0.24333333333333335
UndoAction:0.24333333333333335
JChemPaintMenuHelper:0.14333333333333334
