Hex:0.47
UnitGroup:0.4533333333333333
LocationGroup:0.43666666666666665
Vehicle:0.39
Game:0.36666666666666664
Map:0.36666666666666664
ActionSequence:0.32
Move:0.27666666666666667
Rout:0.27166666666666667
Scenario2:0.23
OrderBusinessRules:0.20666666666666667
AbstractBuilder:0.2
ScenarioBetaTwoComputerPlayer:0.18666666666666668
FireSmallArms:0.18333333333333332
GameState:0.16420634920634922
FireOnlyPlayer:0.15666666666666668
FireUnits:0.15333333333333332
StartMove:0.14
