EjbcaWSTest:0.6616666666666666
EjbcaWSNonAdminTest:0.3933333333333333
CustomCertSerialnumberWSTest:0.30333333333333334
CommonEjbcaWS:0.212
