WebUrlUtil:0.5033333333333333
BinderViewsHelper:0.36666666666666664
GwtTeamingMessages:0.33555555555555555
WebKeys:0.2720555555555556
GwtViewHelper:0.2511111111111111
CollectionView:0.225
ReadFileController:0.10666666666666667
