TimeStamp:0.5566666666666666
CompilerVariable:0.36666666666666664
HopCompilerVariable:0.23666666666666666
DataObject:0.22333333333333333
