Constants:0.4666666666666667
StringUtils:0.43333333333333335
MulticastRegistry:0.33666666666666667
ZookeeperRegistry:0.29333333333333333
UrlUtils:0.23666666666666666
RegistryDirectory:0.23333333333333334
ServiceConfig:0.20333333333333334
