AbstractManagedChannelImplBuilder:0.37333333333333335
DirectAddressNameResolverFactory:0.24800000000000003
ManagedChannelBuilder:0.235
TransportSetTest:0.22
ManagedChannelImplTransportManagerTest:0.19666666666666666
Callback:0.18142857142857144
TransportListener:0.16333333333333333
FailingNameResolverFactory:0.14333333333333334
