Class:0.6866666666666666
JPF_java_lang_Class:0.34
CheckEnvironment:0.29837301587301585
JPF_gov_nasa_jpf_sc_CheckEnvironment:0.26
