HttpRequest:0.84
RequestHandler:0.3516666666666667
RequestTest:0.10666666666666667
