Metadata:0.31333333333333335
ConversionRules:0.30666666666666664
DCFields:0.3
SIPCreator:0.23
SaveSIPAction:0.21
SelectableEntryPanel:0.18333333333333332
DCFieldsPanel:0.15666666666666668
DOMUtility:0.14333333333333334
FileSelectTask:0.14
MetadataPanelWrapper:0.10666666666666667
MinimalMetadata:0.08333333333333333
EventHandler:0.07666666666666666
ChangeDirectoryAction:0.05333333333333334
