ShowPartitions:0.5066666666666667
StatementAnalyzer:0.4633333333333333
TestStatementBuilder:0.3466666666666667
Help:0.29133333333333333
