CookieManager:0.7433333333333333
HttpWebConnection:0.4
CookieManagerTest:0.20666666666666667
