Jetty9WebSocket:0.6966666666666667
Jetty9WebSocketHandler:0.5133333333333333
Jetty9AsyncSupportWithWebSocket:0.2833333333333333
