DefaultAuthorization:0.3333333333333333
PolicyFinderModule:0.3233333333333333
JAASRealm:0.23799999999999996
PolicyEnforcementPoint:0.22333333333333333
ReducedPolicyFinderModule:0.22277777777777777
ReducedPolicyEnforcementPoint:0.17777777777777778
SchemaErrorHandler:0.10333333333333333
