Style:0.6266666666666667
ApolloDataAdapterI:0.5633333333333334
GAMEAdapter:0.3566666666666667
GameSynteny:0.35333333333333333
AbstractApolloAdapter:0.16416666666666666
