CovalentRadiusDescriptorTest:0.37
VdWRadiusDescriptorTest:0.37
AtomHybridizationDescriptorTest:0.32666666666666666
AtomValenceDescriptorTest:0.32666666666666666
