TranslatorFactory:0.31
FilesTree:0.2966666666666667
AndroidXmlTranslator:0.2833333333333333
ContentReader:0.2227777777777778
FileChooserUtils:0.17
MetaObjectFactory:0.17
RootBuilder:0.15666666666666668
