animator:0.5351825396825398
DrawableResourceLoaderTest:0.44333333333333336
PackageResourceLoader:0.3433333333333333
