PyObject:0.5933333333333334
PyString:0.4866666666666667
PyLong:0.30666666666666664
InternalFormatSpecParser:0.2644444444444444
PyInteger:0.25666666666666665
PyInstance:0.195
FieldNameIterator:0.17333333333333334
MarkupIterator:0.16555555555555554
FormatFunction:0.15
