InputFile:0.6366666666666667
JarredInputFile:0.5166666666666667
RegularInputFile:0.49333333333333335
GenerationTest:0.3333333333333333
GenerationBatch:0.33
FileUtil:0.20666666666666667
FileUtilTest:0.15
TranslationProcessorTest:0.13333333333333333
