SequencerAgent:0.4533333333333333
IngressAdapter:0.44
ClusteredServiceAgent:0.4066666666666667
ClusterNodeTest:0.24333333333333335
