raw:0.98
ResourceLoader:0.47
RawResourceLoader:0.3441666666666667
ApplicationTest:0.2733333333333333
