Vector:0.6333333333333333
Stage:0.46
Vector2:0.41
InputListener:0.3433333333333333
Vector3:0.29333333333333333
Task:0.29277777777777775
LwjglCanvas:0.25666666666666665
TextField:0.24333333333333335
ActorGestureListener:0.21666666666666667
SelectBox:0.21333333333333335
Ship:0.21333333333333335
Window:0.21
Timer:0.21
LwjglCanvasTest:0.20333333333333334
LwjglGraphics:0.1927777777777778
DragAndDrop:0.16
PathTest:0.14
StageTest:0.13
