HashSet:0.3566666666666667
TreeMap:0.31666666666666665
Iterator:0.2966666666666667
LinkedHashSet:0.24
CharSeq:0.23333333333333334
Queue:0.22166666666666668
TreeSetTest:0.21666666666666667
LinkedHashMapTest:0.20333333333333334
AbstractMapTest:0.18
CharSeqTest:0.17
TreeMapTest:0.17
HashMapTest:0.16
AbstractTraversableTest:0.15666666666666668
