Http2ServerResponseImpl:0.5216666666666666
Http2Test:0.31
VertxHttp2Stream:0.2617777777777778
Http2ServerRequestImpl:0.22666666666666666
Push:0.22666666666666666
VertxHttp2Handler:0.18083333333333335
TestClient:0.0911111111111111
