ToggleFormLink:0.34014285714285714
LabelAdaptingCategoryAxis:0.28747619047619044
DynamicLinkPanel:0.2816666666666667
ReportPanel:0.2633333333333333
ReportTreeTable:0.22680952380952382
DisplayReportTablePage:0.19333333333333333
DisplayReportDiagramPage:0.09
