Video:0.7366666666666667
VideoResource:0.26666666666666666
VideoResourceTest:0.06666666666666667
