Vocabulary:0.5033333333333333
ConcordancesEditor:0.32
SpecificitesResult:0.30666666666666664
CooccurrencesEditor:0.30333333333333334
ReferencerEditor:0.25
VocabularyEditor:0.235
LexicalTableEditor:0.22666666666666666
DeleteObject:0.20333333333333334
SpecificitiesTableEditor:0.19666666666666666
CaEditor:0.16333333333333333
ComputeRepartition:0.15333333333333332
ComputeFrequencyList:0.11666666666666667
DictionnaryEditor:0.06333333333333334
