BlobStoreRepository:0.63
SharedClusterSnapshotRestoreIT:0.43333333333333335
DedicatedClusterSnapshotRestoreIT:0.30333333333333334
BlobStoreRepositoryTests:0.13666666666666666
