CasEnvironmentContextListener:0.5066666666666667
InMemoryServiceRegistryDaoImpl:0.31333333333333335
DefaultServicesManagerImpl:0.205
AbstractCasAttributeEncoder:0.14583333333333334
DefaultCasAttributeEncoder:0.13
