BuildingPanelInhabitable:0.38266666666666665
CropTableModel:0.3433333333333333
BuildingPanelCooking:0.2966666666666667
BuildingPanelAstronomicalObservation:0.23666666666666666
BuildingsTabPanel:0.20666666666666667
