Common:0.5972936507936508
AdminProcessor:0.4633333333333333
DomainQueryService:0.2833333333333333
DomainProcessor:0.18
