VisualEditorTopComponent:0.51
NeurophDnDHandler:0.37666666666666665
NeuralLayerWidgetAcceptProvider:0.31333333333333335
NeuronWidgetAcceptProvider:0.18
KeyboardDeleteAction:0.14
NeuralNetworkWidgetAcceptProvider:0.11333333333333333
