MultiplayerClient:0.38666666666666666
MultiplayerTray:0.38333333333333336
ScenarioConfigEditorFX:0.3
MultiplayerServer:0.2833333333333333
MultiplayerMode:0.22476190476190472
CentralRegistry:0.19666666666666666
SettlementTableModel:0.18333333333333332
HoldInstance:0.03444444444444444
