MenuAdapter:0.5622222222222222
Utils:0.44666666666666666
DropDownMenuFragment:0.3433333333333333
