RScoredSortedSet:0.5561111111111111
RedissonScoredSortedSet:0.5433333333333333
RScoredSortedSetAsync:0.37583333333333335
RedissonScoredSortedSetTest:0.16666666666666666
