ImmutableTest:0.5666666666666667
DefaultAutoFlushEventListener:0.3286111111111111
DefaultFlushEventListener:0.22194444444444447
