LogisticRegressionMatrix:0.49333333333333335
BaseMultiLayerNetwork:0.4622222222222222
DBNTest:0.22666666666666666
