SbeStatsInitializationReport:0.5216666666666666
SbeStatsReport:0.4744444444444444
TestStatsSBE:0.17
