MethodNode:0.5377777777777777
BlockMakerVisitor:0.34
FinishRegions:0.19666666666666666
TracedRegionVisitor:0.15
