InvitationDialogLabelProvider:0.5066666666666667
InvitationDialog:0.4955555555555555
DiscoveryManager:0.3516666666666667
