LotteryAdministrationImpl:0.7461111111111112
LotteryServiceImpl:0.5136666666666667
