AsyncLocalLoadingCache:0.6166666666666667
LocalCache:0.3977777777777778
LocalManualCache:0.39666666666666667
IsCacheReserializable:0.35
Caffeine:0.33
BoundedAsyncLocalLoadingCache:0.18666666666666668
IsValidCache:0.17111111111111113
UnboundedAsyncLocalLoadingCache:0.16333333333333333
IsValidAsyncCache:0.15444444444444444
