CustomType:0.47333333333333333
DictionaryCustomTypeSerializer:0.43333333333333335
DictionaryAttributeSerializer:0.4033333333333333
Table:0.2866666666666667
CustomTypeEntity:0.06333333333333334
AttributeProvider:0.03
AttributeEntityProvider:0.0011111111111111111
