ParserRuleSet:0.7033333333333334
TokenMarker:0.5033333333333333
XModeHandler:0.2733333333333333
