AbstractTraversableTest:0.612888888888889
IteratorTest:0.49833333333333335
