Flyway:0.5733333333333334
AbstractFlywayMojo:0.27
OracleDbSupport:0.25666666666666665
MigrateMojo:0.07666666666666666
InitMojo:0.03333333333333333
CleanMojo:0.03333333333333333
HistoryMojo:0.02
StatusMojo:0.02
