ResourceIndexIntegrationTest:0.43666666666666665
ManyDisseminationsTestSetup:0.30333333333333334
Constants:0.24444444444444444
FedoraBindingSpecNamespace:0.208
XMLBuilder:0.19
DigitalObjectUtil:0.18
FedoraDSInputSpec1_1Format:0.10333333333333333
