ChadoXmlAdapter:0.6266666666666667
ChadoXmlWrite:0.5572222222222223
