CasCoreTicketsConfiguration:0.49666666666666665
AllServicesTestsSuite:0.4592619047619047
JdbcDataSourceMonitorTests:0.25
CasCoreAuthenticationConfiguration:0.22333333333333333
