jOOQTest:0.5733333333333334
AbstractSubSelect:0.41
SelectQueryImpl:0.3433333333333333
GroupByTests:0.2633333333333333
