TransactionalMapProxySupport:0.5366666666666666
TxnLockAndGetOperation:0.45666666666666667
MapOperationProvider:0.4288888888888889
RecordStore:0.37
DefaultMapOperationProvider:0.24666666666666667
MapTransactionTest:0.07
