GreenLabPropertyFileReader:0.6466666666666666
IntegerNumberField:0.37666666666666665
DoubleNumberField:0.37166666666666665
GreenLabTopologyPanel:0.24777777777777782
GreenLabGrowthSourcePanel:0.22666666666666666
GreenLabGUI:0.18333333333333332
GreenLabGlobalPanel:0.16666666666666666
