Strings:0.54
MetaAggregateBean:0.4666666666666667
IMetaModel:0.44156349206349205
MapFacadeBean:0.4166666666666667
EntityReferencePG:0.37666666666666665
HibernatePersistenceProvider:0.24666666666666667
XavaPreferences:0.21666666666666667
EntityReferenceEJBPG:0.2
AggregateReferencePG:0.17
EJBeanPG:0.16333333333333333
PojoPG:0.12
HibernatePG:0.11
