GenerationUnit:0.3933333333333333
ObjectiveCImplementationGeneratorTest:0.38
J2ObjCTest:0.2833333333333333
ObjectiveCHeaderGenerator:0.2833333333333333
ObjectiveCHeaderGeneratorTest:0.27666666666666667
ObjectiveCSegmentedHeaderGenerator:0.26666666666666666
