Node:0.49333333333333335
Index:0.33
EntryObject:0.31333333333333335
CMapTest:0.26666666666666666
PartitionManager:0.22333333333333333
QueryTest:0.2
GetOperationHandler:0.14333333333333334
PredicatesTest:0.13333333333333333
