CrmfRAPbeMultipleKeyIdRequestTest:0.2966666666666667
CmpRAAuthenticationTest:0.25333333333333335
CrmfRATcpRequestTest:0.25333333333333335
CrmfRAPbeRequestTest:0.22
CrmfKeyUpdateTest:0.21333333333333335
CrmfRAPbeTcpRequestTest:0.2
CrmfRARequestCustomSerialNoTest:0.2
CrmfRequestTest:0.18
AuthenticationModulesTest:0.17666666666666667
CrmfRARequestTest:0.09333333333333334
