Layer:0.5233333333333333
DefaultParamInitializer:0.36666666666666664
Builder:0.22
