DefaultIsoChecker:0.39666666666666667
Groove:0.38666666666666666
PaigeTarjanMcKay:0.3566666666666667
TreeHashSet:0.30666666666666664
TreeHashSetTest:0.23333333333333334
