Factory:0.4533333333333333
Util:0.42
SQLResultQuery:0.38
Val:0.34
jOOQAbstractTest:0.2866666666666667
FactoryOperations:0.2833333333333333
FactoryProxy:0.24666666666666667
SQLTable:0.24
SQLField:0.22
SQLQuery:0.20666666666666667
SQLCondition:0.20666666666666667
ParamCollector:0.11666666666666667
PlainSQLTests:0.08666666666666667
