Key:0.65
Annotations:0.36666666666666664
NamedEquivalanceTest:0.3433333333333333
