StatisticCounter:0.7966666666666666
WFInitializerLogic:0.38
CacheStatistic:0.36333333333333334
CacheUsageStatisticLogger:0.15333333333333332
