Config:0.5833333333333334
ChromosomeField:0.2633333333333333
LoadUtil:0.22666666666666666
Style:0.21333333333333335
LocationGAMEPanel:0.15666666666666668
MovementPanel:0.09333333333333334
