MqlParameterTransformer:0.6466666666666666
HibernateTransaction:0.4
jspViewer:0.27666666666666667
MqlHqlTest:0.13666666666666666
