ModifierContributor:0.6566666666666666
AbstractModifierContributorTest:0.5716666666666665
