HttpClient:0.5061666666666667
HttpClientRequest:0.49833333333333335
HttpTest:0.45
HttpClientImpl:0.3933333333333333
HttpClientRequestImpl:0.3333333333333333
