CommonContext:0.58
DriverConductor:0.4633333333333333
Configuration:0.42333333333333334
DriverConductorTest:0.27
