ArrayType:0.49333333333333335
ArrayRewriter:0.4633333333333333
Types:0.41555555555555557
