ByteArrayObjectDataInput:0.2683333333333333
ByteBufferObjectDataInput:0.2683333333333333
ByteArrayObjectDataOutput:0.2683333333333333
ByteBufferObjectDataOutput:0.2683333333333333
ObjectDataOutputStream:0.18666666666666668
ObjectDataInputStream:0.18666666666666668
