C3DDialog:0.5166666666666667
BottomTransition:0.10666666666666667
RightTransition:0.10666666666666667
LeftTransition:0.10666666666666667
TopTransition:0.10666666666666667
CenterTransition:0.10666666666666667
