RedissonListReactiveTest:0.37666666666666665
RedissonListReactive:0.37
RedissonSetReactive:0.30333333333333334
BaseReactiveTest:0.23333333333333334
RedissonMapReactiveIterator:0.19
