Simulation:0.4533333333333333
MasterClock:0.4033333333333333
MainSceneTask:0.3272804232804233
ConstructBuilding:0.30833333333333335
UnitManager:0.30666666666666664
MarsProjectFX:0.29
MarsProject:0.25333333333333335
Person:0.25333333333333335
MarsClock:0.24
MainDesktopPane:0.23
ScenarioConfigEditorFX:0.21333333333333335
MarsNode:0.20666666666666667
MainScene:0.2
Deliverybot:0.1877777777777778
Constructionbot:0.18333333333333332
MainWindow:0.18333333333333332
MainMenu:0.16333333333333333
SimulationConfigEditor:0.15666666666666668
TabPanelCareer:0.14
ConstructBuildingMeta:0.13666666666666666
MarsProjectStarter:0.08333333333333333
MultiplayerTask:0.08
SimulationTask:0.04888888888888889
MainSceneMenu:0.023333333333333334
LoadSimulationTask:0.0033333333333333335
ConfigEditorTask:0.0033333333333333335
CreateMenuTask:0.0025
