AttributeFilter:0.62
GPSPS:0.23333333333333334
MPPS:0.21222222222222223
MWLItem:0.21222222222222223
GPPPS:0.20222222222222225
AttributeFilterLoader:0.16333333333333333
