EntryTaskScheduler:0.6566666666666666
SecondsBasedEntryTaskScheduler:0.43
SecondsBasedEntryTaskSchedulerTest:0.36
NearCacheInvalidatorImpl:0.33
ClientMapNearCacheTest:0.28
MapServiceContext:0.26527777777777783
NearCacheTest:0.23666666666666666
MapServiceContextImpl:0.21333333333333335
EntryProcessorExecutor:0.13277777777777777
SecondsBasedEntryTaskSchedulerStressTest:0.1
