Gedcom:0.5766666666666667
PropertyView:0.4266666666666667
I18NView:0.25
RootView:0.16666666666666666
MyHTMLFactory:0.15
MyView:0.12333333333333334
