ConcreteLayer:0.5433333333333333
Connector:0.3253333333333333
ConcreteLayerPainter:0.2811111111111111
AbstractWidget:0.25666666666666665
ServerWindow:0.25
BasicWindowManager:0.20333333333333334
DefaultConnectorRenderer:0.19666666666666666
Selector:0.1888888888888889
