ExportManagerService:0.3933333333333333
QueryRetrieveScpService:0.3933333333333333
TLSConfigDelegate:0.35
StoreScpService:0.3
MWLScuService:0.2833333333333333
EchoService:0.2633333333333333
StudyMgtScuService:0.2633333333333333
DcmServerService:0.2633333333333333
HPScpService:0.2633333333333333
MPPSScuService:0.2633333333333333
PPSScuService:0.2633333333333333
MoveScuService:0.2633333333333333
IANScuService:0.2633333333333333
StgCmtScuScpService:0.2633333333333333
