Activator:0.53
NmrshiftdbManager:0.39666666666666667
SubmitWizard:0.36666666666666664
IJavaScriptNmrshiftdbManager:0.052
IJavaNmrshiftdbManager:0.052
NmrshiftdbManagerFactory:0.035
INmrshiftdbManager:0.03
