ClusterClock:0.8283333333333334
ClusterService:0.8
Node:0.4633333333333333
ClusterServiceImpl:0.4633333333333333
VersionCheck:0.34
FinalizeJoinOperation:0.20666666666666667
MockJoiner:0.20444444444444446
UuidUtil:0.12277777777777776
ClusterClockImpl:0.08166666666666667
VersionCheckParameterCreator:0.07
