GeoDistanceSortBuilder:0.8488888888888888
GeoDistanceSortBuilderTests:0.20333333333333334
