ArticleProcessor:0.5366666666666666
VoteMgmtService:0.3933333333333333
VoteRepository:0.2297222222222222
