AbstractOneDReader:0.5916666666666667
BlackPointEstimator:0.25666666666666665
MultiFormatReader:0.17
