CacheProxy:0.52
AbstractHazelcastCacheManager:0.31
CacheBasicAbstractTest:0.3
ClientProxy:0.28222222222222226
AbstractInternalCacheProxy:0.27666666666666667
AbstractClientInternalCacheProxy:0.21333333333333335
HazelcastCacheManager:0.21177777777777776
