UpdateByQueryRequest:0.9266666666666666
DeleteByQueryRequest:0.5933333333333334
UpdateByQueryRequestTests:0.24333333333333335
