InvocationPlan:0.53
ShadowWrangler:0.43888888888888894
AccountManagerTest:0.27055555555555555
