PreferenceConstants:0.4283888888888888
PreferenceUtils:0.4266666666666667
AdvancedPreferencePage:0.2733333333333333
PreferenceInitializer:0.14666666666666667
PingPongCentral:0.14666666666666667
