Fragment:0.73
GenerationList:0.2837936507936508
DeterministicGenerator:0.27777777777777773
