Log:0.4166666666666667
ForkedScript:0.37333333333333335
Script:0.36
ScriptEditor:0.34
DynamicClassLoader:0.25666666666666665
Step:0.25
ComponentTester:0.23
ScriptEditorFrame:0.22
MethodInvocation:0.21666666666666667
ForkedScriptTest:0.19
EditorActions:0.08666666666666667
ScriptTestSuite:0.07666666666666666
FullTestSuite:0.03666666666666667
EditorConstants:0.0
Strings:0.0
Tags:0.0
