LazyNotification:0.758888888888889
NotificationMappingQuery:0.43666666666666665
NotificationSaveOrUpdate:0.2866666666666667
