DrawProperties:0.53
Task:0.46
Transition:0.4533333333333333
GraphElement:0.45
ProcessDefinition:0.4266666666666667
ExecutionService:0.41
SubprocessDefinition:0.38333333333333336
ProcessLog:0.3333333333333333
Node:0.31
AbstractFigure:0.30666666666666664
SubprocessGraphElementPresentation:0.3
TransitionFigureBase:0.2866666666666667
NodeModel:0.28
GraphElementPresentation:0.27
BpmnXmlReader:0.25333333333333335
DefinitionServiceBean:0.24833333333333332
TitledFormTag:0.24666666666666667
ExecutionServiceBean:0.24
TransitionModel:0.24
DefinitionService:0.22777777777777777
JpdlXmlReader:0.22666666666666666
DefinitionGraphElementPresentationVisitor:0.22333333333333333
TaskNodeFigure:0.22
Line:0.21666666666666667
ExecutionServiceDelegate:0.21
DecisionFigure:0.2063968253968254
LineUtils:0.2
WFCommonLogic:0.2
GraphImage:0.19666666666666666
GraphImageHelper:0.19666666666666666
GraphHistoryBuilder:0.19333333333333333
GraphElementPresentationHelper:0.19333333333333333
ProcessGraphFormTag:0.19333333333333333
SubprocessRect:0.18333333333333332
GraphHistoryElementPresentationVisitor:0.18333333333333332
GraphImageBuilder:0.18
DefinitionServiceDelegate:0.17666666666666667
DiagramModel:0.17666666666666667
ReceiveMessageNodeFigure:0.17333333333333334
DiamondFigure:0.17333333333333334
AngleInfo:0.17
DefinitionLogic:0.16333333333333333
TaskFactory:0.16
ProcessGraphElementPresentationVisitor:0.16
ShowGraphHistoryFormTag:0.15
TaskLogic:0.14666666666666667
MultiSubprocessFigure:0.14333333333333334
SubprocessFigure:0.14333333333333334
ExecutionLogic:0.14
ProcessLogs:0.13
MultiinstanceGraphElementPresentation:0.12666666666666668
GraphElementPresentationVisitor:0.10666666666666667
TransitionFigure:0.10666666666666667
DefinitionGraphFormTag:0.10333333333333333
TaskSubsitutionParser:0.09333333333333334
BendpointModel:0.09166666666666666
Bendpoint:0.08666666666666667
TaskGraphElementPresentation:0.08666666666666667
ForkJoinFigure:0.08333333333333333
ProcessDefinitionParser:0.07666666666666666
UMLFigureFactory:0.06
GraphElementPresentationBuilder:0.05333333333333334
WaitStateFigure:0.05333333333333334
RoundedRect:0.05
ProcessDefinitionInfoVisitor:0.03777777777777778
Rhomb:0.031111111111111114
ProcessGraphInfoVisitor:0.02777777777777778
BPMNFigureFactory:0.021666666666666667
EndTokenStateFigure:0.016666666666666666
StartStateFigure:0.013333333333333334
AbstractFigureFactory:0.013333333333333334
GraphXmlParser:0.01
SendMessageNodeFigure:0.01
EndStateFigure:0.0033333333333333335
Circle:0.0033333333333333335
MultiTaskNodeFigure:0.0033333333333333335
ActionNodeFigure:0.0025
ConjunctionFigure:0.0025
