RequestSpecification:0.7947222222222223
RestAssuredConfig:0.5433333333333333
RequestSpecBuilder:0.3566666666666667
