JobIdentifier:0.8888333333333335
SimpleJobIdentifier:0.4177777777777778
JobInstanceTests:0.37
