CircleBuilder:0.55
ShapeBuilder:0.46888888888888886
PointBuilder:0.3933333333333333
AbstractShapeBuilderTestCase:0.34
DistanceUnitTests:0.12333333333333334
