AbstractStep:0.6933333333333334
TaskletStep:0.44333333333333336
ItemOrientedStep:0.41333333333333333
SkipLimitStepFactoryBeanTests:0.25
SimpleStepFactoryBeanTests:0.24333333333333335
TaskletStepTests:0.22333333333333333
StatefulRetryStepFactoryBeanTests:0.13
