EnterProjectNamePage:0.5566666666666666
JoinSessionWizardUtils:0.4866666666666667
JoinSessionWizard:0.3755555555555556
EnterProjectNamePageUtils:0.3466666666666667
