EventExpander:0.39666666666666667
IPv4Address:0.36
TrapQueueProcessor:0.33
SnmpPortal:0.31333333333333335
ConfigFileConstants:0.23611111111111113
