PixmapTextureData:0.41333333333333333
PixmapPacker:0.4066666666666667
SpriteCache:0.31222222222222223
ButtonGroup:0.23666666666666666
FreeTypeFontGenerator:0.21333333333333335
ObjectSet:0.16666666666666666
