FormulaUtility:0.8366666666666667
ProofCheckerImpl:0.4633333333333333
