User:0.42333333333333334
ProfileModuleImpl:0.30666666666666664
ObjectKeys:0.2911111111111111
AccessControlManagerImpl:0.24333333333333335
ProfileDaoImpl:0.22333333333333333
AbstractZoneModule:0.18666666666666668
QueryBuilder:0.18333333333333332
