Node:0.47333333333333333
CSPAResults:0.37
jq_Member:0.36666666666666664
PassedParameter:0.36333333333333334
Map:0.3433333333333333
BCProgramLocation:0.30666666666666664
Simple:0.26
IndexMap:0.24333333333333335
ConcreteTypeNode:0.24333333333333335
FieldNode:0.23666666666666666
UnknownTypeNode:0.23
QuadProgramLocation:0.22666666666666666
ReturnValueNode:0.21444444444444447
ThrownExceptionNode:0.21444444444444447
Textualizer:0.2105952380952381
MethodSummary:0.2
ConcreteObjectNode:0.18
ParamNode:0.17666666666666667
GlobalNode:0.17333333333333334
