AtmosphereRequest:0.48333333333333334
WebSocket:0.47
AtmosphereFramework:0.3466666666666667
AtmosphereResponse:0.25666666666666665
AsynchronousProcessor:0.235
JettyWebSocketDraft08Servlet:0.22333333333333333
TomcatWebSocketHandler:0.17833333333333334
Grizzly2WebSocketApplication:0.17666666666666667
DefaultWebSocketProcessor:0.17333333333333334
TomcatWebSocketUtil:0.1
JettyWebSocketUtil:0.08333333333333333
