LocalPartitionGenerator:0.5766666666666667
TestLocalExchange:0.3233333333333333
PartitionedLookupSource:0.31333333333333335
