Statistic:0.49
BotsLogic:0.49
ChartLogPresentationBuilder:0.34
GanttChartImageAction:0.11333333333333333
GanttColorRenderer:0.06666666666666667
