Config:0.6166666666666667
SeqFeature:0.43
PropertyScheme:0.43
GAMEAdapter:0.36666666666666664
AnnotationEditor:0.3566666666666667
AnnotationMenu:0.23333333333333334
FeatureTierManager:0.22666666666666666
FeatureTypeItemListener:0.13666666666666666
