Statement:0.5366666666666666
ERDesignerComponent:0.3805555555555556
HistoryModificationTracker:0.29
