DBMolecule:0.73
DBAtom:0.2
DBChemicalName:0.17777777777777778
DBAtomMapBuilder:0.16
DBBondMapBuilder:0.16
DBKeywordMapBuilder:0.15333333333333332
AdminPanel:0.13
