Interpolation:0.47816666666666663
AbstractInterpolation:0.44666666666666666
FlatExtrapolator2D:0.4266666666666667
BilinearInterpolation:0.21666666666666667
AbstractInterpolation2D:0.17666666666666667
Interpolation2D:0.14416666666666667
