MapMerger:0.7783333333333333
HttpThread:0.335
ExportPDF:0.03666666666666667
