Installer:0.5333333333333333
OpenNMSTomcatRealm:0.3436111111111111
UserFactory:0.29
Pinger:0.27166666666666667
Constraint:0.23
Column:0.19333333333333333
ColumnChange:0.10666666666666667
ProcessExec:0.016666666666666666
