HttpTLSTest:0.4633333333333333
KeyStoreHelper:0.43
Trust:0.426626984126984
