ListFormat:0.7719444444444444
MapFormat:0.5442777777777777
