DefaultUniqueTicketIdGenerator:0.4533333333333333
QueryDatabaseAuthenticationHandlerTests:0.37666666666666665
OAuth20LogoutWebflowConfigurer:0.31
DefaultUniqueTicketIdGeneratorTests:0.20666666666666667
CasOAuthWebflowConfiguration:0.12
CasWebflowConstants:0.013333333333333334
