JmolCompMouseListener:0.6266666666666667
JmolView:0.6166666666666667
ChemObjectTreeView:0.38333333333333336
