ExternalContext:0.7533333333333333
AjaxViewRoot:0.2733333333333333
JsfViewFactoryTests:0.24333333333333335
ServletExternalContext:0.24
FlowExecutionRedirector:0.19666666666666666
JsfViewFactory:0.17333333333333334
FlowDefinitionRedirector:0.16
JsfUtils:0.15333333333333332
ViewState:0.145
MockExternalContext:0.11666666666666667
ModalViewState:0.10166666666666667
NormalViewState:0.06
