Criteria:0.48333333333333334
JsonProvider:0.48
PathComponentAnalyzer:0.31333333333333335
ConverterTest:0.30666666666666664
OptionsTest:0.30666666666666664
EvaluationContextImpl:0.30666666666666664
PathToken:0.23
AbstractJsonProvider:0.21333333333333335
FilterTest:0.20083333333333334
ReturnTypeTest:0.19666666666666666
ScanPathToken:0.15194444444444444
GsonProvider:0.11333333333333333
StringConverter:0.01
DefaultConversionProvider:0.006666666666666667
