Inventory:0.5566666666666666
GoodsManager:0.52
Storage:0.27666666666666667
ContainerUtil:0.17333333333333334
