InformationSchemaTest:0.6766666666666666
KeyColumnUsage:0.3433333333333333
InformationSchemaIterables:0.315
