StringUtility:0.711111111111111
Path:0.43666666666666665
