Security:0.4666666666666667
ScriptService:0.4033333333333333
SecurityTests:0.24
Environment:0.23666666666666666
