ProfileModule:0.6166666666666667
AuthenticationManagerImpl:0.33
UserReloadInterceptor:0.2633333333333333
ProfileModuleImpl:0.24666666666666667
UserPreloadInterceptor:0.23333333333333334
RequestContext:0.22
DispatchServer:0.15
AuthenticationManagerUtil:0.05333333333333334
