MockHttpServletRequest:0.45666666666666667
MockServletContext:0.2833333333333333
MockHttpServletResponse:0.18
