DomainEditor:0.4
AttributeTableModel:0.38
DomainEditorView:0.36333333333333334
TableEditor:0.3
TableEditorView:0.2966666666666667
ModelItemNameCellEditor:0.15666666666666668
ModelItemTableModel:0.15
DomainTableModel:0.05
CheckboxCellRenderer:0.05
ModelItemDefaultCellRenderer:0.03333333333333333
