LogBuffersMessageFlyweight:0.657111111111111
ClientConductor:0.5102777777777777
