PreAuthenticatedAuthenticationToken:0.5891269841269842
AbstractPreAuthenticatedProcessingFilter:0.43666666666666665
PreAuthenticatedAuthenticationProvider:0.23666666666666666
PreAuthenticatedProcesingFilterEntryPointTests:0.21083333333333334
J2eePreAuthenticatedProcessingFilter:0.16333333333333333
J2eeBasedPreAuthenticatedWebAuthenticationDetailsSource:0.13666666666666666
