ToolWindow:0.7679166666666667
SearchWindow:0.4866666666666667
MainDesktopPane:0.41333333333333333
TimeWindow:0.26
MarsCalendarDisplay:0.07333333333333333
