CertTools:0.6433333333333333
ICAToken:0.43138888888888893
RequestMessageUtils:0.4
CA:0.36666666666666664
CAAdminSessionBean:0.29333333333333333
KeyStoreContainer:0.26666666666666666
SecConst:0.24666666666666667
CATokenContainerImpl:0.23666666666666666
KeyStrings:0.23
X509CA:0.23
CVCCA:0.21666666666666667
TestCAs:0.18666666666666668
CADataHandler:0.18333333333333332
CvcPrintCommand:0.12333333333333334
