DBResource:0.39666666666666667
SpectrumDBResource:0.32
MetadataUtils:0.31666666666666665
DBObject:0.31333333333333335
DatabaseManager:0.24333333333333335
RunDemo:0.17
CMLToJcampSpectrumMapper:0.13333333333333333
