Schedule:0.6416666666666667
Util:0.5783333333333334
ScheduleTest:0.30666666666666664
