ConfigManager:0.6366666666666667
MetaQManager:0.47
QManager:0.4666666666666667
