WithinFunction:0.5033333333333333
WithinFunctionTest:0.38666666666666666
IntersectsFunction:0.25
Scalar:0.2
RegexpMatchCaseInsensitiveOperator:0.19666666666666666
