MalfunctionManager:0.65
Settlement:0.38666666666666666
Maintenance:0.30616666666666664
CollectRockSamplesMission:0.24333333333333335
MaintainGroundVehicleEVA:0.23
MaintainGroundVehicleGarage:0.15666666666666668
RepairMalfunction:0.12
RepairEVAMalfunction:0.11666666666666667
