ScriptService:0.6587777777777778
PipelineStore:0.638888888888889
