AttributeBinding:0.7033333333333334
EntityBinding:0.6033333333333334
MetadataImpl:0.33
Helper:0.32
AbstractBasicBindingTests:0.24
ManyToOneAttributeSourceImpl:0.21333333333333335
Binder:0.2
AbstractAttributeBinding:0.18666666666666668
AssociationAttributeSource:0.1162777777777778
