SelectAction:0.46
Node:0.35
PascalNode:0.30666666666666664
Selector:0.29333333333333333
QueueChannel:0.2633333333333333
TransferChannel:0.24
TickerChannelConsumer:0.22522222222222227
PeerTKB:0.1683730158730159
Server:0.1461111111111111
PascalTriangle:0.11
