Publication:0.69
Subscription:0.44666666666666666
ClientConductor:0.36333333333333334
DriverProxy:0.21333333333333335
