RetrieveCmd:0.31333333333333335
QueryStudiesCmd:0.28
ImageQueryCmd:0.13333333333333333
PatientQueryCmd:0.13
BaseCmd:0.12666666666666668
HPQueryCmd:0.12
SeriesQueryCmd:0.12
GPWLQueryCmd:0.1
StudyQueryCmd:0.1
HPRetrieveCmd:0.08
QueryPrivateStudiesCmd:0.05
MPPSQueryCmd:0.01
MWLQueryCmd:0.01
GPPPSQueryCmd:0.01
