AbstractReferenceConfig:0.5366666666666666
SystemPageHandler:0.4066666666666667
SimpleMonitorService:0.25666666666666665
