ISharedProject:0.7366666666666667
ISessionManager:0.538888888888889
SessionManager:0.38666666666666666
SharedProject:0.35333333333333333
Saros:0.315
ITransmitter:0.2733333333333333
OutgoingInvitationProcess:0.24
XMPPChatTransmitter:0.23
SessionView:0.22333333333333333
InvitationDialog:0.2
IncomingInvitationProcess:0.17666666666666667
PacketExtensions:0.17333333333333334
RemoveDriverRoleAction:0.13333333333333333
