PhysicalCondition:0.6266666666666667
LoadVehicleEVA:0.38
EVASuit:0.3233333333333333
