ComplexAccessControlSessionBean:0.7466666666666667
AccessTreeNode:0.6866666666666666
