BootstrapDrawableParams:0.5066666666666667
BootstrapButton:0.38
BootstrapLabel:0.34
BootstrapDrawableFactory:0.31
RoundableView:0.07105555555555555
