RuntimeScope:0.6586666666666667
RuntimeObject:0.6586666666666667
ClassDescriptor:0.5216666666666666
SymbolTable:0.44333333333333336
CreateObjectStep:0.06333333333333334
