GenericBackupOperation:0.49666666666666665
BackupAwareOperation:0.3466666666666667
PartitionManager:0.31333333333333335
PartitionContainer:0.29333333333333333
PutOperation:0.1811111111111111
MapProxy:0.12333333333333334
LockOperation:0.12
