WhereFieldCollector:0.37
AbstractDomainObjectWhere:0.36333333333333334
EvaluationCriteria:0.2866666666666667
DummyDo:0.2350873015873016
WhereDomainObjectCollector:0.21666666666666667
RangeCriteria:0.21
DummyApp:0.16333333333333333
