SearchService:0.5483333333333333
InternalTestCluster:0.45666666666666667
Node:0.29
MockPageCacheRecycler:0.18333333333333332
StressSearchServiceReaperIT:0.16333333333333333
