TEI2Project:0.7
Project2XTZ:0.33666666666666667
ComputeTEI2Project:0.2653333333333333
