Dependent:0.61
InjectorImpl:0.49
ExternalContext:0.31666666666666665
SingleMemberInjector:0.27
BindingBuilderImpl:0.23666666666666666
ClassBindingImpl:0.1
InstanceBindingImpl:0.09821428571428571
SingleMethodInjector:0.06
SingleFieldInjector:0.05961111111111112
ProviderInstanceBindingImpl:0.0571031746031746
BindingTest:0.043333333333333335
HasDependencies:0.0
