AspectEdge:0.5133333333333333
Level:0.42
NotCondition:0.33199999999999996
