RequestBuilderTest:0.66
RequestBuilder:0.4396111111111112
MockRestAdapterTest:0.38166666666666665
