ARINCElementKey:0.38
UACDSGraphicalGroup:0.36
UACDSCapacities:0.35333333333333333
UACDSConfiguration:0.34
UACDSHandler:0.26666666666666666
DefaultUACDSEditor:0.25333333333333335
UACDSModel:0.22333333333333333
SaveUACDSAction:0.22333333333333333
UACDSEditor:0.22333333333333333
CommandInterface:0.20666666666666667
BufferFillingModality:0.17666666666666667
NewInterfaceDialog:0.12833333333333333
UACDSCapacitiesHandler:0.12666666666666668
CreateUACDSAction:0.1
UACDSSettings:0.095
BufferFillingModalityType:0.006666666666666667
