UnsortedIndexStore:0.38666666666666666
PredicatesTest:0.27
AbstractPredicate:0.18333333333333332
NotEqualPredicate:0.14666666666666667
EnumConverter:0.1
IndexTest:0.08
BigDecimalConverter:0.016666666666666666
CharConverter:0.016666666666666666
SqlDateConverter:0.016666666666666666
DateConverter:0.016666666666666666
ShortConverter:0.016666666666666666
DoubleConverter:0.016666666666666666
ByteConverter:0.016666666666666666
BigIntegerConverter:0.016666666666666666
BooleanConverter:0.016666666666666666
IntegerConverter:0.016666666666666666
SqlTimestampConverter:0.016666666666666666
LongConverter:0.016666666666666666
FloatConverter:0.016666666666666666
