UserService:0.8166666666666667
UserServiceImpl:0.4666666666666667
Permission:0.36833333333333335
BaseHibernateDAOImpl:0.2833333333333333
EditProjectAction:0.15333333333333332
