DescriptorBasedTestExecutionContext:0.4033333333333333
ClassExecutionNode:0.4033333333333333
BeforeEachCallbacks:0.2650595238095238
AfterEachCallbacks:0.2521547619047619
NestedClassExecutionNode:0.12
InstancePostProcessor:0.10348809523809524
MockitoExtension:0.09
FooMethodLevelCallbacks:0.03666666666666667
BarMethodLevelCallbacks:0.03666666666666667
