NettyAsyncHttpProvider:0.6733333333333333
NettyResponseFuture:0.6433333333333333
