AsyncHttpProvider:0.46327777777777784
NettyAsyncHttpProvider:0.45
NettyAsyncResponse:0.43
AsyncProvidersBasicTest:0.23666666666666666
NettyResponseFuture:0.19666666666666666
AsyncCompletionHandler:0.19
HttpResponseStatus:0.13
HttpResponseBodyPart:0.10666666666666667
HttpResponseHeaders:0.08333333333333333
HttpContent:0.04
