TaskContext:0.6033333333333334
TestMemoryManager:0.3433333333333333
PipelineContext:0.27
DriverContext:0.20222222222222222
OperatorContext:0.20222222222222222
TaskManagerConfig:0.18444444444444444
MockRemoteTask:0.17
QueryContext:0.17
TestTaskManagerConfig:0.15
SqlTaskExecutionFactory:0.14666666666666667
TestTopNOperator:0.14333333333333334
AbstractOperatorBenchmark:0.12333333333333334
TestingTaskContext:0.11333333333333333
