SubstPredVo:0.24666666666666667
RenameVo:0.22466666666666663
SubstFuncVo:0.22466666666666663
SubstFreeVo:0.22466666666666663
HypothesisVoTest:0.22
ModusPonensVo:0.21666666666666667
InitialFunctionDefinitionVo:0.21333333333333335
InitialPredicateDefinitionVo:0.21333333333333335
ConclusionVoTest:0.20333333333333334
AddVo:0.1928333333333333
ExistentialVo:0.18911111111111112
UniversalVo:0.18911111111111112
QedeqExceptionTest:0.15666666666666668
KernelSeVisitorTestSuite:0.15444444444444444
KernelSeCommonTestSuite:0.15444444444444444
ExistentialVoTest:0.12666666666666668
UniversalVoTest:0.12666666666666668
LatexList2TextTest:0.12333333333333334
KernelSeEachClassHasATest:0.11333333333333333
ModusPonensVoTest:0.08666666666666667
