ScriptTask:0.4066666666666667
JpdlXmlReader:0.33666666666666667
RoundedRect:0.30333333333333334
BpmnXmlReader:0.2966666666666667
BPMNFigureFactory:0.14333333333333334
