Mongo:0.8366666666666667
MongoClient:0.4066666666666667
MongoConstructorsTest:0.19666666666666666
