PersonDAO:0.8888333333333335
Database:0.36
DatabaseTest:0.33666666666666667
