MultiProofFinderExecutor:0.4633333333333333
DummyInternalKernalServices:0.33
HeuristicCheckerExecutor:0.30333333333333334
QedeqNotNullTraverser:0.23866666666666664
