FSound:0.5133333333333333
FMusic:0.39
FMOD:0.32
SyncTest:0.27
MusicPlayer:0.1811111111111111
