ExecutionPlan:0.575
Collect:0.31333333333333335
CountPlan:0.31
Merge:0.2866666666666667
NestedLoop:0.26166666666666666
ESGet:0.26166666666666666
QueryThenFetch:0.18
UnionExecutionPlan:0.16333333333333333
