Model:0.5533333333333333
CPI:0.35
Cache:0.35
ModelBuilder:0.30666666666666664
SqlServerDialect:0.30333333333333334
FileRender:0.28
InnerSession:0.22
DbPro:0.20333333333333334
Dialect:0.2
RecordBuilder:0.17666666666666667
TemplateRender:0.175
Sqlite3Dialect:0.15666666666666668
AnsiSqlDialect:0.15666666666666668
PostgreSqlDialect:0.15666666666666668
JFinalSession:0.15666666666666668
QrCodeRender:0.15333333333333332
TimestampProcessedModelBuilder:0.15333333333333332
TimestampProcessedRecordBuilder:0.12855555555555553
KeepByteAndShortRecordBuilder:0.12
KeepByteAndShortModelBuilder:0.11666666666666667
