DescriptorsPage:0.26
DescriptorImpl:0.25666666666666665
MoleculesPage:0.25333333333333335
QSARFormEditor:0.24983333333333335
DescriptorCategory:0.21555555555555558
DescriptorInstance:0.17666666666666667
Descriptor:0.17333333333333334
QsarEditorSelectionProvider:0.09666666666666666
DescriptorImplPropertySource:0.06333333333333334
DescriptorInstancePropertySource:0.05
