SWTRenderer:0.7066666666666667
JChemPaintWidget:0.4066666666666667
