FluentCaseInsensitiveStringsMap:0.51
FluentStringsMap:0.44666666666666666
FluentStringsMapTest:0.31666666666666665
FluentCaseInsensitiveStringsMapTest:0.27666666666666667
RequestBuilderBase:0.2633333333333333
