WebResponse:0.5424444444444445
WebClient:0.4266666666666667
HttpWebConnection:0.2966666666666667
FakeWebConnection:0.2833333333333333
