GENMDeterministicGenerator:0.6133333333333333
GENMDeterministicGeneratorTest:0.19333333333333333
Graph:0.16666666666666666
EquivalentClassesDeterministicGenerator:0.15
