IAtom:0.7633333333333333
Atom:0.39
ForceFieldTools:0.22333333333333333
KabschAlignment:0.22333333333333333
ModelBuilder3D:0.20333333333333334
PDBAtomTest:0.20333333333333334
PMPReader:0.2
ForceFieldTests:0.2
ChemFileCDO:0.17666666666666667
AtomTest:0.17333333333333334
DebugAtom:0.16111111111111112
DebugPseudoAtom:0.15
KabschAlignmentTest:0.14
CMLChemFile:0.13
TemplateHandler3D:0.11666666666666667
EventChemFileCDO:0.11666666666666667
Convertor:0.10333333333333333
