Cell:0.41
NestedBlockLayout:0.4033333333333333
Column:0.3333333333333333
Row:0.3333333333333333
