ImageVersion:0.41
IHasImageGroups:0.34365079365079365
Image:0.2833333333333333
IHasImageGroupsEditor:0.22
ImageVersionEditor:0.13666666666666666
ImageVersionEditorResult:0.12333333333333334
IHasImageGroupsEditorResult:0.12333333333333334
ImageGroupJSONWrapper:0.0975
ImageVersionEditorRequestBean:0.058333333333333334
ImageVersionEditorController:0.045000000000000005
ImageVersionJSONWrapper:0.025
ImageVersionResult:0.023333333333333334
ImageGroup:0.023333333333333334
ImageJSONWrapper:0.0033333333333333335
