ThreadLocalScope:0.5483333333333333
SessionScope:0.5483333333333333
ScopeTest:0.17
