Assert:0.5883333333333334
AssertionTest:0.4033333333333333
JUnitCore:0.36666666666666664
JUnitCoreTest:0.18666666666666668
