NinePatch:0.4
AtlasRegion:0.35650000000000004
NinePatchDrawable:0.3155555555555556
ImageProcessor:0.31333333333333335
Skin:0.285
TextureAtlasData:0.24111111111111114
TextureAtlas:0.21333333333333335
Rect:0.17666666666666667
TexturePacker2:0.17333333333333334
