FilePerKeyMap:0.47
TcpSocketChannelEntryWriter:0.45666666666666667
TcpReplicator:0.3566666666666667
FilePerKeyMapTest:0.18666666666666668
TestEntriesSpanningSeveralChunksReplicationHub:0.11
FPMWatcher:0.1
