ShareResource:0.44666666666666666
FolderResource:0.3566666666666667
AbstractBinderResource:0.25333333333333335
WorkspaceResource:0.23333333333333334
SelfResource:0.20333333333333334
