MultiLayerNetwork:0.5566666666666666
Builder:0.41833333333333333
ComputationGraphConfiguration:0.37333333333333335
LayerValidation:0.1888888888888889
TestDropout:0.12333333333333334
GradientCheckTestsComputationGraph:0.09666666666666666
MultiLayerNeuralNetConfigurationTest:0.07333333333333333
ComputationGraphConfigurationTest:0.04666666666666667
