ModelChecking:0.5644444444444445
BuchiLocation:0.41333333333333333
BuchiGraphState:0.36833333333333335
