Suite:0.405
FormsOQLTest:0.3466666666666667
ListOQLTest:0.26053968253968257
ListHQLTest:0.26053968253968257
FormsHQLTest:0.2111111111111111
MakumbaCommonTagsTest:0.17
config:0.09777777777777777
MakumbaTestSetup:0.07
all:0.015
