EditorReader:0.46
JPanelReader:0.38333333333333336
ScreenReaderFactory:0.37666666666666665
JTableReader:0.19333333333333333
