QueueIterator:0.45666666666666667
QueueProxyImpl:0.38333333333333336
ClientQueueTest:0.37666666666666665
ClientQueueProxy:0.3233333333333333
BasicQueueTest:0.25666666666666665
