CalendarUtil:0.5266666666666666
FormulaActionHandler:0.37333333333333335
AlfHandler:0.31
WebServiceTaskHandler:0.2708333333333333
FreemarkerTag:0.22166666666666668
OfficeFilesSupplierHandler:0.16166666666666665
AlfAjaxJsonTag:0.16166666666666665
AlfAjaxTag:0.16166666666666665
StopProcessHandler:0.14
SQLActionHandler:0.11666666666666667
CommonParamBasedHandler:0.11
MSWordReportTaskHandler:0.11
EmailTaskNotifierActionHandler:0.09666666666666666
RhinoJSActionHandler:0.08666666666666667
GroovyActionHandler:0.08666666666666667
EscalationActionHandler:0.08
EndAsyncTasksHandler:0.08
AssignSwimlaneActionHandler:0.08
ActionHandlerBase:0.06666666666666667
JavaScriptActionHandler:0.059166666666666666
BotInvokerActionHandler:0.059166666666666666
SendEmailActionHandler:0.059166666666666666
TaskHandlerBase:0.04
DateTimeInputTag:0.02666666666666667
EmailTaskHandler:0.0
InputVariableTag:0.0
DebugHandler:0.0
