ClusterCncFile:0.5233333333333333
Context:0.48333333333333334
