StyleInfo:0.5616666666666666
StyleTest:0.3466666666666667
CustomBaseInternedTest:0.17333333333333334
