OracleSchema:0.6091666666666666
OracleMigrationMediumTest:0.5016666666666667
OracleDbSupport:0.23666666666666666
