AdaptiveAuthenticationProperties:0.3433333333333333
CasCoreAuthenticationConfiguration:0.32666666666666666
CasSupportActionsConfiguration:0.27666666666666667
AuthenticationViaFormAction:0.24666666666666667
GeoLocationRequest:0.18333333333333332
CasSecurityContextConfiguration:0.17666666666666667
MaxmindDatabaseGeoLocationService:0.17
