VocabHolder:0.5033333333333333
SecondIterationFunction:0.46
Word2Vec:0.38333333333333336
Word2VecTest:0.22333333333333333
