Session:0.6733333333333333
FullConnectorSession:0.5233333333333333
InformationSchemaPageSourceProvider:0.29
