FedoraOAIProvider:0.66
FedoraOAIProviderModule:0.44628571428571434
DefaultAccess:0.36666666666666664
