Word2Vec:0.5666666666666667
FirstIterationFunction:0.26666666666666666
TextPipelineTest:0.22666666666666666
Syn0Accumulator:0.12
Word2VecTest:0.10333333333333333
