DatabaseManager:0.5366666666666666
DatabaseProviderFactory:0.41333333333333333
RunDemo:0.23666666666666666
IDatabaseProvider:0.19333333333333333
