MetaCollection:0.6766666666666666
HibernatePersistenceProvider:0.32
Primitives:0.2833333333333333
Generators:0.20666666666666667
