BusinessPackage:0.41
DatabaseDDLUtils:0.3466666666666667
JdbcModelReader:0.3466666666666667
ReferenceUtils:0.29
