PrintTask:0.5866666666666667
PrintWidget:0.4066666666666667
TableViewPrinter:0.33666666666666667
Settings:0.308
