ServerConfig:0.8066666666666666
ServerMainModule:0.39
TestServerConfig:0.26666666666666666
