TopicService:0.66
PublishOperation:0.23666666666666672
PublishRequest:0.23333333333333334
AddMessageListenerRequest:0.22666666666666666
TopicProxySupport:0.17666666666666667
TotalOrderedTopicProxy:0.13333333333333333
RemoveMessageListenerRequest:0.13
MessageListenerImpl:0.07666666666666666
