Context:0.5415119047619047
SQLTransportExecutor:0.49
Setup:0.3933333333333333
FetchOperationIntegrationTest:0.26
SnapshotUnknownException:0.1497222222222222
