TelnetCodec:0.44666666666666666
ExchangeCodec:0.42
ThriftCodec:0.3933333333333333
TelnetCodecTest:0.3233333333333333
ExchangeCodecTest:0.31333333333333335
AbstractEndpoint:0.19666666666666666
ThriftNativeCodec:0.17333333333333334
GrizzlyCodecAdapter:0.16333333333333333
InternalDecoder:0.14666666666666667
ThriftCodecTest:0.14
TransportCodec:0.13666666666666666
DubboCountCodec:0.03333333333333333
InternalEncoder:0.02
NettyCodecAdapter:0.013333333333333334
MinaCodecAdapter:0.013333333333333334
