Def:0.5266666666666666
Struct:0.37
RuntimeClass:0.3233333333333333
MethodKey:0.30333333333333334
DefBootstrap:0.3
LField:0.13666666666666666
LShortcut:0.11666666666666667
LListShortcut:0.10333333333333333
LMapShortcut:0.10333333333333333
LCall:0.095
LNewObj:0.09083333333333334
