StfRemoteObject:0.4166666666666667
Utils:0.4
Saros:0.35
VersionManager:0.32666666666666666
SuperBot:0.23
STFController:0.22333333333333333
BundleFake:0.21666666666666667
ISuperBot:0.20083333333333334
InternalImpl:0.06916666666666667
InviteWithDifferentVersionsTest:0.016666666666666666
IInternal:0.006666666666666667
