Element:0.6733333333333333
TextNode:0.49
ElementTest:0.30333333333333334
