DefaultCasEventListener:0.5033333333333333
CasConfigurationModifiedEvent:0.31333333333333335
ConfigurationStateController:0.30666666666666664
CasOverridingPropertySource:0.25333333333333335
