SaveModelAction:0.5432936507936508
SaveDatasetAsArffAction:0.5432936507936508
