RegisterArg:0.4533333333333333
MethodNode:0.4033333333333333
RegionUtils:0.30666666666666664
RegionMaker:0.25666666666666665
IfMakerHelper:0.25
SSATransform:0.25
MethodGen:0.23333333333333334
InsnGen:0.22333333333333333
ClassGen:0.20666666666666667
BlockFinallyExtract:0.17666666666666667
DebugUtils:0.14833333333333334
PostTypeInference:0.14666666666666667
RegionMakerVisitor:0.13
ProcessVariables:0.13
ConstInlineVisitor:0.11666666666666667
LiveVarAnalysis:0.09444444444444446
EliminatePhiNodes:0.05
