Field:0.43666666666666665
Exception:0.2833333333333333
Thread:0.2833333333333333
Constructor:0.27666666666666667
FileInputStream:0.2633333333333333
Method:0.25
RandomAccessFile:0.21333333333333335
Comparable:0.20457142857142857
URL:0.17816666666666667
ClassLoader:0.15333333333333332
Object:0.14833333333333334
Reference:0.10666666666666667
AccessibleObject:0.10666666666666667
OutputStreamWriter:0.10666666666666667
UnsupportedOperationException:0.07956349206349206
InputStreamReader:0.06
StackTraceElement:0.02
ReferenceQueue:0.0
InvocationTargetException:0.0
ArithmeticException:0.0
RuntimeException:0.0
WeakReference:0.0
ClassCastException:0.0
ArrayStoreException:0.0
