DefaultFileSystemStore:0.6066666666666667
FolderTree:0.35
ResourceTree:0.33
ResourceNode:0.15666666666666668
MyResourceTree:0.06666666666666667
