ReportParameterModel:0.6966666666666667
BuildReportFormTag:0.3466666666666667
ReportParameterCreateModelOperation:0.31333333333333335
AdminScriptClient:0.26666666666666666
