ShadowWindow:0.6133333333333333
ShadowPhoneWindow:0.23416666666666666
WindowTest:0.11666666666666667
