Music:0.5952777777777778
IOSMusic:0.39666666666666667
GwtMusic:0.28
MusicTest:0.22
MockMusic:0.14416666666666667
OpenALMusic:0.09
