InternalEjbcaResources:0.4666666666666667
InternalResources:0.45666666666666667
InternalEjbcaResourcesTest:0.34
InternalResourcesTest:0.2966666666666667
