ReplacementStrategy:0.5666666666666667
Concept:0.5166666666666667
ExtentsStrategy:0.38333333333333336
KeywordsStrategy:0.33666666666666667
FormatsStrategy:0.31666666666666665
KeywordsSearcher:0.22666666666666666
ContactsStrategy:0.17
ViewNonValidated:0.15
Reject:0.14333333333333334
Validate:0.07666666666666666
