Key:0.6433333333333333
DefaultInputHandler:0.64
KeyEventWorkaround:0.19333333333333333
KeyEventTranslator:0.18666666666666668
InputPane:0.17666666666666667
Debug:0.03666666666666667
