SavedRequest:0.6788333333333334
DefaultSavedRequest:0.51
SavedRequestAwareWrapper:0.43333333333333335
SavedRequestAwareWrapperTests:0.23666666666666666
