BlojsomConstants:0.5910000000000001
DatabaseFetcher:0.35333333333333333
SkipEntriesFilter:0.05
