HiveClient:0.74
HiveClientModule:0.38666666666666666
AbstractTestHiveClient:0.26666666666666666
HiveClientFactory:0.25
HiveImportClientFactoryTest:0.16333333333333333
TestHiveClient:0.15333333333333332
TestHiveClientChunkIteratorBackPressure:0.15333333333333332
TestCachingHiveClient:0.15333333333333332
