Listener:0.44666666666666666
Default:0.36666666666666664
ForClassLoader:0.2733333333333333
Identified:0.27051984126984113
Initialized:0.25
ByteBuddyAgent:0.24166666666666667
Compound:0.2
BinaryLocator:0.14666666666666667
AgentBuilderDefaultTest:0.13333333333333333
ClassFileLocatorForClassLoaderTest:0.06
TypePoolSourceLocatorForClassLoaderTest:0.04666666666666667
