AtmosphereConfig:0.5933333333333334
DefaultAtmosphereObjectFactory:0.5133333333333333
AtmosphereFramework:0.40255555555555556
InjectableObjectFactory:0.23444444444444448
AtmosphereProducers:0.22666666666666666
ArrayBaseWebSocket:0.17666666666666667
InstallMetaServiceProcedure:0.09
ManagedAtmosphereHandlerTest:0.08333333333333333
WebSocketfactoryTest:0.0033333333333333335
