Permit:0.43666666666666665
SemaphoreProxy:0.35333333333333333
TestFullApplicationContext:0.35333333333333333
IdGeneratorClientProxy:0.25
IdGenerator:0.2142539682539683
