CoreDaoImpl:0.4033333333333333
AbstractEntryProcessor:0.36666666666666664
ProfileDaoImpl:0.2866666666666667
