CertTools:0.7
X509CA:0.24166666666666667
TestSignSession:0.14
TestCertTools:0.07666666666666666
