GwtRpcService:0.7416666666666667
GwtRpcServiceAsync:0.48
ModifyAvatarDlg:0.34
ProfileMainPanel:0.3
GwtRpcServiceImpl:0.29333333333333333
ProfileAvatarArea:0.2733333333333333
GwtProfileHelper:0.17666666666666667
PictureClickHandler:0.12444444444444443
