TreeView:0.45
Model:0.42
Content:0.3271111111111111
TreeViewPlugin:0.14666666666666667
ActionBookmark:0.13666666666666666
