AwsConfig:0.37
XmlConfigBuilder:0.3466666666666667
MapProxySupport:0.3
InvalidConfigurationClientTest:0.25333333333333335
XmlClientConfigBuilder:0.21666666666666667
DescribeInstances:0.16666666666666666
AWSClient:0.15
CloudyUtilityTest:0.03
