AuthenticationManager:0.7533333333333333
WebHelper:0.35333333333333333
AuthenticationManagerImpl:0.2733333333333333
SiteScapeLoginModule:0.21833333333333332
AuthenticationManagerUtil:0.17266666666666666
UserPreloadInterceptor:0.16333333333333333
LoginPostAction:0.15666666666666668
DispatchServer:0.12666666666666668
SynchUser:0.03666666666666667
