EntryMenuPanel:0.42333333333333334
GwtTeamingMessages:0.32666666666666666
GwtMenuHelper:0.26
TrashView:0.26
CalendarFolderView:0.25333333333333335
MicroBlogFolderView:0.23111111111111116
FolderViewBase:0.22666666666666666
PersonalWorkspacesView:0.2227777777777778
TaskFolderView:0.22
GuestbookFolderView:0.21111111111111108
SurveyFolderView:0.19777777777777777
MilestoneFolderView:0.19777777777777777
DiscussionFolderView:0.18444444444444444
FileFolderView:0.18
MirroredFileFolderView:0.17666666666666667
CalendarNavigationPanel:0.09333333333333334
WebKeys:0.0
