DocumentTest:0.4238888888888889
Document:0.39
WebTestCase:0.33666666666666667
