EventBusBridge:0.38333333333333336
LocalEchoClient:0.35333333333333333
LocalEchoPeer:0.35
