ContextUtils:0.4583333333333333
ProfileBackingBean:0.4549999999999999
ProfileBackingBeanDataModel:0.385
