BackendBean:0.43333333333333335
HierarchyUtils:0.30666666666666664
ClassInfoLight:0.27955555555555556
