ParseTreePatternMatcher:0.7
RuleTagToken:0.47355555555555556
TestParseTreeMatcher:0.3433333333333333
