FieldDataDTO:0.3233333333333333
DataDefinitionProvider:0.31
AbstractAnnotation:0.25333333333333335
JavassistClassWriter:0.23666666666666666
EntityClassGenerator:0.23
JavassistClassReader:0.21666666666666667
