SqlJobDao:0.5741666666666667
SqlStepDao:0.42
BatchHibernateInterceptor:0.17
HibernateJobDaoTests:0.056666666666666664
HibernateStepDaoTests:0.03666666666666667
BatchHibernateInterceptorTests:0.016666666666666666
SqlStepDaoTests:0.0
SqlJobDaoTests:0.0
