RestResultSetReceiver:0.4866666666666667
RestSQLAction:0.45
RestSQLActionTest:0.29333333333333333
RestActionReceiversTest:0.24333333333333335
ShowCreateTableTask:0.10333333333333333
SizeEstimatorFactory:0.1
