XLParser:0.41333333333333333
Compiler:0.39
ProblemReporter:0.39
PatternBuilder:0.37333333333333335
Place:0.3333333333333333
CompilerTokenTypes:0.0
XLTokenTypes:0.0
