FutureStateChange:0.74
StateMachine:0.6383333333333333
SqlQueryScheduler:0.26666666666666666
