ScriptSortBuilder:0.4266666666666667
SortBuilders:0.3433333333333333
ScriptSortParser:0.2833333333333333
SimpleSortTests:0.23666666666666666
AbstractSortTestCase:0.20666666666666667
SearchSourceBuilderTests:0.19333333333333333
GroovyScriptTests:0.14333333333333334
TopHitsTests:0.12333333333333334
