CallOnRequestPermissionsResultDetectorTest:0.5188888888888888
AnnotationChecker:0.47111111111111104
