Utils:0.44666666666666666
NettyServerHandler:0.4266666666666667
NettyClientHandler:0.24
BufferingHttp2ConnectionEncoderTest:0.19666666666666666
NettyClientStreamTest:0.19666666666666666
AbstractNettyHandler:0.18333333333333332
NettyServerHandlerTest:0.17666666666666667
ProtocolNegotiators:0.12333333333333334
FrameListener:0.056666666666666664
