FilterRenderer:0.5933333333333334
BaseMultiLayerNetwork:0.45
BaseNeuralNetwork:0.36666666666666664
NeuralNetPlotter:0.29
NeuralNetworkOptimizer:0.27666666666666667
DeepAutoEncoder:0.25
ConvolutionalRBM:0.22333333333333333
MnistConvNet:0.1
DeepAutoEncoderExample:0.08666666666666667
DenoisingAutoEncoderMnistExample:0.08666666666666667
LFWRBMExample:0.08666666666666667
DisplayFiltersDBN:0.08666666666666667
DeepAutoEncoderFromFile:0.013333333333333334
