HeaderExchangeClient:0.76
ChannelWrapper:0.5066666666666667
ChannelWrappedInvoker:0.24666666666666667
HeaderExchanger:0.15666666666666668
