RebaseImplementationTarget:0.38333333333333336
Default:0.33
MethodRebaseResolver:0.31333333333333335
Factory:0.22333333333333333
RebaseImplementationTargetTest:0.19
RebaseDynamicTypeBuilder:0.18666666666666668
MethodRebaseResolverDefaultTest:0.17
RebaseImplementationTargetFactoryTest:0.10666666666666667
