GrizzlyAsyncHttpProvider:0.4633333333333333
TestUtils:0.35333333333333333
ConnectionManager:0.32666666666666666
NettyConnectListener:0.2866666666666667
BasicHttpsTest:0.19
DummyTrustManager:0.04
