ArchiveStreamFragmentReader:0.5133333333333333
ReplaySession:0.49666666666666665
ArchiveAndReplaySystemTest:0.15866666666666668
SimplifiedControlledPoll:0.15694444444444444
