BroadcastFilterTest:0.43
AtmosphereResourceTest:0.4166666666666667
WebSocketProcessorTest:0.37666666666666665
