JedisCluster:0.44
RedisPipeline:0.37583333333333335
Commands:0.2833333333333333
JedisClusterCommands:0.2833333333333333
