IBiomartObject:0.6333333333333333
AbstractBiomartObject:0.22666666666666666
AbstractBiomartContainer:0.13
BiomartLabelProvider:0.10333333333333333
BiomartContentProvider:0.1
ConnectionTest:0.04
IBiomartContainer:0.0011111111111111111
