MessageFileEditor:0.41
SearchResultViewer:0.33
BindingDirectoryEditorInput:0.3
BindingDirectoryEditor:0.27666666666666667
MessageFileEditorInput:0.11666666666666667
