Robot:0.49333333333333335
Log:0.43
ScriptEditor:0.2966666666666667
InterruptedAbbotException:0.2733333333333333
AWT:0.26666666666666666
Sequence:0.23333333333333334
Assert:0.23333333333333334
Appletviewer:0.23
Annotation:0.20333333333333334
ForkedStepRunner:0.19333333333333333
AWTFixtureHelper:0.19
JComboBoxTesterTest:0.18
ProcessOutputHandler:0.17
ImageComparator:0.17
InputStreamHandler:0.17
ThreadStateChecker:0.17
SizeOf:0.15333333333333332
InterruptibleRobot:0.15
