Style:0.6733333333333333
SeqAlignPanel:0.44333333333333336
BaseEditorPanel:0.25333333333333335
BaseRenderer:0.25144444444444447
DefaultBaseRenderer:0.24333333333333335
TranscriptEditPanel:0.22666666666666666
Directions:0.0
