ShadowPackageManagerTest:0.5133333333333333
ShadowApplicationPackageManager:0.48
ShadowPackageManager:0.3933333333333333
IntentComparator:0.09666666666666666
ComponentState:0.04
