ParameterisedComputationWizard:0.7133333333333334
Messages:0.6972222222222223
