SvgImageLoader:0.42333333333333334
Task:0.41
MainMenu:0.30333333333333334
SvgDescriptor:0.18666666666666668
SvgImageLoaderFactory:0.18
MarsProjectFX:0.18
BufferedImageTranscoder:0.03
