SearchTransportService:0.4655555555555555
TransportSearchAction:0.39666666666666667
