DrunkenHyenaWorldTransform:0.5441666666666667
DrunkenHyenaTriangles:0.33
IDirect3D9Test:0.24666666666666667
DrunkenHyenaLines:0.17666666666666667
DrunkenHyenaPoints:0.17666666666666667
