MainMenuControl:0.5233333333333333
VibeAnchorTabstop:0.3233333333333333
MenuBarBox:0.30333333333333334
MenuBarButton:0.18
VibeKBHook:0.06838888888888889
