SimpleXPath:0.5366666666666666
Context2SimpleXPath:0.5333333333333333
XPathLocationParser:0.43
CharsetParserTest:0.19
XPathLocationParserTest:0.185
XmlQedeqFileDao:0.15333333333333332
XPathLocationFinder:0.14
