MarshallingGenerationTest:0.6483333333333333
SillyManualFixture:0.4033333333333333
