ANTLRErrorListener:0.66
Parser:0.4766666666666667
Lexer:0.38666666666666666
ProxyErrorListener:0.12666666666666668
BaseErrorListener:0.11994444444444445
DescriptiveErrorListener:0.09666666666666666
ConsoleErrorListener:0.08333333333333333
