NutDao:0.505
GroupBySet:0.4802777777777777
SimpleCriteria:0.3933333333333333
