MoleculesEditorLabelProvider:0.48
MoleculesEditor:0.38666666666666666
MoleculeTableContentProvider:0.38666666666666666
