BasicSametable:0.44
TrackingEntitiesMultipleChangesTest:0.33
Lobs:0.18333333333333332
LobSerializables:0.18333333333333332
