BitmapFontData:0.5766666666666667
GlyphLayout:0.5333333333333333
BitmapFontTest:0.38666666666666666
FreeTypeBitmapFontData:0.16666666666666666
