DatabaseTestCase:0.565
NullBeanTest:0.49333333333333335
AllJUnitTests:0.3333333333333333
