DocxConfig:0.46
DocxUtils:0.3566666666666667
TableExpansionOperation:0.2966666666666667
DocxFileChangerTest:0.22666666666666666
DocxFileChanger:0.15333333333333332
