SQLUtility:0.5176190476190476
DefaultDOManager:0.3983333333333333
