InternalKeyBindingMBean:0.5458333333333333
CaSessionBean:0.34
CAActivationMBean:0.22666666666666666
SetDefaultOcspResponderCommand:0.22333333333333333
