BreakpointRequest:0.3933333333333333
BreakpointActivityProvider:0.2866666666666667
SharedBreakpointManager:0.2633333333333333
BreakpointConsumer:0.25666666666666665
SharingBreakpointListener:0.21694444444444447
ProxyVirtualMachine:0.19666666666666666
DistributedJavaDebugLaunchDelegate:0.17
ProxyThreadReference:0.16666666666666666
ProxyEventRequestManager:0.16666666666666666
SarosTab:0.11
BreakpointSynchReceiver:0.08333333333333333
ChainClassLoader:0.07333333333333333
MyHashMap:0.006666666666666667
