StagingItemWriter:0.7366666666666667
DerbyDataSourceFactoryBean:0.4166666666666667
StagingItemReader:0.4077777777777778
