TermVectorRequest:0.7733333333333333
ShardTermVectorService:0.2966666666666667
TermVectorRequestBuilder:0.24666666666666667
RestTermVectorAction:0.15666666666666668
