ElementUtil:0.5666666666666667
TypeUtil:0.48333333333333334
BindingUtil:0.47333333333333333
TypeGenerator:0.28
TypeDeclarationGenerator:0.2733333333333333
ComplexExpressionExtractor:0.18
