ControllerHub:0.5366666666666666
RenderPanel:0.3333333333333333
SwingMouseEventRelay:0.29
IControllerModule:0.26666666666666666
IMouseEventRelay:0.2
ControllerModuleAdapter:0.14416666666666667
ZoomModule:0.14
