Builder:0.7133333333333334
OptionElement:0.38666666666666666
Util:0.25666666666666665
TypeConfigElement:0.19666666666666666
ProfileParserTest:0.19333333333333333
FieldElement:0.18
EnumConstantElement:0.17666666666666667
ProfileParser:0.1
