EquipmentFactory:0.43666666666666665
Part:0.2833333333333333
MalfunctionManager:0.26
SimulationConfig:0.24333333333333335
GoodsUtil:0.21944444444444447
TradeUtil:0.21
LoadVehicle:0.20583333333333334
UnitManager:0.19666666666666666
TradeGoodsPanel:0.12333333333333334
PartConfig:0.11666666666666667
