CasCoreTicketsConfiguration:0.41
SurrogateAuthenticationConfiguration:0.31333333333333335
RememberMeDelegatingExpirationPolicy:0.2725
RememberMeDelegatingExpirationPolicyTests:0.26666666666666666
SurrogateSessionExpirationPolicy:0.16111111111111112
