SecurityContextHolderAwareRequestFilter:0.4033333333333333
HttpConfigurationBuilder:0.39
AuthenticationConfigBuilder:0.31333333333333335
HttpSecurityBeanDefinitionParser:0.20666666666666667
HttpServlet3RequestFactory:0.18333333333333332
HttpServletRequestFactory:0.1162777777777778
HttpServlet25RequestFactory:0.10333333333333333
Servlet3SecurityContextHolderAwareRequestWrapper:0.1
SecurityContextHolderAwareRequestFilterTests:0.09666666666666666
