Config:0.6266666666666667
GenericOperationsImpl:0.42333333333333334
TransformerToText:0.3
