IndexShard:0.8633333333333333
ReplicationTracker:0.30333333333333334
IndexService:0.21333333333333335
PrimaryShardReference:0.19666666666666666
IndexShardRelocatedException:0.12
IndicesLifecycleListenerIT:0.12
