VssElement:0.44
P4Element:0.32666666666666666
ModificationSet:0.3233333333333333
SourceControlElement:0.31666666666666665
ClearCaseElement:0.29333333333333333
