SetOfMoleculesManipulatorTest:0.365
SetOfAtomContainersManipulator:0.34833333333333333
AtomContainerManipulator:0.30333333333333334
SetOfMoleculesManipulator:0.29333333333333333
