ChronicleMap:0.7033333333333334
VanillaChronicleMap:0.34
CHMUseCasesTest:0.28
ReplicationCheckingMap:0.28
SingleCloseMap:0.28
StatelessChronicleMap:0.24666666666666667
StatelessClientTest:0.20333333333333334
StatelessServerConnector:0.16
