ERDesignerZestLayoutEntity:0.7432222222222222
ERDesignerZestLayoutRelationship:0.36933333333333335
