Set:0.57
List:0.40944444444444444
Stream:0.38666666666666666
LeafNode:0.38333333333333336
Nil:0.3566666666666667
Traversable:0.3566666666666667
Queue:0.35
HashSet:0.30666666666666664
LinearSeq:0.2833333333333333
IndexedSeq:0.2833333333333333
Stack:0.22253968253968254
Cons:0.22253968253968254
Seq:0.21
AbstractTraversableTest:0.20833333333333334
HashSetTest:0.15666666666666668
