ArticleProcessor:0.6566666666666666
CommentQueryService:0.31333333333333335
Comment:0.275
Article:0.2666666666666666
