Util:0.8566666666666667
RTCPostSubscriber:0.2288888888888889
DestinationWizardServlet:0.20666666666666667
ImportAssetsServlet:0.18666666666666668
NotificationWizardServlet:0.17
RTCPostServlet:0.15666666666666668
