TdsCore:0.5366666666666666
Driver:0.44666666666666666
ConnectionJDBC2:0.3433333333333333
RequestStream:0.2733333333333333
