ContextImpl:0.55
VertxImpl:0.44666666666666666
ContextTest:0.26666666666666666
