AttributeFactory:0.5616666666666666
SimpleFeature:0.20083333333333334
SimpleDescriptor:0.15694444444444444
SimpleFeatureType:0.13
