ArrayBlock:0.41333333333333333
AbstractArrayBlock:0.3233333333333333
ArrayBlockBuilder:0.31333333333333335
AbstractTestBlock:0.31
ListStreamReader:0.15
BenchmarkData:0.14666666666666667
ParquetReader:0.14666666666666667
StructStreamReader:0.14666666666666667
MapStreamReader:0.13333333333333333
ArrayBlockEncoding:0.10333333333333333
