CommunicationsStub:0.7033333333333334
ObjectNode:0.2866666666666667
ObjectNodeProperty:0.20055555555555554
ListElementChildren:0.16555555555555554
DeleteObjectAction:0.16222222222222224
Create:0.12888888888888891
