RuleContext:0.5266666666666666
Trees:0.45666666666666667
