PojoCodecImpl:0.4666666666666667
PojoCustomTest:0.38
InstanceCreatorImpl:0.19
LazyPojoCodec:0.17466666666666666
PojoRoundTripTest:0.17333333333333334
PojoBuilderHelper:0.15666666666666668
