DatabaseHandler:0.52
WikiCache:0.46
JAMWikiServlet:0.29
WikiBase:0.23694444444444449
EditServlet:0.18
ManageServlet:0.18
MoveServlet:0.12
StylesheetServlet:0.09666666666666666
