StbTrueType:0.7722222222222221
StbTrueTypeFont:0.35333333333333333
StbTrueTypeBuild:0.2
