ReplicatedChronicleMap:0.52
ChronicleMapBuilder:0.49166666666666664
VanillaChronicleHash:0.42333333333333334
