RegistrationServiceTest:0.3233333333333333
IRegistrationService:0.2999444444444444
INodeService:0.27166666666666667
MockNodeService:0.2633333333333333
NodeService:0.2633333333333333
RegistrationService:0.21666666666666667
