ConnectionRequest:0.6266666666666667
NetworkManager:0.3233333333333333
NetworkPane:0.18333333333333332
CheckboxActionListener:0.09083333333333334
