HostClassNameTest:0.5994444444444444
HostTypeOfTest:0.2687777777777777
