FastIntBuffer:0.4666666666666667
FastShortBuffer:0.22
FastCharBuffer:0.22
FastBooleanBuffer:0.22
FastFloatBuffer:0.22
FastByteBuffer:0.22
FastDoubleBuffer:0.22
FastLongBuffer:0.22
FastBuffersTest:0.10333333333333333
