Bytes:0.6502777777777777
ByteDecoder:0.42333333333333334
ByteEncoder:0.3566666666666667
