CallStep:0.7138888888888889
ModeChangeStep:0.31666666666666665
