Resources:0.6433333333333333
App:0.44
LookNFeelPanel:0.25333333333333335
