LuceneSearcher:0.7066666666666667
SearchManager:0.3933333333333333
