DeprecationSample:0.7017777777777777
AbstractTypeDescriptionTest:0.4033333333333333
AbstractMethodDescriptionTest:0.38
AbstractFieldDescriptionTest:0.11
