Taxonomy:0.75
OntologyImpl:0.3233333333333333
TaxonomyImpl:0.2866666666666667
TClassImpl:0.2825
JenaOntologyImpl:0.2733333333333333
ProtegeProjectName:0.25666666666666665
OInstanceImpl:0.25333333333333335
OClassImpl:0.22666666666666666
OntologyEditorImpl:0.21916666666666668
EnterEscListener:0.20333333333333334
EditURIDialog:0.15222222222222223
BtnListener:0.14
