HtmlPage:0.5444444444444445
WaitingRefreshHandler:0.37666666666666665
HtmlPageTest:0.2633333333333333
ImmediateRefreshHandler:0.24666666666666667
ThreadedRefreshHandler:0.13333333333333333
