HttpConfiguration:0.5166666666666667
SslConfiguration:0.47638888888888886
ServerFactory:0.36
