JUnit5TestEngine:0.5033333333333333
ReflectionUtils:0.3933333333333333
JUnit5TestEngineTests:0.36333333333333334
