FutureResultCollector:0.4033333333333333
JPPFResultCollector:0.38333333333333336
ClientJob:0.36333333333333334
BatchHandler:0.2633333333333333
