UnassignedInfo:0.8233333333333334
ClusterAllocationExplanation:0.49666666666666665
TransportClusterAllocationExplainAction:0.29333333333333333
ClusterAllocationExplanationTests:0.16333333333333333
