DefaultSourceFileExceptionList:0.5433333333333333
DefaultModuleReferenceList:0.52
DefaultQedeqBo:0.48
QedeqBoFormalLogicChecker:0.35333333333333333
Qedeq2Latex:0.34
SaxDefaultHandler:0.2625
DefaultKernelServices:0.22666666666666666
Qedeq2Xml:0.22333333333333333
QedeqVoBuilder:0.21666666666666667
QedeqBoDuplicateLanguageChecker:0.19333333333333333
LoadRequiredModules:0.15
LoadDirectlyRequiredModules:0.14333333333333334
Xml2Xml:0.09333333333333334
ControlVisitor:0.06666666666666667
Xml2Latex:0.04388888888888889
XmlModuleLoader:0.03666666666666667
ModuleNodesCreator:0.023333333333333334
ModuleNodes:0.02
ModuleLoader:0.0
