Window:0.8416666666666667
DefaultJavaScriptExecutor:0.26666666666666666
