TextureAtlas:0.7266666666666667
Animation:0.5933333333333334
AnimationTest:0.23
TextureAtlasTest:0.12
