CounterGroup:0.5766666666666667
WeaponGroup:0.5616666666666666
FireSmallArms:0.2733333333333333
