TimeoutBackupStore:0.3933333333333333
HttpRemoteTaskFactory:0.30666666666666664
ServerMainModule:0.25333333333333335
TaskResource:0.18333333333333332
