GraphJEdge:0.46
AspectJEdge:0.37
AspectJVertex:0.36
AspectJModel:0.31
GraphJVertex:0.30333333333333334
LTSJVertex:0.26666666666666666
LTSJGraph:0.22666666666666666
GraphJGraph:0.22
LTSJEdge:0.21666666666666667
AspectJGraph:0.20166666666666666
ShapeJGraph:0.2
PatternJGraph:0.19666666666666666
PatternJModel:0.19666666666666666
CtrlJEdge:0.19444444444444445
PatternJEdge:0.1877777777777778
CtrlJGraph:0.1877777777777778
GraphJModel:0.18666666666666668
ShapeJVertex:0.1811111111111111
ShapeJModel:0.17333333333333334
CtrlJVertex:0.1711111111111111
PatternJVertex:0.1577777777777778
ShapeJEdge:0.13333333333333333
AttrJGraph:0.12
AspectJCell:0.11753968253968256
LTSJModel:0.11666666666666667
