XavaStyle:0.6566666666666666
XavaPreferences:0.42
Browsers:0.20333333333333334
NaviOXServlet:0.13
