StatefullAPIImpl:0.7283333333333334
StatefullAPIImplTest:0.5166666666666667
