ShadowApplication:0.48333333333333334
ShadowResources:0.24666666666666667
ShadowMapController:0.23666666666666666
ListViewTest:0.23666666666666666
LayoutInflaterAppSingletonizer:0.23
AppWidgetManagerTest:0.21666666666666667
ShadowMotionEvent:0.21576767676767672
ShadowPendingIntent:0.1932121212121212
ShadowMapView:0.18666666666666668
ShadowLayoutInflater:0.17666666666666667
AppSingletonizer:0.12666666666666668
AlertDialogTest:0.12666666666666668
