GoogleApi20:0.6266666666666667
GoogleToken:0.5313333333333332
