Builder:0.7366666666666667
Mixin:0.33
Wrapper:0.30333333333333334
