MetaData:0.63
IndexMetaData:0.6066666666666667
MetaDataStateFormatTests:0.28
MetaStateService:0.28
MetaStateServiceTests:0.22333333333333333
IndexFolderUpgraderTests:0.17333333333333334
IndexFolderUpgrader:0.16666666666666666
