LocalQueryRunner:0.38
AbstractTestQueryFramework:0.3566666666666667
IterativeOptimizer:0.3566666666666667
PlanOptimizers:0.35333333333333333
