ActionConfig:0.5533333333333333
ActionRequest:0.45666666666666667
WebApplication:0.34
ServletDispatcherResultTest:0.22666666666666666
ActionMethodParser:0.22333333333333333
ActionBuilder:0.1852777777777778
ActionRequestRecursionTest:0.14
ManualMadvocConfigurator:0.006666666666666667
