JDBCDataStore:0.5727777777777777
OracleDataStore:0.5263333333333333
