CMLCoreModule:0.7766666666666666
MDLWriter:0.5244444444444444
