ADTService:0.5433333333333333
ContentEditService:0.36
StudyReconciliationService:0.2966666666666667
ContentEditBean:0.2733333333333333
PatientUpdateBean:0.19666666666666666
StudyReconciliationBean:0.16333333333333333
