ApplicationEntityManager:0.7233333333333334
ConfigurationVariable:0.6166111111111112
ApplicationEntityManagerImpl:0.5033333333333333
DefaultReports:0.2733333333333333
