MetadataGenerator:0.6233333333333333
ObjectiveCImplementationGeneratorTest:0.3466666666666667
