PopPanel:0.36333333333333334
Row:0.32
PopModel:0.3
PayDialog:0.28
X_C_POPLine:0.2733333333333333
PosPanel:0.27
MPOP:0.26666666666666666
OrderPOP:0.21333333333333335
BuyDialog:0.2
MPOPLine:0.15
ProductThread:0.13666666666666666
PrintServerClient:0.016666666666666666
MySwingWorker:0.013333333333333334
