QueryAnalysisProvider:0.6166666666666667
QueryAnalysis:0.6014444444444444
HibernateTransaction:0.32666666666666666
MqlQueryAnalysis:0.2633333333333333
HqlAnalyzer:0.18555555555555558
