AnnotationDescription:0.8333333333333334
AbstractAnnotationDescriptionTest:0.45666666666666667
AbstractBase:0.2866666666666667
