TreeView:0.7166666666666667
Gedcom:0.673888888888889
