Collection:0.36
AbstractEntityPersister:0.30333333333333334
PersistentClass:0.3
AnnotationBinder:0.23
AbstractCollectionPersister:0.21333333333333335
FilterConfiguration:0.19
HbmBinder:0.19
FilterHelper:0.17666666666666667
EntityBinder:0.16333333333333333
CollectionBinder:0.16333333333333333
Filterable:0.08444444444444445
