Row:0.49666666666666665
TableView:0.44666666666666666
PayDialog:0.31
PosPanel:0.2866666666666667
MiniTable:0.23333333333333334
