Action:0.4275
XmlParser:0.4033333333333333
PermissionBean:0.29333333333333333
WordReportSettingsXmlParser:0.2733333333333333
CancelProcessTaskXmlParser:0.25666666666666665
WebServiceTaskHandler:0.25333333333333335
StartProcessXmlParser:0.24666666666666667
TaskLogic:0.24
ValidationXmlParser:0.23666666666666666
TaskRoleTDBuilder:0.22666666666666666
EmailConfigParser:0.22416666666666665
UpdatePermissionsXmlParser:0.22333333333333333
UpdatePermissionsSettings:0.22
DatabaseTaskXmlParser:0.21666666666666667
ValidatorFileParser:0.20333333333333334
ParamMappedTaskHandler:0.20333333333333334
XMLHelper:0.18666666666666668
WebServiceTaskHandlerXMLParser:0.18666666666666668
ProcessSwimlaneAssignmentRowBuilder:0.18583333333333332
CancelOldProcesses:0.15666666666666668
BotInvokerActionHandler:0.15333333333333332
AssignSwimlaneActionHandler:0.15333333333333332
ProcessVariableMonitorTag:0.14333333333333334
CommonHandler:0.14333333333333334
DatabaseTaskHandler:0.13666666666666666
ProcessSwimlaneAssignmentMonitorTag:0.11666666666666667
CancelCurrentProcessTaskHandler:0.11333333333333333
SQLActionHandler:0.11
EmailTaskNotifierActionHandler:0.1
ConfigXmlParser:0.1
TaskOwnerTDBuilder:0.09666666666666666
AutoShowFormHelper:0.09333333333333334
TaskProcessIdTDBuilder:0.08666666666666667
InteractionsParser:0.08666666666666667
TasksCssClassStrategy:0.07
JcrRepositoryTaskHandler:0.0625
TaskHandlerBase:0.05333333333333334
CancelProcessTaskHandler:0.05
TextReportSettingsXmlParser:0.05
DoNothingTaskHandler:0.04666666666666667
EmailTaskHandler:0.043333333333333335
AssignerSettingsXmlParser:0.04
SetActorStatusTaskHandler:0.04
SwimlaneAssignerTaskHandler:0.03666666666666667
UpdatePermissionsTaskHandler:0.03333333333333333
StartProcessTaskHandler:0.0225
AdvancedSwimlaneAssignerTaskHandler:0.015833333333333335
MSWordReportTaskHandler:0.0025
TextReportTaskHandler:0.0025
