EditAbbrevDialog:0.049638066
AddAbbrevDialog:0.026873065
jEdit:0.016909556
