TextAreaInputHandler:0.3219925
DefaultInputHandler:0.19536386
InputHandler:0.18620534
KeyEventTranslator:0.17820767
GrabKeyDialog:0.13929872
View:0.055570595
KeyEventWorkaround:0.047144823
JEditActionSet:0.045326814
ActionSet:0.036876332
jEdit:0.032680742
JEditTextArea:0.03003783
TextArea:0.02968894
StandaloneTextArea:0.02379492
ShortcutPrefixActiveEvent:0.022124246
Log:0.016786052
JEditAbstractEditAction:0.013145046
Debug:0.01246194
TextAreaMouseHandler:0.0106342165
MouseHandler:0.008459304
DefaultInputHandlerProvider:0.0032745681
InputHandlerProvider:0.002667831
