JEditActionSet:0.13279596
XMLUtilities:0.045022197
JEditAbstractEditAction:0.029246489
Log:0.007674096
