jEdit:0.10859196
AbstractOptionPane:0.064868614
GUIUtilities:0.048637632
FontSelector:0.047905095
View:0.04336105
Log:0.021433815
ServiceManager:0.019493904
IOUtilities:0.0160352
IconTheme:0.013799675
NumericTextField:0.013527983
