ActionSet:0.2600036
EditAction:0.20996195
BeanShell:0.1306822
NameSpace:0.060137965
BeanShellErrorDialog:0.039353862
jEdit:0.037987072
BshMethod:0.036225468
GUIUtilities:0.032363188
View:0.02443873
Log:0.018742492
UtilEvalError:0.003624117
