jEdit:0.10104379
AbstractOptionPane:0.042591322
