Chunk:0.051592916
BufferPrinter1_3:0.041186675
BufferPrinter1_4:0.04054805
SyntaxUtilities:0.024828816
JEditBuffer:0.024511687
jEdit:0.023178136
TextArea:0.019633753
DisplayTokenHandler:0.018839406
GUIUtilities:0.01805912
View:0.015237669
Log:0.014867011
Buffer:0.01239966
DisplayManager:0.012270612
SyntaxStyle:0.008671612
Token:0.001992432
