Buffer:0.29724717
VFS:0.28198776
jEdit:0.17379074
MiscUtilities:0.10642939
VFSManager:0.09821847
BufferIORequest:0.09179759
JEditBuffer:0.07318705
IOUtilities:0.050947774
Log:0.04382777
View:0.04024489
WorkThread:0.028226508
WorkRequest:0.013139277
