AutoDetection:0.2929886
VFS:0.09212535
Buffer:0.09176228
BufferIORequest:0.06831618
jEdit:0.061445184
VFSFile:0.043734446
IOUtilities:0.043183688
JEditBuffer:0.039009716
EncodingServer:0.036785718
VFSManager:0.03169857
Log:0.024640119
Encoding:0.02342611
EncodingDetector:0.02068695
View:0.02038085
WorkThread:0.0136746885
TextUtilities:0.009861847
WorkRequest:0.008006167
