View:0.29093835
EditPaneUpdate:0.27349633
jEdit:0.24958672
EditPane:0.22970569
BufferSet:0.22763465
Buffer:0.108991064
JEditVisitorAdapter:0.107892044
BufferSetWidgetFactory:0.07838092
TextAreaTransferHandler:0.06895295
VFS:0.023394084
EditBus:0.021447798
SearchAndReplace:0.018241683
Log:0.013510078
VFSManager:0.011845252
PropertiesChanged:0.004562271
