BufferListener:0.9862661
ElasticTabStopBufferListener:0.35151905
JEditBuffer:0.26853654
Gutter:0.17284746
