BufferPrintable:0.29570985
jEdit:0.20029892
View:0.05469559
Buffer:0.046325654
