SearchFileSet:0.36633945
DirectoryListSet:0.19765598
AllBufferSet:0.18528867
VFS:0.17175063
VFSManager:0.11915718
Buffer:0.11368971
SettingsReloader:0.071975105
StandardUtilities:0.0642732
View:0.038044896
