BufferSetListener:0.5637351
Buffer:0.019651558
