BufferLoadRequest:0.32441422
jEdit:0.30992517
VFS:0.24971285
BufferInsertRequest:0.21011896
BufferSaveRequest:0.16470113
BufferAutosaveRequest:0.16287868
EncodingServer:0.12119073
AutoDetection:0.107633084
SegmentBuffer:0.10139526
Encoding:0.08439921
IntegerArray:0.04640073
WorkRequest:0.035627045
