ElasticTabstopsTabExpander:0.07043705
ColumnBlock:0.067579925
ElasticTabStopBufferListener:0.023539605
JEditBuffer:0.009015819
