KeywordMap:0.18696256
TextUtilities:0.16739145
TextArea:0.11356634
JEditBuffer:0.09446953
CompletionPopup:0.07619083
JEditTextArea:0.074279346
View:0.07023617
EditPane:0.063564084
TextAreaPainter:0.03282288
Buffer:0.030735124
StandardUtilities:0.030594295
jEdit:0.028875517
MiscUtilities:0.023916302
JEditVisitorAdapter:0.017158378
