SearchFileSet:0.478732
SearchAndReplace:0.06766076
View:0.05575163
Buffer:0.055249706
SearchDialog:0.04680651
SearchBar:0.046089374
