OperatingSystem:0.12294418
EditBus:0.0856455
GUIUtilities:0.08405811
View:0.080167666
TextArea:0.07848779
KeyEventTranslator:0.070890814
TextAreaPainter:0.06389674
JEditBuffer:0.05950179
DisplayManager:0.055829052
AbstractInputHandler:0.05211999
BeanShellFacade:0.049918223
TextAreaInputHandler:0.046686813
InputHandler:0.04270714
GrabKeyDialog:0.04121812
KeyEventWorkaround:0.040262554
ChunkCache:0.03960644
Chunk:0.035039816
SearchDialog:0.033929832
BufferHandler:0.033702657
Anchor:0.03234205
FirstLine:0.026595417
ScreenLineManager:0.020609744
LineManager:0.018476281
RangeMap:0.014380639
ScrollLineCount:0.0100319935
