TokenHandler:0.33046708
TokenMarker:0.25855964
DisplayTokenHandler:0.23774952
JEditBuffer:0.105036385
Token:0.061738264
ChunkCache:0.053973477
TextUtilities:0.049236342
TextAreaPainter:0.044297222
ParserRuleSet:0.031919453
StyleEditor:0.031037906
TextArea:0.029723471
