InputHandlerProvider:0.2680501
AbstractInputHandler:0.033553947
TextArea:0.03198408
