DockableWindowManager:0.15512997
PanelWindowContainer:0.15146562
VFSBrowser:0.14114232
FloatingWindowContainer:0.12635109
HyperSearchResults:0.088317886
LogViewer:0.046234652
