AbstractInputHandler:0.3942388
InputHandler:0.16523215
KeyEventTranslator:0.16049267
View:0.038111527
jEdit:0.035359427
KeyEventWorkaround:0.035143897
EditAction:0.025662841
ShortcutPrefixActiveEvent:0.025256006
StatusBar:0.01647153
