DockableWindowManager:0.18613754
DockableWindowManagerImpl:0.17782791
EBMessage:0.09451826
PanelWindowContainer:0.08603832
