DockableWindowManagerImpl:0.27204344
PanelWindowContainer:0.24614279
DockableLayout:0.09208782
DockableWindowManager:0.061003324
jEdit:0.0062653413
