EBComponent:0.18438171
EBMessage:0.17179409
EBPlugin:0.13449942
VFS:0.07977341
Buffer:0.058899954
VFSManager:0.05444877
Macros:0.053007767
PluginJAR:0.052110605
View:0.049568117
DockableWindowManager:0.04375385
VFSBrowser:0.042059775
JEditTextArea:0.041488275
jEdit:0.039115198
Log:0.039114207
BufferSetWidgetFactory:0.036795855
DockableWindowManagerImpl:0.036230043
Debug:0.030839559
HelpViewer:0.02966582
SearchAndReplace:0.02952221
DockingLayoutManager:0.028014645
EditPane:0.027481534
BufferSetManager:0.025362873
LogViewer:0.025213897
ManagePanel:0.024771316
LastModifiedWidgetFactory:0.024652036
PluginManager:0.024078717
BufferHistory:0.02330778
SearchDialog:0.022308607
JTrayIconManager:0.019931506
HyperSearchResults:0.017510787
PanelWindowContainer:0.015583282
FavoritesVFS:0.01557818
EnhancedMenu:0.015009603
RegisterViewer:0.013149209
MarkerViewer:0.012702555
HyperSearchResult:0.01256608
SettingsReloader:0.012225283
VFSDirectoryEntryTable:0.011451561
SelectionLengthWidgetFactory:0.00969079
MouseHandler:0.0044198376
JEditRegistersListener:0.0035713196
GlobalOptions:0.0012813204
