ColumnBlock:0.2353999
JEditBuffer:0.105691075
ColumnBlockLine:0.08530572
TextAreaPainter:0.08214225
TextArea:0.049205385
Selection:0.026656475
