CharsetEncoding:0.13643529
Encoding:0.10074984
ServiceManager:0.08697204
BufferLoadRequest:0.081532836
MiscUtilities:0.050892994
BufferIORequest:0.038272597
RegexEncodingDetector:0.036285464
jEdit:0.029068459
ReloadWithEncodingProvider:0.021101736
