jEdit:0.097284645
JEditBuffer:0.06890598
PingPongList:0.064263694
MiscUtilities:0.03103712
AbstractOptionPane:0.029270045
StandardUtilities:0.013856291
