EnhancedMenuItem:0.81752676
GUIUtilities:0.14680308
EditAction:0.073479354
StatusBar:0.044274405
jEdit:0.04005165
ActionContext:0.038063046
View:0.029372845
OperatingSystem:0.023444816
Log:0.008780991
