FoldHandler:0.11237115
JEditBuffer:0.10994902
StandaloneTextArea:0.023966642
