VFSBrowser:0.32465145
FavoritesVFS:0.19487508
GUIUtilities:0.08723657
VFS:0.07166942
FileCellRenderer:0.071152456
jEdit:0.06641367
DynamicMenuProvider:0.053079262
VFSFile:0.041883014
View:0.032317255
