VFSBrowser:0.1080276
GUIUtilities:0.040336367
View:0.04020874
VFSFile:0.03625662
jEdit:0.03408484
FileVFS:0.030710487
VFS:0.02942449
FavoritesVFS:0.02471527
OperatingSystem:0.011868846
IOUtilities:0.0090182135
StandardUtilities:0.00859264
EnhancedDialog:0.003187205
