jEdit:0.05420849
View:0.04626822
Buffer:0.04495425
GUIUtilities:0.0401876
JEditBuffer:0.024544457
EnhancedTreeCellRenderer:0.016454205
EnhancedDialog:0.007251748
