Anchor:0.3495804
ChunkCache:0.2202167
DisplayManager:0.19484703
TextArea:0.12666082
BufferHandler:0.053467162
JEditBuffer:0.0101459
Log:0.0069504906
Debug:0.00614769
