DockableWindowManagerImpl:0.22928323
DockableWindowManager:0.14200333
GUIUtilities:0.08599885
DockableWindowFactory:0.056734856
DockableWindowContainer:0.0501007
jEdit:0.0188699
RolloverButton:0.0114395665
DefaultFocusComponent:0.0059890193
