FontSelectorDialog:0.19451754
TextAreaOptionPane:0.11241817
AppearanceOptionPane:0.1083343
PrintOptionPane:0.042629708
jEdit:0.028940529
GutterOptionPane:0.028441157
GUIUtilities:0.014927173
