HelpHistoryModel:0.11231617
HelpViewerInterface:0.10800335
HelpTOCPanel:0.07779531
HelpSearchPanel:0.053531993
jEdit:0.044779744
HistoryButton:0.04260041
ManagePanel:0.036892947
GUIUtilities:0.030489277
MiscUtilities:0.022741642
PluginUpdate:0.0150400195
EditBus:0.014367486
Log:0.007607637
HelpHistoryModelListener:0.0033094287
PropertiesChanged:0.0020810498
