JEditHistoryModelSaver:0.40683755
HistoryModel:0.30834848
