HelpViewer:0.13660735
HelpHistoryModel:0.13618635
GUIUtilities:0.040565357
jEdit:0.02151477
RolloverButton:0.019364677
