HistoryText:0.14570664
JEditHistoryModelSaver:0.14566322
HistoryModelSaver:0.10964585
HistoryTextField:0.07399263
HistoryTextArea:0.05713652
RecentDirectoriesProvider:0.051747803
VFSBrowser:0.04640428
SearchDialog:0.04352846
MutableListModel:0.04055855
jEdit:0.034383796
Registers:0.03291262
View:0.027804455
InputHandler:0.015336992
