RegexpIndentRule:0.21964335
Mode:0.1483344
OpenBracketIndentRule:0.07535794
IndentRule:0.046897646
IndentAction:0.044110328
CloseBracketIndentRule:0.03974636
