CloseBracketIndentRule:0.2247883
OpenBracketIndentRule:0.13464148
JEditBuffer:0.104591444
IndentRule:0.09484571
RegexpIndentRule:0.09227124
WhitespaceRule:0.08982871
DeepIndentRule:0.048768662
StandardUtilities:0.017612927
IndentRuleFactory:0.009481849
