TextArea:0.087925576
TextAreaPainter:0.06866585
TextAreaExtension:0.043345593
JEditBuffer:0.010473147
Selection:0.008857125
