JEditBuffer:0.07283086
BufferIORequest:0.07058071
LineManager:0.053581677
Buffer:0.031038253
