StandaloneTextArea:0.27386275
MouseActions:0.25179678
SyntaxUtilities:0.13457163
jEdit:0.12520447
Chunk:0.06505808
TextArea:0.0482865
