RichTextTransferable:0.27999744
ModeProvider:0.18368387
Registers:0.1083258
Mode:0.03846556
JEditDataFlavor:0.034861002
