ActionSet:0.38859597
JEditActionSet:0.38286272
ActionContext:0.26356322
EditAction:0.21064004
jEdit:0.18257396
JEditAbstractEditAction:0.17991476
PluginJAR:0.14674097
StandaloneTextArea:0.14529578
ContextAddDialog:0.1359532
VFSBrowser:0.081331864
TextArea:0.06693325
VFSDirectoryEntryTable:0.03801635
StandardUtilities:0.026979674
BrowserView:0.025783865
