GUIUtilities:0.056146957
jEdit:0.052206386
JEditTrayIcon:0.051086906
JTrayIconManager:0.04382688
View:0.03862236
EditServer:0.028701797
JTrayIcon:0.024187999
EBMessage:0.01822658
EditPaneUpdate:0.013696773
StringList:0.012285296
EBComponent:0.0067827483
