JTrayIconManager:0.1956807
JEditSwingTrayIcon:0.1397148
JTrayIcon:0.056638278
ServiceManager:0.033001494
