EditAction:0.35571784
JEditActionSet:0.16075563
JEditActionContext:0.16054255
ActionSet:0.15311655
jEdit:0.08667624
JEditBeanShellAction:0.08630137
AbstractInputHandler:0.07237537
GUIUtilities:0.06970793
Macros:0.06653731
ActionListHandler:0.06035888
InputHandler:0.045309562
ContextAddDialog:0.041707043
DockingLayoutManager:0.03649667
ToolBarEditDialog:0.031582482
