jEdit:0.102259696
KillRing:0.10034242
XMLUtilities:0.07995822
Log:0.06250674
SettingsXML:0.06209059
MiscUtilities:0.043744646
GUIUtilities:0.037942916
IOUtilities:0.036917057
