HistoryModelSaver:0.2097342
HistoryModel:0.168812
jEdit:0.12250144
MiscUtilities:0.058924112
Log:0.057850134
IOUtilities:0.05445781
StandardUtilities:0.021932032
