JEditSwingTrayIcon:0.034715533
GUIUtilities:0.029674489
JEditTrayIcon:0.014314137
