KeyEventTranslator:0.43941307
AbstractInputHandler:0.41456547
TextAreaInputHandler:0.34245968
ActionBar:0.3372497
GrabKeyDialog:0.2528569
InputHandler:0.24361011
DefaultInputHandler:0.011260743
Debug:0.0054945783
OperatingSystem:0.0051823775
Log:0.00304571
