DefaultInputHandler:0.22037691
AbstractInputHandler:0.18377423
KeyEventWorkaround:0.13506243
GrabKeyDialog:0.1192339
TextAreaInputHandler:0.10640708
InputHandler:0.07324646
DockableWindowManager:0.041770566
StandardUtilities:0.03368801
Debug:0.030191675
Log:0.014789443
MouseActions:0.0146734165
OperatingSystem:0.013896148
