VFS:0.08779028
EditBus:0.08724796
Buffer:0.06420317
BufferUpdate:0.05083086
View:0.0499061
jEdit:0.047170077
VFSFile:0.046654686
StatusWidgetFactory:0.041120578
EditPane:0.037454903
VFSManager:0.034914367
EditPaneUpdate:0.020897744
Widget:0.020249061
Log:0.014914799
