MacrosProvider:0.11295206
PluginsProvider:0.08634133
RecentDirectoriesProvider:0.066035464
RecentFilesProvider:0.0603641
EnhancedMenuItem:0.039614163
BrowserCommandsMenu:0.035671353
VFSBrowser:0.029667372
StandardUtilities:0.024481263
