MirrorListHandler:0.14494564
PluginManagerOptionPane:0.12457177
PluginList:0.1159416
IOUtilities:0.08754266
Roster:0.051818706
MiscUtilities:0.047109623
jEdit:0.036394373
Log:0.030043766
ProgressObserver:0.0070573622
