StatusWidgetFactory:0.16374645
jEdit:0.075294286
Buffer:0.059218172
View:0.05848762
Widget:0.03896395
JEditBuffer:0.02521196
BufferOptions:0.024153143
ToolTipLabel:0.020287054
Mode:0.018861262
