TextAreaMouseHandler:0.49025318
TextArea:0.1810558
JEditTextArea:0.16632739
Registers:0.13089634
SelectionManager:0.10808562
EditPane:0.10693803
PositionChanging:0.10548545
TextAreaPainter:0.08785103
JEditBuffer:0.035308354
OperatingSystem:0.005566958
AbstractInputHandler:0.004693432
EditBus:0.0014869444
Selection:0.0012476069
