ColumnBlock:0.15521388
JEditBuffer:1.0087184E-4
