ConsoleInstall:0.120177016
InstallThread:0.11841486
Install:0.10610572
NonInteractiveInstall:0.078261316
SwingInstall:0.073228985
