OptionsDialog:0.28889984
PluginOptions:0.166717
OptionPane:0.1438184
GlobalOptions:0.13028608
EditPlugin:0.08247494
jEdit:0.06628411
