DockableWindowManagerImpl:0.18658265
DockablePanel:0.13684107
DockableLayout:0.0961325
GUIUtilities:0.05085302
View:0.045321323
DockableWindowManager:0.03755791
OperatingSystem:0.02820678
jEdit:0.027064646
DockableWindowFactory:0.022640992
StandardUtilities:0.012203956
EditBus:0.011435131
DockableWindowContainer:0.0066606705
DockableWindowUpdate:0.004797848
DefaultFocusComponent:0.0031739678
