TokenMarker:0.15116571
ParserRule:0.1356673
XModeHandler:0.08088947
KeywordMap:0.073556274
JEditBuffer:0.039462432
Token:0.036354765
StandaloneTextArea:0.023487236
DefaultTokenHandler:0.021566853
Chunk:0.020677434
Buffer:0.017015718
DisplayTokenHandler:0.0047917096
