GUIUtilities:0.06908411
View:0.06790422
TextArea:0.051682424
jEdit:0.045121364
MutableListModel:0.019516673
EnhancedDialog:0.015360049
