jEdit:0.20162748
Buffer:0.16446921
View:0.13086689
EditServer:0.09015171
Log:0.087178595
SplitConfigParser:0.078493275
XMLUtilities:0.053315923
DockableWindowManager:0.05104704
SettingsXML:0.047029514
MiscUtilities:0.0456025
IOUtilities:0.043896437
DockingFrameworkProvider:0.03430007
Autosave:0.0126861995
