jEdit:0.21479167
PluginJAR:0.2121885
EditPlugin:0.20337662
DockableWindowManager:0.109317094
EBMessage:0.102079414
VFSBrowser:0.074548885
DockableWindowManagerImpl:0.07309923
HelpViewer:0.067488074
PluginManager:0.061981533
