PluginListHandler:0.20731568
Roster:0.16395453
InstallPanel:0.16213405
PluginJAR:0.16133995
jEdit:0.1504904
EditPlugin:0.12661843
MirrorList:0.10039976
MiscUtilities:0.09698258
IOUtilities:0.065475315
StandardUtilities:0.06023895
GUIUtilities:0.05752426
PluginManager:0.049399894
Log:0.042606693
Task:0.015365354
