BufferHandler:0.11586663
DisplayManager:0.10681307
Log:0.028162109
Debug:0.006239976
