VFSBrowser:0.15694791
GUIUtilities:0.108487904
MenuItemTextComparator:0.0700448
DynamicMenuProvider:0.050904755
View:0.04567873
HistoryModel:0.03998784
jEdit:0.038418703
StatusBar:0.025775077
MiscUtilities:0.014200067
FileCellRenderer:0.0106572425
