JEditRegistersListener:0.8622188
Registers:0.04469933
