View:0.09079679
GUIUtilities:0.06261379
Registers:0.050395988
DockableWindowManager:0.036277972
jEdit:0.030347507
EditBus:0.026476143
RegisterChanged:0.025885597
TextArea:0.02574682
RolloverButton:0.0066458294
DockableWindow:0.0056118155
PropertiesChanged:0.0016235167
