VFS:0.1718649
AbstractBrowserTask:0.12987763
VFSManager:0.11885451
VFSFile:0.109135605
VFSBrowser:0.10245511
FavoritesVFS:0.080911994
jEdit:0.040731072
Task:0.03498761
Log:0.02466041
OperatingSystem:0.013292784
