JEditDataFlavor:0.4921723
RichJEditTextTransferableService:0.09817549
JEditRichText:0.072370164
