EnhancedButton:0.046265826
HistoryButton:0.03259877
InstallPanel:0.03014459
MarkerViewer:0.027722841
BrowserColorsOptionPane:0.027104834
VFSBrowser:0.025698215
ToolBarOptionPane:0.024878189
RegisterViewer:0.023228278
HyperSearchResults:0.022726813
AbstractContextOptionPane:0.02087056
ManagePanel:0.019337798
ActionBar:0.01869616
StatusBarOptionPane:0.017616631
AbbrevsOptionPane:0.0169731
FloatingWindowContainer:0.016744452
SearchBar:0.015085587
TextAreaOptionPane:0.012729846
