JEditVisitorAdapter:0.4037576
jEdit:0.13150053
EditPane:0.07997166
Buffer:0.07446293
