DisplayManager:0.18125977
Anchor:0.1591243
BufferHandler:0.14077191
JEditBuffer:0.11074573
Log:0.033785496
Debug:0.00556313
