SearchAndReplace:0.15234339
VFSBrowser:0.14079767
SearchBar:0.11708258
jEdit:0.0984564
View:0.079318844
HyperSearchResults:0.071444325
GUIUtilities:0.07087777
Buffer:0.068037085
DirectoryListSet:0.06794886
VFS:0.062365647
HistoryTextField:0.05615615
TextArea:0.051421825
AllBufferSet:0.040454008
MiscUtilities:0.04040737
HistoryTextArea:0.030358262
EditBus:0.027701674
SearchSettingsChanged:0.025004834
VFSManager:0.023875594
HistoryModel:0.02368426
EBMessage:0.018980306
OperatingSystem:0.014711966
Debug:0.011264073
SearchFileSet:0.008409847
CurrentBufferSet:0.0075172763
VariableGridLayout:0.00727257
EnhancedDialog:0.004603998
