SearchAndReplace:0.30726132
SearchDialog:0.17264058
View:0.16058181
TextArea:0.08526651
jEdit:0.07547701
JEditTextArea:0.06373719
EditPane:0.061606165
GUIUtilities:0.058887187
JEditBuffer:0.050840408
StatusBar:0.049415886
HistoryTextField:0.03681367
Selection:0.018607253
Log:0.01807925
RolloverButton:0.017797155
CurrentBufferSet:0.01208438
SyntaxStyle:0.0048283758
