TextUtilities:0.28628907
SearchAndReplace:0.17552523
PatternSearchMatcher:0.15773237
HyperSearchRequest:0.12662087
BoyerMooreSearchMatcher:0.1253973
HyperSearchOperationNode:0.09970761
HyperSearchResults:0.0348921
