TextArea:0.29889047
Selection:0.18845536
TextAreaPainter:0.16551462
TextAreaMouseHandler:0.12791404
MouseHandler:0.08303106
DisplayManager:0.07356953
JEditBuffer:0.069482185
Buffer:0.022117475
