PluginJAR:0.19003479
FoldHandler:0.17277382
EditPlugin:0.16556787
ServiceListHandler:0.16101009
jEdit:0.112962395
BeanShell:0.102797605
EncodingServer:0.09449409
VFS:0.09071967
GUIUtilities:0.08516096
VFSManager:0.0786256
FoldHandlerProvider:0.07219513
View:0.058855873
VFSBrowser:0.048681896
EncodingDetector:0.046303574
JEditTextArea:0.042208612
AutoDetection:0.037559953
Log:0.033854872
XMLUtilities:0.029761286
StandardUtilities:0.027500672
StatusBar:0.026478987
JEditTrayIcon:0.025610035
JTrayIconManager:0.023335468
AppearanceOptionPane:0.017323894
StatusBarOptionPane:0.012486048
GutterOptionPane:0.005060403
Encoding:0.0012440077
