ServiceManager:0.13531184
PluginJAR:0.08125178
XMLUtilities:0.0488523
Log:0.009828195
