FoldPainter:0.5907711
Gutter:0.2749152
SquareFoldPainter:0.14491206
CircleFoldPainter:0.14463566
JEditBuffer:0.012814381
