GrabKeyDialog:0.21916112
ActionSet:0.064081535
FilteredTableModel:0.059533034
JEditActionSet:0.057950985
jEdit:0.05129105
GUIUtilities:0.048906956
Macros:0.033164073
AbstractOptionPane:0.025942054
EditAction:0.02492749
Log:0.013554116
StandardUtilities:0.012849685
