AbstractInputHandler:0.01730175
TextAreaInputHandler:0.012391212
Log:0.011260276
DefaultInputHandler:0.008318961
