FoldWidgetFactory:0.29151404
ModeWidgetFactory:0.29061088
EncodingWidgetFactory:0.29061088
TaskMonitorWidgetFactory:0.28951946
ClockWidgetFactory:0.27776468
WrapWidgetFactory:0.2542845
OverwriteWidgetFactory:0.2534632
RectSelectWidgetFactory:0.25346318
MultiSelectWidgetFactory:0.25346318
LastModifiedWidgetFactory:0.24330372
LineSepWidgetFactory:0.2199246
StatusBar:0.20206061
SelectionLengthWidgetFactory:0.19130392
BufferSetWidgetFactory:0.18491344
MemoryStatusWidgetFactory:0.18001747
ErrorsWidgetFactory:0.17366335
Widget:0.08408744
View:0.038892746
