jEdit:0.13913894
AbstractOptionPane:0.105909556
FontSelector:0.09877489
FontSelectorDialog:0.070424855
GUIUtilities:0.06886474
AntiAlias:0.04670737
ColorWellButton:0.03916279
IntegerInputVerifier:0.004585756
RolloverButton:0.0026952778
