ExtensionManager:0.55592644
TextAreaPainter:0.41668537
Gutter:0.2837814
StructureMatcher:0.20970875
InputMethodSupport:0.16620636
EditPane:0.14907366
