TextArea:0.091537505
TextAreaPainter:0.045431793
JEditBuffer:0.045321863
Log:0.0045512486
