jEdit:0.06671244
View:0.04079085
MiscUtilities:0.01710803
Log:0.015470259
EnhancedDialog:0.009928459
