ToolBarEditDialog:0.2712057
GUIUtilities:0.22868542
jEdit:0.09596204
EditAction:0.07360436
RolloverButton:0.041614372
AbstractOptionPane:0.039363462
StandardUtilities:0.020529244
