JEditBuffer:0.08103137
KillRing:0.040721674
Buffer:0.031862143
Log:0.0075215213
