BrowserView:0.16870062
VFSFileChooserDialog:0.16070883
VFS:0.15383832
VFSDirectoryEntryTable:0.12812562
jEdit:0.11526143
BrowserCommandsMenu:0.106936686
GUIUtilities:0.10198481
Buffer:0.10010687
VFSFile:0.09238707
VFSFileNameField:0.08996467
VFSFileFilter:0.0894249
FavoritesVFS:0.08202176
GlobVFSFileFilter:0.08129877
View:0.08058964
FilePropertiesDialog:0.07757949
SearchDialog:0.0768767
VFSManager:0.07201862
VFSDirectoryEntryTableModel:0.06985391
MiscUtilities:0.06972906
ManagePanel:0.06818823
FileCellRenderer:0.06015998
RenameBrowserTask:0.058839224
BrowserListener:0.05871726
FavoritesProvider:0.057180975
PluginJAR:0.05676725
ActionSet:0.05559031
DockableWindowManager:0.05519107
JEditActionSet:0.053694185
InstallPanel:0.05212587
ListDirectoryBrowserTask:0.05045861
EditPlugin:0.048235636
FileRootsVFS:0.04658071
EditPane:0.046220023
BeanShell:0.042213637
JEditBuffer:0.040654555
DirectoryProvider:0.04060659
SearchAndReplace:0.038945284
HistoryTextField:0.035844833
DirectoryListSet:0.03522528
ToolBarEditDialog:0.034469068
RecentDirectoriesProvider:0.033853143
HistoryModel:0.031399924
MkDirBrowserTask:0.030560946
EditAction:0.03038441
TextAreaTransferHandler:0.02856368
DeleteBrowserTask:0.027386427
EditBus:0.027021851
JEditActionContext:0.026976904
ServiceManager:0.026029596
NameSpace:0.024168415
Log:0.02407259
VFSUpdate:0.023053987
ThreadUtilities:0.022972576
AbstractBrowserTask:0.02255172
DefaultFocusComponent:0.019326389
ActionContext:0.018564029
PluginUpdate:0.018068315
BufferUpdate:0.017842088
OperatingSystem:0.017621754
SaveBackupOptionPane:0.01069026
RolloverButton:0.009494509
MenuItemTextComparator:0.007342973
Task:0.0070529263
PropertiesChanged:0.006345917
DockableWindow:0.0063161342
TaskManager:0.0055018477
TaskAdapter:0.0038775257
UtilEvalError:0.001723833
