VFSDirectoryEntryTable:0.13990378
VFS:0.13807945
VFSBrowser:0.07555186
VFSFile:0.07404519
FileCellRenderer:0.07350089
FileVFS:0.065885976
BrowserView:0.0658581
jEdit:0.049550325
VFSManager:0.04485878
MiscUtilities:0.035586655
Log:0.020395832
StandardUtilities:0.020086903
