BrowserView:0.24034272
VFSDirectoryEntryTableModel:0.20536517
VFSBrowser:0.18614888
FileCellRenderer:0.13185523
VFSFileNameField:0.10584581
VFSFile:0.06988521
VFS:0.036101982
GUIUtilities:0.035705574
JEditActionContext:0.03157264
jEdit:0.028761458
View:0.026451955
Buffer:0.025810909
VFSManager:0.018731846
MiscUtilities:0.017366024
EditAction:0.016431333
Log:0.00985393
ActionContext:0.00979475
VFSPathSelected:0.0079392735
ThreadUtilities:0.0065650204
EditBus:0.004380892
