VFSDirectoryEntryTable:0.1828945
BrowserView:0.17047302
VFSBrowser:0.16909598
VFSFileChooserDialog:0.1532912
VFSFile:0.0758519
MiscUtilities:0.070366785
HistoryTextField:0.06949551
VFS:0.058165077
VFSManager:0.04748321
Log:0.0076709273
