EBMessage:0.15865402
DockingLayoutManager:0.15384421
jEdit:0.13059272
View:0.1138099
SelectionLengthWidgetFactory:0.0928102
MarkerViewer:0.083264776
