Builder:0.5933333333333334
MappedStatement:0.47333333333333333
MapperBuilderAssistant:0.2733333333333333
XMLStatementBuilder:0.25333333333333335
NestedResultSetHandler:0.22
XMLConfigBuilder:0.20666666666666667
