IRubyPartitions:0.47904761904761906
RubySourceViewerConfiguration:0.45
PercentSyntaxRule:0.4066666666666667
RubyPartitionScanner:0.3333333333333333
