MoreLikeThisQueryBuilder:0.44133333333333336
TermsQueryBuilder:0.393
MatchQueryBuilder:0.393
GeoBoundingBoxQueryBuilder:0.3433333333333333
MatchQueryBuilderTests:0.3027777777777778
GeoBoundingBoxQueryBuilderTests:0.24666666666666667
MoreLikeThisQueryBuilderTests:0.19666666666666666
TermsQueryBuilderTests:0.19666666666666666
