SharedResourcesManager:0.6766666666666666
SharedProject:0.6566666666666666
