MessageSettings:0.6733333333333333
SimpleCommandMessage:0.37666666666666665
Builder:0.3
CommandHelper:0.24
