AutobahnServer:0.529345238095238
WebSocketServer:0.5233333333333333
Draft_10:0.4594444444444444
AutobahnServerTest:0.37
ChatServer:0.24333333333333335
