TestFlowArtifactLocator:0.6455555555555555
AbstractFlowBuilderTests:0.6433333333333333
