ReportView:0.47
ActionDelegate:0.42
ActionOpen:0.21333333333333335
ActionLoadLastOpen:0.08666666666666667
ActionStart:0.07333333333333333
CallAsyncExecute:0.04666666666666667
ActionSave:0.025
ActionSelect:0.021555555555555557
CallSyncPostExecute:0.021555555555555557
ActionStop:0.006666666666666667
ActionReload:0.0033333333333333335
