Py:0.6233333333333333
CodeCompiler:0.4033333333333333
SimpleNode:0.39666666666666667
PyTableCode:0.3433333333333333
PyFunction:0.3433333333333333
PyCode:0.31666666666666665
PyFrame:0.2733333333333333
ScopesCompiler:0.23333333333333334
PyCell:0.21166666666666667
Module:0.19
JavaCode:0.16666666666666666
PyCodeConstant:0.13333333333333333
ScopeInfo:0.08
SymInfo:0.08
Future:0.05
CompilerFlags:0.0
ScopeConstants:0.0
