JmolManager:0.7922222222222223
IJmolManager:0.2886111111111111
