Transaction:0.5233333333333333
EncryptedPrivateKeyOrBuilder:0.41305555555555556
TransactionConfidence:0.3933333333333333
ScryptParameters:0.39
Key:0.38666666666666666
ECKey:0.38333333333333336
EncryptedPrivateKey:0.36
ScryptParametersOrBuilder:0.34365079365079365
Protos:0.3333333333333333
Builder:0.32666666666666666
Wallet:0.29
KeyOrBuilder:0.2834523809523809
WalletOrBuilder:0.2833333333333333
SendRequest:0.2161111111111111
WalletProtobufSerializer:0.20666666666666667
WalletTool:0.20333333333333334
WalletTest:0.2
WalletProtobufSerializerTest:0.19166666666666668
PingService:0.13333333333333333
WalletExtensionSerializerRandom:0.13333333333333333
PeerTableRenderer:0.11333333333333333
ECKeyTest:0.11
WalletExtensionSerializer:0.08
