FedoraOAIDriver:0.57
FedoraSetInfoIterator:0.35333333333333333
ResultCombiner:0.28222222222222226
ITQLQueryFactory:0.24
GenerateTestObjects:0.22611111111111115
FedoraRecord:0.22333333333333333
MPTSetInfoIterator:0.21944444444444447
TestFedoraOAIDriver:0.21916666666666668
MPTResultSetsManager:0.21666666666666667
MPTQueryFactory:0.20666666666666667
MPTItemIterator:0.20111111111111113
QueryFactory:0.13166666666666665
