Publication:0.36333333333333334
ClientConductorTest:0.29333333333333333
BufferManager:0.29333333333333333
ClientConductor:0.2633333333333333
ManagedBuffer:0.25666666666666665
ConnectedSubscription:0.23
Subscription:0.22
DriverConductor:0.19333333333333333
MockBufferUsage:0.09666666666666666
MappedBufferManager:0.09333333333333334
MappedManagedBuffer:0.06666666666666667
