SparkDl4jMultiLayer:0.647
CanovaByteDataSetFunction:0.4166666666666667
CanovaDataSetFunction:0.23666666666666666
