EPSG:0.5266666666666666
PJFactory:0.5033333333333333
Objects:0.3466666666666667
