FileDropInfo:0.5933333333333334
ProjectFilesListController:0.35
MatchesTextArea:0.30333333333333334
GlossaryTextArea:0.22666666666666666
