NeuralNetConfiguration:0.5433333333333333
BaseMultiLayerNetwork:0.30666666666666664
WeightInitUtil:0.3
MasterActor:0.29
WorkerActor:0.2833333333333333
BaseLayer:0.24333333333333335
UpdateableEncoderImpl:0.22333333333333333
ModelSavingActor:0.20333333333333334
RBMTests:0.14666666666666667
DeepAutoEncoderDistributedTrainer:0.13
DeepAutoEncoderDataSetReconstructionRender:0.11333333333333333
DeepAutoEncoderAccumulator:0.03
