OptionalExtractor:0.6033333333333334
OptionalQueryParamInjectableProvider:0.5
JavaBundleTest:0.2833333333333333
JavaBundle:0.20666666666666667
