StudyPermissionsPage:0.3933333333333333
StudyPermissionHelper:0.37666666666666665
StudyListBean:0.36666666666666664
StudyListPage:0.3491666666666667
InstanceListView:0.19777777777777777
StudyListView:0.19777777777777777
PatientListView:0.15444444444444444
SeriesListView:0.09333333333333334
