UpgraderTest:0.42
ProjectTest:0.4033333333333333
CurrentBuildStatusPublisherTest:0.26
AntBuilderTest:0.15
CurrentBuildStatusBootstrapperTest:0.10666666666666667
