RendererModel:0.5766666666666667
Renderer:0.4166666666666667
IntermediateRenderer:0.31666666666666665
ControllerHub:0.2833333333333333
ShapeSelection:0.25333333333333335
MoveModule:0.19666666666666666
