Property:0.5833333333333334
MetaProperty:0.49666666666666665
