PluginInfo:0.48194444444444445
PluginManager:0.37
PluginManagerPermissionTests:0.36333333333333334
Security:0.26666666666666666
Install:0.21333333333333335
ESPolicy:0.17
ESPolicyTests:0.12666666666666668
MockPluginPolicy:0.04666666666666667
