Node:0.4866666666666667
NodeBuilder:0.29333333333333333
Bootstrap:0.25666666666666665
InternalSettingsPreparer:0.22333333333333333
MockNode:0.17
TribeService:0.16666666666666666
ScriptsScoreBenchmark:0.16666666666666666
ScriptComparisonBenchmark:0.14333333333333334
ScriptsConstantScoreBenchmark:0.13666666666666666
RoutingBackwardCompatibilityTests:0.12
ScriptsScorePayloadSumBenchmark:0.10666666666666667
