HessianService:0.7071944444444443
HessianProtocol:0.36666666666666664
HessianServiceImpl:0.23666666666666666
HessianProtocolTest:0.15333333333333332
Constants:0.06333333333333334
