Graph:0.5866666666666667
ModifiableGraph:0.5816666666666667
TypeEdge:0.36666666666666664
AbstractGraph:0.27666666666666667
RegAut:0.22337301587301586
PatternEdgeMultipleRecord:0.21333333333333335
TypeGraph:0.20666666666666667
DefaultGraph:0.20666666666666667
MatrixAutomaton:0.20666666666666667
GraphTest:0.20333333333333334
RegExprTyper:0.19666666666666666
NodeSetEdgeSetGraph:0.19666666666666666
AbstractAutomatonTest:0.19333333333333333
DeltaHostGraph:0.15333333333333332
DFATest:0.13666666666666666
VarEdgeMultipleRecord:0.13666666666666666
AntWorld:0.10666666666666667
EdgeBoundCondition:0.07666666666666666
Predicate_label_edge_set:0.07666666666666666
Predicate_label_edge:0.07666666666666666
