CruiseControlTagSupport:0.6266666666666667
ProjectNavigationTag:0.49333333333333335
ProjectNavigationTagTest:0.3566666666666667
ProjectNavigationTagExtraInfo:0.15333333333333332
