MDLReader:0.498
MDLRXNReaderTest:0.43666666666666665
MDLRXNReader:0.37277777777777776
