MenuIds:0.8233333333333334
EntryMenuPanel:0.35333333333333333
MainMenuControl:0.35333333333333333
VibeMenuBar:0.3433333333333333
MenuBarButton:0.3233333333333333
FolderOptionsDlg:0.3
ManageMenuPopup:0.25
ActionMenuCell:0.23666666666666666
GlobalSearchComposite:0.17
MenuBarBox:0.16333333333333333
SearchMenuPanel:0.13166666666666665
ContextMenuItem:0.11166666666666666
MenuBarToggle:0.10666666666666667
QuickFilter:0.08444444444444445
FolderEntryMenu:0.07916666666666666
