SqlExpressionGroup:0.39
Json:0.36
PropertiesProxy:0.28
JsonEntityField:0.23333333333333334
CustomMake:0.22
MysqlJdbcExpert:0.2
QueryTest:0.17666666666666667
ObjectNavlPairInjector:0.14
