KerasLayerUtils:0.8166666666666667
KerasConvolutionUtils:0.19
KerasLayerConfiguration:0.014071428571428572
