ExtensionClient10Test:0.3233333333333333
Extension10Test:0.29333333333333333
NewExtension:0.18411111111111111
NewExtension2:0.18411111111111111
Extension16Test:0.11
