ProjectEnvironment:0.8266666666666667
ProjectEnvironmentMarshaller:0.24866666666666665
ProjectEnvironmentJsonUnmarshaller:0.16666666666666666
