Configuration:0.87
EntityManagerFactoryBuilderImpl:0.3233333333333333
OsgiSessionFactoryService:0.12666666666666668
OsgiPersistenceProvider:0.11666666666666667
