View2D:0.6266666666666667
DragEvent2D:0.4033333333333333
