MavenPackagedArtifactFinder:0.5966666666666667
LocalFileSystemMavenRepository:0.3333333333333333
MavenArtifactFinderTest:0.26666666666666666
