CwbEncode:0.6183333333333333
CwbProcess:0.49361111111111106
StartRserve:0.32
