PrinterServiceMBean:0.6466666666666666
Annotation:0.6186666666666667
PrinterService:0.5133333333333333
