AbstractServletContextInitializer:0.6144444444444443
OAuthServletContextListener:0.31
SamlServiceFactory:0.21
WebApplicationServiceFactory:0.14666666666666667
