RuntimeObject:0.5933333333333334
Linker:0.3333333333333333
ObjectInitParentStep:0.235
CreateMainObjectStep:0.21666666666666667
CreateObjectStep:0.21
