Property:0.6566666666666666
TagPath:0.4666666666666667
PropertyVisitor:0.31333333333333335
BeanPanel:0.17666666666666667
PropertyTagPathTest:0.17
GedcomTracker:0.14333333333333334
