TaskManager:0.46
DriveGroundVehicle:0.43666666666666665
CollectRockSamplesMission:0.41
Mind:0.2733333333333333
EnterAirlock:0.2
