EvaluateAction:0.7727777777777778
ExecuteAction:0.31333333333333335
