InformationSchema:0.2536111111111111
TableConstraints:0.21333333333333335
Columns:0.21333333333333335
Schemata:0.21333333333333335
CheckConstraints:0.21333333333333335
HSQLDBDatabase:0.18666666666666668
Routines:0.16
Sequences:0.16
Parameters:0.16
ReferentialConstraints:0.16
KeyColumnUsage:0.16
ElementTypes:0.16
Tables:0.16
