AWTSurfaceLock:0.7886111111111112
MacOSXCanvasPeerInfo:0.4619444444444445
