HtmlOptionGroup:0.5866666666666667
HTMLOptionElement:0.38333333333333336
