ParameterizedTestExtension:0.7719444444444444
ParameterizedTests:0.3917222222222222
