EditBlogEntriesPlugin:0.7222222222222222
BookmarkletPlugin:0.45666666666666667
