RestAuthenticationApi:0.42
RestfulAuthenticationPolicy:0.3233333333333333
RestAuthenticationHandler:0.23333333333333334
