NutLoading:0.52
NutActionChainMaker:0.2668888888888889
AbstractNutConfig:0.26666666666666666
Trans:0.25666666666666665
AbstractAopConfigration:0.18333333333333332
IocLoading:0.18
CollectionValue:0.17
ObjectMakerImpl:0.17
ModuleProcessor:0.17
MapValue:0.17
