TestSqlParser:0.38333333333333336
ParsingException:0.36333333333333334
TestStatementBuilder:0.33
SqlParser:0.32666666666666666
Context:0.2733333333333333
QuerySpecification:0.2733333333333333
CaseInsensitiveStream:0.21333333333333335
ShowColumns:0.15444444444444444
CompoundLiteralTest:0.14
PostProcessor:0.07333333333333333
TreeAssertions:0.07
