PartitionServiceImpl:0.53
ClusterServiceImpl:0.32666666666666666
OperationServiceImpl:0.2758333333333333
Backup:0.25666666666666665
ThreadDumpGenerator:0.23666666666666666
ReplicaSyncRequest:0.22666666666666666
ReplicaSyncResponse:0.195
ClientClusterServiceImpl:0.19333333333333333
FutureSend:0.18333333333333332
InvocationFuture:0.18333333333333332
ScheduledBackupProcessor:0.13666666666666666
