ConcurrentDocumentManager:0.6966666666666667
ConsistencyAction:0.30333333333333334
ConsistencyWatchdogHandler:0.27
