TableEditorView:0.42
TableEditor:0.4
ERDesignerBundle:0.2720555555555556
AttributeTableModel:0.15333333333333332
AttributeListCellRenderer:0.09333333333333334
CheckboxCellRenderer:0.016666666666666666
