ParticleEmitter:0.7066666666666667
Particle:0.4666666666666667
ParticleEffect:0.26
ParticleEditor:0.23666666666666666
EffectPanel:0.2277777777777778
ParticleEffectPool:0.10333333333333333
