InterceptorsManager:0.43666666666666665
WebApplication:0.31666666666666665
ContextInjector:0.2733333333333333
PetiteWebApplication:0.21
PetiteInterceptorManager:0.10527777777777778
PetiteResultsManager:0.10527777777777778
PetiteMadvocController:0.10527777777777778
