SysOperationsTableInfo:0.49333333333333335
TransportSQLActionClassLifecycleTest:0.48833333333333334
SysShardsTableInfo:0.44
SysSchemaInfo:0.21666666666666667
