ControlTransition:0.55
ControlState:0.39666666666666667
ControlStateCache:0.38
Simulator:0.32666666666666666
GTS:0.29
ControlTest:0.25333333333333335
AutomatonBuilder:0.21333333333333335
SystemRecord:0.20666666666666667
AbstractStrategy:0.19666666666666666
MatchSetCollector:0.15666666666666668
TransitionJEdge:0.12
TransitiveClosure:0.10083333333333333
AllTests:0.03333333333333333
