MultipleEpochsIterator:0.66
MultipleEpochsIteratorTest:0.41333333333333333
CifarDataSetIterator:0.36333333333333334
