NetTest:0.54
NetClientOptions:0.5066666666666667
SSLHelper:0.32666666666666666
NetExamples:0.2633333333333333
NetClientOptionsConverter:0.2
