Robolectric:0.6633333333333333
BackupAgentController:0.5833333333333334
BackupAgentControllerTest:0.21333333333333335
