TreeConverter:0.535
JdtExecutableElement:0.3883333333333333
TypeDeclarationGeneratorTest:0.3244444444444445
DeadCodeEliminatorTest:0.2633333333333333
