ARINCWatchDog:0.35333333333333333
ARINCRadioBox:0.2833333333333333
ARINCMutExclContainer:0.2833333333333333
ARINCTabbedPanelGroup:0.24666666666666667
