EmailTest:0.4844444444444444
UploadTest:0.35333333333333333
DistributeExternalTest:0.2
MultipleTokensTest:0.16333333333333333
