GwtTeamingMessages:0.5718412698412698
NetFolderRoot:0.5666666666666667
NetFolderHelper:0.42
NetFolder:0.39
ResourceDriverConfig:0.3233333333333333
Binder:0.31
FolderModule:0.2967222222222222
BaseFolderModule:0.29
ModifyNetFolderRootDlg:0.22333333333333333
AbstractBinderProcessor:0.2
ResourceDriverModuleImpl:0.19
GwtNetFolderHelper:0.18
ModifyNetFolderDlg:0.18
ObjectKeys:0.03333333333333333
