Element:0.36
Node:0.3233333333333333
Entities:0.29333333333333333
TextNode:0.24666666666666667
Document:0.24333333333333335
Attributes:0.23
Attribute:0.20333333333333334
DocumentTest:0.18
XmlDeclaration:0.17333333333333334
Comment:0.15666666666666668
OuterHtmlVisitor:0.15666666666666668
DataNode:0.14111111111111113
DocumentType:0.12666666666666668
