NegatedSearchItem:0.5633333333333334
NegatedSearchRecord:0.43666666666666665
PlanData:0.33
Test:0.20666666666666667
TestPatternGraphGenerator:0.15
