Spinner:0.47333333333333333
EditText:0.4572222222222222
ThemeManager:0.44333333333333336
