Musician:0.49
InitMusician:0.47
EditorComponenttImp:0.3
RosterViewComponentImp:0.3
ChatViewComponentImp:0.29333333333333333
RSViewComponentImp:0.2833333333333333
WindowPart:0.27666666666666667
MainMenuComponentImp:0.2608333333333333
SarosStateImp:0.25
SarosPEViewComponentImp:0.25
EclipseComponent:0.22166666666666668
SessionViewComponentImp:0.22
TestDriverSavesFiles:0.19666666666666666
RmiTest:0.195
SarosWorkbenchComponentImp:0.185
MenuPart:0.16666666666666666
TestFileOperations:0.16
TestPackageExplorerViewComponent:0.14
TestDriverChangeAndImmediateWrite:0.13666666666666666
TestShare2UsersSequentially:0.13666666666666666
TestFolderOperations:0.135
TestShare3UsersSequentially:0.13333333333333333
TestParallelInvitationWithTerminationByHost:0.13333333333333333
TestShare3UsersConcurrently:0.13333333333333333
SarosMainMenuComponentImp:0.13166666666666665
TestHandleContacts:0.12666666666666668
TestChangingNameInRosterView:0.12333333333333334
TestSessionViewObject:0.11333333333333333
TestShareProjectUsingExistingProject:0.10666666666666667
TestAllParticipantsFollowDriver:0.1
MusicianConfigurationInfos:0.08333333333333333
TestCreatingNewFile:0.08
TestChangingDriverWhileOtherFollow:0.07833333333333334
TestDriverResetsFiles:0.07833333333333334
TestHostAsDriverInvitesBelatedly:0.07666666666666666
TestEditDuringInvitation:0.07166666666666667
TestStrictSequentialInvitationWithoutTermination:0.07
TestParallelInvitationWithTerminationByInvitees:0.06333333333333334
TestFollowMode:0.06
TestChatViewFunctions:0.059166666666666666
STFTest:0.04
