BatchPresentation:0.5666666666666667
Substitution:0.38666666666666666
Executor:0.2833333333333333
Actor:0.2833333333333333
HibernateSessionFactory:0.22666666666666666
SessionData:0.03305555555555555
