Dictionary:0.58
AnalysisIkPlugin:0.41844444444444445
Configuration:0.2733333333333333
