TypingTest:0.8719444444444444
EventTarget:0.7966666666666666
