TreeView:0.6333333333333333
Content:0.5066666666666667
ActionRoot:0.45666666666666667
