MetaJolie:0.46
RuntimeService:0.38333333333333336
TimeService:0.19333333333333333
DatabaseService:0.19333333333333333
ConsoleService:0.18
