RuntimeConfigurationFile:0.6877777777777778
ShamLaunchConfiguration:0.30666666666666664
