SearchResultsPanel:0.3333333333333333
SearchListPanel:0.32
SearchControlPanel:0.2833333333333333
NewSearchTab:0.1
