DataDefinitionImpl:0.48
FieldDefinitionImpl:0.4666666666666667
MDDNode:0.29333333333333333
RangeValidationRule:0.29
FieldNode:0.23
MDDAnalyzeWalker:0.19333333333333333
FunctionNode:0.11666666666666667
MDDPostProcessorWalker:0.1
MDDParserTest:0.09833333333333333
RegExpValidationRule:0.07333333333333333
ComparisonValidationRule:0.03666666666666667
TitleFieldNode:0.03333333333333333
