TagWriter:0.43
TagWriterUtil:0.2
TagAdapter:0.17666666666666667
TagAdapterWrapper:0.17
HtmlStaplerTagAdapter:0.15
EmptyTagVisitor:0.13916666666666666
TagVisitor:0.13916666666666666
