Vector:0.47333333333333333
Matrix3f:0.38666666666666666
Matrix4f:0.36666666666666664
Matrix2f:0.3333333333333333
Vector3f:0.27
