Fiber:0.7466666666666667
Strand:0.3466666666666667
Merge2Test:0.15666666666666668
Merge3Test:0.14
SuspendTest:0.14
MergeTest:0.14
NullTest:0.11333333333333333
ThrowTest:0.11333333333333333
CatchTest:0.11333333333333333
UninitializedTest:0.11333333333333333
ArrayTest:0.09333333333333334
FinallyTest:0.09333333333333334
DoubleTest:0.09333333333333334
InterfaceTest:0.09
InheritTest:0.09
