TypeDeclarationGenerator:0.5755555555555555
TypeImplementationGenerator:0.5016666666666667
TypeDeclarationGeneratorTest:0.25333333333333335
