Builder:0.5866666666666667
SequenceVectors:0.3333333333333333
VocabWord:0.32666666666666666
GloVe:0.20333333333333334
SentenceTransformer:0.09333333333333334
SequenceVectorsTest:0.06333333333333334
AbstractCoOccurrences:0.023333333333333334
FilteredSequenceIterator:0.0
