OuterReferenceResolver:0.8133333333333334
OuterReferenceResolverTest:0.3
TypeCollector:0.22277777777777777
TranslationProcessor:0.19333333333333333
CycleFinder:0.16611111111111113
