TableUtils:0.6183333333333333
ForeignKeyConvention:0.4533333333333333
MinuteProjectException:0.2866666666666667
