IDatabasePlatform:0.6777777777777777
AbstractDatabasePlatform:0.2866666666666667
AbstractTest:0.2733333333333333
SymmetricWebServer:0.24
DataLoaderService:0.24
ClientSymmetricEngine:0.21333333333333335
AbstractSymmetricEngine:0.2
WildcardTest:0.10666666666666667
SystemConstants:0.09992063492063492
ClientPushPullTest:0.0
ServerPushPullTest:0.0
FileSyncTest:0.0
TransformationTest:0.0
MultiMasterTest:0.0
