OAuth2AccessTokenResponse:0.6166666666666667
OidcAuthorizationCodeAuthenticationProvider:0.3433333333333333
OAuth2LoginAuthenticationProvider:0.30333333333333334
