Robolectric:0.6233333333333333
FakeHttpLayer:0.4666666666666667
DefaultRequestDirectorTest:0.38
