Settings:0.64
MainProgram:0.2833333333333333
CliJob:0.23666666666666666
EmailMessageFactory:0.20333333333333334
SettingsTest:0.17666666666666667
EmailSender:0.11333333333333333
EmailMessage:0.10722222222222222
QualityAssurance:0.0
