Callback:0.7641666666666667
UiCallback:0.345
CallbackResponseHandler:0.31666666666666665
ClientError:0.016666666666666666
