JsfViewFactory:0.5733333333333334
MockViewHandler:0.55
JSFMock:0.27666666666666667
FacesMessageIterator:0.24666666666666667
JsfViewFactoryTests:0.24
ClientIdIterator:0.14333333333333334
FlowActionListener:0.14
MockBaseFacesContextFactory:0.13833333333333334
JsfFinalResponseActionTests:0.12666666666666668
JsfViewTests:0.10666666666666667
JsfViewFactoryCreator:0.06333333333333334
AjaxJsfView:0.0
