LinkUriUtil:0.6133333333333333
ResourceUtil:0.55
SelfResource:0.2728888888888889
FileResource:0.2628888888888889
UserBriefBuilder:0.16
