GwtTeamingMessages:0.31666666666666665
GwtMenuHelper:0.30666666666666664
BinderHelper:0.2733333333333333
GwtRpcServiceImpl:0.24444444444444446
ToolbarItem:0.23666666666666666
FolderOptionsDlg:0.23111111111111116
EventHelper:0.21777777777777782
GwtMainPage:0.19333333333333333
ImportIcalUrlEvent:0.06333333333333334
ImportIcalFileEvent:0.06333333333333334
