SelectableEntry:0.5266666666666666
Metadata:0.46
FileSystemEntry:0.35
MetadataPanelWrapper:0.31
SelectableEntryNode:0.29333333333333333
ZipFileEntry:0.27666666666666667
SIPCreator:0.24666666666666667
MetadataEntryTask:0.24333333333333335
DublinCore:0.21
ConversionRulesGraph:0.20476190476190476
LoadConversionRulesAction:0.18
LoadConversionRulesWebAction:0.18
OpenZipFileAction:0.17666666666666667
CheckRenderer:0.16333333333333333
SaveSIPAction:0.16
JAFDetector:0.14
JMimeMagicDetector:0.14
CloseCurrentTabAction:0.13666666666666666
SaveConversionRulesAction:0.13666666666666666
AddMetadataAction:0.13666666666666666
OpenFolderAction:0.11333333333333333
GenerateGraphAction:0.08666666666666667
IntersectionAcceptor:0.07333333333333333
EventHandler:0.07
MimetypeDetector:0.03888888888888889
SelectableEntryAcceptor:0.02
Constants:0.0
