NettyChannelBuilder:0.30833333333333335
OkHttpChannelBuilder:0.30833333333333335
InProcessChannelBuilder:0.21666666666666667
ManagedChannelBuilder:0.20333333333333334
