HazelcastClientInstanceImpl:0.5322222222222222
ProxyManager:0.47333333333333333
ClientProxy:0.4533333333333333
