Table:0.5733333333333334
NetworkedNode:0.3566666666666667
INodeService:0.27166666666666667
NodeService:0.18
ConfigurationChangedRouter:0.11666666666666667
ConfigurationChangedDataRouterTest:0.023333333333333334
ColumnMatchDataRouterTest:0.02
