DefaultJSONParser:0.8133333333333334
ASMDeserializerFactory:0.32666666666666666
ArrayListTypeFieldDeserializer:0.25666666666666665
