SessionImpl:0.7933333333333333
SessionFactoryImplementor:0.4505595238095238
