TestHiveCoercion:0.5183333333333333
TestAllDatatypesFromHiveConnector:0.32666666666666666
AlterTableTests:0.23
TestTablePartitioningInsertInto:0.16666666666666666
TemptoProductTestRunner:0.16333333333333333
