ViewPortAdapter:0.8266666666666667
ViewPortOverview:0.25666666666666665
