InheritanceState:0.6833333333333333
PropertyContainer:0.41333333333333333
AnnotationBinder:0.41333333333333333
AccessMappingTest:0.23333333333333334
