BooleanLiteralNode:0.42333333333333334
LiteralNode:0.34
LiteralProcessor:0.27666666666666667
Employee:0.2434285714285714
QueryTest:0.21666666666666667
BooleanConverter:0.06666666666666667
