ModuleErrorAndWarningListModel:0.7669444444444444
QedeqPane:0.5836666666666667
