PrincipalAttributesProperties:0.3333333333333333
IgniteTicketRegistry:0.3333333333333333
Jdbc:0.32666666666666666
CasPersonDirectoryAttributeRepositoryConfiguration:0.30333333333333334
Ldap:0.20916666666666667
Groovy:0.18472222222222223
Json:0.1513888888888889
GroovyScriptDao:0.13666666666666666
