AccessData:0.5766666666666667
ImapCrawler:0.4766666666666667
AccessDataBase:0.41333333333333333
AccessDataParser:0.308
