Bootstrap:0.4766666666666667
BootstrapCliParser:0.3933333333333333
Elasticsearch:0.31666666666666665
MockTerminal:0.22
BootstrapCliParserTests:0.19333333333333333
Command:0.14666666666666667
CommandTestCase:0.019166666666666665
MultiCommand:0.0125
