RuntimeObject:0.9333333333333333
ParentVariableMoveStep:0.35
ModeChangeStep:0.18333333333333332
