StarDictDict:0.39
DictionariesTextArea:0.28
LingvoDSL:0.24666666666666667
DictionariesManager:0.23
StarDict:0.20666666666666667
DictionaryEntry:0.15666666666666668
DictionariesManagerTest:0.14333333333333334
DictionaryEntriesSearchThread:0.13333333333333333
LingvoDSLTest:0.13166666666666665
LingvoDSLDict:0.09333333333333334
DictionaryData:0.08666666666666667
StarDictTest:0.08
IDictionaryFactory:0.043333333333333335
IDictionary:0.02777777777777778
DictionaryDataTest:0.016666666666666666
