IResponseMessage:0.6859444444444445
IRequestMessage:0.41002777777777777
ScepResponseMessage:0.30333333333333334
ScepPkiOpHelper:0.20444444444444446
RSASignSessionBean:0.18666666666666668
ISignSessionLocal:0.14416666666666667
ISignSessionRemote:0.14416666666666667
