DBObjectCodec:0.5166666666666667
LazyBSONObject:0.4166666666666667
BSONCallbackAdapter:0.41333333333333333
BasicBSONEncoder:0.2633333333333333
DefaultDBEncoder:0.10333333333333333
LazyDBObjectOldTest:0.05
TestMapEntry:0.01
