ISODate:0.8166666666666667
MainUtil:0.32666666666666666
