NutMap:0.7038888888888889
ContextTest:0.29333333333333333
NutMapTest:0.24333333333333335
