CachingHiveMetastore:0.6066666666666667
CachingCassandraSchemaProvider:0.44
TableNameCompleter:0.32166666666666666
