WorkflowScript:0.49
ConfigurationServiceImpl:0.37
EditProjectScriptFormAction:0.20666666666666667
ProjectScript:0.18611111111111112
Constants:0.14622222222222223
EditProjectAction:0.11
