CommonConfiguration:0.63
SwingServerWrapper:0.26666666666666666
JFXPerformanceDialog:0.22666666666666666
ClientWrapper:0.21555555555555558
ListSpinner:0.21000000000000002
JFXServerWrapper:0.21
JFXScenarioPanel:0.21
ARINC661App:0.19555555555555557
JFXServerWrapperTest:0.17
