DataTipManager:0.59
MTable:0.42
TodoEditor:0.41
TodoEditorCore:0.38333333333333336
TableDataTipListener:0.21666666666666667
