AnnotatedFeatureI:0.6666666666666666
SeqFeatureI:0.58
FeatureSetI:0.5266666666666666
SeqFeature:0.37
AnnotationEditor:0.32666666666666666
AnnotatedFeature:0.24166666666666667
SeqFeatureUtil:0.23333333333333334
FeatureList:0.23
SiteView:0.22666666666666666
UpdateTransaction:0.22333333333333333
TransactionManager:0.22333333333333333
BaseMouseListener:0.21666666666666667
FlyNameAdapter:0.20333333333333334
SelectionSet:0.19666666666666666
ChadoTransactionTransformer:0.19
AnnotationDeleteEvent:0.18
