QRCode:0.5733333333333334
MatrixUtil:0.3333333333333333
ErrorCorrectionLevel:0.33222222222222225
Encoder:0.3
EncoderTestCase:0.23
MatrixUtilTestCase:0.22
QRCodeTestCase:0.21666666666666667
QRCodeWriter:0.14333333333333334
QRCodeWriterTestCase:0.1
ErrorCorrectionLevelTestCase:0.08666666666666667
