Box2DDebugRenderer:0.37333333333333335
PrismaticJointDef:0.3016666666666667
Transform:0.29
