AuthenticationServiceImpl:0.5733333333333334
AdminServiceImpl:0.56
TXMWEB:0.4866666666666667
