ReusableObjManager:0.49166666666666664
ExtentsStrategy:0.32666666666666666
FormatsStrategy:0.25
KeywordsStrategy:0.205
ContactsStrategy:0.19166666666666668
ReplacementStrategy:0.09166666666666666
