WarListenerConfiguration:0.49333333333333335
ExtenderConfiguration:0.49
DeploymentManager:0.41333333333333333
WarLoaderListener:0.25666666666666665
