ObjectiveCImplementationGeneratorTest:0.5033333333333333
J2ObjCTest:0.4166666666666667
GeneratedType:0.32
NameTableTest:0.27666666666666667
