RequestBuilder:0.565
RequestBuilderBase:0.32666666666666666
ProxyTest:0.25333333333333335
