MultiLayerNetwork:0.7033333333333334
GravesLSTM:0.44333333333333336
MultiLayerTestRNN:0.16333333333333333
