Tomcat:0.7566666666666667
Installer:0.4
ExistingTomcat:0.2633333333333333
BundledTomcat:0.24
