Types:0.5233333333333333
IOSMethodBinding:0.42333333333333334
IOSParameter:0.4128333333333334
StatementGenerator:0.3233333333333333
JavaToIOSMethodTranslator:0.32
IOSMethod:0.2866666666666667
GeneratedMethodBinding:0.22333333333333333
ObjectiveCSourceFileGenerator:0.19666666666666666
ImplementationImportCollector:0.19
