RealBufferedSink:0.33666666666666667
HttpEngine:0.32166666666666666
URLConnectionTest:0.3
RealBufferedSource:0.27666666666666667
HttpResponseCacheTest:0.25
RealBufferedSourceTest:0.25
ResponseCacheTest:0.19333333333333333
RealBufferedSinkTest:0.15
