MetaProperty:0.8333333333333334
POJOPersistenceProviderBase:0.2733333333333333
EntityTab:0.23666666666666666
