KillIntegrationTest:0.42
JobContextServiceTest:0.3433333333333333
Reaper:0.24166666666666667
JobKilledException:0.14666666666666667
