ObjectNameTests:0.34
SequenceHiLoGeneratorNoIncrementTest:0.16333333333333333
SequenceHiLoGeneratorTest:0.16333333333333333
TableManipulationTests:0.16333333333333333
ConnectionProviderBuilder:0.16
AbstractExecutable:0.16
ErrorCounter:0.15666666666666668
NullablePrimaryKeyTest:0.14666666666666667
BackquoteTest:0.14
