MultiUserChatManager:0.6366666666666667
JupiterDocumentClient:0.5277777777777778
