PartitionManager:0.54
MigratingPartition:0.33666666666666667
HazelcastClusterTest:0.25333333333333335
MemberCall:0.19333333333333333
NewInstanceCallable:0.11111111111111109
