Array:0.4666666666666667
NinePatch:0.38
FlickScrollPane:0.33666666666666667
SplitPane:0.3125
ScrollPane:0.2966666666666667
BooleanArray:0.27666666666666667
LongArray:0.2
FloatArray:0.2
IntArray:0.2
