DocumentMapper:0.4266666666666667
MapperService:0.39666666666666667
SourceTransform:0.3272804232804233
FetchSourceContext:0.32666666666666666
Builder:0.22333333333333333
GetRequestBuilder:0.19333333333333333
DocumentMapperParser:0.17666666666666667
MapperTestUtils:0.16666666666666666
ShardGetService:0.16
CodecTests:0.15
ElasticsearchSingleNodeTest:0.09444444444444444
ScriptTransform:0.013333333333333334
