SharedProject:0.49333333333333335
SarosUI:0.4533333333333333
Util:0.44
EditorAPI:0.3933333333333333
Saros:0.37666666666666665
XMPPChatTransmitter:0.29333333333333333
EditorManager:0.29
JingleFileTransferManager:0.28
MultiUserChatManager:0.2683333333333333
PacketExtensionUtils:0.26
ActivitySequencer:0.25
NetworkSettingsPage:0.24
SessionView:0.24
JoinSessionWizard:0.24
InvitationDialog:0.23333333333333334
PreferencePage:0.23111111111111116
SessionManager:0.23
RosterView:0.22666666666666666
OutgoingInvitationProcess:0.22
IncomingInvitationProcess:0.21
MessagingManager:0.20666666666666667
EnterProjectNamePage:0.20666666666666667
NetworkView:0.20666666666666667
SaveActionConfigurator:0.19666666666666666
DataTransferManager:0.19333333333333333
RoleManager:0.19333333333333333
RequestForFileListHandler:0.18333333333333332
EditorPool:0.18333333333333332
MultiChatSession:0.18166666666666667
SharedDocumentProvider:0.18
ChatSession:0.18
GiveDriverRoleAction:0.17777777777777778
SkypeAction:0.17444444444444446
RegisterAccountPage:0.17333333333333334
NewSessionAction:0.17333333333333334
JoinExtension:0.17
ChatView:0.17
ConsistencyAction:0.16333333333333333
PreferenceUtils:0.16166666666666665
ChecksumErrorExtension:0.16
SessionLabelProvider:0.16
SharedProjectDecorator:0.16
ConnectDisconnectAction:0.16
SharedProjectFileDecorator:0.16
EclipseLogAppender:0.15333333333333332
CreateAccountWizard:0.14666666666666667
RequestActivityExtension:0.14
ConfigurationWizard:0.14
UserListExtension:0.14
Handler:0.13583333333333333
AdvancedPreferencePage:0.13333333333333333
ShowDescriptionPage:0.12666666666666668
EditorUtils:0.12666666666666668
InviteAction:0.12
NewAccountAction:0.1125
InviteExtension:0.10666666666666667
CancelInviteExtension:0.10333333333333333
NewContactAction:0.1
FollowModeAction:0.09333333333333334
GodPacketListener:0.09
JoinHandler:0.08833333333333333
RequestForFileListExtension:0.08666666666666667
SelectionAnnotation:0.08666666666666667
ChecksumExtension:0.08666666666666667
LeaveExtension:0.08666666666666667
DeleteContactAction:0.08666666666666667
DataTransferExtension:0.085
SarosAnnotation:0.08333333333333333
ViewportAnnotation:0.08333333333333333
PropertyConfigurationWizard:0.08
RenameContactAction:0.08
RemoveDriverRoleAction:0.07333333333333333
GiveExclusiveDriverRoleAction:0.07333333333333333
LeaveHandler:0.06333333333333334
RequestForActivityHandler:0.06333333333333334
JumpToDriverPositionAction:0.06
LeaveSessionAction:0.056666666666666664
MessagingAction:0.056666666666666664
UserListHandler:0.056666666666666664
AddContactWizard:0.05333333333333334
RemoveAllDriverRoleAction:0.05333333333333334
ChecksumHandler:0.04666666666666667
OpenInviteInterface:0.04666666666666667
InvitationHandler:0.03333333333333333
ConsistencyWatchdogHandler:0.02666666666666667
SessionDefaultPacketExtension:0.025833333333333333
PreferenceInitializer:0.006666666666666667
CancelInviteHandler:0.0033333333333333335
DataTransferHandler:0.0
