TaskListBuilder:0.5966666666666667
GenericDAO:0.5716666666666667
IGenericDAO:0.5612142857142858
