CheckUnlimitedTokenAlgorithm:0.7833333333333333
CheckUnlimitedTokenAction:0.23333333333333334
