Main:0.41833333333333333
AbstractFlywayTask:0.3
DB2SqlStatementBuilder:0.25666666666666665
MetaDataTableImpl:0.235
AbstractFlywayMojo:0.16666666666666666
FlywayExtension:0.05333333333333334
