TransactionalAccess:0.53
JBossCacheRegionFactory:0.29
MultiplexingCacheInstanceManager:0.27
BasicRegionAdapter:0.22666666666666666
SetResidentListener:0.1943968253968254
CacheInstanceManager:0.1942222222222222
EntityRegionImpl:0.14333333333333334
CollectionRegionImpl:0.14333333333333334
TransactionalDataRegionAdapter:0.07666666666666666
