ScopeContext:0.625
ObjectMakerImpl:0.5553333333333333
NutIoc:0.4083333333333333
