Property:0.7066666666666667
PropertyDate:0.43
Context:0.32
PropertyForeignXRef:0.255
PropertyChoiceValue:0.25
PropertyName:0.23666666666666666
EditViewFactory:0.23666666666666666
PropertyRenderer:0.22666666666666666
XRefBy:0.22166666666666668
Association:0.21
CreateRelationship:0.19
PropertyAssociation:0.16333333333333333
SimpleValueBean:0.14333333333333334
AbstractChange:0.13666666666666666
ContentRenderer:0.13
Renderer:0.13
ReportAges:0.12333333333333334
ChoiceBean:0.1
AdvancedEditor:0.04
PropertyRelationship:0.03666666666666667
