User:0.55
UserContainer:0.5466666666666666
AllUsermanagerTestsSuite:0.4592619047619047
UserContainerTest:0.4266666666666667
