SelectStatementAnalyzer:0.4666666666666667
TransportSQLActionTest:0.43666666666666665
YearFunction:0.2733333333333333
TestMetaDataModule:0.23
SelectAnalyzerTest:0.18333333333333332
BaseAnalyzerTest:0.09166666666666666
SortSymbolValidator:0.07333333333333333
