StarterDialog:0.26666666666666666
LatexMathParserTest:0.26
QedeqPane:0.24333333333333335
AsciiMathParserTest:0.23333333333333334
AbstractParserTest:0.23
ParserPane:0.23
SimpleMathParserTest:0.20333333333333334
Xml2Latex:0.2
Xml2Wiki:0.2
TextInputTest:0.18
QedeqProxy:0.14083333333333334
