Metadata:0.6766666666666666
ChainingMetadataResolverCacheLoader:0.3433333333333333
SamlIdPConfiguration:0.3333333333333333
RestMultifactorAuthenticationTrustStorage:0.13333333333333333
