WebClient:0.5983333333333334
MockWebConnection:0.5033333333333333
MockWebConnectionServlet:0.24
WebClient3Test:0.05
