FlowTests:0.3433333333333333
DecisionStateTests:0.26666666666666666
EndStateTests:0.20333333333333334
SubflowStateTests:0.20333333333333334
ViewStateTests:0.15666666666666668
ActionStateTests:0.13666666666666666
