Castors:0.6666666666666666
OrOpt:0.14333333333333334
NotOpt:0.07333333333333333
QuestionOpt:0.07
EQOpt:0.056666666666666664
GTEOpt:0.05
NEQOpt:0.05
LTEOpt:0.05
GTOpt:0.05
LTOpt:0.05
AndOpt:0.02666666666666667
