DatabaseWriter:0.6766666666666666
DatabaseWriterSettings:0.3933333333333333
DbImport:0.26
DbImportCommand:0.20666666666666667
