User32:0.6144444444444445
User32Test:0.45
COPYDATASTRUCT:0.15333333333333332
CWPSTRUCT:0.15333333333333332
WinUser:0.06333333333333334
