PipelineAggregatorBuilders:0.7066666666666667
AggregationModule:0.37333333333333335
TransportAggregationModule:0.30333333333333334
