NodeService:0.2866666666666667
DataLoaderService:0.235
RegistrationService:0.205
PurgeService:0.18416666666666667
PullService:0.135
