LibraryReturn:0.78
SodbeansLibraryAction:0.2866666666666667
ArrayGet:0.17333333333333334
SodbeansLibrary:0.13333333333333333
Array:0.10666666666666667
SodbeansLibraryManager:0.08333333333333333
ArrayLibrary:0.02666666666666667
LibraryCall:0.0
ArrayAction:0.0
