BinderShareRightsDlg:0.44666666666666666
GwtTeamingMessages:0.31666666666666665
SetBinderSharingRightsInfoCmd:0.26
GwtServerHelper:0.25
GwtRpcServiceImpl:0.23444444444444448
GwtMainPage:0.23
DataTableFolderViewBase:0.2
