Context:0.5603333333333333
Snippet:0.52
CompilationUnitContext:0.32666666666666666
JavaWriter:0.2733333333333333
