ModuleManager:0.56
CoreTierTableModel:0.24333333333333335
AddCoreMangoObjectMsg:0.24
HeapItemSym:0.15666666666666668
LocalSym:0.15666666666666668
OpSym:0.15666666666666668
LocalItemSym:0.15666666666666668
HeapObjectSym:0.15666666666666668
StatItemSym:0.15666666666666668
