GeoBoundsIT:0.2833333333333333
MissingValueIT:0.28
GeoPointTermsEnum:0.21666666666666667
GeoHashGridIT:0.18666666666666668
GeoPointTermsEnumLegacy:0.17333333333333334
GeoDistanceIT:0.16666666666666666
AbstractFieldDataTestCase:0.16333333333333333
BaseGeoPointTermsEnum:0.023333333333333334
