FedoraAccessServlet:0.5844444444444444
LoginServlet:0.4644444444444444
