DBCollection:0.4722222222222222
Index:0.3433333333333333
AddIndexAcceptanceTest:0.31666666666666665
Builder:0.28
DBCollectionOldTest:0.16
DropIndexAcceptanceTest:0.07333333333333333
