Platform:0.4066666666666667
ProtocolNegotiatorsTest:0.3333333333333333
NettyStreamTestBase:0.22333333333333333
ConnectivityStateInfoTest:0.17666666666666667
NettyChannelBuilderTest:0.14333333333333334
LoadClientTest:0.13416666666666666
