Storage:0.8607539682539683
AbstractEvictableRecordStore:0.5141666666666667
StorageImpl:0.39666666666666667
