MediaData:0.6016666666666667
MCMFilter:0.5533333333333333
MCMModel:0.29333333333333333
