Layer:0.69
GravesLSTM:0.37666666666666665
MultiLayerNetwork:0.37
BaseLayer:0.27666666666666667
SimpleOptimizableModel:0.2633333333333333
ConvolutionLayer:0.21666666666666667
SubsamplingLayer:0.21333333333333335
BackPropMLPTest:0.20333333333333334
GravesLSTMTest:0.19666666666666666
