MongoDatabase:0.8866666666666667
SingleServerMongoClient:0.32
MongoDatabaseImpl:0.24666666666666667
MongoClientCommands:0.20333333333333334
InsertMongoDocumentAcceptanceTest:0.12333333333333334
