MainDesktopPane:0.5666666666666667
MainWindow:0.5366666666666666
TableTab:0.18
TabPanelCooking:0.17055555555555557
CookMeal:0.15333333333333332
PersonTableUpdater:0.13666666666666666
