SelfRegister:0.66
Change:0.45666666666666667
Profile:0.32255555555555554
SendLink:0.0033333333333333335
