Constants:0.63
Config:0.4866666666666667
ActionHandler:0.2163888888888889
Const:0.014444444444444444
