FileBackupStore:0.7952777777777779
TimeoutBackupStore:0.5736666666666667
