CasCoreServicesConfiguration:0.41333333333333333
AbstractResourceBasedServiceRegistryDao:0.39666666666666667
EmbeddedServiceRegistryDao:0.31666666666666665
AbstractServiceRegistryDao:0.18
