Title:0.43
MPanel:0.35333333333333333
MColorIcon:0.34
MLinkButton:0.29333333333333333
MMessage:0.27666666666666667
MTip:0.27666666666666667
MTextField:0.25333333333333335
MList:0.24694444444444444
MDialog:0.24
MSmallColorChooser:0.20333333333333334
MSettingsDialog:0.20333333333333334
FormPanel:0.2
StaticMouseHandler:0.19666666666666666
MSeparator:0.19
Input:0.18333333333333332
ColorRenderer:0.16333333333333333
Editor:0.15333333333333332
