VicinitySampler:0.47333333333333333
VicinitySamplerTest:0.4166666666666667
SingleStructureRandomGenerator:0.4066666666666667
SingleStructureRandomGeneratorTest:0.2633333333333333
AtomTypeFactory:0.18666666666666668
