WebServiceConfigFactory:0.47
ConfigFileConstants:0.4033333333333333
WebServiceRrdStrategy:0.22666666666666666
WebServiceMonitor:0.1
WebServiceUtils:0.059166666666666666
WebServiceUtilsTest:0.04777777777777777
