TypedProperties:0.38333333333333336
ResourceCache:0.26666666666666666
AbstractJPPFClassLoader:0.2633333333333333
CollectionUtils:0.20666666666666667
ServiceFinder:0.1511111111111111
SaveFileAction:0.14
ShutdownHook:0.008981481481481483
