Assert:0.7233333333333334
EventRecorder:0.4475
FullTestSuite:0.2277777777777778
ForkedScriptTest:0.18333333333333332
