JsConsoleView:0.5033333333333333
JsConsoleManager:0.43333333333333335
ScriptingConsoleView:0.20666666666666667
