ClassTools:0.61
Lang:0.52
Files:0.31
Scans:0.22333333333333333
JsonActionChainMakerConfiguretion:0.16333333333333333
Disks:0.14
