DefaultManagement:0.38
DynamicAccessModule:0.32666666666666666
DynamicAccessImpl:0.30333333333333334
DefaultAccess:0.3
