RcvFrameHandler:0.49
ReceiverThreadCursor:0.44666666666666666
ReceiverThread:0.44
MediaDriverAdminThread:0.43666666666666665
ControlProtocolEvents:0.011111111111111112
