DefaultUnknownHandlerManager:0.6616666666666666
ActionInvocationTest:0.4866666666666667
UnknownHandlerManagerTest:0.25
