RedissonLock:0.5566666666666666
RedissonLockTest:0.24666666666666667
RedisCommands:0.2067222222222222
RedissonReadWriteLockTest:0.15333333333333332
RedissonReadLock:0.12666666666666668
RedissonWriteLock:0.12666666666666668
