UI:0.49
Workbench:0.4816666666666667
LockProtectedCommand:0.2733333333333333
ForAll:0.19333333333333333
SourceFile:0.18
