BursterFactory:0.4766666666666667
ControllerTest:0.4216666666666667
