RuleView:0.5333333333333333
GraphView:0.528888888888889
Options:0.5097619047619049
LabelStore:0.36333333333333334
AspectGraph:0.34
RuleAspect:0.30666666666666664
AbstractGraphShape:0.29
ProductGTS:0.29
Level:0.2866666666666667
AspectMap:0.28
AspectualGraphView:0.25333333333333335
TypeGraph:0.25
NewRuleView:0.23
AspectJModel:0.22
LevelMap:0.20666666666666667
TypePanel:0.2
RegExprLabelParser:0.19305555555555554
EditorDialog:0.18666666666666668
DefaultTypeView:0.17666666666666667
StoredGrammarView:0.17666666666666667
DefaultRuleView:0.16
LabelTree:0.15
LinearStrategy:0.14333333333333334
BugReportDialog:0.13666666666666666
PreviewAction:0.11
Editor:0.10333333333333333
BoundedModelCheckingDialog:0.09666666666666666
MergeLabel:0.08666666666666667
AboutBox:0.07
Simulator:0.03900793650793651
