DefaultLabel:0.5516666666666666
RegExprMorphism:0.37333333333333335
IsoMatchFactory:0.37
GraphCondition:0.24666666666666667
IsoEdgeSearchItem:0.23333333333333334
