BufferedSource:0.59
Buffer:0.5366666666666666
RealBufferedSource:0.4866666666666667
BufferedSourceTest:0.16333333333333333
