BaseUpdateCommandMessage:0.535
DeleteCommandMessage:0.30142857142857143
InsertCommandMessage:0.30142857142857143
