GTS:0.46
SetView:0.32666666666666666
DefaultAnchorFactory:0.2833333333333333
PatternGraph:0.23833333333333334
AbstractPatternGraph:0.22333333333333333
StateCache:0.21
UnmodifiableSetView:0.19
Util:0.1827777777777778
