ForwardingServerCall:0.5444444444444445
ForwardingServerCallListener:0.5066666666666667
ServerInterceptorsTest:0.46
ServerInterceptors:0.38333333333333336
Holder:0.17666666666666667
