MemoryStats:0.7533333333333333
LocalMemoryStatsImpl:0.37
HealthMetrics:0.29333333333333333
DefaultMemoryStats:0.29
LocalMemoryStatsImplTest:0.2633333333333333
