NettyResponseFuture:0.45666666666666667
JDKAsyncHttpProvider:0.41333333333333333
ApacheResponseFuture:0.22
JDKFuture:0.16777777777777778
JDKDelegateFuture:0.16
AsyncHttpUrlConnection:0.13333333333333333
