CommandoDialog:0.44
CommandoHandler:0.43333333333333335
ConsolePane:0.39666666666666667
BufferOutput:0.24666666666666667
