GeneralViewsMigrator:0.7327777777777779
SyncDataSourceMigrator:0.5357380952380953
