BusinessObjectFactoryPaginatorTest:0.6069444444444445
ConfigurationStrategy:0.4955555555555555
