Building:0.9316666666666666
SalvageProjectPanel:0.30333333333333334
