BulkWriteResult:0.6825555555555555
AcknowledgedBulkWriteResult:0.38333333333333336
BulkWriteBatchCombiner:0.25333333333333335
WriteCommandResultHelper:0.22666666666666666
UnacknowledgedBulkWriteResult:0.20333333333333334
