PharmacophoreMatcher:0.7127777777777777
PharmacophoreMatcherTest:0.6633333333333333
