Kernel32:0.7438888888888888
Kernel32Test:0.39
THREAD_START_ROUTINE:0.15694444444444444
FOREIGN_THREAD_START_ROUTINE:0.0
