MappingModelReader:0.5008888888888888
JsonProvider:0.43
JsonPath:0.36
JsonModel:0.31666666666666665
ScriptEngineJsonPath:0.23666666666666666
ExpressionEvalTest:0.22
JacksonProvider:0.17
JsonSmartProvider:0.17
JsonPathTest:0.17
JsonModelTest:0.16
