Public:0.45666666666666667
Tables:0.3088888888888889
Keys:0.02
UniqueKeys0:0.02
