Routing:0.5483333333333333
CollectPhase:0.52
Planner:0.44
TransportExecutorTest:0.25
GlobalAggregateConsumer:0.17333333333333334
Visitor:0.17111111111111113
TransportExecutorUpsertTest:0.14666666666666667
