X509Properties:0.5555555555555556
X509AuthenticationConfiguration:0.3933333333333333
Ldap:0.375
