StatementGenerator:0.48333333333333334
NameTable:0.31666666666666665
ObjectiveCImplementationGenerator:0.2833333333333333
StatementGeneratorTest:0.26666666666666666
OuterReferenceFixer:0.26
BindingMapVerifier:0.24083333333333334
OuterReferenceResolver:0.23333333333333334
