JavaConfigApplicationContext:0.9733333333333334
Sjc69Tests:0.24333333333333335
Sjc60Tests:0.24
Sjc54Tests:0.17
Sjc17Tests:0.17
