HTMLAnchorElement:0.5
HTMLInputElement:0.3433333333333333
HTMLTextAreaElement:0.2833333333333333
HTMLButtonElement:0.17166666666666666
HTMLLabelElement:0.145
HTMLAreaElement:0.14333333333333334
HTMLLegendElement:0.06666666666666667
