AtmosphereConfig:0.41333333333333333
AtmosphereServlet:0.39
Filter:0.29333333333333333
BlockingIOCometSupport:0.27944444444444444
AsynchronousProcessor:0.26
JMSBroadcaster:0.25666666666666665
GrizzlyApplication:0.23333333333333334
WebSocketHandshakeFilter:0.11
JerseyBroadcasterUtil:0.09333333333333334
