ApplicationEntityManagerImpl:0.4222222222222222
BusinessRule:0.31666666666666665
Constants:0.0
