EntityTableModel:0.6233333333333333
TableView:0.37666666666666665
SortableTableModel:0.331
SortClickMouseListener:0.25666666666666665
