Metadata:0.7333333333333333
ConnectorMetadata:0.2808333333333333
MetadataManager:0.28
HiveMetadata:0.2633333333333333
Optimizer:0.23333333333333334
ClassLoaderSafeConnectorMetadata:0.20666666666666667
RaptorMetadata:0.20666666666666667
TestHiveIntegrationSmokeTest:0.17666666666666667
