DbIpInterfaceEntry:0.6
DbSnmpInterfaceEntry:0.5566666666666666
CapsdConfigFactory:0.44
SuspectEventProcessor:0.27666666666666667
