TimeoutDemoFragment:0.49666666666666665
ConcurrencyWithSchedulersDemoFragment:0.2733333333333333
DebounceSearchEmitterFragment:0.11666666666666667
RxBusDemo_Bottom3Fragment:0.11666666666666667
RxBusDemo_Bottom2Fragment:0.11666666666666667
RxBusDemo_Bottom1Fragment:0.11666666666666667
