Commandline:0.8655555555555554
CommandLineTest:0.03666666666666667
