CanovaDataSetFunction:0.4468888888888889
CanovaSequenceDataSetFunction:0.41994444444444445
TestCanovaDataSetFunctions:0.2633333333333333
