DataServlet:0.5666666666666667
DataTypeListerServlet:0.28
DataObjectViewerServlet:0.21666666666666667
DataPointerValueConverter:0.11333333333333333
DataQueryServlet:0.11333333333333333
ErrorLogViewerServlet:0.11333333333333333
