Canvas:0.6022222222222223
GUI:0.3933333333333333
NewAction:0.29777777777777775
MapEditorMenuBar:0.24444444444444446
FreeColClient:0.23
