GceComputeService:0.5566666666666666
GceDiscoveryTests:0.38333333333333336
GceComputeServiceMock:0.32
GceDiscoveryPlugin:0.25666666666666665
GceModule:0.19333333333333333
GceNetworkTests:0.14
GceNameResolver:0.12666666666666668
GceComputeServiceImpl:0.11666666666666667
