HtmlPage:0.61
HtmlScript:0.44666666666666666
HTMLScriptElementTest:0.22666666666666666
Dojo090Test:0.06111111111111111
Dojo102Test:0.06111111111111111
