IRmiSWTWorkbenchBot:0.5281111111111111
Musician:0.42
RmiSWTWorkbenchBot:0.38333333333333336
SarosRmiSWTWorkbenchBot:0.31
ISarosRmiSWTWorkbenchBot:0.2769841269841269
TestFollowMode:0.08
BotConfiguration:0.03666666666666667
