FindCtrl:0.4866666666666667
Selector:0.38416666666666666
GwtMainPage:0.325
SearchResultsWidget:0.27
CustomJspWidgetDlgBox:0.22666666666666666
MastHead:0.22666666666666666
FolderWidgetDlgBox:0.21
WorkspaceTreeControl:0.12333333333333334
LinkToEntryWidgetDlgBox:0.08666666666666667
LinkToFolderWidgetDlgBox:0.08666666666666667
EntryWidgetDlgBox:0.08666666666666667
