PluginJAR:0.7866666666666666
JEditActionSet:0.26666666666666666
ServiceManager:0.25
DockableWindowFactory:0.25
PluginResURLConnection:0.1866666666666667
ManagePanel:0.1811111111111111
FindOrphan:0.15444444444444444
