Token:0.36666666666666664
MethodDescriptionTokenTest:0.20333333333333334
ParameterDescriptionTokenTest:0.19
FieldDescriptionTokenTest:0.19
