ComputedCSSStyleDeclaration:0.6733333333333333
ElementDefaultStyleDisplayTest:0.44
CSSStyleDeclarationTest:0.38333333333333336
HtmlDefinitionDescription:0.12
