JTextComponentTester:0.21666666666666667
FrameTester:0.16166666666666665
JListTester:0.12916666666666668
JComboBoxTester:0.12916666666666668
JComponentTester:0.12916666666666668
JPopupMenuTester:0.11
AbstractButtonTester:0.11
WindowTester:0.11
JTableTester:0.11
JMenuItemTester:0.04
JLabelTester:0.04
JRootPaneTester:0.04
DialogTester:0.04
ContainerTester:0.0
