CDKAtomTypeMatcher:0.48694444444444446
CDKAtomTypeMatcherTest:0.31166666666666665
