VintageTestDescriptor:0.25
ClassTestDescriptor:0.23333333333333334
DemoHierarchicalTestDescriptor:0.19666666666666666
DemoHierarchicalContainerDescriptor:0.19666666666666666
DynamicContainerTestDescriptor:0.18
AbstractTestDescriptor:0.17
MethodBasedTestDescriptor:0.15666666666666668
DynamicTestTestDescriptor:0.15
RunnerTestDescriptor:0.14333333333333334
DemoClassTestDescriptor:0.13666666666666666
JupiterTestDescriptor:0.12666666666666668
