Wallet:0.57
Transaction:0.53
TransactionOutput:0.36
Block:0.36
BloomFilter:0.31
PaymentChannelClient:0.22666666666666666
StoredPaymentChannelServerStates:0.22666666666666666
WalletTest:0.22
StoredPaymentChannelClientStates:0.21666666666666667
PaymentChannelServer:0.21333333333333335
WalletProtobufSerializerTest:0.2
PeerGroupTest:0.19666666666666666
BlockTest:0.19666666666666666
FilteredBlockAndPartialMerkleTreeTests:0.15
BloomFilterTest:0.14
PeerAddressTest:0.11333333333333333
GenerateLowSTests:0.10666666666666667
TestFeeLevel:0.08333333333333333
