TestLocalDate_Properties:0.35333333333333333
TestLocalTime_Properties:0.35
Property:0.31666666666666665
TestLocalDateTime_Properties:0.29
