StepFactory:0.54
ReturnStep:0.5233333333333333
ReturnAction:0.30333333333333334
SodbeansSoundMap:0.18
