MolecularDynamicsComputationWizard:0.30833333333333335
GeometryOptimizationComputationJob:0.25
GeometryOptimizationComputationWizard:0.24333333333333335
GhemicalPreferences:0.23
MolecularDynamicsComputationJob:0.22333333333333333
QuantumMechanicsComputationWizard:0.21166666666666667
IPreferenceConstants:0.12666666666666668
AbstractGhemicalComputationJob:0.11888888888888888
Messages:0.0
