DFHandler_KOTest:0.43
DFHandlerWithExtensionTest:0.3799444444444445
DFHandlerTest:0.34244444444444444
ServerXMLWidgetTest:0.3
ClientXMLDFHandlerSupp5Test:0.2966666666666667
CheckDefinitionAction3Test:0.29
DefaultXMLExporterTest:0.2833333333333333
CockpitConfigurationHandlerTest:0.2788888888888889
ClientXMLDFHandlerTest:0.2788888888888889
DFHandler_2Test:0.26666666666666666
UIPropertiesConstructorTest:0.26666666666666666
ClientWidgetsRefHandlerTest:0.26416666666666666
CheckDefinitionAction2Test:0.26138888888888884
ServerARINCExtensionsTest:0.26
XMLTypeTest:0.25666666666666665
MainLibrariesDependencyTest:0.24666666666666667
MapItemBindingTest:0.245
CheckDefinitionARINCRefTest:0.24333333333333335
JFXServerTransparentCockpitTest:0.24333333333333335
BasicServerEngineTest:0.2388888888888889
DFHandler_KO2Test:0.2388888888888889
ClientXMLDFHandlerWithExtensionTest:0.23888888888888885
ClientARINCExtensionsTest:0.23333333333333334
ProtocolInputDecoder_6Test:0.23333333333333334
DFHandler_3Test:0.2288888888888889
DFHandlerWithExtension2Test:0.2288888888888889
DFHandlerExtensionNotAllowedTest:0.2288888888888889
DFHandlerWithJFXExtensionTest:0.22633333333333336
SynthLookGeneratorTest:0.21555555555555553
ServerBinaryDFHandler_2Test:0.21333333333333335
JFXServerWrapperZoomTest:0.21333333333333335
ClientPropertiesLoaderTest:0.20666666666666667
SuperLayerGeneratorTest:0.20588888888888887
ServerEngineComm_3Test:0.20588888888888887
DFHandler_MapsTest:0.20255555555555552
ClientXMLDFHandler_KOTest:0.20222222222222222
ApplyScriptAction3Test:0.19666666666666666
ServerMessageProcessorTest:0.19666666666666666
MultiAppliGeneratorTest:0.19666666666666666
MapsPanelTest:0.19666666666666666
MultiAppliGenerator2Test:0.19666666666666666
MultiAppliGenerator3Test:0.19666666666666666
ClientEngineParserTest:0.1953888888888889
FrameworkDependencyTest:0.18666666666666668
DFHandlerWithJFXBehaviorTest:0.18116666666666667
AbstractWidgetRefHandlerTest:0.18116666666666667
EditorXMLDFHandlerKOTest:0.18
EditorXMLDFHandlerKO2Test:0.17666666666666667
NetworkCloneDecoderTest:0.17588888888888887
LayerTreeEditorCopyPaste3Test:0.16333333333333333
ClientXMLDFHandler_3Test:0.1622222222222222
ClientXMLDFHandlerExtensionNotAllowedTest:0.1622222222222222
ClientXMLDFHandler_2Test:0.15888888888888889
ClientWidgetsRefHandler5Test:0.15666666666666668
TestDataProvider:0.15
DefaultXMLExporterExtensionsTest:0.14666666666666667
ServerWrapperDebugBufferTest:0.14333333333333334
BasicJFXServerEngineTest:0.14333333333333334
ClientXMLDFHandlerMapsTest:0.14333333333333334
ClientXMLDFHandler_KO2Test:0.14333333333333334
ServerXMLWidgetTest2:0.13722222222222222
ClientXMLDFHandlerWithExtension2Test:0.13722222222222222
DFHandler_5Test:0.13666666666666666
DFHandler_4Test:0.13666666666666666
CockpitConfigurationHandlerKOTest:0.13666666666666666
JFXMapItemBindingTest:0.13555555555555554
ARINC661ServerInAppTest:0.12333333333333334
ExtensionServerFactoryTest:0.12333333333333334
CheckDefinitionAction4Test:0.12333333333333334
CheckDefinitionAction5Test:0.12333333333333334
DefaultDataProviderParserHandlerTest:0.12333333333333334
ExtensionClientFactoryTest:0.12333333333333334
ServerWrapperOffsetTest:0.12
LibrariesDependencyTest:0.11555555555555558
SwingClippingsTest:0.10333333333333333
MapsDFLoaderListenerTest:0.09333333333333334
ExtensionPropertiesTest:0.09
SwingStyleSetExtractionActionTest:0.06666666666666667
ClientXMLDFHandlerWithExtension3Test:0.06333333333333334
SetParameterStruct4Test:0.056666666666666664
EmbedClientConfigOutputTest:0.055
