SecuredObjectDAOProxy:0.49333333333333335
SecuredObjectDAOHibernateImpl:0.4066666666666667
DAOFactory:0.2633333333333333
DAOHibernateImpl:0.23333333333333334
PermissionDAOHibernateImpl:0.22
