IMethod:0.7533333333333333
RubyModelUtil:0.45666666666666667
NodeMethod:0.35
RubyMethod:0.1875
MethodOverrideTester:0.02666666666666667
RubyUIMessages:0.013333333333333334
TextMessages:0.0
IRubyEditorActionDefinitionIds:0.0
