Catalog:0.5733333333333334
ArchiveConductor:0.30333333333333334
CatalogTest:0.27
ReplaySessionTest:0.25333333333333335
ControlResponsePoller:0.12
RecordingSessionTest:0.11666666666666667
