Factory:0.37666666666666665
MaxParser:0.22333333333333333
SumParser:0.22333333333333333
AvgParser:0.22333333333333333
