PronominalCoref:0.7733333333333333
Coreferencer:0.3433333333333333
