AbstractCopyOnWriteMap:0.47
MongoQueryResultCallback:0.39666666666666667
MongoGetMoreResultCallback:0.39666666666666667
