SpriteDrawable:0.5766666666666667
Skin:0.37
NinePatchDrawable:0.3566666666666667
TextureRegionDrawable:0.18
