MapFacadeBean:0.5333333333333333
IPersistenceProvider:0.4377222222222223
HibernatePersistenceProvider:0.37333333333333335
EJBPersistenceProvider:0.33916666666666667
