TransportSQLActionTest:0.6419444444444444
SelectStatementAnalyzer:0.30666666666666664
GroupBySymbolValidator:0.21666666666666667
