Dao:0.6763888888888889
Manager:0.6763888888888889
DaoHibernate:0.39666666666666667
ManagerImpl:0.23333333333333334
InitializationCapable:0.14492063492063492
InitializationUtils:0.016666666666666666
