MyEdgeRenderer:0.8016666666666666
LoopRouting:0.4594444444444445
