Vehicle:0.8166666666666667
MapDisplay:0.37333333333333335
VehicleUIProxy:0.33
NavigatorWindow:0.2866666666666667
