AndroidTranslatorTest:0.7719444444444444
FakeHelper:0.3917222222222222
