QueryOptions:0.5366666666666666
Query:0.52
DBCursor:0.42
CountOperation:0.12666666666666668
FindAndReplaceOperation:0.05
FindAndRemoveOperation:0.05
DBCursorTest:0.04666666666666667
QueryMessage:0.013333333333333334
FindAndUpdateOperation:0.01
