HashCodeEqualsTester:0.49
OptionalMethodInterception:0.44
ByteBuddyInterceptor:0.38
ArrayFactory:0.3722222222222222
ByteBuddyTest:0.17
ArrayFactoryHashCodeEquals:0.06666666666666667
