InternalTerms:0.63
LongTerms:0.2
DoubleTerms:0.2
TermsBuilder:0.14333333333333334
TermsFacetParser:0.13333333333333333
TermsAggregatorFactory:0.09333333333333334
StringTermsAggregator:0.09333333333333334
LongTermsAggregator:0.09
DoubleTermsAggregator:0.09
TermsParser:0.08333333333333333
