UnitWindow:0.6766666666666665
TableStyle:0.47333333333333333
