ClientEngine:0.7766666666666666
ClientEndpoint:0.5633333333333334
ClientEngineImpl:0.21666666666666667
MapAddEntryListenerRequest:0.17
AddMembershipListenerRequest:0.15666666666666668
AddMessageListenerRequest:0.15666666666666668
AddListenerRequest:0.15666666666666668
AddEntryListenerRequest:0.15666666666666668
AddItemListenerRequest:0.15666666666666668
PartitionDataSerializerHook:0.14
