LearnTool:0.5833333333333334
InitDictionary:0.37333333333333335
ToAnalysisTest:0.23
NewWordFindDemo:0.15333333333333332
NlpDemo:0.15333333333333332
UserDefinedAnalysisTest:0.15
MyStaticValue:0.14083333333333334
TermNatures:0.10861111111111112
