PathToken:0.4266666666666667
ScanPathToken:0.29
JsonProvider:0.28
EvaluationContextImpl:0.18666666666666668
AbstractJsonProvider:0.18333333333333332
