HopLexer:0.5144444444444445
HopEditorLexer:0.15
HopTokenId:0.13333333333333333
AntlrCharStream:0.12333333333333334
HopLanguageHierarchy:0.11666666666666667
