FeaturesTableModel:0.4166666666666667
AnnotationEditDialog:0.37333333333333335
RowData:0.37
