AbstractNearCacheBasicTest:0.45
AbstractNearCachePreloaderTest:0.2866666666666667
TxnMapNearCacheBasicTest:0.24666666666666667
ClientCacheNearCachePreloaderTest:0.2
ClientCacheNearCacheBasicTest:0.17666666666666667
ClientMapNearCachePreloaderTest:0.17333333333333334
ClientMapNearCacheBasicTest:0.16
ClientReplicatedMapNearCacheBasicTest:0.15666666666666668
MapNearCacheBasicTest:0.13
LiteMemberMapNearCacheBasicTest:0.10333333333333333
