FuzzyDateFormatter:0.69
OutageSummary:0.34555555555555556
FuzzyDateFormatterTest:0.17666666666666667
