TypeChecker:0.7466666666666667
BinaryNotEqualsCustomCustomStep:0.25333333333333335
