RecordStore:0.9266666666666666
DefaultRecordStore:0.38
MapKeyLoader:0.37333333333333335
MapReplicationStateHolder:0.32
MapLoaderFailoverTest:0.19666666666666666
WriteBehindStateHolder:0.11666666666666667
MapReplicationOperation:0.10333333333333333
