TestExecutionContext:0.7433333333333333
TestExecutionNode:0.4266666666666667
EngineTestExecutionNode:0.275
