ControlSession:0.5033333333333333
ListRecordingsSession:0.49333333333333335
ArchiveConductor:0.41333333333333333
