EditorEngine:0.5866666666666667
AbstractEditorEngine:0.2966666666666667
JFXEditorDFRenderer:0.2930555555555555
SwingEditorDFRenderer:0.2722222222222222
DFListener:0.22
