MasterSlaveEntry:0.49666666666666665
ClusterConnectionManager:0.43333333333333335
SentinelConnectionManager:0.2633333333333333
