EhCacheVocabCache:0.5980555555555557
SerializationUtils:0.33666666666666667
WeightInitUtil:0.2966666666666667
