UniqueId:0.44333333333333336
ClassTestDescriptor:0.4166666666666667
MethodTestDescriptor:0.38666666666666666
DiscoverySelectorResolverTests:0.31666666666666665
NestedClassTestDescriptor:0.27666666666666667
JUnit5TestDescriptor:0.20333333333333334
ExtensionContextTests:0.17
JUnit5TestDescriptorTests:0.15
EqualsContract:0.14333333333333334
Creation:0.14
Formatting:0.13666666666666666
NestedClassTestDescriptorBuilder:0.09333333333333334
ExecutionListenerAdapterTests:0.09333333333333334
ClassTestDescriptorBuilder:0.07333333333333333
