HTMLElementTest:0.44666666666666666
HTMLAnchorElement:0.4238888888888889
HtmlAnchor2Test:0.34
