Comment:0.42
LagartoDOMBuilderTagVisitor:0.31666666666666665
CharScanner:0.30666666666666664
TagAdapterWrapper:0.22
LagartoParser:0.21666666666666667
TagAdapter:0.21333333333333335
LagartoNodeHtmlRenderer:0.21
TagWriter:0.20666666666666667
LagartoParserTest:0.18333333333333332
HtmlStaplerTagAdapter:0.14
EmptyTagVisitor:0.1308730158730159
TagVisitor:0.1308730158730159
TagWriterUtil:0.04666666666666667
