Empty:0.48
Cons:0.31333333333333335
Nil:0.2733333333333333
Node:0.2
