AbstractTransportTest:0.5433333333333333
ChannelImpl:0.373
CallImpl:0.23
TestUtils:0.18333333333333332
HttpUtil:0.15833333333333333
TimeoutMarshaller:0.08666666666666667
MetadataTest:0.06
