XMPPTransmitter:0.4633333333333333
ActivityQueue:0.3944444444444445
ITransmitter:0.25666666666666665
ActivitySequencer:0.19333333333333333
ActivityQueuesManager:0.17333333333333334
RequestActivityExtension:0.10166666666666667
