WindowManager:0.5666666666666667
ContainerVisitor:0.5033333333333333
Workbench:0.38
ContextHook:0.31333333333333335
Dispatcher:0.16944444444444445
TogglePrivate:0.16666666666666666
AbstractChange:0.15888888888888889
Swivel:0.11666666666666667
