Lifecycle:0.7133333333333334
Command:0.48
ServletConfig:0.32666666666666666
CommandGenerator:0.2111111111111111
