Configuration:0.5333333333333333
LineViewer:0.4066666666666667
MakumbaDownloadServlet:0.27666666666666667
GeneratedCodeViewer:0.20333333333333334
DataTypeListerServlet:0.2
MakumbaResourceServlet:0.19333333333333333
SourceViewControllerHandler:0.16
jspViewer:0.16
mddViewer:0.14666666666666667
javaViewer:0.08666666666666667
logicViewer:0.056666666666666664
DataToolsControllerHandler:0.015
MakumbaToolsControllerHandler:0.011666666666666667
