DrawableAlignment:0.51
Controller:0.2866666666666667
ThresholdPanel:0.25333333333333335
ResidueColourScheme:0.24133333333333334
ThresholdAction:0.19
ColourMenu:0.18666666666666668
AlignmentPanel:0.17444444444444446
PercentIdentityPopup:0.12
PercentIdentityAction:0.09666666666666666
