SDHModule:0.4533333333333333
WebserviceBean:0.36666666666666664
WebserviceBeanRemote:0.35
MetadataEntityManagerImpl:0.31666666666666665
KuwaibaService:0.22666666666666666
BusinessEntityManagerImpl:0.22333333333333333
RemoteBusinessObjectLightList:0.10666666666666667
