Job:0.5933333333333334
AbstractJob:0.36333333333333334
MappingJobImpl:0.3
MappingJob:0.216484126984127
StartProcessingJobOperation:0.12
MappingPhase:0.09222222222222222
KeyValueSourceMappingPhase:0.03666666666666667
