CaptureHttpServletResponse:0.5566666666666666
PageConfig:0.32666666666666666
XmlMetaDataProvider:0.29333333333333333
ConversationStudyModel:0.20666666666666667
SearchPageAction:0.1852777777777778
ContentTypeFilter:0.11
IncludeHttpServletRequest:0.10666666666666667
UrlURIResolver:0.10333333333333333
ServletOutputStreamConverter:0.10333333333333333
NoContentTypeResponse:0.07222222222222222
CharResponseWrapper:0.04
XsltFilter:0.02666666666666667
TimeFilter:0.0
MaxAgeFilter:0.0
