AtomContainer:0.7866666666666666
SaturationChecker:0.3466666666666667
