ColumnsBuilder:0.6366666666666667
ManyToOneWithFormulaTest:0.3655555555555556
