TypeDefinition:0.6533333333333333
OLParser:0.43333333333333335
JolieDocWriter:0.3
AbstractParser:0.26666666666666666
