SaxDefaultHandler:0.39
SaxErrorHandler:0.30333333333333334
XPathLocationParser:0.28
SaxParser:0.23333333333333334
SaxEntityResolver:0.21666666666666667
DefaultSourceFileExceptionList:0.17666666666666667
