WebSocket:0.6625555555555555
WebSocketImpl:0.6033333333333334
WebSocketClient:0.42333333333333334
WebSocketServer:0.27666666666666667
WebSocketAdapter:0.11666666666666667
