TypeDescriptor:0.43666666666666665
HopParser:0.3566666666666667
StepFactory:0.308
HopSymbolTableWalker:0.2991666666666667
DFA49:0.043333333333333335
DFA76:0.018333333333333333
DFA43:0.018333333333333333
DFA60:0.018333333333333333
DFA48:0.018333333333333333
generic_statement_scope:0.0033333333333333335
