MultiResourceItemReader:0.4033333333333333
FlatFileItemReader:0.3883333333333333
StaxEventItemReader:0.375
FlatFileItemReaderBasicTests:0.32
StaxEventItemReaderTests:0.29
