EVAOperation:0.5066666666666667
CollectResources:0.3566666666666667
MaintainGroundVehicleEVA:0.31666666666666665
RepairEVAMalfunction:0.2866666666666667
