JFXPainterUtils:0.44333333333333336
RendererUtils:0.3333333333333333
JFXRendererBridge:0.31
UIComponentsFactory:0.2866666666666667
JFXZoomManager:0.25333333333333335
JFXLineStyles:0.25
JFXRenderersHandler:0.24583333333333332
JFXMapSymbol:0.2422222222222222
JFXLayerPainter:0.23666666666666666
JFXSymbolPainter:0.23666666666666666
JFXServerGraphicsConfigHandler:0.23666666666666666
SynthConverterAction:0.23166666666666666
JFXUIManager:0.22
MaskContainerRenderer:0.21666666666666667
MutuExclRenderer:0.21666666666666667
JFXFactory:0.21666666666666667
PopUpMenuRenderer:0.20833333333333334
LookModelPlugin:0.19666666666666666
JFXLineStyle:0.19666666666666666
WindowsWindowManager:0.18666666666666668
PopUpPanelButtonRenderer:0.18333333333333332
PopUpMenuButtonRenderer:0.18
ExtractStyleSetsDialog:0.17666666666666667
JFXServerDisplay:0.16666666666666666
NumericReadoutRenderer:0.16666666666666666
JFXServerWindow:0.15666666666666668
BlinkingContainerRenderer:0.15
PictureToggleButtonRenderer:0.14
ToggleButtonRenderer:0.12666666666666668
SynthXMLLookParser:0.11666666666666667
StyleSetExtractionAction:0.10333333333333333
PicturePushButtonRenderer:0.08916666666666667
SymbolUtils:0.08666666666666667
PushButtonRenderer:0.08333333333333333
CheckBoxRenderer:0.08333333333333333
StyleSetWriter:0.08
JFXGeomUtils:0.06666666666666667
SwingStyleSetExtractor:0.013333333333333334
DefLineStyle:0.0033333333333333335
BlinkingTask:0.0025
