Class:0.65
Package:0.43666666666666665
Executable:0.33
Method:0.22111111111111115
Constructor:0.2
AnnotatedElements:0.18666666666666668
