Command:0.5533333333333333
SystemBuilder:0.4666666666666667
Time:0.43
Script:0.4033333333333333
Priority:0.30666666666666664
ScriptWindow:0.27666666666666667
MangoScriptUtilities:0.24
ScriptTest:0.15666666666666668
ShortCommand:0.155
ScriptModel:0.15
ScriptableCommand:0.07333333333333333
SafeModel:0.07333333333333333
LongCommand:0.056666666666666664
SerialParentCommand:0.05394444444444445
Commander:0.043333333333333335
SerialChildCommand:0.043333333333333335
ScriptTestCommand:0.04111111111111111
ParentCommand:0.03
SerialCommand:0.02861111111111111
ScriptCommandCellRenderer:0.024444444444444446
CommandUtilities:0.023333333333333334
BatchParentCommand:0.02
ScriptRunAction:0.013333333333333334
Restart:0.006666666666666667
ScriptUtilities:0.0
