UIRepeatListComponent:0.4866666666666667
SetIterationContext:0.2911111111111111
PointerConverter:0.21333333333333335
MakListDataModel:0.19111111111111112
