Clipboard:0.5433333333333333
Tabs:0.32666666666666666
ClipboardController:0.2733333333333333
ClipboardTag:0.24
ObjectKeys:0.19061111111111112
