Join:0.5116666666666667
Node:0.4766666666666667
ClusterManager:0.32
XmlConfigBuilder:0.2866666666666667
MulticastService:0.17111111111111113
