TransportReplicationAction:0.44666666666666666
IndexShardOperationsLock:0.4083333333333333
AsyncReplicaAction:0.38666666666666666
AsyncPrimaryAction:0.20666666666666667
