BatchMakeP12Command:0.7633333333333333
RevocationApprovalTest:0.31
CommonEjbcaWS:0.25333333333333335
EjbcaWSTest:0.25333333333333335
ApprovalEnforcedByCertificateProfileTest:0.22
EjbcaWSNonAdminTest:0.18333333333333332
ApprovalSessionTest:0.17333333333333334
CrmfRAPbeRequestTest:0.14666666666666667
XKMSSigTest:0.14
EncryptPwdCommand:0.13666666666666666
SVGTemplatePrinterCommand:0.13666666666666666
BatchMakeP12CommandTest:0.043333333333333335
UpgradeCommand:0.04
CaActivateCACommandTest:0.0033333333333333335
