SoundConstants:0.894626984126984
AudioPlayer:0.8733333333333333
