ClientConductor:0.5497777777777778
DriverConductor:0.4
ClientConductorTest:0.37
ConnectionMessageFlyweight:0.2866666666666667
DriverListenerAdapter:0.21333333333333335
DriverListener:0.19661111111111113
SamplesUtil:0.16333333333333333
ClientProxy:0.15333333333333332
InactiveConnectionHandler:0.09853968253968254
