Builder:0.43333333333333335
ZooKeeperRegistrarService:0.37666666666666665
AgentZooKeeperRegistrar:0.2833333333333333
ZooKeeperRegistrarServiceTest:0.26
AgentService:0.18666666666666668
Update:0.1841666666666667
MasterZooKeeperRegistrar:0.11666666666666667
