BlojsomUtils:0.6933333333333334
BlogEntry:0.5133333333333333
BlojsomServlet:0.4033333333333333
BlojsomConstants:0.02
