Entry:0.54
InternalSearchHit:0.45
SnapshotShardsService:0.25333333333333335
ClusterStateDiffIT:0.22666666666666666
FieldsVisitor:0.21666666666666667
MatchedQueriesFetchSubPhase:0.14333333333333334
TransportAddressSerializers:0.08333333333333333
