NullLiteral:0.4066666666666667
Assignment:0.38666666666666666
SetStatement:0.27
TestStatementBuilder:0.22666666666666666
SetStatementAnalyzer:0.21666666666666667
Literal:0.20722222222222222
MatchPredicateColumnIdent:0.19777777777777777
SetAnalyzerTest:0.16
