PartitionResult:0.44333333333333336
Partition:0.3888888888888889
SplitManager:0.3466666666666667
