PaymentAck:0.49333333333333335
Builder:0.4633333333333333
Protos:0.37333333333333335
TwoWayChannelMessage:0.31666666666666665
PaymentChannelClient:0.2966666666666667
TwoWayChannelMessageOrBuilder:0.23833333333333334
ChannelConnectionTest:0.21333333333333335
PaymentChannelServer:0.19
ExamplePaymentChannelServer:0.17
ServerHandler:0.11
RecordingServerConnection:0.09
PaymentAckOrBuilder:0.03666666666666667
