ApplicationDiscoveryListener:0.44333333333333336
PreferMinifiedFilteringResourceResolver:0.28888888888888886
DefaultServiceInstanceConverter:0.20666666666666667
ResourcePatternResolvingResourceResolver:0.15666666666666668
ConcatenatingResourceResolver:0.15333333333333332
