PyMethod:0.55
PyFunction:0.3466666666666667
PyReflectedFunction:0.25
_newmodule:0.25
PyClassMethod:0.17555555555555558
SynchronizedCallable:0.14333333333333334
JavaFunc:0.13333333333333333
