AllTests:0.41
MoreTypes:0.36
OptionalBindingTest:0.3566666666666667
ErrorMessagesTest:0.2966666666666667
NullableInjectionPointTest:0.29
InjectionPoint:0.23333333333333334
MemberImpl:0.22833333333333333
