TreeConverter:0.6366666666666667
JavacParser:0.4766666666666667
JavacEnvironment:0.23333333333333334
