DSL:0.6466666666666666
DSLContext:0.5930555555555557
DefaultDSLContext:0.31666666666666665
