ModelCollection:0.39666666666666667
Eval:0.39666666666666667
JnetConstants:0.3933333333333333
NodeCollection:0.30666666666666664
