Duration:0.58
GwtTaskHelper:0.4988888888888889
EventHelper:0.47333333333333333
