UncompressedDoubleBlockCursor:0.43333333333333335
UncompressedSliceBlockCursor:0.36
UncompressedLongBlockCursor:0.36
UncompressedBlockCursor:0.3233333333333333
