TimerStateFigure:0.6133333333333333
ChooseItemDialog:0.4866666666666667
