Constants:0.4816666666666667
AbstractSymmetricEngine:0.41
DynamicPropertiesFiles:0.22
DynamicPropertiesFilesUnitTest:0.03666666666666667
