ViewNode:0.49666666666666665
ViewLoaderTest:0.4166666666666667
ResourceLoaderTest:0.3233333333333333
ShadowArrayAdapter:0.23
ShadowLayoutInflater:0.18666666666666668
