ChannelImpl:0.5566666666666666
AbstractChannelBuilder:0.3466666666666667
ChannelImplTest:0.3
RealChannel:0.14564814814814814
