Mapping:0.7938888888888889
DocumentMapperMergeTests:0.12333333333333334
