ITransportManager:0.5063055555555556
HttpTransportManager:0.4693333333333334
AbstractTransportManager:0.35
InternalTransportManager:0.34
TransportManagerFactoryBean:0.25
AckServlet:0.12333333333333334
