AnnotationSchema:0.7433333333333333
FeatureSchema:0.5333333333333333
TestXSchema:0.18
