Record:0.6566666666666666
BioObjectRecord:0.49333333333333335
JsScriptGenerator:0.29333333333333333
RecordingAdvice:0.16333333333333333
