Cookie:0.6
RemoteSiteTest:0.26666666666666666
KeyValuePairsParser:0.26666666666666666
GrizzlyResponse:0.22333333333333333
