MetricsRegistry:0.49611111111111106
ClientEndpoint:0.4072222222222222
ClientEndpointImpl:0.38333333333333336
HazelcastClientInstanceImpl:0.32666666666666666
ClientEngine:0.29003968253968254
ClientConnection:0.21166666666666667
LongGaugeImpl:0.15333333333333332
DoubleGaugeImpl:0.15333333333333332
MetricsRegistryImpl:0.13333333333333333
ClientExecutionServiceImpl:0.1
ClientEngineImpl:0.09333333333333334
DefaultMessageTaskFactoryProvider:0.07333333333333333
