CodeCompiler:0.57
__builtin__:0.45916666666666667
Module:0.32666666666666666
