UploadFilesTableModel:0.9011111111111112
SharedFilesTableModel:0.5344444444444444
