CacheTestCaseBase:0.6591666666666667
PessimisticJBossCacheTest:0.3566666666666667
OptimisticJBossCacheTest:0.3566666666666667
