RecordProjectOperator:0.4866666666666667
TestQueries:0.43333333333333335
TestDelimitedRecordIterable:0.38666666666666666
ImportField:0.21
ImportPartition:0.18333333333333332
ImportJob:0.18
RecordProjectionOperator:0.15333333333333332
TestTpchBlocksProvider:0.14333333333333334
TestDatabaseStorageManager:0.13333333333333333
GeneratingTpchDataProvider:0.13333333333333333
TestRecordProjectionOperator:0.13333333333333333
ConvertCsv:0.11666666666666667
LocalShardManager:0.10583333333333333
ImportRecordCursor:0.09666666666666666
