ServerEngine:0.5766666666666667
ServerConfigurationParser:0.28
EditorEngine:0.27666666666666667
StandAloneServerGUI:0.2625
CockpitConfigurationHandler:0.25
MessageDecoder:0.23666666666666666
ServerXMLDFHandler:0.23583333333333334
RotationContainerRenderer:0.23333333333333334
ARINC661App:0.21666666666666667
ServerWrapper:0.2
ServerMessageConstructor:0.19666666666666666
EditorPanel:0.17666666666666667
RendererTest:0.16666666666666666
ServerEngineComm_3Test:0.16
AbstractServerEngine:0.15666666666666668
RendererUITest:0.13666666666666666
ServerEngineParserTest:0.13666666666666666
BasicServerEngine_2Test:0.13666666666666666
ServerEngineCommTest:0.13666666666666666
BasicServerEngineTest:0.13666666666666666
Renderer_2Test:0.13666666666666666
BasicServerEngine_3Test:0.13666666666666666
ServerEngineParser_2Test:0.13666666666666666
ServerDFHandler:0.11
