Builder:0.9166666666666666
Util:0.38
MethodSpecTest:0.2833333333333333
