GraphState:0.62
Action:0.6066666666666667
MatchResult:0.48333333333333334
GraphTransition:0.47333333333333333
RuleTree:0.44333333333333336
Recipe:0.39666666666666667
SimulatorModel:0.3333333333333333
GTS:0.33
MatchTreeNode:0.32
RecipeTransitionTreeNode:0.25333333333333335
RuleTransitionStub:0.22166666666666668
ShapeState:0.22
StateTree:0.2
StateCache:0.2
LTSDisplay:0.19666666666666666
MatchApplier:0.19333333333333333
RecipeTreeNode:0.19333333333333333
DefaultGraphNextState:0.1911111111111111
LTSJGraph:0.19
AbstractGraphState:0.19
RecipeEvent:0.18666666666666668
SymbolicStrategy:0.17666666666666667
GraphNextState:0.17
RecipeEntry:0.16666666666666666
ShapeNextState:0.16666666666666666
ApplyMatchAction:0.16333333333333333
MyMouseListener:0.14777777777777779
PriorityComparator:0.14666666666666667
StateSelectionListener:0.12
RuleSelectionListener:0.11666666666666667
GraphTransitionKey:0.11222222222222224
Comparator:0.0
