DisplayWizardPage:0.7033333333333334
PredictWizard:0.36333333333333334
