Header:0.6333333333333333
AllowFromStrategy:0.41655555555555557
HeadersBeanDefinitionParser:0.34
HeadersFilter:0.22333333333333333
RegExpAllowFromStrategy:0.19777777777777777
WhiteListedAllowFromStrategy:0.19777777777777777
StaticHeadersWriter:0.1811111111111111
StaticHeaderWriterTests:0.14666666666666667
StaticAllowFromStrategy:0.08
