ExampleSubscriber:0.7305555555555555
RateSubscriber:0.7305555555555555
Ping:0.63
ExampleConfiguration:0.02
