ShardSearchTransportRequest:0.5266666666666666
ShardSearchTransportRequestTests:0.37
ShardSearchLocalRequest:0.3466666666666667
AbstractSearchAsyncAction:0.3466666666666667
