Euler:0.5566666666666666
Parser:0.5166666666666667
BuiltinManager:0.23333333333333334
