DataTableFolderViewBase:0.5983333333333334
TrashView:0.37666666666666665
CopyEntriesCmd:0.18
MoveEntriesCmd:0.18
