Context:0.5922222222222223
MediaDriver:0.43333333333333335
LossDetector:0.36666666666666664
Configuration:0.16666666666666666
BasicPublisher:0.16333333333333333
