Option:0.37
EscalationActionHandler:0.26
ReceiveMessageNodeFigure:0.21333333333333335
FreemarkerTag:0.20666666666666667
AssignmentHandler:0.16333333333333333
MultiInstanceState:0.15666666666666668
MultipleSelectTag:0.14333333333333334
TypeConversionUtil:0.14333333333333334
VariableExtractionHelper:0.13666666666666666
ViewListTag:0.10333333333333333
FormHashModel:0.09333333333333334
RemoveObjectFromListActionHandler:0.09333333333333334
AddObjectToListActionHandler:0.09333333333333334
SendMessageNodeFigure:0.06
