LogicalPlannerTest:0.4766666666666667
AnalyzedView:0.45666666666666667
LogicalPlanner:0.31666666666666665
ViewsITest:0.21
