Default:0.53
AgentBuilder:0.4033333333333333
ExecutingTransformer:0.33666666666666667
Delegator:0.32666666666666666
ForLoadedType:0.3
TypeDescriptionForLoadedTypeTest:0.25666666666666665
Factory:0.25666666666666665
AgentBuilderDefaultTest:0.19666666666666666
BridgeMethodImplementation:0.19166666666666668
Ignoring:0.17444444444444443
AgentBuilderDefaultApplicationTest:0.17
Transforming:0.16777777777777778
Collector:0.03
