CmpServlet:0.6016666666666667
CmpTcpCommandHandler:0.5033333333333333
CmpMessageDispatcherSessionBean:0.44
