Insert:0.4166666666666667
InsertFromValues:0.37333333333333335
InsertFromValuesAnalyzerTest:0.36666666666666664
TestStatementBuilder:0.3433333333333333
InsertFromSubQueryAnalyzerTest:0.22
InsertFromSubQueryAnalyzer:0.21666666666666667
InsertFromValuesAnalyzer:0.20333333333333334
InsertFromSubquery:0.17666666666666667
