Tab:0.8288888888888889
WarehouseTest:0.4066666666666667
