BaseNeuralNetwork:0.61
RBM:0.46
DenoisingAutoEncoder:0.30666666666666664
NeuralNetworkOptimizer:0.20666666666666667
GaussianRectifiedLinearRBM:0.13666666666666666
