UniqueIdSelectorResolverTests:0.3
TestClassRequestResolverTests:0.2733333333333333
LogRecordListener:0.22
UniqueIdReaderTests:0.19333333333333333
VintageDiscovererTests:0.16666666666666666
