Attribute:0.37333333333333335
SnmpCollectorTestCase:0.34
AttributeVisitor:0.3316666666666667
SnmpIfCollectorTest:0.32
NodeResourceType:0.21194444444444446
SnmpNodeCollectorTest:0.18666666666666668
SnmpIfCollector:0.18083333333333335
SnmpNodeCollector:0.175
