Node:0.84
JnetConstants:0.4816666666666667
NodeMover:0.32666666666666666
NodeCollection:0.3
Layouter:0.26
NBrowseApplet:0.23
JnetManager:0.19333333333333333
BallsRenderer:0.17
NodeMoverWithConstraints:0.15
HalosRenderer:0.10666666666666667
