Aligner:0.7886111111111112
SearchController:0.5867777777777777
