InitializationNormalizer:0.4816666666666667
StatementGeneratorTest:0.4633333333333333
ObjectiveCImplementationGeneratorTest:0.41333333333333333
InitializationNormalizerTest:0.2833333333333333
