ResourceCache:0.4166666666666667
CollectionMap:0.41002777777777777
AbstractJPPFClassLoader:0.41
AbstractJPPFClassLoaderLifeCycle:0.2866666666666667
JPPFSynchronizedSoftCache:0.2633333333333333
JPPFHashMapCache:0.2633333333333333
AbstractCollectionMap:0.20333333333333334
MyConnectionStrategy:0.1
JPPFMapCache:0.09166666666666666
