BasicAttribute:0.4666666666666667
TemporalTypeResolver:0.2833333333333333
CompositeAttributeTypeResolver:0.19
EnumeratedTypeResolver:0.15
LobTypeResolver:0.15
