PaymentChannelClient:0.6422222222222221
PaymentChannelClientConnection:0.5
ChannelConnectionTest:0.21333333333333335
