Layer:0.76
RastriginFunctionModel:0.34
MultiLayerNetwork:0.33666666666666667
ConvolutionLayer:0.3
GravesLSTM:0.28
SimpleOptimizableModel:0.2633333333333333
BaseLayer:0.26
SubsamplingLayer:0.22
