PropertyCriteriaPanel:0.37666666666666665
WFSPanel:0.3566666666666667
I18N:0.3566666666666667
WFSOptionsPanel2:0.24833333333333332
UpdateWFSLayerPlugIn:0.24333333333333335
SpatialCriteriaPanel:0.23
RequestTextArea:0.22833333333333333
PropertySelectionPanel:0.20333333333333334
LoginDialog:0.19
WFSPlugIn:0.18
WFSFrame:0.15333333333333332
WFSPanelButtons:0.11666666666666667
