SessionPropertyManager:0.5333333333333333
ExpressionInterpreter:0.5
TablePropertyManager:0.31833333333333336
