TokenQueue:0.41
QueryParser:0.3566666666666667
Or:0.14
TagEndsWith:0.11333333333333333
SelectorTest:0.092
