Param:0.7283333333333334
XmlUtil:0.5566666666666666
NewProcessDefinitionWizard:0.4666666666666667
ValidatorDefinition:0.36333333333333334
