DicomObject:0.8833333333333333
BasicDicomObject:0.4
BasicDicomElement:0.35777777777777775
FilteredDicomObject:0.23333333333333334
