GerberGCode:0.6533333333333333
PrintTabFrame:0.39
PCB:0.38333333333333336
