ViewMap:0.6095277777777778
AbstractView:0.5033333333333333
OutsidePlantView:0.3933333333333333
OutsidePlantViewDashboardWidget:0.19361111111111112
AbstractMapProvider:0.19281746031746033
ObjectView:0.18666666666666668
GoogleMapsMapProvider:0.13805555555555554
BusinessObjectViewEdge:0.13666666666666666
BusinessObjectViewNode:0.13666666666666666
NewPhysicalConnectionWizard:0.11666666666666667
