CertificateProfile:0.6633333333333333
CaTokenSessionBean:0.32
CVCCA:0.2538888888888889
AuditDevicesConfig:0.25
BasicCertificateExtension:0.25
X509CAInfo:0.2277777777777778
CertificateStoreSessionBean:0.22333333333333333
CrlCreateSessionBean:0.20333333333333334
X509CertificateAuthenticationToken:0.19416666666666665
CertificateCreateSessionBean:0.18
