ShadowView:0.5633333333333334
LinearLayout:0.2733333333333333
GridLayout:0.2633333333333333
FrameLayout:0.2633333333333333
RelativeLayout:0.2633333333333333
DrawerLayout:0.2633333333333333
Button:0.23666666666666666
ImageView:0.20333333333333334
ShadowGenerator:0.19333333333333333
ImageActionButton:0.13333333333333333
SVGActionButton:0.13333333333333333
ButtonsActivity:0.09333333333333334
