NeuralNetwork:0.571888888888889
Builder:0.38
DenoisingAutoEncoder:0.3333333333333333
RBM:0.32666666666666666
BaseNeuralNetwork:0.30666666666666664
BaseMultiLayerNetwork:0.26666666666666666
DBN:0.20333333333333334
StackedDenoisingAutoEncoder:0.12666666666666668
DAMnistTest:0.04583333333333333
RBMMnistTest:0.04416666666666667
MnistDbnTest:0.04
