Request:0.7266666666666667
RequestImpl:0.36333333333333334
NettyRequestFactory:0.35333333333333333
RequestBuilderBase:0.29
NettyByteArrayBody:0.28
