GAMEAdapter:0.7327777777777779
SetDetailPanel:0.39277777777777784
