Version:0.4
ElasticsearchIntegrationTest:0.38333333333333336
Builder:0.33666666666666667
StringTermsTests:0.19666666666666666
MapperBuilders:0.19333333333333333
DocumentMapperParser:0.17
ExistsFilterParser:0.16666666666666666
MissingFilterParser:0.13666666666666666
VersionTests:0.09
