InvitationDialog:0.37666666666666665
FileList:0.36666666666666664
NewSessionAction:0.33222222222222225
SessionManager:0.23666666666666666
ISessionManager:0.2132777777777778
IncomingInvitationProcess:0.20694444444444446
OutgoingInvitationProcess:0.19833333333333333
PartialProjectSelectionDialog:0.06
GeneralNewSessionAction:0.04666666666666667
PartialNewSessionAction:0.0
