RosterEntryElement:0.47
ChatRoomsComposite:0.3333333333333333
ChatLine:0.31333333333333335
SarosView:0.28
