ThrottleController:0.6633333333333333
DownloadWorker:0.3233333333333333
