AEProperties:0.5266666666666666
ApplicationEntityProvider:0.4266666666666667
ApplicationEntityProviderTest:0.30666666666666664
DicomURLHandlerTest:0.27
