MetaModel:0.7733333333333333
WarehousesTest:0.2733333333333333
CalculatorsListener:0.24333333333333335
XHibernate:0.19666666666666666
