JVM:0.5366666666666666
ExecTracker:0.46
Logger:0.2624444444444444
EventDispatchThread:0.25
RobotManagerView:0.23333333333333334
