MFlipPanel:0.47
GHNSDialog:0.30333333333333334
MTaskPanel:0.28
AbstractTransition:0.2733333333333333
FadeEffect:0.18944444444444444
AnimationComponent:0.1766111111111111
NewFolderDialog:0.17333333333333334
MoveEffect:0.056666666666666664
PushEffect:0.05
View:0.03
