GwtViewHelper:0.6033333333333334
CommentsInfo:0.49222222222222217
CommentsCell:0.23
