StringWrapper:0.5033333333333333
XMLWidget:0.48133333333333334
MapContextSource:0.44
Channel:0.43
AbstractWindowManager:0.42333333333333334
ARINCMapHorzItems:0.3827777777777778
ServerGUI:0.3751190476190476
ConcreteLayerPainter:0.35333333333333333
ServerLayout:0.32666666666666666
Property:0.32
AbstractBinaryDFHandler:0.31666666666666665
ServerXMLObjectAttribute:0.2966666666666667
LayerRendererBridge:0.29333333333333333
EditorPropertyTable:0.29333333333333333
DefaultProcessingListener:0.27
BasicContainerRenderer:0.27
ClientConfigurationParser:0.2633333333333333
WindowsWindowManager:0.26
AbstractServerGUI:0.25666666666666665
EmbeddedWindowsManager:0.25666666666666665
FontElement:0.25333333333333335
PropertyTable:0.25333333333333335
G2DGLShapeDrawer:0.24666666666666667
StringValue:0.24666666666666667
SynthPanelUI:0.24333333333333335
SynthTableHeaderUI:0.24
AbstractConfigurationParser:0.23666666666666666
ServerXMLSymbolsHandler:0.23666666666666666
NativeWindowManager:0.23666666666666666
LabelRenderer:0.23333333333333334
SynthRectangleUI:0.23333333333333334
CharValue:0.23
BooleanValue:0.23
FloatValue:0.23
MapGridRenderer:0.22666666666666666
MapHorzItemsRenderer:0.22333333333333333
MapHorzPanelRenderer:0.22333333333333333
MapVertPanelRenderer:0.22333333333333333
WidgetMessage:0.22333333333333333
DummyProtocol:0.22166666666666668
RawState:0.21838888888888888
ServerMessageProcessor:0.21833333333333332
EditorXMLDFHandler:0.21666666666666667
MutuExclRenderer:0.21666666666666667
MultiLineLabel:0.21666666666666667
ARINCMapHorzSource:0.21333333333333335
MessageDialog:0.21333333333333335
ARINCMapVertSource:0.21333333333333335
LabelRendererTest:0.21333333333333335
SizeToFitContainerRenderer:0.21333333333333335
ARINCMapVertItems:0.21
AbstractRawStyle:0.20666666666666667
ServerWrapper:0.20666666666666667
ARINCMapVertPanel:0.20222222222222222
SynthComboBoxEditor:0.19666666666666666
EditorBinaryDFHandler:0.19666666666666666
BasicWindowManager:0.195
AbstractMapItemList:0.19333333333333333
SynthWriter:0.19333333333333333
ARINCMapHorzPanel:0.1922222222222222
ARINCLabelComplex:0.19
LongValue:0.19
ShortValue:0.19
StringWrapperTest:0.18333333333333332
BufferOfItemsInfo:0.18333333333333332
TestWidgetRenderer:0.18166666666666667
EditorDFHandler:0.18166666666666667
WidgetEvent:0.18166666666666667
DefaultXMLExporter:0.18
EntryValue:0.18
LabelRenderer2Test:0.18
LongLongValue:0.18
ServerComUtilities:0.17666666666666667
ClientBinaryDFHandler:0.17333333333333334
ServerXMLDFHandler:0.16833333333333333
EditorEngine:0.16833333333333333
ServerGUITools:0.165
ServerBinaryDFHandler:0.15666666666666668
WindowManagerFactory:0.15555555555555556
ServerXMLExtension:0.15333333333333332
PropertyGenerator:0.15333333333333332
ServerLayerEvent:0.14333333333333334
ClientComUtilities:0.12333333333333334
SynthConstants:0.10666666666666667
AbstractCockpitWindowManager:0.08916666666666667
ARINCLabel:0.08333333333333333
TestUtilities:0.043333333333333335
TextureElement:0.0
