JedisClusterInfoCache:0.5886111111111112
BinaryJedisCluster:0.5316666666666666
JedisClusterConnectionHandler:0.26666666666666666
