ShardManagerDao:0.8408333333333333
DatabaseShardManager:0.22833333333333333
TestShardManagerDao:0.22
