JChemPaint:0.6616666666666666
JCPEditorAppletMenuTest:0.6033333333333334
JCPEditorAppletUndoRedoTest:0.24
