StringUtils:0.9633333333333334
PubProperties:0.37666666666666665
