Messages:0.4666666666666667
Duration:0.4522222222222223
PhraseDecliner:0.33666666666666667
PhraseDecliner_ru:0.2833333333333333
PhraseDeclinerFactory:0.13333333333333333
