SocketIOClient:0.6754999999999999
NamespaceClient:0.42
ClientOperations:0.3361111111111111
XHRPollingTransport:0.2866666666666667
BroadcastOperations:0.24333333333333335
FlashPolicyHandler:0.09
AckEntry:0.03
