InsertImpl:0.62
InsertQuery:0.596388888888889
InsertQueryImpl:0.5666666666666667
InsertOnDuplicateStep:0.17833333333333334
Keywords:0.08666666666666667
