MainFrame:0.575
NameBearerHandle:0.5066666666666667
SerialControllerEditor:0.42333333333333334
