Filter:0.4666666666666667
TheoryAnchor:0.4
CompositeRunner:0.32666666666666666
Sorter:0.22666666666666666
