ParameterAveragingTrainingMaster:0.44
SparkComputationGraph:0.4
AsyncMultiDataSetIterator:0.22333333333333333
ExecuteWorkerMultiDataSetFlatMap:0.20444444444444446
ExecuteWorkerFlatMap:0.11333333333333333
