ComputedCSSStyleDeclarationTest:0.5322222222222222
BrowserConfiguration:0.4766666666666667
StyleAttributes:0.43
