HttpTransportManager:0.56
AbstractServlet:0.42333333333333334
HttpOutgoingTransport:0.3466666666666667
TransportManagerFactoryBean:0.33666666666666667
