FeignTest:0.44666666666666666
Builder:0.35333333333333333
ResponseMappingDecoder:0.23333333333333334
