Entity:0.51
Column:0.26666666666666666
Field:0.24666666666666667
ColumnUMLNotation:0.16666666666666666
ColumnDDLUtils:0.16333333333333333
ColumnAbstract:0.16333333333333333
