GravesLSTM:0.73
FwdPassReturn:0.5766666666666667
GravesLSTMTest:0.10333333333333333
