BaseEditorPanel:0.6533333333333333
SelectableDNARenderer:0.5733333333333334
