View:0.5266666666666666
MetaView:0.5166666666666667
