Application:0.7366666666666667
LwjglCanvas:0.24
LwjglAWTCanvas:0.24
JglfwApplication:0.23333333333333334
GwtApplication:0.23333333333333334
LwjglApplication:0.22083333333333333
IOSApplication:0.20333333333333334
AndroidLiveWallpaper:0.20333333333333334
AndroidDaydream:0.2
AndroidApplication:0.17666666666666667
