HttpServerResponse:0.7911111111111111
HttpServerResponseImpl:0.6796666666666666
