ParameterMap:0.5366666666666666
AttributeMap:0.5166666666666667
MockExternalContext:0.44333333333333336
MockRequestContext:0.44333333333333336
AbstractAttributeMap:0.42
MutableAttributeCollection:0.40552380952380945
SharedMap:0.40552380952380945
MapAdaptable:0.40552380952380945
AnnotatedAction:0.39666666666666667
InputOutputMapper:0.38
AttributeCollection:0.34694444444444444
FormObjectAccessor:0.3466666666666667
SubflowState:0.34
EndState:0.3396666666666667
ViewSelection:0.3333333333333333
AnnotatedObject:0.30333333333333334
AbstractFlowExecutionTests:0.3
FormAction:0.29333333333333333
StringKeyedMapAdapter:0.2833333333333333
FlowAction:0.28
FlowArtifactFactoryAdapter:0.2733333333333333
FormActionTests:0.26666666666666666
MockFlowSession:0.25666666666666665
StatefulActionProxy:0.24416666666666667
FlowPropertyResolver:0.24416666666666667
XmlFlowBuilder:0.24
AbstractFlowBuilder:0.23666666666666666
FlowController:0.21666666666666667
PortletFlowController:0.21666666666666667
FlowVariable:0.21666666666666667
FlowSessionImpl:0.21333333333333335
SharedMapDecorator:0.21333333333333335
ServletExternalContext:0.21166666666666667
PortletExternalContext:0.21166666666666667
EventFactorySupport:0.20666666666666667
AbstractBeanInvokingAction:0.19333333333333333
BeanFactoryBeanInvokingAction:0.19305555555555554
StateTests:0.19
CompositeAction:0.19
FlowPropertyResolverTests:0.18666666666666668
XmlFlowBuilderTests:0.18
JsfExternalContext:0.17333333333333334
FlowExecutionTests:0.17
RedirectViewSelector:0.17
FlowArtifactParameters:0.15933333333333333
SetPortletModeAction:0.15666666666666668
TextToTransitionCriteriaTests:0.15333333333333332
ActionTransitionCriteriaTests:0.15333333333333332
EmptyAttributeCollection:0.15
MapAccessor:0.15
FlowExecutionParameterExtractorTests:0.14333333333333334
DefaultFlowAttributeMapperTests:0.14
DefaultBeanReturnValueEventFactory:0.13666666666666666
CompositeActionTests:0.13
MockFlowExecutionControlContext:0.13
TextToViewSelectorTests:0.12
MutableAttributeCollectionPropertyAccessor:0.11666666666666667
FlowExecutionImplTests:0.11666666666666667
BeanInvokingActionTests:0.11333333333333333
FlowRegistryPopulationTests:0.11
TestAction:0.1075
MockParameterMap:0.09333333333333334
StatefulActionProxyTests:0.085
DefaultActionMethodResolver:0.08333333333333333
AttributeMapperActionTests:0.08333333333333333
PersonIdMapper:0.08333333333333333
FormActionBindingTests:0.08333333333333333
OgnlExpressionParser:0.07666666666666666
MapAdaptablePropertyAccessor:0.05333333333333334
UnmodifiableAttributeMap:0.04
SharedAttributeMap:0.04
