AtmosphereGwtHandler:0.5372222222222223
ReflectorServletProcessor:0.4533333333333333
AtmospherePollHandler:0.2866666666666667
