StructureDiagramGeneratorTest:0.7466666666666667
RingPlacer:0.5222222222222223
