BlackVarianceCurve:0.4
PoissonDistribution:0.18666666666666668
CumulativeBinomialDistribution:0.15333333333333332
CumulativePoissonDistribution:0.14666666666666667
BinomialDistribution:0.12666666666666668
UnaryFunctionInteger:0.0011111111111111111
