ResultHolder:0.8833333333333333
ResultQueue:0.6827777777777778
TaskExecutorRepeatTemplate:0.36333333333333334
JdkConcurrentResultQueue:0.20666666666666667
BackportConcurrentResultQueue:0.20666666666666667
AbstractResultQueue:0.16666666666666666
ResultQueueFactory:0.11333333333333333
