DefaultSearchContext:0.5983333333333334
SearchService:0.38666666666666666
