LocalHardTokenSessionBean:0.571111111111111
LocalCertificateStoreSessionBean:0.5627777777777778
