NeurophProject:0.5333333333333333
NeurophProjectFactory:0.27666666666666667
NeurophProjectLogicalView:0.11
