Process:0.5033333333333333
AdHocCommand:0.46
IqAdHocCommands:0.4
IIoSchemataListener:0.395
ProcessStatus:0.29
ICommandListener:0.24672222222222218
ClientSession:0.21166666666666667
Function:0.17333333333333334
CommandProcessor:0.16666666666666666
MessageAdHocCommands:0.15333333333333332
IoSchemata:0.1
IoSchemataManager:0.06
ProcMsgManager:0.06
SyncIoSchemataListener:0.058333333333333334
SyncProcListener:0.04833333333333333
ProcIqManager:0.04
ExceptionGenerator:0.0
