Waiter:0.67
HttpClientRequest:0.5966666666666667
HttpClientRequestImpl:0.39666666666666667
HttpClientImpl:0.38
VertxHttp2ClientHandler:0.2733333333333333
Http2Pool:0.22
HttpClientRequestPushPromise:0.21
Http2ClientTest:0.2
Pool:0.17333333333333334
