ServiceErrors:0.7136111111111111
ErrorCodes:0.4442619047619048
ModuleConstantsExistenceChecker:0.44
