IOccurrencesFinder:0.4572222222222223
AbstractOccurencesFinder:0.24333333333333335
