JChemPaint:0.7533333333333333
JCPToolBar:0.32
JCPActionChangeMode:0.18
NewAction:0.15333333333333332
