CheckedProviderTest:0.36
SecondaryBinder:0.3433333333333333
ThrowingProviderBinder:0.3075
ThrowingProviderTest:0.25666666666666665
CheckedProviderMethod:0.22333333333333333
CheckedProviderMethodsModule:0.2
ResultException:0.013055555555555556
