RdtUiImages:0.9166666666666666
RubyOutlineLabelProvider:0.4666666666666667
