ISO19139CHEtoGM03:0.62
ISO19139CHEtoGM03small:0.33666666666666667
ISO19139CHEtoGM03Base:0.12333333333333334
Gm03BaseService:0.04666666666666667
Gm03smallService:0.023333333333333334
