ElementMatchers:0.5266666666666666
ElementMatchersTest:0.47333333333333333
GenericMethodType:0.24940873015873027
GenericConstructorType:0.24940873015873027
GenericFieldType:0.1276190476190476
DefinedShapeMatcher:0.056666666666666664
TokenMatcher:0.056666666666666664
