ChatEngine:0.48
ChatListener:0.36777777777777776
ChatManager:0.28
ChatFrame:0.18666666666666668
ChatFrameManager:0.12333333333333334
ChatReadWorker:0.08666666666666667
SendTextActionHandler:0.05
