MapService:0.5233333333333333
NearCache:0.38333333333333336
ClearOperation:0.31
InvalidateNearCacheOperation:0.22333333333333333
