JChemPaintGlobalPropertiesManager:0.5066666666666667
IJChemPaintGlobalPropertiesManager:0.4680555555555555
PreferenceConstants:0.33644444444444443
JChemPaintPreferencePage:0.30333333333333334
PreferenceInitializer:0.12
