GAMEAdapter:0.6433333333333333
AnnotationEditor:0.5755555555555555
ResultView:0.27666666666666667
