BinderHelper:0.5333333333333333
ListFolderHelper:0.38083333333333336
MenuTag:0.22
TitleLink:0.22
TypeToFindAjaxController:0.2
AjaxController:0.2
TreeTag:0.19333333333333333
SlidingTableTag:0.18
AltTag:0.16333333333333333
ToolbarTag:0.16333333333333333
SkipLinkTag:0.16333333333333333
TitleTagForEntityType:0.16333333333333333
ViewPermalinkController:0.11666666666666667
IfAccessibleTag:0.09
