MockSnmpAgent:0.6166666666666667
TestSnmpValue:0.5
SnmpCollectorTest:0.4166666666666667
MockSnmpMOLoader:0.18883333333333338
MockSnmpAgentTest:0.08333333333333333
PropsMockSnmpMOLoaderImpl:0.06
