Attribute:0.66
BusinessEntityManager:0.47
BusinessEntityManagerImpl:0.46
ElementGrid:0.33666666666666667
ComponentGrid:0.2833333333333333
SpareAndReservedDashboardWidget:0.14333333333333334
