FieldDefinition:0.7833333333333333
FieldDefinitionImpl:0.49333333333333335
FieldInfo:0.36
MDDAnalyzeWalker:0.24333333333333335
FieldNode:0.23644444444444446
mddViewer:0.21666666666666667
