Simulator:0.595
MatrixAutomaton:0.4066666666666667
MyRenderer:0.24333333333333335
MyEdgeRenderer:0.18666666666666668
EdgeAnchorFactory:0.07
