Settlement:0.6066666666666667
Building:0.38666666666666666
ThermalSystem:0.35333333333333333
Mind:0.26666666666666666
MainWindow:0.26666666666666666
Heating:0.26
TabPanelThermalSystem:0.22333333333333333
ElectricHeatSource:0.21777777777777782
PowerGeneration:0.21
TabPanelStructure:0.21
SolarThermalPowerSource:0.19
ThermalGeneration:0.18666666666666668
HeatTableModel:0.16
HeatSource:0.16
SolarHeatSource:0.14
PowerTableModel:0.12333333333333334
