GenericDispatcher:0.7366666666666667
BlojsomServlet:0.36666666666666664
