HelpSystem:0.5088403
HelpContext:0.043240897
