ConfigUtils:0.7766666666666666
Constants:0.5334444444444444
