ObjectUtils:0.585
StringUtils:0.4266666666666667
MimeParse:0.32666666666666666
