Layer:0.6666666666666666
MultiLayerNetwork:0.5433333333333333
ComputationGraph:0.37
SimpleOptimizableModel:0.32
BaseLayer:0.22333333333333333
TestComputationGraphNetwork:0.17333333333333334
MultiLayerTestRNN:0.08
ComputationGraphTestRNN:0.03333333333333333
