Reflector:0.6033333333333334
MetaClass:0.47333333333333333
MetaObject:0.36
Configuration:0.2866666666666667
BeanWrapper:0.22333333333333333
DefaultResultSetHandler:0.21666666666666667
MapperBuilderAssistant:0.21333333333333335
MetaObjectTest:0.20333333333333334
MapWrapper:0.20333333333333334
DefaultSqlSession:0.18666666666666668
XMLConfigBuilder:0.18333333333333332
MetaClassTest:0.17333333333333334
SystemMetaObject:0.16
ReflectorTest:0.12666666666666668
ParameterMappingTokenHandler:0.10666666666666667
DefaultMapResultHandler:0.05333333333333334
