Edge:0.4066666666666667
GraphBuilder:0.37
NameList:0.3466666666666667
CycleFinder:0.29
TypeNode:0.19333333333333333
