AdvancedEditor:0.5866666666666667
PropertyTreeWidget:0.47333333333333333
Callback:0.4633333333333333
