CrawlJob:0.4766666666666667
Heritrix:0.4266666666666667
CrawlJobHandler:0.3566666666666667
