GenerateType:0.5716666666666667
Processor:0.43666666666666665
ValuesTest:0.22
