TreeInfo:0.3566666666666667
GwtMainPage:0.2966666666666667
GwtServerHelper:0.26666666666666666
TreeDisplayVertical:0.2633333333333333
OnSelectBinderInfo:0.25666666666666665
TreeDisplayBase:0.18666666666666668
WorkspaceTreeControl:0.17666666666666667
GwtRpcServiceImpl:0.17
TreeDisplayHorizontal:0.16
