TestArray:0.7533333333333333
ArrayStoreInstruction:0.43
TestArrayJPF:0.33666666666666667
