ObjectNode:0.5166666666666667
ViewScene:0.36
ObjectViewTopComponent:0.30333333333333334
ObjectNodeWidget:0.24666666666666667
LocalObjectLightImpl:0.2275
ViewBuilder:0.17
LabelInplaceTextEditor:0.12
