Bundle:0.7066666666666667
LifecycleBundleTasks:0.3
StyleController:0.23666666666666666
BundleInvoker:0.22333333333333333
