FeatureProperty:0.8566666666666667
StyleWizard:0.35333333333333333
TypesWizard:0.32
