TransportSQLActionTest:0.41333333333333333
DropBlobTableAnalysis:0.29800000000000004
AnalysisVisitor:0.2833333333333333
BlobIndices:0.2
DDLAnalysisDispatcher:0.13666666666666666
