RuleContext:0.6233333333333333
ParseTree:0.5016666666666667
TestXPath:0.38
TerminalNodeImpl:0.30333333333333334
XPath:0.3
