ShadowMatrix:0.3466666666666667
AttributeResource:0.27666666666666667
ShadowAssetManager:0.2733333333333333
ShadowParcel:0.25
ShadowContextImpl:0.23799999999999996
RobolectricTestRunner:0.23799999999999996
ByteBuffer:0.23333333333333334
Qualifiers:0.22466666666666663
ShadowParcelTest:0.15666666666666668
ShadowLocaleDataTest:0.15666666666666668
ShadowLocaleData:0.11333333333333333
ShadowMatrixTest:0.11333333333333333
StyleDataTest:0.006666666666666667
