AspectGraph:0.581111111111111
AspectJModel:0.45666666666666667
AspectJGraph:0.39666666666666667
