SessionView:0.5566666666666666
PreferenceConstants:0.32255555555555554
AdvancedPreferencePage:0.24666666666666667
PreferenceInitializer:0.23
