OrdinalsBuilder:0.6033333333333334
IndexNumericFieldData:0.551111111111111
LongFieldDataTests:0.21333333333333335
AbstractFieldDataTests:0.19
DoubleArrayIndexFieldData:0.14
FloatArrayIndexFieldData:0.14
LongNestedSortingTests:0.13666666666666666
GeoPointDoubleArrayIndexFieldData:0.12666666666666668
HistogramFacetSearchBenchmark:0.11
IntegerNestedSortingTests:0.10666666666666667
ByteNestedSortingTests:0.10666666666666667
ShortNestedSortingTests:0.10666666666666667
