jdbcStatement:0.42833333333333334
TestCacheSize:0.31666666666666665
StringConverter:0.24
TableFilter:0.21666666666666667
TestDateTime:0.21666666666666667
