Editor:0.6066666666666667
Imager:0.2966666666666667
ExportGraphAction:0.25
Exporter:0.18666666666666668
