NettyResponseFuture:0.77
NettyRequestSender:0.30666666666666664
AsyncHttpClientHandler:0.2866666666666667
