SMIRKSTest:0.4666666666666667
MetaboliteGenerator:0.4277777777777778
SMARTCYPRuleRank1:0.36666666666666664
