LocalQueryRunner:0.7033333333333334
BenchmarkQueryRunner:0.30333333333333334
HiveBenchmarkQueryRunner:0.24666666666666667
