HazelcastClient:0.5433333333333333
XmlClientConfigBuilder:0.5233333333333333
XmlConfigBuilder:0.4666666666666667
HazelcastInstanceLoader:0.17666666666666667
HazelcastClientLoader:0.11333333333333333
