AbstractTestQueries:0.7232222222222222
Visitor:0.3333333333333333
