AbstractCacheService:0.6366666666666667
HazelcastClientCacheManager:0.42
ICacheService:0.28
CacheCreateConfigOperation:0.19666666666666666
