Indi:0.5333333333333333
PropertyName:0.4166666666666667
ReferenceSet:0.37333333333333335
PropertyChoiceValue:0.2866666666666667
