UCropActivity:0.7166666666666667
Options:0.6516666666666666
