ParameterizedTestExtension:0.31
FileArgumentsProvider:0.19333333333333333
MethodArgumentsProvider:0.18333333333333332
ArgumentsProvider:0.1317222222222222
TwoSingleStringArgumentsProvider:0.10666666666666667
