PubAndSubTest:0.6433333333333333
PongTest:0.42380555555555555
MultiDriverTest:0.29333333333333333
