Term:0.6633333333333333
Graph:0.33666666666666667
NlpAnalysis:0.26666666666666666
TestError:0.15666666666666668
MathUtil:0.15333333333333332
