XmlFlowBuilder:0.5116666666666667
FlowRegistrarSupport:0.3233333333333333
FlowRegistryPopulationTests:0.3
MyFlowRegistrar:0.16
FlowRegistryFactoryBean:0.14333333333333334
SimpleFlowBuilder:0.043111111111111114
