BuildingPanel:0.4
Cooking:0.3433333333333333
PreparingDessert:0.2733333333333333
PhysicalCondition:0.23333333333333334
SettlementTransparentPanel:0.22
PopUpBuildingMenu:0.18666666666666668
TabPanelManufacture:0.18333333333333332
TabPanelCooking:0.17
BuildingPanelFoodProduction:0.16
BuildingPanelMalfunctionable:0.13333333333333333
BuildingPanelFarming:0.13333333333333333
PromptComboBoxRenderer:0.13
BuildingPanelManufacture:0.12333333333333334
BuildingPanelPreparingDessert:0.11333333333333333
BuildingPanelCooking:0.11333333333333333
TabPanelFoodProduction:0.1
BuildingPanelMaintenance:0.1
BuildingPanelInhabitable:0.09666666666666666
BuildingPanelMedicalCare:0.09666666666666666
TabPanelBuildings:0.09
BuildingPanelVehicleMaintenance:0.07666666666666666
BuildingPanelResourceProcessing:0.07
BuildingPanelStorage:0.07
BuildingPanelResearch:0.06666666666666667
BuildingPanelAstronomicalObservation:0.06666666666666667
BuildingInfoPanel:0.05333333333333334
CustomScroll:0.03
