Options:0.5933333333333334
TranslationProcessor:0.38
J2ObjC:0.2866666666666667
