ServerStream:0.5124523809523811
GrpcUtil:0.44666666666666666
Utils:0.3933333333333333
AbstractServerStream:0.32666666666666666
TestUtils:0.25333333333333335
Http2NettyTest:0.21333333333333335
ServerCallImpl:0.20333333333333334
AbstractInteropTest:0.18666666666666668
PartialForwardingServerCall:0.17333333333333334
ServerTlsHandler:0.14333333333333334
NettyServerStream:0.12
ServerCall:0.07777777777777778
