JSONSerializer:0.6433333333333333
ASMSerializerFactory:0.35
SerializeFilterable:0.33666666666666667
JavaBeanSerializer:0.2733333333333333
