ReqHeaderInjector:0.49666666666666665
InsertByChainPItem:0.38416666666666666
AbstractAdaptor:0.34
RawView:0.2833333333333333
