CmpConfiguration:0.6797222222222223
SignSessionBean:0.5414444444444444
