Faces:0.6666666666666666
SkeletonModelGpuSkinningTest:0.5766666666666667
Geometry:0.3669047619047619
