StepExecution:0.7316666666666667
StepExecutionTests:0.2866666666666667
