ParsedTag:0.5980555555555557
LagartoHtmlRendererNodeVisitor:0.4
FormTagTest:0.31333333333333335
