FromImplementor:0.6871111111111111
AbstractFromImpl:0.46
CriteriaSubqueryImpl:0.41333333333333333
QueryStructure:0.2966666666666667
JoinScope:0.24666666666666667
CorrelationJoinScope:0.21
BasicJoinScope:0.05
