ProfileCoreProcessor:0.6533333333333333
User:0.37
DefaultProfileCoreProcessor:0.35
ProfileModuleImpl:0.33666666666666667
LdapModuleImpl:0.3
UserPrincipal:0.2733333333333333
GroupCoordinator:0.197
