MethodInterceptor:0.545611111111111
TestEnhancer:0.35
Enhancer:0.31
EnhancerGenerator:0.2755555555555555
BeforeAfterInterceptor:0.14
