DataLoaderService:0.5991666666666666
PushService:0.42333333333333334
PullService:0.41333333333333333
