AbstractServerEngine:0.6633333333333333
AbstractClientEngine:0.5047222222222223
