AbstractOptionElement:0.36666666666666664
JPPFColorScheme:0.30666666666666664
MonitoringPanel:0.2783333333333333
OptionPanel:0.27666666666666667
JPPFTiledWatermark:0.25666666666666665
TextAreaOption:0.25083333333333335
OptionsPanelActions:0.22333333333333333
JPPFTheme:0.22333333333333333
ListOption:0.21333333333333335
OptionsPageBuilder:0.21
AbstractOption:0.17
FileChooserOption:0.07666666666666666
JPPFWatermarkPlugin:0.015833333333333335
PreviewTool:0.013333333333333334
JPPFThemePlugin:0.0
