ScriptEditor:0.6905555555555556
ScriptEditorTest:0.4266666666666667
