SnmpCollector:0.45
RrdStrategy:0.3691111111111111
JRobinRrdStrategy:0.2833333333333333
JniRrdStrategy:0.28
NullRrdStrategy:0.28
QueuingRrdStrategy:0.23666666666666666
SnmpCollectorTest:0.14333333333333334
