OnmsUserNotification:0.5133333333333333
LazyUserNotification:0.39
UserNotificationId:0.36
UserNotificationMappingQuery:0.2733333333333333
UserNotificationDelete:0.14
UserNotificationFactory:0.14
FindByKey:0.11666666666666667
UserNotificationSaveOrUpdate:0.09333333333333334
UserNotificationUpdate:0.06333333333333334
UserNotificationSave:0.06333333333333334
