InternalAwsS3Service:0.4533333333333333
AwsEc2ServiceImpl:0.2633333333333333
CLOUD_AWS:0.14622222222222223
CLOUD_EC2:0.07333333333333333
CLOUD_S3:0.07333333333333333
