HTTPCommunicator:0.52
MemcacheTest:0.25333333333333335
RestTest:0.235
TextReadHandler:0.21333333333333335
ConnectionResponse:0.19894444444444442
