Context:0.5980555555555556
AbstractContext:0.38666666666666666
Strings:0.38333333333333336
Lang:0.37
SimpleContext:0.33666666666666667
Mvcs:0.22
NutMessageMap:0.07833333333333334
