AjaxViewRoot:0.4175
AjaxEventInterceptorRenderer:0.15666666666666668
BaseDojoParentComponentRenderer:0.15
DojoRenderer:0.15
ProgressiveCommandLinkRenderer:0.14333333333333334
DojoAdvisorRenderer:0.13
ValidateAllRenderer:0.11333333333333333
