KeyObjectImpl:0.44933333333333336
MoveStudy:0.29366666666666663
DateTimeFormatImpl:0.27666666666666667
IHEYr4:0.25666666666666665
FsmImpl:0.25333333333333335
DcmSnd:0.2175
MppsSnd:0.2175
DcmRcv:0.21416666666666667
Hl7Rcv:0.1775
Hl7Snd:0.1775
DTFormat:0.13666666666666666
