GeneralDocumentCreator:0.6333333333333333
treeOLObject:0.4033333333333333
GeneralProgramVisitor:0.30666666666666664
GeneralProgramVisitorInterface:0.20083333333333334
