UniqueId:0.5266666666666666
JUnit4TestEngineDiscoveryTests:0.37
JUnit4UniqueIdBuilder:0.26666666666666666
RunnerTestDescriptor:0.21888888888888886
AbstractTestDescriptor:0.20666666666666667
UniqueIdSelectorResolver:0.16
JUnit4TestDescriptor:0.13333333333333333
