DebuggerRegistry:0.49666666666666665
DebugListener:0.32
Console:0.2916666666666667
RemoteDebuggerServer:0.1411111111111111
