ConstructionStage:0.5166666666666667
ConstructionMissionCustomInfoPanel:0.41
BuildingConstructionMission:0.38666666666666666
RemainingMaterialsTableModel:0.30666666666666664
