Type:0.7866666666666666
InheritClassA:0.6586666666666667
ClassReflection:0.5233333333333333
InheritClassB:0.37
AnnotatedClass:0.35333333333333333
