Session:0.4533333333333333
Query:0.4033333333333333
TestQueries:0.2833333333333333
HttpQueryClient:0.21
TestFunctions:0.2
RelationAnalyzer:0.16
Console:0.13
QueryRunner:0.12333333333333334
QueryManager:0.11666666666666667
Execute:0.08666666666666667
AbstractSqlBenchmark:0.08333333333333333
MockQueryManager:0.07666666666666666
SqlQueryManager:0.07333333333333333
QueryResource:0.043333333333333335
