DBIDLookup:0.4633333333333333
DefaultDOReplicator:0.37666666666666665
SQLUtility:0.25
