ParamDefConfig:0.7516111111111111
SearchPage:0.39222222222222225
