Period:0.6233333333333333
MutablePeriod:0.39666666666666667
TestDuration_Basics:0.3466666666666667
TestPeriod_Constructors:0.27666666666666667
BasePeriod:0.19
