HTTPCommunicator:0.6
HttpPostCommand:0.3433333333333333
ConnectionResponse:0.26666666666666666
RestTest:0.25666666666666665
