PyString:0.6266666666666667
PyTuple:0.37333333333333335
__builtin__:0.34
PyJavaClass:0.31666666666666665
re:0.2733333333333333
PyList:0.26666666666666666
math:0.22976190476190478
PySequence:0.22666666666666666
ClassDictInit:0.2063968253968254
time:0.2
cPickle:0.19666666666666666
os:0.16666666666666666
thread:0.12333333333333334
operator:0.11666666666666667
types:0.06666666666666667
MD5Module:0.0
