ClientQueueProxy:0.5991666666666666
AbstractClientCollectionProxy:0.4766666666666667
ClientTopicProxy:0.4166666666666667
