ClientSession:0.4166666666666667
PrestoHeaders:0.32022222222222224
Session:0.30333333333333334
SessionBuilder:0.2633333333333333
StatementAnalyzer:0.24
SessionRepresentation:0.21333333333333335
LocalQueryRunner:0.20333333333333334
StatementClient:0.18666666666666668
PrestoConnection:0.18666666666666668
ResourceUtil:0.17333333333333334
QueryContext:0.14666666666666667
ClientOptions:0.11
BenchmarkDriverOptions:0.09666666666666666
ParallelQueryRunner:0.09666666666666666
TestServer:0.08
TestEventListener:0.07916666666666666
TestResourceUtil:0.02
