NetSocket:0.5978888888888889
ServerWebSocket:0.2833333333333333
HttpConnection:0.2833333333333333
WebSocketBase:0.2833333333333333
VertxHttp2NetSocket:0.22
WebSocketImplBase:0.21333333333333335
HttpServerRequest:0.20083333333333334
ConnectionBase:0.20083333333333334
Http2ServerRequestImpl:0.19666666666666666
HttpServerRequestImpl:0.19666666666666666
ServerWebSocketImpl:0.18
