LocationTabPanel:0.4866666666666667
NavigationTabPanel:0.4866666666666667
DeathTabPanel:0.44
