TestPdu:0.45666666666666667
TestVarBindList:0.4533333333333333
AgentTooBigException:0.19166666666666668
AgentEndOfMibException:0.065
AgentNoSuchInstanceException:0.065
AgentNoSuchObjectException:0.065
