FWSortedTableModel:0.7208333333333333
InverseTransferSizeComparator:0.5033333333333333
SWDownloadTableModel:0.4033333333333333
