Gun:0.37333333333333335
Weapon:0.3480555555555555
Leader:0.3473333333333333
CounterGroup:0.33
VehicularGun:0.31333333333333335
Game:0.30666666666666664
Infantry:0.2833333333333333
Tables:0.26
Radio:0.256
Marker:0.21916666666666668
Vehicle:0.19
