SimulationProperties:0.8433333333333334
NewDialog:0.2633333333333333
UnitManager:0.23
SettlementsXmlReader:0.22666666666666666
PeopleXmlReader:0.17833333333333334
VehiclesXmlReader:0.17833333333333334
MainWindowMenu:0.1
