AddShowDialog:0.6694444444444444
EpisodeChooserPanel:0.5033333333333333
EpisodeChooserDialog:0.30333333333333334
EpisodeChooserListener:0.19
