JobExecutionContext:0.5733333333333334
Builder:0.3466666666666667
JobContextService:0.308
JobContextServiceTest:0.23333333333333334
KillIntegrationTest:0.16333333333333333
SQLTransportIntegrationTest:0.15333333333333332
Reaper:0.12
SearchContextFactory:0.11
