GraphicProperties:0.5830555555555555
GraphicsConfigHandler:0.49
Synth2Parser:0.3433333333333333
