AutFormat:0.6533333333333333
CompositeExtensionFilter:0.4866666666666667
