TaskHandler:0.6933333333333334
XmlParser:0.32
ExecutionContext:0.30666666666666664
Interaction:0.2866666666666667
WebServiceTaskHandler:0.2833333333333333
JpdlXmlReader:0.24666666666666667
MultitaskBotRunner:0.23333333333333334
CancelOldProcesses:0.23
CommonHandler:0.23
TextReportSettings:0.22666666666666666
CancelProcessTaskXmlParser:0.21666666666666667
StartProcessXmlParser:0.215
CancelCurrentProcessTaskHandler:0.21
UpdatePermissionsXmlParser:0.20666666666666667
WorkflowBot:0.20666666666666667
WordReportSettingsXmlParser:0.19666666666666666
BookmarkVariableMapping:0.19666666666666666
BpmnXmlReader:0.19666666666666666
EmailUtils:0.19666666666666666
MSWordReportTaskSettings:0.18666666666666668
ConfigXmlParser:0.18666666666666668
TextReportGenerator:0.18
AssignerSettings:0.16333333333333333
AssignerSettingsXmlParser:0.15
TaskHandlerException:0.14333333333333334
DoNothingTaskHandler:0.14333333333333334
VariableDAO:0.14333333333333334
VariableExtractionHelper:0.14
ProcessVariablesRowBuilder:0.13666666666666666
WebServiceTaskHandlerXMLParser:0.12666666666666668
DatabaseTaskHandler:0.12
TextReportSettingsXmlParser:0.12
OrgFunctionParser:0.11333333333333333
TaskHandlerClassesInformation:0.10666666666666667
LocalizationParser:0.09333333333333334
BaseTaskFormBuilder:0.09333333333333334
VariableDefinitionParser:0.09333333333333334
JcrRepositoryTaskHandler:0.09333333333333334
WorkflowBotInvoker:0.08666666666666667
SetActorStatusTaskHandler:0.08
InteractionsParser:0.07333333333333333
TextReportTaskHandler:0.07
AdvancedSwimlaneAssignerTaskHandler:0.07
CancelProcessTaskHandler:0.06666666666666667
SwimlaneAssignerTaskHandler:0.06
EmailTaskHandler:0.05333333333333334
UpdatePermissionsTaskHandler:0.05333333333333334
StartProcessTaskHandler:0.05
MSWordReportTaskHandler:0.023333333333333334
DebugActionHandler:0.006666666666666667
