ClassySharkPanel:0.45
Toolbar:0.43
MetaObjectAsmClass:0.38
ClassBytesFromJarExtractor:0.25777777777777783
ToolbarController:0.14583333333333334
