Context:0.5233333333333333
Syntax:0.34
Keywords:0.29
Model:0.2736111111111111
ConsoleConfig:0.2633333333333333
Value:0.24
ContextStyle:0.2303333333333333
SyntaxLayerUI:0.18333333333333332
