DBCollection:0.56
MongoCollection:0.450138888888889
MongoCollectionImpl:0.18666666666666668
