IOUtils:0.8522222222222222
ProcessEditorBase:0.3433333333333333
