BinaryHeap:0.3466666666666667
BinarySearchTree:0.33666666666666667
Vertex:0.22666666666666666
Node:0.17333333333333334
SkipList:0.16
Treap:0.1
TreapNode:0.06333333333333334
SplayTree:0.058333333333333334
