IndicesAnalysisService:0.39388888888888884
AnalysisService:0.38333333333333336
PreBuiltAnalyzerProviderFactory:0.30333333333333334
MapperTestUtils:0.24333333333333335
MetaDataCreateIndexService:0.14666666666666667
AnalysisModuleTests:0.14333333333333334
