DataObjectFactory:0.6175
ImapCrawler:0.38333333333333336
AbstractJavaMailCrawler:0.36333333333333334
