SerialDiffPipelineAggregatorBuilder:0.6366666666666667
CumulativeSumPipelineAggregatorBuilder:0.5133333333333333
