CommunicationsStub:0.47333333333333333
KuwaibaService:0.44666666666666666
ObjectFactory:0.36666666666666664
CreatePhysicalConnection:0.3416666666666667
ChildrenViewScene:0.27666666666666667
NewContainerWizard:0.21000000000000002
NewLinkWizard:0.21000000000000002
