URLConnectionTest:0.64
Transport:0.39411111111111113
HttpURLConnectionImpl:0.32
SpdyTransport:0.31
HttpEngine:0.2966666666666667
HttpTransport:0.2633333333333333
HttpConnection:0.2633333333333333
