Content:0.6166666666666667
TreeView:0.5633333333333334
ViewDockable:0.2866666666666667
