TinyMCE:0.71
EditBrandingDlg:0.5566666666666666
GwtTeamingImageBundle:0.5433333333333333
TinyMCEDlg:0.36666666666666664
