Operator:0.6966666666666667
Condition:0.31666666666666665
