RequestHelper:0.5766666666666667
CertReqServlet:0.36
CertDistServlet:0.21333333333333335
ScepPkiOpHelper:0.19333333333333333
DemoCertReqServlet:0.17666666666666667
ScepServlet:0.17333333333333334
