InternalContext:0.6033333333333334
InjectorImpl:0.4266666666666667
InternalInjectorCreator:0.17916666666666667
MembersInjectorImpl:0.16333333333333333
ProviderToInternalFactoryAdapter:0.13
StaticInjection:0.12666666666666668
