BatchCommandLineLauncher:0.48333333333333334
SystemExiter:0.33546031746031746
BatchCommandLineLauncherTests:0.24333333333333335
MockJobLauncher:0.16666666666666666
JvmSystemExiter:0.0
MockSystemExiter:0.0
