AttributeBinding:0.5593333333333333
AbstractEntityBinder:0.37
AbstractAttributeBinding:0.3
BasicAnnotationBindingTests:0.29333333333333333
SimpleAttributeBinding:0.16666666666666666
PluralAttributeBinding:0.15333333333333332
CollectionElement:0.12666666666666668
HbmHelper:0.1175
DomainState:0.10666666666666667
SingularAttributeBinding:0.09666666666666666
HibernateTypeDescriptor:0.09333333333333334
AbstractBasicBindingTests:0.09
ElementCollectionElement:0.0
