Management:0.5216666666666666
DOM:0.4666666666666667
Validation:0.46
Authorization:0.44345238095238093
DefaultSerializer:0.4266666666666667
XPathSelector:0.34365079365079365
MockManagementDelegate:0.29
Form:0.24
XPathSelectorImpl:0.23
DefaultAuthorization:0.20666666666666667
Reference:0.19666666666666666
JournalConsumer:0.19611111111111112
JournalCreator:0.19
DefaultManagement:0.18666666666666668
ObjectBuilder:0.18666666666666668
TypeUtility:0.18333333333333332
ManagementModule:0.18333333333333332
OntologyValidator:0.17333333333333334
FedoraAPIMBindingSOAPHTTPImpl:0.17
Journaler:0.16777777777777778
FedoraObjectResource:0.12
EcmValidator:0.11388888888888889
DsCompositeModel:0.109242784992785
AllUnitTests:0.1
ObjectConstructor:0.09
ActionNamespace:0.08333333333333333
EcmTest:0.08
DefaultNamespaceContext:0.07
DsTypeModel:0.06333333333333334
ObjectFactory:0.051111111111111114
Extension:0.04666666666666667
RelsIntValidator:0.0425
DatastreamValidator:0.02666666666666667
FormValidator:0.02
RelsExtValidator:0.006666666666666667
LRUCache:0.0033333333333333335
SchemaValidator:0.0
