Netty4HeadBodyIsEmptyIT:0.6833333333333333
RestGetAction:0.37666666666666665
