QuickFilter:0.41
EntryMenuPanel:0.38
GwtRpcServiceImpl:0.29333333333333333
GetFolderRowsCmd:0.28
TaskFolderView:0.2733333333333333
UIData:0.27
GwtViewHelper:0.21666666666666667
TaskListing:0.21666666666666667
DataTableFolderViewBase:0.17666666666666667
FolderRowAsyncProvider:0.14
QuickFilterEvent:0.1
