NotificationFactory:0.62
NotificationTask:0.44666666666666666
BroadcastEventProcessor:0.2866666666666667
