Receiver:0.625
DataPacketDispatcher:0.4633333333333333
DataPacketDispatcherTest:0.35295238095238096
