TransportRefreshAction:0.5703333333333334
TransportFlushAction:0.5703333333333334
