EventConfiguration:0.6167658730158728
MappedRawLog:0.47333333333333333
RawLogFactory:0.36666666666666664
RawLogFactoryTest:0.22
EventConfigurationTest:0.22
