Address:0.44333333333333336
CMap:0.37333333333333335
NearCache:0.37333333333333335
XmlConfigBuilder:0.23666666666666666
TcpIpJoiner:0.22666666666666666
