SearchShardTarget:0.5666666666666667
InternalSearchHit:0.5
ShardSearchFailure:0.4
TransportSearchHelper:0.27666666666666667
AbstractSearchAsyncAction:0.22666666666666666
SearchDfsQueryThenFetchAsyncAction:0.21666666666666667
SearchPreferenceIT:0.21666666666666667
InternalSearchHitTests:0.14
SearchDfsQueryAndFetchAsyncAction:0.13666666666666666
SearchQueryThenFetchAsyncAction:0.13666666666666666
ClientScrollableHitSource:0.13666666666666666
SearchScrollQueryThenFetchAsyncAction:0.13666666666666666
LiveVersionMapTests:0.07666666666666666
