Functional:0.5533333333333333
FieldExpression:0.42333333333333334
NamedExpression:0.36666666666666664
AttributeMember:0.29333333333333333
EntityMetaGenerator:0.24666666666666667
AttributeBuilder:0.20333333333333334
AttributeDescriptor:0.20083333333333334
FunctionalTest:0.2
ImmutableAttribute:0.13333333333333333
NamedNumericExpression:0.11333333333333333
NamedStringExpression:0.1
BaseAttribute:0.08333333333333333
