PA:0.49
BuildBDDIR:0.42
BDDRelation:0.26666666666666666
Solver:0.23
BDDInferenceRule:0.15333333333333332
