TaskExecutor:0.4266666666666667
DataAggregationJoblet:0.36
DataAggregationJobletConfiguration:0.32
AggregationExecutor:0.29333333333333333
DataAggregationJobletErrorMailResult:0.13333333333333333
