ChannelSetBuilder:0.5716666666666667
SetBuilderOperator:0.52
TestHashSemiJoinOperator:0.23666666666666666
GroupByHashYieldAssertion:0.19
