StoredPaymentChannelClientStates:0.43666666666666665
StoredPaymentChannelServerStates:0.36
StoredClientChannel:0.34
StoredServerChannel:0.30666666666666664
