SplitPoints:0.3566666666666667
ProjectionBuilder:0.33666666666666667
SplitPointVisitor:0.32666666666666666
LeafVisitor:0.23333333333333334
