FolderWidget:0.43333333333333335
TaskFolderWidget:0.32
EntryWidget:0.29333333333333333
FileFolderWidget:0.20333333333333334
AuthorClickHandler:0.1988888888888889
EntryClickHandler:0.1988888888888889
FileClickHandler:0.1988888888888889
ListWidget:0.07333333333333333
