ReusableObjManager:0.5333333333333333
ReferencingMetadata:0.43333333333333335
ContactsStrategy:0.39166666666666666
