FsTranslog:0.46
LocalGatewayMetaState:0.31666666666666665
LocalGatewayShardsState:0.23666666666666666
FieldMappingMetaData:0.18666666666666668
SimpleAllMapperTests:0.15
