Packet:0.51
MockIOService:0.29333333333333333
TcpIpConnectionManager:0.29
PacketDispatcherImplTest:0.2866666666666667
OperationExecutorImpl_HandlePacketTest:0.15333333333333332
PacketTest:0.13666666666666666
BackupPacketDropFilter:0.12666666666666668
BackupPacketReorderFilter:0.10666666666666667
AsyncInboundResponseHandler:0.065
AsyncInboundResponseHandlerTest:0.01
