X_AD_PosPrintFormat:0.4716666666666667
X_AD_PosPrintFormatElement:0.45166666666666666
