SideKick:0.8433333333333334
ActionHandler:0.09666666666666666
