MultiLayerNetwork:0.4
NeuralNetConfiguration:0.38666666666666666
Builder:0.34
BaseOptimizer:0.25333333333333335
BaseUpdater:0.25
BaseLayer:0.22066666666666668
TestSchedules:0.18333333333333332
