ByteArrayOutputStream:0.5166666666666667
InputStream:0.4766666666666667
ByteArrayInputStream:0.2866666666666667
