DrawableSeqFeature:0.6683333333333333
DetailInfo:0.4266666666666667
SetDetailPanel:0.29
