ProxettaAsmUtil:0.6705555555555556
ProxyTarget:0.3933333333333333
ProxettaMethodBuilder:0.32666666666666666
LogProxyAdvice:0.22
