SpdyConnection:0.45666666666666667
MockWebServer:0.38666666666666666
Http2ConnectionTest:0.25666666666666665
InFrame:0.2
SslContextBuilder:0.19555555555555554
Main:0.1872222222222222
HpackDecodeTestBase:0.15833333333333333
DisconnectTest:0.15666666666666668
HpackRoundTripTest:0.013333333333333334
