DataStatementAnalyzer:0.5366666666666666
InsertIntoIntegrationTest:0.32666666666666666
CompoundLiteralTest:0.23
