DefaultSiteStatusViewService:0.4633333333333333
DefaultSiteStatusServiceIntegrationTest:0.19666666666666666
SiteStatusViewService:0.17
SiteStatusViewController:0.15333333333333332
