Not:0.5566666666666666
AbstractBinderProcessor:0.42333333333333334
Restrictions:0.2866666666666667
AbstractFolderModule:0.2633333333333333
FileModuleImpl:0.24666666666666667
BinderModuleImpl:0.19
LongIdUtil:0.11333333333333333
