VanillaChronicleMap:0.44
ReplicatedChronicleMap:0.26666666666666666
Segment:0.26666666666666666
ChronicleMapTest:0.16
MutableLockedEntry:0.09
