Person:0.25333333333333335
Limb:0.23
Finger:0.18583333333333335
Brain:0.17583333333333334
