RecordStore:0.89
AbstractRecordStore:0.38666666666666666
DefaultRecordStore:0.36
LocalMapStatsProvider:0.25666666666666665
