EndToEndViewSimpleScene:0.7833333333333333
EndToEndViewTopComponent:0.3466666666666667
