P4:0.6641666666666667
P4Test:0.25666666666666665
