ServerInstallSelectorPanel:0.3
ServerInstallInfo:0.26661111111111113
Tomcat55ConnectionTypeDescriptor:0.22666666666666666
AbstractConnectionTypeDescriptor:0.16666666666666666
J2SE5ConnectionTypeDescriptor:0.16666666666666666
WebsphereConnectionTypeDescriptor:0.13666666666666666
PramatiConnectionTypeDescriptor:0.13666666666666666
JBossConnectionTypeDescriptor:0.13666666666666666
WeblogicConnectionTypeDescriptor:0.13666666666666666
