ColumnarTextHiveRecordCursor:0.5133333333333333
HiveClient:0.5033333333333333
GenericHiveRecordCursor:0.43
HiveClientConfig:0.3
TestHiveUtil:0.21
AbstractTestHiveClient:0.2
HiveRecordSet:0.16666666666666666
HiveRecordCursorProvider:0.09916666666666667
HiveUtil:0.09777777777777777
TestHiveClientConfig:0.09
TestHiveFileFormats:0.08
ColumnarTextHiveRecordCursorProvider:0.03
ColumnarBinaryHiveRecordCursorProvider:0.016666666666666666
GenericHiveRecordCursorProvider:0.013333333333333334
TestSplitIteratorBackpressure:0.0
AbstractTestSplitIteratorBackpressure:0.0
TestHiveClient:0.0
