TableTesterTest:0.4266666666666667
CompositeMatcherTest:0.2633333333333333
ItemPathTest:0.12333333333333334
SelectedListener:0.08
CheckListener:0.08
