Util:0.7433333333333333
Mouser:0.43666666666666665
GEFFigureTesterTest:0.15
