NodeEngineImpl:0.42333333333333334
DiagnosticsLogWriter:0.3466666666666667
ClusterHeartbeatManager:0.19666666666666666
SingleLineDiagnosticsLogWriter:0.17333333333333334
MultiLineDiagnosticsLogWriter:0.13333333333333333
