MoveIssueAction:0.5432936507936508
MoveIssueFormAction:0.5432936507936508
