Builder:0.4533333333333333
HttpUrl:0.4073333333333333
HttpUrlTest:0.24666666666666667
