CodeGenerator:0.6133333333333333
Target:0.43666666666666665
CodeGenPipeline:0.19333333333333333
