NamespaceHandler:0.59
Utilities:0.4533333333333333
WikiBase:0.38166666666666665
WikiLink:0.35
JAMWikiServlet:0.25666666666666665
EditServlet:0.21333333333333335
LinkUtil:0.2
WikiLinkTag:0.19333333333333333
TemplateTag:0.19
InterWikiHandler:0.18
UploadServlet:0.16
TranslationServlet:0.14666666666666667
CategoryServlet:0.07666666666666666
WikiSignatureTag:0.07666666666666666
