FormData:0.6466666666666666
CasServerProfile:0.5133333333333333
CasServerProfileRegistrar:0.36333333333333334
