BaseCSharpTest:0.5466666666666666
BaseNodeTest:0.41
BasePythonTest:0.3933333333333333
