View:0.56
MetaCollectionView:0.3566666666666667
ViewParser:0.33666666666666667
XavaSuite:0.17
SellersCannotCreateCustomerTest:0.11
XmlElementsNames:0.0
