PingCallback:0.55
ClientCallImpl:0.30666666666666664
OkHttpClientTransportTest:0.27666666666666667
GrpcUtilTest:0.24666666666666667
InProcessTransport:0.24416666666666667
ServerTransportListenerImpl:0.23666666666666666
PingCallbackImpl:0.23333333333333334
AbstractTransportTest:0.21333333333333335
NettyClientHandlerTest:0.21333333333333335
ClientStreamListenerImpl:0.1832777777777778
Http2Ping:0.16333333333333333
TimeoutMarshaller:0.15666666666666668
