Font:0.5888888888888889
Text:0.43
TextTest:0.29333333333333333
