IcalCrawler:0.5566666666666666
DataObjectFactory:0.31333333333333335
ThunderbirdCrawlerTest:0.25333333333333335
VocabularyWriter:0.23638888888888887
NCAL:0.2
ApertureTestBase:0.19
FileSystemCrawler:0.18611111111111112
TestIcalCrawler:0.18333333333333332
ThunderbirdCrawler:0.17
TestFileSystemCrawler:0.14666666666666667
