ExecutionService:0.7719444444444444
JbpmExecutionServiceBean:0.32
ExecutionServiceDelegateLocalImpl:0.23333333333333334
ExecutionServiceDelegateRemoteImpl:0.23333333333333334
ExecutionServiceDelegate:0.2275
