HttpsConfiguringHandler:0.5366666666666666
DefaultHttpsHandler:0.2866666666666667
SslReqRejectingHandler:0.22888888888888886
