BlockingStringEventHandler:0.7330555555555556
EventSourceTest:0.3933333333333333
