ImportColumn:0.6233333333333333
LoadCSVAction:0.37333333333333335
Import:0.36
ImportCSVAction:0.2866666666666667
CancelToDefaultControllersAction:0.0
