SparkSequenceVectors:0.28
PartitionTrainingFunction:0.06666666666666667
CountFunction:0.03
TrainingFunction:0.03
VocabRddFunction:0.023333333333333334
