Base58:0.39
Bech32:0.39
InvalidChecksum:0.34
Base58Test:0.31333333333333335
Bech32Test:0.08333333333333333
