UpdateAnnotation:0.52
Template:0.51
TermObsoletion:0.4266666666666667
PubServlet:0.36333333333333334
