ConditionImpl:0.33666666666666667
ClientConditionProxy:0.33666666666666667
ClientConditionTest:0.27
ConditionTest:0.08166666666666667
