ShortestPathFinder:0.45666666666666667
ExcludedRefs:0.4066666666666667
Builder:0.30333333333333334
AsyncTaskLeakTest:0.29
DefaultLogger:0.07
