Oracle8iDialect:0.38333333333333336
SQLStateConversionDelegate:0.3
H2Dialect:0.28
SQLExceptionConversionTest:0.25333333333333335
SybaseASE157Dialect:0.21
