BuildBDDIR:0.34005555555555556
BDDRelation:0.26666666666666666
BogusHeapAddress:0.13666666666666666
Relation:0.135
HostedVM:0.13
