KeyValue:0.5766666666666667
Entries:0.4033333333333333
ListRemoveHandler:0.36366209716209713
MapIterateKeysHandler:0.3466666666666667
MapSizeHandler:0.24333333333333335
Serializer:0.14333333333333334
MapContainsHandler:0.13833333333333334
AddListenerHandler:0.13833333333333334
Pairs:0.1
ClientService:0.09333333333333334
BigIntegerSerializer:0.05
DateSerializer:0.04
