StyledTextTester:0.4266666666666667
DefaultWidgetFinder:0.34
DialogTester:0.2733333333333333
BasicFinder:0.27
Strings:0.1
StyledTextReference:0.04666666666666667
InstrumentedStyledTextReference:0.04666666666666667
