ViewContext:0.7733333333333333
EditViewPlugin:0.26
Tree:0.22444444444444447
ControlCenter:0.20333333333333337
Add:0.19333333333333333
ReportPlugin:0.16333333333333333
TreeViewPlugin:0.14666666666666667
