InternalTestCluster:0.8933333333333333
TribeTests:0.2733333333333333
ExternalTestCluster:0.21666666666666667
ElasticsearchBackwardsCompatIntegrationTest:0.16333333333333333
TransportClientFactory:0.16333333333333333
