StackCommand:0.4877222222222222
TraceCommand:0.4877222222222222
