AbstractTraversableTest:0.49
Empty:0.3048888888888889
TreeTest:0.27666666666666667
Tree:0.25
Node:0.24
TreeModule:0.22333333333333333
IntMultimap:0.21555555555555558
IntMap:0.19555555555555557
