PDABytecodeTriggers:0.35
Lexer:0.3233333333333333
PDA:0.2833333333333333
LABitSet:0.24
PDABytecodeGenerator:0.20666666666666667
LL1StarBlock:0.20666666666666667
LL1Choice:0.20666666666666667
LL1PlusBlockSingleAlt:0.20666666666666667
OptionalBlock:0.20666666666666667
BaseRecognizer:0.18666666666666668
DFA10:0.18
DFA16:0.18
OutputModelFactory:0.16333333333333333
ThrowRecognitionException:0.09333333333333334
LL1StarBlockSingleAlt:0.08333333333333333
LL1OptionalBlockSingleAlt:0.08
LexerFactory:0.07666666666666666
Sync:0.07666666666666666
Choice:0.07
LL1Loop:0.03333333333333333
LL1PlusBlock:0.01
