GeneSaxHandler:0.5033333333333333
GORDFHandler:0.3
PubContentHandler:0.24666666666666667
