BinaryClient:0.46
BinaryJedis:0.27
JedisPool:0.24333333333333335
JedisSentinelPool:0.2366666666666666
JedisPoolTest:0.13666666666666666
TransactionCommandsTest:0.09666666666666666
JedisSentinelPoolTest:0.08
