Channel:0.5866666666666667
Source:0.32666666666666666
