LoadQueryJoinAndFetchProcessor:0.45416666666666666
AbstractCollectionReference:0.3588888888888889
EntityFetchImpl:0.33666666666666667
