SamlIdPConfiguration:0.4266666666666667
AbstractSamlProfileHandlerController:0.34
SamlProfileSamlAssertionBuilder:0.26
SSOPostProfileCallbackHandlerController:0.22333333333333333
SSOPostProfileHandlerController:0.18
ECPProfileHandlerController:0.16666666666666666
SLOPostProfileHandlerController:0.14666666666666667
BasicAuthenticationAction:0.13666666666666666
SamlProfileSamlSubjectBuilder:0.07
IdPInitiatedProfileHandlerController:0.056666666666666664
