DrawableSeqFeature:0.45
DrawableFeatureSet:0.34
TierManager:0.3333333333333333
Tier:0.3241111111111111
FlexibleFeatureTierManager:0.2832222222222222
SiteView2:0.26666666666666666
FastClippingGraphics:0.26666666666666666
FeatureView:0.21
