ANTLRParser:0.47333333333333333
ANTLRLexer:0.3466666666666667
BasicSemanticChecks:0.28
ASTVerifier:0.24166666666666667
Grammar:0.22666666666666666
Tool:0.22333333333333333
BasicSemanticTriggers:0.21666666666666667
TreeFilter:0.19305555555555554
DFA44:0.14
DFA63:0.13333333333333333
DFA66:0.12
DFA73:0.12
DFA35:0.12
SymbolCollisionChecks:0.11
