StreamingPingPongsPerSecondBenchmark:0.27666666666666667
StreamingResponseBandwidthBenchmark:0.27666666666666667
FlowControlledMessagesPerSecondBenchmark:0.27666666666666667
AbstractBenchmark:0.23
