ToOneEntityLoader:0.36
ToOneDelegateSessionImplementor:0.2833333333333333
AuditReaderImpl:0.24333333333333335
ToOneIdMapper:0.20333333333333334
EntityInstantiator:0.19
AuditQueryCreator:0.18
EntitiesAtRevisionQuery:0.17
AuditReader:0.155
