RStarTreeLeafNode:0.7323611111111111
RStarTreeBranchNode:0.7323611111111111
RStarTreeNode:0.6494444444444445
RStarTree:0.53
RStarTreeItemNode:0.20333333333333334
