ArticleBean:0.686111111111111
ArticleBeanFactory:0.3233333333333333
GeneralDB:0.23
