Packet:0.61
ClientHead:0.39994444444444444
Encoder:0.30666666666666664
WebSocketTransport:0.23666666666666666
XHRPollingTransport:0.22333333333333333
EncoderHandler:0.21
