ReportModule:0.78
AbstractBinderProcessor:0.42
AbstractEntryProcessor:0.38666666666666666
ReportModuleImpl:0.18666666666666668
ReportDownloadController:0.15333333333333332
