GeneratedMethodBinding:0.6066666666666667
InnerClassExtractorTest:0.48333333333333334
AnonymousClassConverterTest:0.33
InnerClassExtractor:0.28
OuterReferenceFixer:0.21666666666666667
