AbstractBase:0.41766666666666663
FieldToken:0.35111111111111115
Simple:0.31333333333333335
InstrumentationSpecialMethodInvocationSimpleTest:0.26
MethodToken:0.23333333333333334
DefaultOptionalMatchedMethodInterception:0.21444444444444447
DefaultMethodAnnotationTarget:0.21444444444444447
RebasedMethodSpecialMethodInvocation:0.21
DefaultMatchedMethodInterception:0.20666666666666667
DefaultFieldValueTarget:0.19194444444444445
DefaultExceptionDeclarableMethodInterception:0.19111111111111112
