Settlement:0.65
UnitManager:0.44333333333333336
Mission:0.36666666666666664
TaskSchedule:0.2733333333333333
