ARB_imaging:0.37
GL14:0.27166666666666667
GL15:0.235
GL21:0.15833333333333333
ARB_texture_compression:0.15833333333333333
GL12:0.013333333333333334
NV_framebuffer_multisample_coverage:0.0
EXT_framebuffer_multisample:0.0
NV_texture_shader:0.0
ARB_texture_env_combine:0.0
