AlignFrame:0.7166666666666667
AlignSeq:0.30666666666666664
Matrix:0.2633333333333333
ProgressWindowListener:0.18
PCAWindowListener:0.18
