ShadowMediaPlayerTest:0.5666666666666667
ShadowMediaPlayer:0.54
DataSource:0.31333333333333335
