MD2Loader:0.43833333333333335
KeyframedModelViewer:0.39
StillModelViewer:0.35
ObjLoader:0.28
ColladaLoader:0.19333333333333333
MD2LoaderHints:0.1806111111111111
G3dtStillModelLoader:0.023333333333333334
G3dtKeyframedModelLoader:0.023333333333333334
