TransactionItem:0.52
TxRemoveOperation:0.28
GetOperation:0.24666666666666667
TxPutOperation:0.21833333333333332
