IdleState:0.11333333333333333
MultiplexerChannelInitializer:0.11333333333333333
MultiplexerServerFactory:0.08666666666666667
OutboundChannelHandler:0.08333333333333333
MultiplexerChannelHandler:0.07666666666666666
IdentifyingInboundChannelState:0.04666666666666667
SendingState:0.03333333333333333
ReceivingState:0.03333333333333333
SendingMultiplexingInfoState:0.03333333333333333
