PolygonBuilder:0.7033333333333334
ShapeBuilder:0.5
GeometryCollectionBuilder:0.31
EnvelopeBuilder:0.30666666666666664
MultiPolygonBuilder:0.28
ShapeBuilders:0.27666666666666667
GeoShapeQueryBuilderTests:0.17
EnvelopeBuilderTests:0.15
MultiPolygonBuilderTests:0.11666666666666667
PolygonBuilderTests:0.11166666666666666
TypeParser:0.08333333333333333
