Articles:0.42333333333333334
Genes:0.41333333333333333
Terms:0.38
Hits:0.36
AddArticle:0.29800000000000004
AddAttribution:0.24666666666666667
UnannotatedLocusStrategy:0.24583333333333332
TermsWithGeneAliases:0.24
GenesWithSequences:0.2397222222222222
NewConstraints:0.23833333333333334
TermsWithGeneDescription:0.23666666666666666
SearchGenes:0.22333333333333333
TermObsoletion:0.215
UpdateTerm:0.21333333333333335
HtmlHighlightTextTest:0.20333333333333334
SearchArticles:0.20333333333333334
UpdatePhenotype:0.19666666666666666
GeneSearcher:0.19666666666666666
TermsWithAliases:0.19
SearchHits2:0.18333333333333332
SearchTerms:0.17666666666666667
TairAnnotationStrategy:0.16666666666666666
GenerateHits:0.16333333333333333
SequenceBeanTest:0.16333333333333333
UnannotatedGeneStrategy:0.14
TermHelper:0.12833333333333333
SimpleAnnotationStrategy:0.12333333333333334
AttributionListBeanTest:0.10333333333333333
AllJUnitTests:0.09666666666666666
NonTairAnnotationStrategy:0.09333333333333334
LocusTableTest:0.08833333333333333
