EjbcaConfiguration:0.6966666666666667
LocalAuthorizationSessionBean:0.38
LocalRaAdminSessionBean:0.29533333333333334
