NeuralNetwork:0.59
Builder:0.4766666666666667
BaseMultiLayerNetwork:0.34
RBM:0.2733333333333333
Conf:0.22666666666666666
DenoisingAutoEncoder:0.21833333333333332
BaseNeuralNetwork:0.20666666666666667
MasterActor:0.20333333333333334
CDBN:0.14
DBN:0.11333333333333333
StackedDenoisingAutoEncoder:0.11333333333333333
