RedissonLiveObjectServiceTest:0.4066666666666667
TestClass:0.4052698412698412
RedissonLiveObjectService:0.2833333333333333
TestClassID1:0.26733333333333337
TestClassID2:0.26733333333333337
RedissonObjectFactory:0.26111111111111107
TestREntityWithMap:0.2517063492063492
AccessorInterceptor:0.23555555555555557
TestClassNoTransformation:0.1867063492063492
RedissonReferenceTest:0.15666666666666668
