ObjectiveCHeaderGeneratorTest:0.41
StatementGeneratorTest:0.37333333333333335
InnerClassExtractorTest:0.31666666666666665
PrivateDeclarationResolver:0.30666666666666664
AnonymousClassConverterTest:0.30666666666666664
