Lang:0.64
Files:0.30333333333333334
LinkedCharArray:0.29694444444444446
LinkedIntArray:0.2936111111111111
FilePool:0.2652222222222222
LinkedCharArrayTest:0.19
NutFilePool:0.16
LinkedIntArrayTest:0.15666666666666668
