MetaComponent:0.7482777777777778
POJOPersistenceProviderBase:0.4352777777777778
