FGLiveProvider:0.48333333333333334
FlightGearTreeReader:0.44666666666666666
