XmlrpcAnticipator:0.48
XmlRpcNotifier:0.4633333333333333
XmlrpcdConfigFactory:0.41333333333333333
XmlRpcTest:0.3433333333333333
XmlRpcNotifierTest:0.2633333333333333
EventQueueProcessor:0.26
XmlrpcdConfigFactoryTest:0.23588888888888884
BroadcastEventProcessor:0.15666666666666668
Xmlrpcd:0.13333333333333333
XmlrpcdTest:0.09666666666666666
XmlrpcAnticipatorTest:0.08333333333333333
