HtmlPage:0.49666666666666665
DomElement:0.47333333333333333
HtmlPageTest:0.41
AbstractDomNodeList:0.22666666666666666
HtmlElementTest:0.20666666666666667
