GlobalVariablePath:0.47333333333333333
OOITBuilder:0.4533333333333333
Interpreter:0.32666666666666666
State:0.27
ExecutionThread:0.25
ValueImpl:0.21333333333333335
FaultException:0.19222222222222224
ForEachProcess:0.16333333333333333
IsDefinedExpression:0.09
IsIntExpression:0.09
IsStringExpression:0.09
CastIntExpression:0.06666666666666667
CastStringExpression:0.06666666666666667
