MainFrame:0.5333333333333333
ResearchSetting:0.3466666666666667
PushHandler:0.2866666666666667
