TaskEvent:0.43333333333333335
GwtTeamingMessages:0.4
UIData:0.36666666666666664
GwtTaskHelper:0.3433333333333333
