ConcurrentExpiryMap:0.5616666666666666
ReplicationHubFindByName:0.51
MapByNameTest:0.26666666666666666
