Transcript:0.7383333333333333
AnnotationView:0.48333333333333334
