WiggleScoreCalculator:0.6911111111111111
SgrScoreCalculator:0.19444444444444445
