HttpClientBuilder:0.5833333333333334
JerseyClientBuilderTest:0.44
JerseyClientBuilder:0.4266666666666667
