DayView:0.6033333333333334
MonthView:0.44666666666666666
CalendarWidget:0.2966666666666667
