StatsTables:0.36666666666666664
InformationSchemaTest:0.3233333333333333
SystemCollectService:0.2633333333333333
SysJobsTableInfo:0.22
TransportSQLActionClassLifecycleTest:0.22
ReferenceInfosITest:0.19666666666666666
CollectServiceResolver:0.18333333333333332
TransportSQLAction:0.14666666666666667
LocalDataCollectTest:0.14
JobsLogCollectionGetter:0.09876984126984127
MapSideDataCollectOperationTest:0.08666666666666667
CollectionGetter:0.045
JobsCollectionGetter:0.033650793650793646
MetaDataSysModule:0.03333333333333333
