CallTargets:0.6166666666666667
ProgramLocation:0.43666666666666665
SingleCallTarget:0.2088888888888889
SelectiveCloning:0.11666666666666667
