ConfigSupport:0.5632222222222222
URIBuilder:0.3466666666666667
