WebUtils:0.7166666666666667
DateTimeAuthenticationRequestRiskCalculatorTests:0.221984126984127
IpAddressAuthenticationRequestRiskCalculatorTests:0.221984126984127
GeoLocationAuthenticationRequestRiskCalculatorTests:0.221984126984127
UserAgentAuthenticationRequestRiskCalculatorTests:0.221984126984127
RestfulPersonAttributeDaoTests:0.16666666666666666
