AbstractField:0.44666666666666666
Alias:0.2916666666666667
RowImpl:0.28
AbstractRoutine:0.17333333333333334
ParameterImpl:0.17
AbstractTable:0.16333333333333333
SortFieldImpl:0.16333333333333333
AbstractFieldProviderQueryPart:0.16
SchemaImpl:0.15
PackageImpl:0.15
UDTImpl:0.15
