ExtensionLoader:0.6288888888888888
ConfigTest:0.3333333333333333
MockFilter:0.2633333333333333
