MethodSecurityExpressionRoot:0.7766666666666666
DefaultMethodSecurityExpressionHandler:0.41333333333333333
MethodSecurityExpressionRootTests:0.07333333333333333
