JavaBeanInfo:0.45
JavaBeanDeserializer:0.39666666666666667
SerializeConfig:0.37
ParserConfig:0.2966666666666667
