EventServiceImpl:0.4033333333333333
ExecutePacketTest:0.39666666666666667
SerializationServiceImpl:0.3433333333333333
ClientInvocationServiceSupport:0.19666666666666666
ClientReadHandler:0.19666666666666666
OperationThreadTest:0.15333333333333332
