ClientConnection:0.5066666666666667
ClientConnectionManagerImpl:0.37666666666666665
TestFullApplicationContext:0.28
HeartBeat:0.24666666666666667
BasicOperationScheduler:0.19666666666666666
BasicOperationService:0.11
ConnectionProcessor:0.1
OwnerConnectionFuture:0.08861111111111108
ManagerAuthenticator:0.03222222222222222
ClusterAuthenticator:0.017388888888888888
CleanResourcesTask:0.006666666666666667
