Document:0.7666666666666667
XPathNSResolver:0.38333333333333336
SimpleScriptableTest:0.2733333333333333
XMLDocumentTest:0.23333333333333334
XMLSerializerTest:0.22
DOMParserTest:0.22
