ServiceConfig:0.42
SpringXmlConfigBuilder:0.36333333333333334
XmlConfigBuilder:0.3466666666666667
ServiceManager:0.25333333333333335
PartitionDistributionTest:0.19666666666666666
ServiceInfo:0.16333333333333333
TestManagedContext:0.15
SomeRunnableTask:0.14333333333333334
SpringXmlBuilder:0.13666666666666666
SpringXmlBuilderHelper:0.09333333333333334
