ShadowPackageManagerTest:0.6133333333333333
ConfigMergerTest:0.32166666666666666
DefaultTestLifecycleTest:0.23333333333333334
SelfTest:0.2053888888888889
ContentProviderControllerTest:0.16533333333333333
NotInManifestContentProvider:0.043055555555555555
ShadowNotificationBuilder25Test:0.03666666666666667
