JCPMultiPageEditor:0.6316666666666667
JCPEditor:0.6072222222222223
