S3Downloader:0.6416666666666667
S3Uploader:0.31333333333333335
