ERDesignerGraph:0.3933333333333333
RelationEditor:0.37
RelationAttributesPropertyAdapter:0.2596666666666667
ElementAlreadyExistsException:0.24666666666666667
RelationTool:0.22666666666666666
BaseTool:0.17833333333333334
HandTool:0.14
