Texture:0.6533333333333333
AndroidTexture:0.36333333333333334
LwjglTexture:0.3433333333333333
JoglTexture:0.2833333333333333
