WinNT:0.6511111111111112
WinBase:0.4666666666666667
W32FileMonitor:0.35
ULONG_PTRByReference:0.26666666666666666
OVERLAPPED_COMPLETION_ROUTINE:0.07277777777777779
