VertexBufferObjectSubData:0.4766666666666667
VertexArray:0.4766666666666667
VertexBufferObject:0.4766666666666667
