AbstractCacheService:0.4266666666666667
ConfigValidator:0.3933333333333333
AbstractHazelcastCacheManager:0.2966666666666667
CacheProxyUtil:0.2752777777777778
AbstractMergeRunnable:0.25333333333333335
CacheSplitBrainHandlerService:0.17946825396825394
MapRemoteService:0.16
ConfigValidatorTest:0.13666666666666666
