Logger:0.53
EditLib:0.2966666666666667
SimpleContentEntry:0.23333333333333334
SimpleTypeEntry:0.22444444444444447
SchemaLoader:0.21916666666666668
ElementEntry:0.20166666666666666
ComplexTypeEntry:0.1577777777777778
