ConsoleLauncherIntegrationTests:0.6433333333333333
JigsawUtils:0.4719444444444445
