PropertyAlias:0.62
EditViewFactory:0.5033333333333333
CreateAlias:0.37666666666666665
