ResTable:0.57
ShadowArscAssetManager:0.5255555555555556
Util:0.3407777777777778
