ClusterManager:0.5166666666666667
Node:0.49
ConnectionManager:0.3761111111111111
ResponseQueueCall:0.23666666666666666
