JupiterServer:0.3883730158730159
XMPPChatTransmitter:0.38
ConvergenceProblemTest:0.36333333333333334
SimpleServerProxyTest:0.32
OutgoingInvitationProcess:0.2733333333333333
CounterExampleTest:0.1741111111111111
InclusionTransformationTest:0.115
JupiterServerImpl:0.03
