DriverConductor:0.3466666666666667
PublicationImage:0.29333333333333333
PublicationLink:0.2733333333333333
DriverManagedResource:0.27011111111111114
NetworkPublication:0.26
AeronClient:0.18666666666666668
SubscriptionLink:0.18333333333333332
DirectPublication:0.17
