SarosConstant:0.8566666666666667
RmiSWTWorkbenchBot:0.42
ISessionViewObject:0.3441666666666667
SessionViewObject:0.34
TableObject:0.31
SarosRmiSWTWorkbenchBot:0.3
WindowObject:0.29444444444444445
RmiTest:0.26666666666666666
Musician:0.2633333333333333
ViewObject:0.24666666666666667
PopUpWindowObject:0.21666666666666667
isViewActive:0.21611111111111114
SarosState:0.21
ISarosState:0.2086111111111111
IRmiSWTWorkbenchBot:0.20226190476190478
TestSessionViewObject:0.17666666666666667
TestHandleContacts:0.16666666666666666
TestFollowMode:0.16166666666666665
BotConfiguration:0.15777777777777777
TestDriverSavesFiles:0.15
TestFileOperations:0.14833333333333334
TestFolderOperations:0.14666666666666667
ISarosRmiSWTWorkbenchBot:0.14587301587301588
TestParallelInvitationWithTerminationByHost:0.13
TestEditDuringInvitation:0.12666666666666668
TestDriverChangeAndImmediateWrite:0.12333333333333334
TestParallelInvitationWithTerminationByInvitees:0.12333333333333334
TestShareProjectUsingExistingProject:0.12166666666666667
TestHostAsDriverInvitesBelatedly:0.11333333333333333
TestCreatingNewFile:0.11
TestChangingDriverWhileOtherFollow:0.1
TestChatViewFunctions:0.1
TestDriverResetsFiles:0.06916666666666667
NoExportedObject:0.034499999999999996
