ElementDecl:0.7966666666666666
XmlParsedData:0.37333333333333335
Handler:0.3566666666666667
