TestXACMLPolicies:0.44
TestCommandLineUtilities:0.435
TestAPIM:0.34833333333333333
FedoraServerTestCase:0.23666666666666666
