LifecycleServiceClientImpl:0.7405555555555555
AddressHelper:0.3233333333333333
