BasicBSONCallback:0.6666666666666666
DefaultDBCallback:0.41333333333333333
JSONCallback:0.41333333333333333
