Doc_Invoice:0.43666666666666665
Doc_Allocation:0.3
Doc_Movement:0.22
Doc_GLJournal:0.22
Doc_Payment:0.22
Doc_InOut:0.22
Doc_Perception:0.21333333333333335
Doc_BOEStatement:0.17
Doc_RetentionStatement:0.16333333333333333
