PartitionLostListenerStressTest:0.4666666666666667
AbstractPartitionLostListenerTest:0.3466666666666667
MapPartitionLostListenerStressTest:0.30666666666666664
