LuceneHighAvailabilityPanel:0.43333333333333335
AppResource:0.31666666666666665
ClusteringPage:0.29
NewLuceneHANodeDialog:0.24300000000000002
InstallServiceImpl:0.23
ExportConfigurationPage:0.19666666666666666
ReverseProxyPage:0.19
LucenePage:0.15
