Host:0.5433333333333333
PriorityQueue:0.5033333333333333
