Builder:0.6166666666666667
AttachmentMapper:0.55
TypeParser:0.14
SimpleAttachmentIntegrationTests:0.13333333333333333
FieldNames:0.10838095238095237
MultifieldAttachmentMapperTests:0.04
