MetadataPermissionsServiceImpl:0.5566666666666666
FilterMetadataRequest:0.3233333333333333
GetRequestFactory:0.13666666666666666
ServiceName:0.014444444444444444
