CrawlJob:0.48
Heritrix:0.47333333333333333
CrawlJobHandler:0.39666666666666667
SelfTestCrawlJobHandler:0.10111111111111111
