AtmosphereServlet:0.53
ConcurrentBroadcastTest:0.2833333333333333
AsynchronousProcessor:0.24333333333333335
PubSub:0.24
SimpleHttpProtocol:0.21777777777777782
