KeyIterator:0.37666666666666665
KeySetView:0.36
CacheTest:0.21666666666666667
UnboundedLocalCache:0.19333333333333333
LocalCache:0.13472222222222222
