MDLReader:0.4633333333333333
MDLV3000Reader:0.2866666666666667
MDLRXNReader:0.22666666666666666
PDBWriter:0.21666666666666667
Rule2dot1:0.18333333333333332
Gaussian03Reader:0.17333333333333334
GhemicalMMReader:0.14666666666666667
