RecordingWriter:0.3233333333333333
Catalog:0.29333333333333333
ArchiveConductor:0.26
RecordingSession:0.26
ArchiveUtil:0.21444444444444447
NotificationsProxy:0.21388888888888885
ArchiveClient:0.21
ControlSessionProxy:0.20722222222222222
ArchiveRecordingLoadTest:0.19944444444444445
ArchiverSystemTest:0.17666666666666667
