InstanceBean:0.4
FileInfo:0.29333333333333333
InstanceDTO:0.23
RetrieveCmd:0.22
FileBean:0.21666666666666667
StgCmtCmd:0.20333333333333334
StudyQueryCmd:0.19666666666666666
AEData:0.19666666666666666
ContentManagerBean:0.14333333333333334
