WebClient:0.7333333333333333
DefaultJavaScriptExecutor:0.4766666666666667
JavaScriptEngineTest:0.12666666666666668
