Simulator:0.42333333333333334
LTSJModel:0.34
GraphJModel:0.34
AspectJModel:0.2966666666666667
AJEdge:0.23333333333333334
AJVertex:0.22333333333333333
CtrlJModel:0.21666666666666667
AJModel:0.16333333333333333
