gencl:0.19666666666666666
gendl:0.19666666666666666
genpl:0.19666666666666666
