FeaturesTableModel:0.5433333333333333
FeaturesEditor:0.44333333333333336
AnnotationEditDialog:0.3333333333333333
