FeatureEditorDialog:0.4166666666666667
FeatureTreePanel:0.41333333333333333
GeneEditPanel:0.3933333333333333
ApolloFrame:0.295
TranscriptEditPanel:0.29
FeatureEditPanel:0.25
CompositeApolloFrame:0.22333333333333333
ViewMenu:0.21555555555555558
FeatureTreeFrame:0.20666666666666667
FeatureNavigationI:0.0011111111111111111
