HistoryMethodAdapter:0.4533333333333333
ProxyAspectData:0.36666666666666664
InvokeReplacerMethodAdapter:0.21
