HTMLScriptElement:0.6166666666666667
HtmlScript:0.5233333333333333
HtmlScriptTest:0.16666666666666666
HTMLScriptElementTest:0.12333333333333334
