Simulator:0.5733333333333334
LabelTree:0.3466666666666667
AspectJModel:0.30333333333333334
StatePanel:0.3
JGraphPanel:0.23
AspectJGraph:0.18333333333333332
