AnnotationEditor:0.8333333333333334
TranscriptEditPanel:0.38666666666666666
