NettyAsyncHttpProvider:0.4766666666666667
AsyncProvidersBasicTest:0.31333333333333335
NettyResponseFuture:0.31
AbstractBasicTest:0.18666666666666668
