TestConfluence:0.513611111111111
TestConfluenceWithAttributes:0.4033888888888889
