TransformationAction:0.6516666666666666
TransformationActionTest:0.4166666666666667
ByteBuddyPluginTest:0.41333333333333333
