Origin:0.8716666666666667
PropertyFile:0.43333333333333335
