MetaProperty:0.5983333333333334
ColorTest:0.36833333333333335
SeveralModulesTest:0.3333333333333333
IssueWebTest:0.2575
