LaunchThread:0.7449444444444445
GeneratorScenarioFactory:0.5597222222222222
