PropertiesGraphDao:0.4033333333333333
PropertiesGraphDaoTest:0.33666666666666667
FileReloadContainer:0.3188888888888889
DefaultSurveillanceViewConfigDaoTest:0.28
DefaultSurveillanceViewConfigDao:0.2633333333333333
AdhocGraphTypeCallback:0.043333333333333335
FileReloadCallback:0.036166666666666666
PrefabGraphTypeCallback:0.013333333333333334
SurveillanceViewCallback:0.0
