AtmosphereConfig:0.6133333333333333
AtmosphereRequestImpl:0.5033333333333333
AtmosphereResourceImpl:0.43666666666666665
DefaultAtmosphereObjectFactory:0.37666666666666665
HeartbeatInterceptor:0.32
DefaultAtmosphereResourceFactory:0.2733333333333333
ApplicationConfig:0.25333333333333335
DefaultBroadcaster:0.23333333333333334
ManagedAtmosphereHandler:0.20666666666666667
DefaultWebSocketProcessor:0.20333333333333334
AnnotationHandler:0.19666666666666666
AtmosphereResourceTest:0.18666666666666668
AtmosphereResourceStateRecoveryTest:0.14333333333333334
TrackMessageSizeInterceptorTest:0.14333333333333334
BroadcasterListenerTest:0.14
AtmosphereResourceListenerTest:0.14
SessionBroadcasterCache:0.13666666666666666
JSR356Endpoint:0.10333333333333333
AtmosphereHandlerServiceProcessor:0.09333333333333334
MeteorServiceProcessor:0.09333333333333334
