MongoClientOptions:0.3933333333333333
Builder:0.37333333333333335
SocketSettings:0.30333333333333334
SocketStreamHelper:0.2
