RequestInfo:0.7233333333333334
GwtRpcService:0.5933333333333334
GwtRpcServiceAsync:0.5933333333333334
GwtTeamingMessages:0.4166666666666667
ProfileRequestInfo:0.2833333333333333
GwtClientHelper:0.28
ActivityStreamCtrl:0.25666666666666665
MenuBarPopupBase:0.24666666666666667
ManageSavedSearchesDlg:0.21
WorkspaceTreeControl:0.20666666666666667
MainMenuControl:0.20333333333333334
ActivityStreamUIEntry:0.19666666666666666
LoginDlg:0.18666666666666668
ActivityStreamParams:0.15666666666666668
GwtLoginInfo:0.14333333333333334
ProfileSidePanel:0.13666666666666666
ProfileAttributeWidget:0.12333333333333334
