DBCollection:0.7
DB:0.5033333333333333
DBApiLayer:0.33
MongoClientURI:0.2633333333333333
