PseudoAtom:0.45
AbstractPseudoAtomTest:0.42
FragmentAtom:0.3675
PDBAtom:0.33666666666666667
AbstractFragmentAtomTest:0.18333333333333332
