VariousDocTest:0.44666666666666666
LanguageDetectionAttachmentMapperTests:0.33666666666666667
EncryptedDocMapperTest:0.22
SimpleAttachmentMapperTests:0.16666666666666666
MultifieldAttachmentMapperTests:0.14666666666666667
MetadataMapperTest:0.12
