Data:0.64
SerializationServiceImpl:0.47333333333333333
HeapData:0.32
MapLockTest:0.29333333333333333
PortableContextImpl:0.22666666666666666
ClassDefinitionContext:0.18
ThreadLocalOutputCache:0.02666666666666667
