GCLNewParser:0.44333333333333336
GCLHelper:0.3466666666666667
CtrlCall:0.31333333333333335
GCLNewChecker:0.31
CtrlState:0.30333333333333334
CtrlAut:0.2733333333333333
GCLNewLexer:0.26666666666666666
GCLNewBuilder:0.22
CtrlBuildTest:0.21333333333333335
CtrlFactory:0.21
DFA6:0.20333333333333334
DFA5:0.20333333333333334
DFA4:0.20333333333333334
NamespaceNew:0.19666666666666666
DFA7:0.16666666666666666
DFA2:0.16666666666666666
DFA1:0.16666666666666666
CtrlParser:0.05
