DataType:0.56
Dialect:0.4266666666666667
Domain:0.22
ModelIOUtilities:0.21
GenericDataTypeImpl:0.17666666666666667
XMLUtils:0.16
DataTypeIO:0.15666666666666668
Model10XMLPersister:0.14333333333333334
Model20XMLPersister:0.14333333333333334
ERDesigner:0.10666666666666667
