PatchCwbRegistry:0.5233333333333333
DeleteObject:0.31333333333333335
ExecuteScriptImport:0.29
ComputeFrequencyList:0.25333333333333335
