AuthenticationHandler:0.6933333333333334
AuthorizationHandler:0.6069444444444444
