FtpVFS:0.53
Connection:0.4
SFtpConnection:0.36666666666666664
FtpConnection:0.24
FtpPlugin:0.17666666666666667
LoginDialog:0.14
