ClientHttpRequest:0.42
LuceneServiceImpl:0.33666666666666667
ProfileIndexerServiceImpl:0.27
Datenuebernahme:0.24666666666666667
BaseRenderer:0.22
EnumItemBackingBean:0.22
SystemParameterDaoHibernateImpl:0.21666666666666667
NavigatingDAOHibernateImpl:0.18
DatepickerRenderer:0.16333333333333333
FreelancerDAOHibernateImpl:0.16333333333333333
ProfileSearchServiceImpl:0.16
NumberInputfieldComponent:0.11
