SortingTopNProjector:0.5383333333333333
CollectingBatchIterator:0.43833333333333335
SortingTopNProjectorTest:0.33666666666666667
