SmilesParser:0.39
CDKTests:0.2833333333333333
SmilesGeneratorTest:0.27666666666666667
IsotopeFactory:0.21333333333333335
IsotopeFactoryTest:0.21333333333333335
SmilesParserTest:0.18
ElementFactory:0.16
InvalidSmilesException:0.012222222222222223
CDKConstants:0.0
