TransportSQLActionTest:0.6813888888888889
ObjectColumnTest:0.4033333333333333
ESQueryBuilder:0.26
