RecordStore:0.7508333333333334
DefaultRecordStore:0.5433333333333333
AbstractEvictableRecordStore:0.29
WriteBehindStore:0.24
AbstractRecordStore:0.22666666666666666
