Role:0.6916666666666667
AdminProcessor:0.4
Permission:0.32892857142857146
UserMgmtService:0.2994444444444444
SymphonyServletListener:0.26
Mails:0.26
Emotions:0.24333333333333335
UserQueryService:0.20027777777777778
RoleQueryService:0.17666666666666667
UserProcessor:0.16666666666666666
