Py:0.7016666666666667
__builtin__:0.36333333333333334
PyFile:0.2866666666666667
PyDictionary:0.24
operator:0.21333333333333335
PyDictionaryIter:0.12
PySequenceIter:0.12
