DefaultSearchContext:0.6366666666666667
MapperService:0.59
PercolatorIT:0.3466666666666667
MapperServiceTests:0.25666666666666665
