DropwizardResourceConfig:0.83
OptionalQueryParamResourceTest:0.27666666666666667
OptionalQueryParamResource:0.23666666666666666
