AbstractJPPFClientConnection:0.38333333333333336
BundleWrapper:0.2633333333333333
AbstractNodeIO:0.21333333333333335
ApplicationResultSender:0.20333333333333334
TaskVersion:0.17623015873015874
WaitingResultsState:0.14
ClassVersionRunner:0.08666666666666667
