BatchSqlUpdateItemWriterTests:0.4066666666666667
HibernateAwareItemWriter:0.32666666666666666
HibernateAwareItemWriterTests:0.2966666666666667
BatchSqlUpdateItemWriter:0.235
JpaAwareItemWriterTests:0.21333333333333335
JpaAwareItemWriter:0.18333333333333332
StubItemWriter:0.11666666666666667
