Rule:0.5233333333333333
CtrlHelper:0.30333333333333334
TemplateBuilder:0.2633333333333333
LTSJEdge:0.24666666666666667
ALabelEdge:0.23333333333333334
RuleTransitionLabel:0.22333333333333333
LTSDisplay:0.21666666666666667
CtrlLoader:0.20666666666666667
DefaultRuleTransition:0.20666666666666667
LTSJGraph:0.20666666666666667
DefaultGraphNextState:0.20666666666666667
LTSJVertex:0.20333333333333334
Template:0.2
Namespace:0.18333333333333332
Program:0.16666666666666666
LabelValue:0.16333333333333333
