TODDataStorage:0.7716666666666666
QuorumDebugger:0.19333333333333333
