AbstractCustomerCreditIncreaseTests:0.6666666666666666
HibernateFailureJobFunctionalTests:0.39877777777777773
