CommandDecoder:0.36666666666666664
RedissonCountDownLatchTest:0.29333333333333333
RedisClientTest:0.20333333333333334
RedissonCountDownLatchConcurrentTest:0.18
BaseConcurrentTest:0.16083333333333333
