Gateway:0.7933333333333333
IndicesService:0.5316666666666666
GatewayMetaState:0.31333333333333335
GatewayService:0.28
GatewayServiceTests:0.14
MetaDataIndexStateService:0.14
GatewayIndexStateIT:0.11583333333333333
