FileModuleImpl:0.6466666666666666
ContentFilter:0.3433333333333333
DummyContentFilter:0.17666666666666667
XSSContentFilter:0.0911111111111111
