JdbcChadoAdapter:0.6033333333333334
PureJDBCTransactionWriter:0.43666666666666665
SybaseChadoAdapter:0.29
PostgresChadoAdapter:0.18666666666666668
