StoreStatus:0.66
PrimaryShardAllocatorTests:0.37
NodeGatewayStartedShards:0.36666666666666664
IndicesShardStoresResponse:0.3566666666666667
ShardStateMetaData:0.2866666666666667
IndexRoutingTable:0.2625
IndexShardTests:0.21
CorruptedFileIT:0.18666666666666668
UpdateSettingsIT:0.16
ShardPathTests:0.16
TestAllocator:0.1411111111111111
IndicesShardStoreRequestIT:0.14
PrimaryShardAllocator:0.13
IndicesShardStoreResponseTests:0.12666666666666668
Fields:0.0
