MethodDescriptor:0.79
SymbolTable:0.33666666666666667
StepFactory:0.26666666666666666
ExecutionStep:0.25
AbstractVirtualMachine:0.25
IntermediateExecutionBuilder:0.24666666666666667
MethodExecution:0.16333333333333333
