AmazonSageMaker:0.7837698412698413
AmazonSageMakerClient:0.51
AbstractAmazonSageMaker:0.31333333333333335
