PreferenceConstants:0.9604444444444444
JChemPaintPreferencePage:0.2866666666666667
