OrdinalsBuilder:0.7633333333333333
SingleDocs:0.31444444444444447
FSTPackedBytesStringFieldDataTests:0.21
PagedBytesStringFieldDataTests:0.21
