MediaDTO:0.6333333333333333
MediaBean:0.44333333333333336
MediaComposerBean:0.36
