MPPSBean:0.36
SqlBuilder:0.36
StudyBean:0.33666666666666667
QueryCmd:0.3
SeriesBean:0.28
StorageBean:0.25
PatientUpdateBean:0.2
PatientBean:0.19416666666666665
MPPSManagerBean:0.19333333333333333
AppendLiteral:0.14
