BuildRunner:0.5266666666666666
MasterBuild:0.36666666666666664
BuildRunnerTest:0.23333333333333334
