ClusterManager:0.5066666666666667
BaseManager:0.4033333333333333
ResponseQueueCall:0.3983333333333333
MemberCall:0.25666666666666665
