MWizard:0.52
Wizard:0.41333333333333333
Backup:0.3566666666666667
