Record:0.44
SubjectLanguageDAO:0.4
PersistenceManager:0.35
SubjectDAO:0.31
AbstractDAO:0.22
FRILMatchAlgorithm:0.17333333333333334
AddSubjectHandler:0.15
RecordBuilder:0.12
UpdateSubjectHandler:0.11666666666666667
