SqlStatementBuilderSmallTest:0.66
DerbySqlStatementBuilder:0.38333333333333336
DB2zosSqlStatementBuilder:0.16666666666666666
DB2SqlStatementBuilder:0.16666666666666666
