DataProviderParserHandler:0.6533333333333333
AbstractDataProviderParserHandler:0.43333333333333335
DefaultDataProviderParserHandler:0.39666666666666667
EmbedClient:0.3566666666666667
UACDSDataProviderParserHandler:0.33666666666666667
DataProviderRep:0.3233333333333333
ConfigParser:0.18833333333333332
EmbedClientConfiguration:0.18333333333333332
EmbedConfigProperties:0.0
