BaseWriteCommandMessage:0.4033333333333333
BaseUpdateCommandMessage:0.17666666666666667
DeleteCommandMessage:0.17
InsertCommandMessage:0.15666666666666668
ProtocolHelper:0.08333333333333333
MessageSettings:0.013333333333333334
