Address:0.4066666666666667
Contact:0.17666666666666667
Keywords:0.16
Telephone:0.15333333333333332
OnlineResource:0.14333333333333334
CodeType:0.13666666666666666
ResponsiblePartySubset:0.12333333333333334
