IExtractDataReaderSource:0.6390277777777779
SelectFromTableSource:0.4816666666666667
ExtractDataReader:0.47333333333333333
SelectFromSymDataSource:0.2966666666666667
TableExtractDataReaderSource:0.16333333333333333
