ApplicationContext:0.43666666666666665
DcmRcv:0.3433333333333333
DcmQR:0.29
DatabaseHandler:0.2833333333333333
WadoRetrieveDelegate:0.2377777777777778
