PlanMatchPattern:0.5733333333333334
PlanBuilder:0.34
PlanOptimizers:0.28555555555555556
