ChartEditorInput:0.51
ChartEditorPart:0.45
SVGChartsSWTComponentProvider:0.29
JFCChartsSWTComponentsProvider:0.2891666666666667
CASelectionListener:0.2833333333333333
ChartComposite:0.17777777777777776
CAFactorialMapChartEditor:0.16
JFCChartEditorPart:0.15333333333333332
ComputeProgression:0.15055555555555555
JFCChartEditorInput:0.12666666666666668
SVGChartEditorInput:0.12666666666666668
SVGChartEditorPart:0.11333333333333333
ComputeCAH:0.09
___CustomHTMLToolTip:0.0033333333333333335
