FilteredFeatureModel:0.74
SetDetailPanel:0.35333333333333333
RowSelectionListener:0.3233333333333333
TablePanel:0.18
