ExpressionVariable:0.3333333333333333
OgnlExpression:0.25666666666666665
ELExpression:0.19333333333333333
OgnlExpressionParserTests:0.18
ParserELContext:0.15
ELExpressionParser:0.14666666666666667
OgnlExpressionParser:0.12666666666666668
ELContextFactory:0.10666666666666667
ELExpressionParserTests:0.10333333333333333
DefaultElContextFactory:0.01
TestELContextFactory:0.01
ExpressionParser:0.0
