NetSocketImpl:0.5033333333333333
MetricsContextTest:0.3933333333333333
ServerConnection:0.29333333333333333
HttpClientImpl:0.29
FakeHttpServerMetrics:0.27666666666666667
ClientConnection:0.275
ServerHandler:0.24777777777777776
MetricsTest:0.23666666666666666
NetClientImpl:0.23333333333333334
DatagramSocketImpl:0.23
