DefaultLoginPageGeneratingFilter:0.4866666666666667
AuthenticationConfigBuilder:0.4266666666666667
CsrfTokenHiddenInputFunction:0.29333333333333333
DefaultLoginPageConfigurer:0.23333333333333334
