StatusManager:0.48333333333333334
DataLoader:0.31333333333333335
EdgeFilterTypeGui:0.26111111111111107
EdgeFilterState:0.245
EdgeFilterView:0.22
DbLoadThread:0.21333333333333335
StatusEvent:0.19
StatusLis:0.18666666666666668
StatLis:0.13
StatusBar:0.05388888888888888
