GFFAdapter:0.5333333333333333
SyntenyComparaAdapterGUI:0.5133333333333333
CompositeAdapterUI:0.45
SyntenyAdapterGUI:0.31333333333333335
