Items:0.41
NutDao:0.4033333333333333
EntityOperator:0.3933333333333333
NutPojo:0.2555
UpdateTest:0.11
