STF:0.8066666666666666
SarosC:0.5433333333333333
SarosCImp:0.4633333333333333
TeamCImp:0.45666666666666667
TeamC:0.43333333333333335
OpenC:0.3233333333333333
PEViewImp:0.31333333333333335
TestContextMenuOpen:0.2966666666666667
TestUserWithWriteAccessSavesFiles:0.2966666666666667
TestShareProjectUsingExistingProject:0.2966666666666667
TestSVNStateInitialization:0.29
STFTest:0.24333333333333335
TestBasicWidgetTree:0.24333333333333335
TestSVNStateUpdates:0.21833333333333332
TestMenuRefactor:0.19666666666666666
OpenCImp:0.19
TestParallelInvitationWithTerminationByHost:0.15
TestConcurrentEditing:0.13666666666666666
TestStrictSequentialInvitationWithoutTermination:0.13666666666666666
TestShare3UsersSequentially:0.11333333333333333
TestEditDuringInvitation:0.11333333333333333
TestShare2UsersSequentially:0.11333333333333333
TestHostInvitesBelatedly:0.11333333333333333
TestShare3UsersConcurrently:0.11333333333333333
TestParallelInvitationWithTerminationByInvitees:0.1
