StructureRDFManager:0.6233333333333333
StructureRDFManagerTest:0.49333333333333335
