BoxInteractor:0.5033333333333333
Factory:0.46208333333333335
BoxUpdateModifier:0.4
BoxFactory:0.32666666666666666
BoxPropAction:0.15666666666666668
