AttrUtils:0.6533333333333333
StudyBean:0.30666666666666664
SeriesBean:0.30333333333333334
PatientUpdateBean:0.3016666666666667
PatientBean:0.29333333333333333
InstanceBean:0.26666666666666666
