ExpressionCompiler:0.49
BootstrapFunctionBinder:0.44333333333333336
Bootstrap:0.3211111111111111
