CollectionUtils:0.7366666666666667
CouchbaseClientFactory:0.20333333333333334
CouchbaseTicketRegistry:0.15083333333333335
JsonMultifactorAuthenticationTrustStorage:0.15
CasSupportJdbcAuditConfiguration:0.14666666666666667
SqrlInitialAction:0.14666666666666667
CasConsentJdbcConfiguration:0.14666666666666667
CouchbaseServiceRegistryDao:0.12916666666666668
CasCoreAuthenticationPrincipalConfiguration:0.11
GrouperFacade:0.11
CredentialsAsFirstParameterResourceResolver:0.11
