BioResource:0.8266666666666667
CMLValidationAction:0.25
Bc_cmlPlugin:0.23111111111111116
Bc_cdkPlugin:0.18333333333333332
