ForLoadedType:0.6783333333333333
ClassReloadingStrategy:0.355
ExtractionClassFileTransformer:0.32666666666666666
