CustomSwipeToRefreshRefreshActivity:0.5663333333333334
TestAbMob:0.5360714285714286
MainActivity:0.35
