METSDODeserializer:0.5166666666666667
METSDOSerializer:0.5041666666666667
