FrameBufferTest:0.16333333333333333
FixedPointTest:0.16333333333333333
ObjTest:0.14333333333333334
CollisionTest:0.13666666666666666
Pong:0.13666666666666666
MeshTest:0.10333333333333333
MeshShaderTest:0.10333333333333333
FloatTest:0.10333333333333333
TextTest:0.10333333333333333
PerformanceTest:0.10333333333333333
VertexArrayTest:0.10333333333333333
ImmediateModeRendererTest:0.10333333333333333
