Record:0.5483333333333333
PatternEdgeSearchItem:0.30333333333333334
TypeGraph:0.23333333333333334
Search:0.23333333333333334
PatternEdgeMultipleRecord:0.17666666666666667
PatternNodeSearchItem:0.15333333333333332
Matcher:0.12777777777777777
PatternNodeSingularRecord:0.08666666666666667
MultipleRecord:0.06666666666666667
SingularRecord:0.06666666666666667
PatternEdgeSingularRecord:0.06
PatternNodeMultipleRecord:0.02666666666666667
BasicRecord:0.013333333333333334
