AssociationBeDao:0.4647222222222221
AssociationBeDaoTest:0.2726111111111111
