JSONLexer:0.7966666666666666
JSONScanner:0.55
DefaultJSONParser:0.3466666666666667
JavaBeanDeserializer:0.225
DefaultObjectDeserializer:0.15333333333333332
JSONScannerTest_scanSymbol:0.15
ASMDeserializerFactory:0.14
PointDeserializer:0.1
RectangleDeserializer:0.1
FontDeserializer:0.1
ColorDeserializer:0.1
ThrowableDeserializer:0.09333333333333334
AbstractDateDeserializer:0.07666666666666666
TimeDeserializer:0.07
