DSLContext:0.5966666666666667
Utils:0.461111111111111
RenderTest:0.32666666666666666
DefaultDSLContext:0.3
Val:0.25666666666666665
AbstractParam:0.19
AbstractQuery:0.18666666666666668
