Subject:0.7266666666666667
TelecomAddress:0.37333333333333335
SubjectBuilder:0.30333333333333334
HL7V3MessageBuilderHelper:0.2633333333333333
PRPA_IN201306UV02_Message_Builder:0.25666666666666665
