Binary:0.54
Parser:0.5016666666666667
ParserTest:0.36
Decoder:0.23
Encoder:0.22333333333333333
