Matrix:0.5233333333333333
MatrixImpl:0.38333333333333336
ContingencyTableImpl:0.36
QuantitativeDataStructure:0.27051984126984113
Vector:0.25666666666666665
VectorImpl:0.24
LexicalTableImpl:0.20333333333333334
QuantitativeDataStructureImpl:0.12
DoubleMatrix:0.11333333333333333
StatException:0.023333333333333334
Factor:0.02
LexicalTable:0.0033333333333333335
