AbstractTicketRegistry:0.47333333333333333
CouchbaseTicketRegistry:0.23333333333333334
MemCacheTicketRegistry:0.23
