WebKeys:0.66
ReportModuleImpl:0.62
ReportModule:0.61
ReportDownloadController:0.3566666666666667
DateHelper:0.20666666666666667
ViewController:0.11333333333333333
ActivityReportByUserController:0.02
