ScenarioConfigEditorFX:0.4766666666666667
MainMenu:0.4266666666666667
TabPanelDashboard:0.4066666666666667
StartUpLocation:0.19666666666666666
