Invocation:0.56
Context:0.35333333333333333
OperationServiceImpl:0.31333333333333335
InvocationFuture:0.25
ClientExceptionFactoryTest:0.23
InvocationRegistryTest:0.21333333333333335
ClientExceptionFactory:0.19
PartitionInvocation:0.17666666666666667
GroupProperty:0.04566666666666666
ClientProtocolErrorCodes:0.04566666666666666
