Input:0.7433333333333333
AndroidLocklessInput:0.31
AndroidInput:0.31
LwjglInput:0.23526190476190473
JoglInput:0.16166666666666665
AngleInput:0.14083333333333334
