NavigationDrawerDrawable:0.4866666666666667
ToolbarManager:0.33666666666666667
BaseNavigationManager:0.31
MainActivity:0.25916666666666666
NavigationManager:0.22
DrawerAdapter:0.20333333333333334
Builder:0.18066666666666667
