BuildingManager:0.6433333333333333
ThermalGeneration:0.25
SolarPowerSource:0.21
PowerGeneration:0.205
TabPanelPowerGrid:0.19333333333333333
TabPanelThermalSystem:0.17666666666666667
SolarHeatSource:0.12666666666666668
