ClientEndpoint:0.8633333333333333
ClientEndpointImpl:0.49166666666666664
ClientHeartbeatMonitor:0.33666666666666667
