Params:0.6033333333333334
AssistData:0.2733333333333333
LinkedServletBindingImpl:0.22666666666666666
InstanceFilterBindingImpl:0.22666666666666666
LinkedFilterBindingImpl:0.22666666666666666
InstanceServletBindingImpl:0.22666666666666666
DaggerCompatibilityModule:0.11
