Part:0.63
FilePart:0.4033333333333333
AsyncProvidersBasicTest:0.24
PartBase:0.22
ByteArrayPart:0.22
SimpleAsyncHttpClientTest:0.20666666666666667
StringPart:0.17333333333333334
MultipartBodyTest:0.14
FilePartLargeFileTest:0.13
MultipartUploadTest:0.1
AbstractFilePart:0.08666666666666667
FastUnauthorizedUploadTest:0.07333333333333333
