SysNodesExpressionsTest:0.54
DummyExtendedNodeInfo:0.5233333333333333
NodeOsExpressionTest:0.29333333333333333
NodeOsExpression:0.2875
