ReplayInputStream:0.4866666666666667
ARCWriter:0.39666666666666667
RecordingOutputStream:0.34
ARCSocketFactory:0.2866666666666667
ARCSocket:0.27
RecordingInputStream:0.23
ARCWriterTest:0.21
ARCSocketFactoryTest:0.20444444444444446
ARCWriterProcessor:0.18
RecordingOutputStreamTest:0.12
