ExchangeNode:0.5266666666666666
SqlStageExecution:0.37666666666666665
Visitor:0.3433333333333333
EdgePrinter:0.18666666666666668
