AttributeMetadataProperty:0.36333333333333334
ObjectNode:0.29333333333333333
AttributeMetadataNode:0.28
ObjectNodeProperty:0.23472222222222225
ClassAttributeMetadataProperty:0.23333333333333334
ClassMetadataNode:0.23
CreateClassAction:0.19000000000000003
AttributeEditorSupport:0.17
