CDKMolecule:0.7166666666666667
ICDKMolecule:0.28825396825396826
