ConnectionExplorer:0.5033333333333333
IConnectionNode:0.4667063492063494
ManagementNode:0.46
DisplayConnectionExplorerAction:0.14333333333333334
CreateConnectionAction:0.12
