Saros:0.8433333333333334
InvitationDialog:0.29333333333333333
InviteAction:0.27
