StoreScp:0.44666666666666666
StoreScpService:0.37333333333333335
StorageBean:0.2966666666666667
AbstractScpService:0.2833333333333333
