GhemicalPlugin:0.67
ComputationStrategyFactory:0.2733333333333333
GhemicalPreferenceInitializer:0.21666666666666667
ComputeEnergy:0.21
