Field:0.49333333333333335
TupleDescriptor:0.4766666666666667
TupleAnalyzer:0.4166666666666667
