GedcomWriter:0.5866666666666667
GedcomReader:0.5366666666666666
Model:0.36666666666666664
Paste:0.25666666666666665
Copy:0.2544444444444444
PropertyTransferable:0.21333333333333335
