SerializationConstants:0.801
FilteringClassLoader:0.5733333333333334
SerializerHookLoader:0.48333333333333334
