S3BlobContainer:0.35
HdfsBlobContainer:0.3233333333333333
AzureBlobContainer:0.31666666666666665
HdfsBlobStoreContainerTests:0.23
FsBlobContainer:0.19666666666666666
