CreateUACDSAction4Test:0.39133333333333337
JFXGestureAreaTest:0.32787301587301587
SymbolRenderer2Test:0.32787301587301587
EditUACDSAction6Test:0.2633333333333333
JFXMapItemSymbolRendererRelativeTest:0.24666666666666667
LayerTreeEditorCopyPaste4Test:0.21333333333333335
JFXEditorModifySymbolTest:0.21283333333333335
SwingEditorModifySymbolTest:0.21283333333333335
LayerTreeEditorCopyPaste1Test:0.19666666666666666
SymbolAnimatedRendererTest:0.19283333333333333
JFXSaveSVGTest:0.17333333333333334
JFXSavePPTTest:0.17333333333333334
JFXTreeEditorUndoPropertyChangeTest:0.17
LibrariesDependency2Test:0.14666666666666667
