DDLIntegrationTest:0.29
InformationSchemaTest:0.22
PrivilegesIntegrationTest:0.21666666666666667
InformationSchemaIterables:0.2
Columns:0.2
RelationAnalyzerTest:0.16
InformationTableConstraintsTableInfo:0.14666666666666667
NotNullConstraintIterator:0.12333333333333334
References:0.04666666666666667
NotNullConstraintIterable:0.02666666666666667
