ShadowAssetManager:0.36
ShadowResourcesTest:0.35333333333333333
Converter:0.3466666666666667
TypedResource:0.32388888888888884
