SpringXmlConfigBuilder:0.7113333333333334
TestFullApplicationContext:0.48333333333333334
