PercolateShardRequest:0.5566666666666666
Request:0.48333333333333334
PercolateDocumentParserTests:0.31333333333333335
MultiPercolatorIT:0.22666666666666666
