CodeReferenceMap:0.43
Builder:0.4266666666666667
ReferenceNode:0.34777777777777774
DeadCodeEliminatorTest:0.3
ElementReferenceMapper:0.29333333333333333
ElementReferenceMapperTest:0.21666666666666667
CodeReferenceMapTest:0.16333333333333333
TranslationProcessor:0.14666666666666667
ProGuardUsageParser:0.14333333333333334
ClassReferenceNode:0.08666666666666667
MethodReferenceNode:0.05333333333333334
FieldReferenceNode:0.03888888888888889
