Parameters:0.5613888888888888
ValueType:0.37666666666666665
FromSupertypesModel:0.37333333333333335
TypeExtractor:0.23
DefinedParameters:0.16666666666666666
Variable:0.13666666666666666
