PeerGroup:0.5666666666666667
PeerAddress:0.4666666666666667
WalletTool:0.2683333333333333
PeerGroupTest:0.22
