JsonRenderImpl:0.5166666666666667
Json:0.4766666666666667
JsonTest:0.3566666666666667
UTF8JsonView:0.14333333333333334
JsonConvertImpl:0.13666666666666666
