WADOResponseObject:0.49616666666666664
WADOSupport:0.4266666666666667
RIDSupport:0.3016666666666667
WADOService:0.2833333333333333
BasicWADOResponseObject:0.15
