DavResource:0.5241666666666667
WebdavResource:0.33666666666666667
RootResource:0.32
