BinderModule:0.7466666666666667
LuceneReadSession:0.6666666666666666
QueryBuilder:0.3233333333333333
SsfIndexInterface:0.25666666666666665
AbstractBinderProcessor:0.24916666666666668
GwtViewHelper:0.2225
AbstractEntryProcessor:0.2225
BinderModuleImpl:0.21666666666666667
LuceneProvider:0.21
LocalLuceneReadSession:0.18333333333333332
NilLuceneReadSession:0.18333333333333332
AbstractLuceneSession:0.16
