ClusterListenerThread:0.4766666666666667
ClientExecutorServiceProxy:0.38333333333333336
ClientClusterServiceImpl:0.33
ConnectionWrapper:0.24333333333333335
HeartBeatChecker:0.17333333333333334
