TriggerRouterService:0.38333333333333336
IStreamDataCommand:0.3192063492063492
CsvExtractor13:0.23333333333333334
CsvExtractor14:0.23333333333333334
CsvExtractor10:0.21333333333333335
ITriggerRouterService:0.20083333333333334
RouterServiceTest:0.16333333333333333
CsvExtractor16:0.12
StreamReloadDataCommand:0.08666666666666667
StreamConfigDataCommand:0.02666666666666667
StreamCreateDataCommand:0.013333333333333334
StreamInsertDataCommand:0.013333333333333334
StreamUpdateDataCommand:0.013333333333333334
StreamDeleteDataCommand:0.013333333333333334
StreamSQLDataCommand:0.0033333333333333335
StreamBshDataCommand:0.0033333333333333335
