TedLog:0.4766666666666667
TedMainDialog:0.4666666666666667
FeedsPanel:0.29333333333333333
EpisodeChooserDialog:0.17333333333333334
