JdbcChadoAdapter:0.5316666666666666
PostgresChadoAdapter:0.4266666666666667
SybaseChadoAdapter:0.2966666666666667
