FolderUtils:0.5066666666666667
FileModuleImpl:0.4477777777777777
SiteScapeFileSystemLibrary:0.34
