StringFunctions:0.6094444444444445
PermutationsTest:0.4166666666666667
Strings:0.31333333333333335
