MessageHelper:0.5266666666666666
EntityKey:0.47
StatefulPersistenceContext:0.34555555555555556
