TickerChannel:0.6466666666666666
LongTickerChannel:0.26666666666666666
FloatTickerChannel:0.26666666666666666
IntTickerChannel:0.26666666666666666
DoubleTickerChannel:0.26666666666666666
