TransportSQLActionTest:0.4533333333333333
ExpressionToObjectVisitor:0.33666666666666667
AbstractDataAnalysis:0.33666666666666667
TestMetaDataModule:0.26146825396825396
InsertFromValuesAnalyzerTest:0.19666666666666666
BaseAnalyzerTest:0.09166666666666666
