DbH2TestCase:0.48333333333333334
DbHsqldbTestCase:0.48333333333333334
StrictCompareTest:0.25333333333333335
