SocketSelector:0.6033333333333334
TcpWriteContextTests:0.28
TcpWriteContext:0.24
SocketSelectorTests:0.20666666666666667
SocketEventHandler:0.19333333333333333
