Secur32:0.7471111111111111
Secur32Test:0.5333333333333333
Sspi:0.12166666666666667
