GraphShape:0.5933333333333334
SPORule:0.5233333333333333
Level:0.38666666666666666
AbstractGraph:0.36
DefaultIsoChecker:0.3466666666666667
AttributeElementFactory:0.3233333333333333
NodeSetEdgeSetGraph:0.31577777777777777
LayoutIO:0.31
GraphJEdge:0.31
AbstractEdge:0.29333333333333333
NewDeltaGraph:0.2866666666666667
Edge2SearchItem:0.28
AbstractNodeRelation:0.27666666666666667
DefaultApplication:0.27666666666666667
MatchingAlgorithm:0.2625
LTSJModel:0.25
MatrixAutomaton:0.25
AutomatonTest:0.24666666666666667
JaxbGxlIO:0.24666666666666667
SupportedSetNodeRelation:0.23666666666666666
NodeTypeSearchItem:0.22777777777777777
RuleAspect:0.21916666666666668
AutomatonCalculator:0.21333333333333335
GraphTest:0.21333333333333335
RuleDependencies:0.20333333333333334
DefaultRuleView:0.19666666666666666
NodeTypeMultipleRecord:0.19622222222222221
PositiveCondition:0.19305555555555554
DeltaGraphCache:0.19
VarEdgeMultipleRecord:0.19
ProductGTS:0.18333333333333332
AbstractGraphShape:0.17333333333333334
AspectGraph:0.16666666666666666
MinimalAnchorFactory:0.16666666666666666
TypeReconstructor:0.16166666666666665
GraphShapeCache:0.15666666666666668
IndegreeComparator:0.14
SwingTarget:0.14
WildcardEdgeRecord:0.13666666666666666
CopyTarget:0.12666666666666668
AntWorld:0.10666666666666667
EdgeBoundCondition:0.09333333333333334
EdgeEmbargo:0.08166666666666667
