Person:0.43
BasicCredentials:0.37
Configuration:0.25333333333333335
Example:0.22
Saying:0.21333333333333335
