JdbcChadoAdapter:0.6033333333333334
ChadoFeatureLoc:0.24333333333333335
AbstractChadoInstance:0.23
SybaseChadoAdapter:0.19666666666666666
ChadoDatabase:0.19666666666666666
PostgresChadoAdapter:0.19
