StudyModel:0.45
SeriesModel:0.4
StudyListPage:0.3383333333333333
InstanceModel:0.30666666666666664
PPSModel:0.22333333333333333
PatientModel:0.22333333333333333
SeriesListView:0.17
PatientListView:0.17
PPSListView:0.17
StudyListView:0.16666666666666666
InstanceListView:0.16
