SingleConsumerNonblockingProducerDelayQueue:0.42333333333333334
SingleConsumerNonblockingProducerPriorityQueue:0.4166666666666667
ScheduledSingleThreadExecutor:0.37333333333333335
QueueCaliperBenchmark:0.23
DelayedValue:0.18916666666666668
DelayQueueBenchmark:0.16666666666666666
