ObjectFactory:0.5433333333333333
KuwaibaService:0.3466666666666667
FileObjectNode:0.31333333333333335
ScriptQueriesManagerTopComponent:0.22333333333333333
RemoteArtifactDefinition:0.15
CreateProcessDefinition:0.15
RemoteActivityDefinition:0.14333333333333334
RemoteProcessDefinition:0.14333333333333334
RemoteActor:0.10333333333333333
GetArtifactDefinitionForActivity:0.10333333333333333
GetArtifactForActivity:0.10333333333333333
CommitActivity:0.09666666666666666
UpdateProcessDefinition:0.09666666666666666
RemoteArtifact:0.09666666666666666
CreateProcessInstance:0.09666666666666666
CreateProcessInstanceResponse:0.05888888888888889
CreateProcessDefinitionResponse:0.05888888888888889
GetArtifactDefinitionForActivityResponse:0.05888888888888889
GetNextActivityForProcessInstanceResponse:0.05888888888888889
GetArtifactForActivityResponse:0.05888888888888889
GetProcessDefinitionResponse:0.05888888888888889
DeleteProcessDefinition:0.04
GetNextActivityForProcessInstance:0.04
GetProcessDefinition:0.04
UpdateProcessDefinitionResponse:0.020833333333333332
DeleteProcessDefinitionResponse:0.020833333333333332
CommitActivityResponse:0.020833333333333332
