DefaultExecutionTracker:0.54
ProgramStepFactory:0.53
TestLoopStep:0.2733333333333333
NullFilter:0.23666666666666666
Filter:0.21640079365079365
