Reference:0.5433333333333333
AnalyzedColumnDefinition:0.28
AnalyzedTableElements:0.22666666666666666
DocIndexMetaData:0.22666666666666666
AlterTableAddColumnAnalyzerTest:0.21666666666666667
InnerTableElementsAnalyzer:0.20666666666666667
IndexReference:0.20333333333333334
AbstractTableRelation:0.20333333333333334
Extractor:0.19666666666666666
CreateAlterTableStatementAnalyzerTest:0.16666666666666666
MetaDataToASTNodeResolverTest:0.11333333333333333
SortValidator:0.08
DocReferences:0.06333333333333334
TableElementsAnalyzer:0.0
