DefaultBinaryDFDecoder:0.7669444444444444
GUIClientEngine:0.5687222222222222
