RequestMessage:0.81
CA:0.5566666666666666
SignSessionBean:0.36333333333333334
CertificateCreateSessionBean:0.29333333333333333
NestedMessageContent:0.2733333333333333
X509CA:0.27
CVCCA:0.26666666666666666
CrmfRequestMessage:0.19666666666666666
PKCS10RequestMessage:0.17666666666666667
RequestMessageSubjectDnAdapter:0.17
SimpleRequestMessage:0.16444444444444445
CVCRequestMessage:0.16444444444444445
