AjaxController:0.62
PostFiles:0.2733333333333333
WebKeys:0.2595
AddEntryController:0.25666666666666665
FileOpen:0.18
AddAttachmentController:0.14333333333333334
SsfsUtil:0.12833333333333333
