Table:0.5766666666666667
Constraint:0.41333333333333333
Index:0.38333333333333336
JPAOverriddenAnnotationReader:0.29333333333333333
IndexOrUniqueKeySecondPass:0.2633333333333333
EntityBinder:0.23
AnnotationBinder:0.23
TableBinder:0.22666666666666666
DefaultUniqueDelegate:0.19666666666666666
DB2UniqueDelegate:0.18333333333333332
UniqueKey:0.13
