RcvSessionState:0.49333333333333335
RcvFrameHandler:0.32666666666666666
AtomicArray:0.30333333333333334
UnicastReceiverTest:0.24333333333333335
SenderThread:0.21
IoUtil:0.20444444444444446
RcvChannelState:0.18833333333333332
BasicBufferManagementStrategy:0.18
MediaDriverAdminThread:0.17
AtomicArrayTest:0.12083333333333333
