TODFrame:0.6666666666666666
Main:0.49333333333333335
UpdateHandler:0.32666666666666666
