TdsCore:0.48
SAfeTest:0.38166666666666665
ResultSetTest:0.30333333333333334
