Simulator:0.4866666666666667
Options:0.39166666666666666
TypePanel:0.37333333333333335
TypeJGraph:0.23666666666666666
