MyView:0.6477777777777778
PropertyView:0.42833333333333334
