FileAssociation:0.8833333333333333
App:0.32666666666666666
AssociationPanel:0.22666666666666666
