IndexedSeries:0.65
ReportNameHistory:0.31
XYSeries:0.2833333333333333
ReportDemography:0.23666666666666666
