TemplateDropListener:0.38083333333333336
JTBMessageDropListener:0.38083333333333336
