PathTokenizer:0.64
HistoryAnalyzer:0.5066666666666667
FileAnalyzer:0.38
CompatibleAnalyser:0.13666666666666666
