CompressCmd:0.5366666666666666
DecompressCmd:0.42
FileSystemMgtService:0.3333333333333333
CompressionService:0.28
StoreScp:0.2633333333333333
CodecCmd:0.21666666666666667
FileDataSource:0.2138888888888889
Jpeg2000:0.1
JpegLossless:0.03666666666666667
JpegLS:0.03666666666666667
