DeliveryDetail:0.7033333333333334
DeliveryDetailValue:0.3933333333333333
View:0.36666666666666664
DeliveryDetailData:0.31333333333333335
DeliveriesTest:0.2866666666666667
DeliveryDetailCMP:0.21
DeliveryDetailKey:0.2
DeliveryDetailBean:0.17666666666666667
IDeliveryDetail:0.17333333333333334
