AbstractContextSource:0.6161111111111112
LdapContextSourceTest:0.15266666666666664
