BuildingConfig:0.7966666666666666
Building:0.48
BuildingManager:0.23333333333333334
