Lang:0.53
Strings:0.45666666666666667
ComboException:0.24111111111111114
LangTest:0.22666666666666666
StringsTest:0.15
Dumps:0.13333333333333333
