RubyRuntime:0.5466666666666666
LaunchingMessages:0.5239047619047619
DefaultProjectLoadpathEntry:0.5
IRuntimeContainerComparator:0.4464166666666665
