FolderRow:0.68
FolderColumn:0.4
DataTableFolderViewBase:0.37666666666666665
GwtViewHelper:0.29
FolderRowAsyncProvider:0.16777777777777778
SurveyFolderView:0.14
