TestDateTime_Basics:0.5338888888888889
AbstractInstant:0.4044444444444445
TestInstant_Basics:0.40166666666666667
