ConfigImportExportServlet:0.4166666666666667
UpgradeAppliancePage:0.4066666666666667
LicenseInformationPage:0.31666666666666665
ExportConfigurationPage:0.31666666666666665
