RepoUtil:0.7433333333333333
LocalRepoObjectIterator:0.26666666666666666
