DecodeWorker:0.7333333333333333
CommandLineRunner:0.35
ImageReader:0.3233333333333333
