Setters:0.8933333333333333
Inputs:0.8933333333333333
DefaultShader:0.6066666666666667
Lights:0.5075
DefaultShaderProvider:0.19
