Redisson:0.49
RedissonClient:0.44116666666666665
Config:0.37
CommandAsyncExecutor:0.3596666666666667
CommandAsyncService:0.2966666666666667
RedissonObjectFactory:0.22
AccessorInterceptor:0.14
