WebCfgService:0.49555555555555564
SecureSession:0.42333333333333334
StudyPermissionsLocal:0.33648412698412694
StudyListPage:0.28
StudyPermissionsBean:0.23861111111111113
WebLoginContext:0.18666666666666668
StudyPermissionsPage:0.15666666666666668
