AllFieldMapper:0.5633333333333334
Builder:0.2677777777777778
UpdateMappingTests:0.22333333333333333
TypeParser:0.13333333333333333
UpdateMappingOnClusterTests:0.05
Defaults:0.04666666666666667
