HTMLStyleElementTest:0.37333333333333335
HTMLStyleElement:0.37333333333333335
