NetworkConnection:0.6333333333333333
NetworkApplicationEntity:0.32666666666666666
DeviceConfiguration:0.22666666666666666
