SortedIndexStore:0.7641111111111112
AbstractPredicate:0.43666666666666665
