Notification:0.57
IssueAttachment:0.36666666666666664
ImportDataModel:0.31666666666666665
CustomFieldValue:0.28
IssueField:0.25333333333333335
ValueComparator:0.11666666666666667
NameComparator:0.11666666666666667
VersionComparator:0.09166666666666666
