AddNewFolderDlg:0.5333333333333333
GwtMenuHelper:0.42888888888888893
ObjectKeys:0.0
