Settlement:0.7633333333333333
MainMenu:0.4166666666666667
JFXPannableView:0.27
WalkSettlementInterior:0.24666666666666667
WalkOutside:0.22333333333333333
MarqueeTicker:0.22
EVAOperation:0.19666666666666666
MainMenuController:0.16166666666666665
RadiationExposure:0.16
ReviewJobReassignment:0.15666666666666668
SpinningGlobe:0.13666666666666666
TabPanelCareer:0.13333333333333333
