ParameterConstants:0.47350000000000014
AbstractDbDialect:0.44333333333333336
SqlTemplate:0.43333333333333335
