ReportRenderer:0.9383333333333334
HTMLReportRenderer:0.37333333333333335
PDFReportRenderer:0.37333333333333335
