ConstructionSitePanel:0.5994444444444443
ConstructionMissionCustomInfoPanel:0.5276666666666667
ConstructionSitesPanel:0.22060317460317463
