MsgPushRequest:0.7166666666666667
ReadWorker:0.31333333333333335
DownloadManager:0.30333333333333334
ShareFilesModel:0.23666666666666666
PushWorker:0.2122222222222222
JobsRunner:0.2
ActionConfigUpload:0.18333333333333332
ActionConfigRescan:0.18333333333333332
ShareRescanHandler:0.14
