TypeUtils:0.6216666666666667
DeserializeBeanInfo:0.355
ASMSerializerFactory:0.2833333333333333
