TypeVariableSource:0.71
Builder:0.3466666666666667
OfNonGenericType:0.33666666666666667
AbstractMethodDescriptionTest:0.2633333333333333
AbstractTypeDescriptionTest:0.24333333333333335
ForGenerifiedErasure:0.22
LazyMethodDescription:0.19
LazyParameterizedReceiverType:0.185
OfRawType:0.16
AbstractBase:0.11666666666666667
