SdkConfig:0.7533333333333333
RobolectricTestRunnerTest:0.32666666666666666
SdkPicker:0.3
TestWithOldSdk:0.2866666666666667
