SequenceI:0.7533333333333333
TierPopupMenu:0.4166666666666667
AlignMenuItems:0.2777777777777778
AbstractLazySequence:0.25
AbstractSequence:0.24666666666666667
GAMESequence:0.14
