Email:0.6933333333333334
SmtpSslServer:0.36722222222222217
SendMailSession:0.2966666666666667
SmtpServer:0.19333333333333333
SendMail:0.19333333333333333
SendGmailMail:0.14666666666666667
