SellerTest:0.5517777777777777
AddElementsToCollectionAction:0.5333333333333333
