Record:0.5766666666666667
CMap:0.39666666666666667
Block:0.3333333333333333
RecordEntry:0.2544444444444444
TestUtil:0.11
