CMSynergyModification:0.5955555555555556
MyLogStreamListener:0.11666666666666664
