XmlFlowBuilder:0.5725
RequestControlContextImpl:0.21333333333333335
ServletExternalContext:0.21333333333333335
FlowELResolver:0.15333333333333332
ExternalContextELResolver:0.15333333333333332
RequestContextELResolver:0.13
FlowELExpressionParser:0.006666666666666667
