Generator:0.5066666666666667
AdapterTest:0.4
UniqueData:0.23666666666666666
SharedData:0.16333333333333333
