TestQueueStore:0.43666666666666665
QueueAbstractTest:0.3333333333333333
MyQueueStore:0.2733333333333333
QueueTestsFrom2X:0.27
TestItemListener:0.25666666666666665
QueueStatisticsTest:0.24
QueueIteratorTest:0.23
QueueMigrationTest:0.18
QueueStoreTest:0.15666666666666668
QueueSplitBrainTest:0.13666666666666666
QueueListenerTest:0.10333333333333333
CountdownItemListener:0.0811111111111111
OfferThread:0.07333333333333333
QueueEvictionTest:0.03666666666666667
