Settings:0.655
DiagnosticsConnection:0.44
PaddedList:0.4033333333333333
InCondition:0.23333333333333334
