RedBlackTreeTest:0.3433333333333333
CharSeqTest:0.33666666666666667
Euler26Test:0.28
Euler24Test:0.24300000000000002
IteratorTest:0.24
Euler38Test:0.23666666666666666
StreamTest:0.23666666666666666
AbstractMapTest:0.18916666666666668
AbstractTraversableTest:0.18
ComparatorsTest:0.04666666666666667
