TextFormat:0.34
DateTimeInputTag:0.26666666666666666
VariableDefinitionParser:0.26666666666666666
ListFormat:0.24333333333333335
InputVariableTag:0.17666666666666667
