CSGEvaluatorEngine:0.7283333333333334
MetaCADEvaluatorEngine:0.45166666666666666
