TeamFoundationServer:0.42333333333333334
TFSBootstrapper:0.23
TFSBootstrapperTest:0.12
TeamFoundationServerTest:0.06333333333333334
