MDesktopManager:0.65
DragAdapter:0.37666666666666665
WidgetDesktopPaneUI:0.31666666666666665
