ShadowArscAssetManager:0.3466666666666667
Asset:0.3233333333333333
DefaultPackageManager:0.2966666666666667
ResXMLParser:0.26666666666666666
ShadowResources:0.22666666666666666
ResTable:0.19
ShadowResourcesImpl:0.19
Util:0.17333333333333334
CppAssetManager:0.15
String8:0.15
SharedZip:0.12666666666666668
ResStringPool:0.11666666666666667
ResValue:0.0911111111111111
CompressedAsset:0.04833333333333333
ZipSet:0.04666666666666667
event_code_t:0.0
ResXMLPosition:0.0
