SimpleStepContext:0.7522222222222222
StepContextAwareStepScopeTests:0.42333333333333334
