JdbcJobExecutionDao:0.47333333333333333
JdbcStepExecutionDao:0.47333333333333333
ExecutionContextDao:0.195
JdbcExecutionContextDao:0.14
