CacheContext:0.4766666666666667
LoadingCacheTest:0.43333333333333335
CacheGenerator:0.3433333333333333
LocalLoadingCache:0.2
Sync:0.18416666666666667
