XsdBasedSoap12Wsdl4jDefinitionBuilder:0.7433333333333333
XsdBasedSoap11Wsdl4jDefinitionBuilderTest:0.38666666666666666
AbstractSoap12Wsdl4jDefinitionBuilder:0.22666666666666666
XsdBasedSoap12Wsdl4jDefinitionBuilderTest:0.03333333333333333
