IsValidBoundedLocalCache:0.44333333333333336
AsyncLoadingCacheTest:0.36333333333333334
RefreshAfterWriteTest:0.24916666666666668
CacheContext:0.18
