DefaultBroadcaster:0.53
AtmosphereResourceImpl:0.42333333333333334
WebSocketPubSub:0.33666666666666667
JettyWebSocketHandler:0.27666666666666667
