MoleculesEditor:0.6233333333333333
MoleculeTableViewer:0.548
MultiPageMoleculesEditorPart:0.2633333333333333
