GwtTeamingMessages:0.8033333333333333
GwtRpcServiceAsync:0.4927777777777777
GwtRpcService:0.4927777777777777
TinyMCE:0.3333333333333333
EditBrandingDlg:0.32666666666666666
RequestInfo:0.29503968253968255
GwtRpcServiceImpl:0.28
AbstractTinyMCEConfiguration:0.27
GwtMainPage:0.25333333333333335
BrandingTinyMCEConfiguration:0.056666666666666664
DefaultTinyMCEConfiguration:0.0
