Request:0.7366666666666667
RequestTests:0.37
RestClientSingleHostIntegTests:0.30333333333333334
CrudIT:0.17
