OsgiHeaderUtils:0.5783333333333334
OsgiHeaderUtilsTest:0.36333333333333334
PackageAdminResolver:0.2744444444444445
