RDFContainer:0.75
RDF2GoRDFContainer:0.7266666666666667
DataSource:0.465
SesameRDFContainer:0.44666666666666666
IcalTestSimpleCrawlerHandler:0.24333333333333335
SimpleCrawlerHandler:0.205
UpdatingCrawlerHandler:0.19666666666666666
PdfExtractorTest:0.19666666666666666
IcalTestIncrementalCrawlerHandler:0.19333333333333333
ApertureTestBase:0.1925
DataSourceBase:0.17333333333333334
TestFileAccessor:0.17
PlainTextExtractorTest:0.16333333333333333
DataObjectBase:0.14
TestConfigurationUtil:0.13333333333333333
TestRdf2GoRdfContainer:0.11666666666666667
PresentationsExtractorTest:0.11666666666666667
TestSesameRDFContainer:0.11666666666666667
TestOutlookCrawlAll:0.11
OpenDocumentExtractorTest:0.09666666666666666
WorksExtractorTest:0.09
MimeExtractorTest:0.09
PublisherExtractorTest:0.07
WordPerfectExtractorTest:0.07
XmlExtractorTest:0.07
VisioExtractorTest:0.07
WordExtractorTest:0.07
ExcelExtractorTest:0.07
PowerPointExtractorTest:0.07
RtfExtractorTest:0.07
OfficeExtractorTest:0.07
QuattroExtractorTest:0.07
HtmlExtractorTest:0.07
