MongoCredential:0.5133333333333333
MongoClientURI:0.35333333333333333
IteratingAuthenticator:0.19
SaslAuthenticator:0.18944444444444442
GSSAPIAuthenticator:0.18599999999999997
GSSAPIAuthenticationHelper:0.18599999999999997
AuthenticatingConnection:0.15666666666666668
MongoClientURITest:0.14
MongoCredentialTest:0.13666666666666666
