HtmlPage:0.5783333333333334
BaseFrameElement:0.31
WebAssert:0.2825
HTMLCollection:0.2633333333333333
XMLDOMNodeList:0.25333333333333335
HtmlTable:0.25333333333333335
AbstractList:0.23
HtmlImageDownloadTest:0.22666666666666666
HtmlElementTest:0.19
HTMLIFrameElement:0.17
HtmlBaseFont:0.16333333333333333
HTMLCollectionFrames:0.11333333333333333
