FileBackedBlogEntry:0.5866666666666667
StandardFetcher:0.42
BloggerAPIHandler:0.37666666666666665
MetaWeblogAPIHandler:0.22666666666666666
