LocalMapStatsImpl:0.30666666666666664
ClientMapTest:0.2966666666666667
NearCache:0.2833333333333333
ClientMapBasicTest:0.25333333333333335
AbstractBaseReplicatedRecordStore:0.21333333333333335
LocalReplicatedMapStatsImpl:0.21333333333333335
LocalMapStatsProvider:0.20666666666666667
NearCacheStatsImpl:0.19333333333333333
CacheRecord:0.09
