Wallet:0.6033333333333334
PeerGroup:0.38333333333333336
PeerGroupTest:0.37
MockNetworkConnection:0.3333333333333333
PeerTest:0.23
