Action:0.3433333333333333
IndexNameExpressionResolverTests:0.2866666666666667
TransportDeleteAction:0.18666666666666668
IndexNameExpressionResolver:0.18333333333333332
BaseAsyncAction:0.18
TransportIndexAction:0.16
ActionModule:0.12333333333333334
Context:0.11666666666666667
TransportUpdateAction:0.09666666666666666
AutoCreateIndex:0.07666666666666666
TransportBulkAction:0.07333333333333333
DateMathExpressionResolver:0.03
