LogicalPlan:0.6133333333333333
QueryAndFetchConsumer:0.35
Collect:0.2866666666666667
Limit:0.28
LogicalPlannerTest:0.27666666666666667
Filter:0.27
SubQueryPlannerTest:0.26666666666666666
LogicalPlanner:0.26
Visitor:0.23666666666666666
FetchOrEval:0.21333333333333335
Order:0.18333333333333332
ResultDescription:0.17166666666666666
GlobalAggregatePlannerTest:0.11666666666666667
ConsumingPlanner:0.09333333333333334
Count:0.08
HashAggregate:0.07666666666666666
RefVisitor:0.0033333333333333335
