PlanMatchPattern:0.780888888888889
AggregationMatcher:0.3433333333333333
TestMixedDistinctAggregationOptimizer:0.2966666666666667
