AutomationProcessor:0.62
Vacuumd:0.49666666666666665
OnmsAlarm:0.31666666666666665
VacuumdTest:0.23333333333333334
