PA:0.6808333333333333
PAMethodSummary:0.4266666666666667
MethodSummary:0.42
