TestUtil:0.49666666666666665
BufferedSinkTest:0.42333333333333334
BufferTest:0.29
BufferedSourceTest:0.2633333333333333
RealBufferedSinkTest:0.22333333333333333
RealBufferedSourceTest:0.14666666666666667
