Constants:0.416984126984127
Support:0.27666666666666667
Update:0.15333333333333332
Create:0.07333333333333333
