XY:0.31666666666666665
LatLonAlt:0.26666666666666666
XYZ:0.25333333333333335
RangeBearing:0.25
Pixel:0.25
UTM:0.25
