UserServiceMessageReceiverInOut:0.4266666666666667
GroupServiceMessageReceiverInOut:0.38333333333333336
GroupServiceSkeleton:0.32
