RxImageTool:0.5366666666666666
ActivityScanerCode:0.5133333333333333
CaptureActivityHandler:0.3746666666666667
DecodeHandler:0.16333333333333333
