CompletionSuggestSearchTests:0.7266666666666667
ElasticsearchIntegrationTest:0.43666666666666665
InternalEngine:0.20333333333333334
UpdateSettingsTests:0.16666666666666666
SimpleChildQuerySearchTests:0.14666666666666667
InternalEngineTests:0.07666666666666666
