MetaDataTable:0.4633333333333333
DbSupport:0.3495674603174603
Flyway:0.3433333333333333
H2DbSupport:0.17
OracleDbSupport:0.17
HsqlDbSupport:0.17
MySQLDbSupport:0.17
