Toolbar:0.28444444444444444
CollapsingToolbarLayout:0.25833333333333336
TextView:0.24
AppBarLayout:0.23
EditText:0.21333333333333335
FlowLayout:0.21333333333333335
ConstraintLayout:0.21333333333333335
CoordinatorLayout:0.21333333333333335
GridLayout:0.21333333333333335
Button:0.21333333333333335
FrameLayout:0.21333333333333335
RelativeLayout:0.21333333333333335
ImageView:0.21333333333333335
DrawerLayout:0.21333333333333335
LinearLayout:0.21333333333333335
