Table:0.5933333333333334
Model:0.4
SortableTableModel:0.35333333333333333
PropertyTableWidget:0.32
TableView:0.20666666666666667
AbstractPropertyTableModel:0.2
PropertyTableModelListener:0.16555555555555554
GedcomTableWidget:0.15666666666666668
TableViewPrinter:0.15
