BlockEncoding:0.62
BlockEncodingManager:0.4033333333333333
WriteOnlyBlockEncodingManager:0.25
VariableWidthBlockEncoding:0.19
SliceArrayBlockEncoding:0.19
LazySliceArrayBlockEncoding:0.19
FixedWidthBlockEncoding:0.15666666666666668
RunLengthBlockEncoding:0.14666666666666667
