WebSocketFrame:0.6466666666666666
WebsocketTest:0.31666666666666665
WebSocketImplBase:0.31333333333333335
WebSocketBase:0.19416666666666665
ClientHandler:0.19333333333333333
ServerHandlerWithWebSockets:0.18
WebSocketFrameFactory:0.09166666666666666
WebSocketFrameFactoryImpl:0.07333333333333333
