JpaTicketRegistryTests:0.4633333333333333
ServiceTicketImpl:0.3977777777777778
SerializationUtils:0.38333333333333336
