FormalProofLineListHandler:0.37666666666666665
UniversalHandler:0.28
SubstFuncvarHandler:0.13666666666666666
SubstFreevarHandler:0.11
RenameHandler:0.04666666666666667
