PyString:0.6966666666666667
__builtin__:0.34
PyFile:0.3
codecs:0.27666666666666667
