ExpressionInterpreter:0.5333333333333333
Rewriter:0.36222222222222217
RelationPlanner:0.22333333333333333
Visitor:0.20444444444444446
TestExpressionInterpreter:0.18333333333333332
InterpretedPageProjection:0.12333333333333334
ConstantExpressionVerifierVisitor:0.11
InterpretedCursorProcessor:0.10666666666666667
InterpretedPageFilter:0.10666666666666667
