SymbolTable:0.7178888888888889
TypeDescriptor:0.5977222222222223
