IssueForm:0.7933333333333333
WatchIssueAction:0.3233333333333333
