JPPFNode:0.35
DelegatingBundler:0.3233333333333333
AutoTunedBundler:0.29
BundlerFactory:0.21
ProportionalBundler:0.17333333333333334
NetworkUtils:0.04
