ProvideAndRegisterDocumentSet:0.61
Repository:0.5033333333333333
XDSbRepositoryAsync:0.10333333333333333
XDSbRegistryAsync:0.0033333333333333335
