EndEntityProfile:0.53
ExtendedInformation:0.37666666666666665
CAInterfaceBean:0.3333333333333333
NameConstraint:0.29
