MRole:0.36666666666666664
Info:0.34
MCashFlow:0.31333333333333335
MCashFlowProcessor:0.2833333333333333
X_C_CashFlow:0.27666666666666667
MPeriod:0.2633333333333333
CashFlowProcessor:0.25333333333333335
AEnv:0.24333333333333335
APanel:0.23
AMenu:0.23
AdempiereServer:0.2
AdempiereServerMgr:0.18333333333333332
MCashFlowProcessorLog:0.056666666666666664
