TestHiveCoercion:0.5566666666666666
TestHiveStorageFormats:0.39666666666666667
TestAllDatatypesFromHiveConnector:0.3
AllSimpleTypesTableDefinitions:0.21333333333333335
TestTablePartitioningSelect:0.2
AvroRequirements:0.0
