Linkd:0.5766666666666667
QueryManager:0.5683333333333334
LinkdMBean:0.3333333333333333
DaoQueryManager:0.21083333333333334
