EmailUtil:0.69
AbstractAdminModule:0.37333333333333335
DefaultEmailFormatter:0.37333333333333335
EnterExitEvent:0.22
MimeNotifyPreparator:0.20333333333333334
