Nodes:0.6433333333333333
Common:0.22666666666666666
