SimpleEntity:0.36333333333333334
InternalComponent:0.33
AdvancedEntity:0.3
ManyToManyEntity:0.2833333333333333
OneToOneEntity:0.2833333333333333
ManyToOneEntity:0.2833333333333333
