WebClient:0.66
HtmlPage:0.6066666666666667
BaseFrame:0.27777777777777773
HtmlFormTest:0.18
CurrentWindowTracker:0.06333333333333334
PopupTest:0.0425
