CasCoreWebflowConfiguration:0.5233333333333333
MultifactorAuthenticationProperties:0.30333333333333334
AbstractCasWebflowEventResolver:0.27
JRadiusServerImpl:0.17666666666666667
