WellFormedCheckerExecutor:0.45666666666666667
FormalProofCheckerExecutor:0.36
DefaultInternalKernelServices:0.2833333333333333
Qedeq2Latex:0.26
Qedeq2UnicodeVisitor:0.25
QedeqVoBuilder:0.23666666666666666
ProofCheckerImpl:0.2
FormalProofCheckerPlugin:0.1557777777777778
WellFormedCheckerPlugin:0.06666666666666667
