DecodeEmailTask:0.45
AbstractBlackBoxTestCase:0.41333333333333333
AbstractNegativeBlackBoxTestCase:0.32222222222222224
