AbstractTestDescriptor:0.48
JupiterTestDescriptor:0.3
ParameterizedTestExtension:0.29333333333333333
RepeatedTestExtension:0.17333333333333334
