SearchPhaseController:0.74
SearchPhaseControllerTests:0.3466666666666667
SearchScrollQueryThenFetchAsyncAction:0.31333333333333335
