QueryRetrieveScpService:0.38333333333333336
AbstractScpService:0.37666666666666665
HPScpService:0.33194444444444443
StgCmtScuScpService:0.2866666666666667
DcmServerService:0.19
