ManagedChannelImpl:0.4766666666666667
ClientCallImpl:0.44666666666666666
DelayedStream:0.29333333333333333
ManagedChannelImplTest:0.26
ClientStreamListenerImpl:0.23333333333333334
ClientCallImplTest:0.14
FakeBackoffPolicyProvider:0.043111111111111114
