ResourceCRLRevocationChecker:0.44666666666666666
AbstractResourceBasedServiceRegistryDao:0.21666666666666667
RemoteAddressAuthenticationHandler:0.2
JpaLockingStrategy:0.18666666666666668
SimpleTestUsernamePasswordAuthenticationHandler:0.15666666666666668
LogoutManagerImpl:0.14333333333333334
MultifactorAuthenticationTrustStorageCleaner:0.12666666666666668
AbstractCasProtocolValidationSpecification:0.11333333333333333
Locker:0.11333333333333333
Releaser:0.11333333333333333
GrouperRegisteredServiceAccessStrategyTests:0.09333333333333334
