FramedConnection:0.6177777777777778
Listener:0.4266666666666667
Spdy3ConnectionTest:0.3433333333333333
MockWebServer:0.31833333333333336
Builder:0.26666666666666666
Reader:0.24777777777777782
FramedSocketHandler:0.19666666666666666
FramedServer:0.10333333333333333
