Qedeq2Latex:0.47333333333333333
Qedeq2UnicodeVisitor:0.43
ControlVisitor:0.27666666666666667
