MolecularDescriptorTest:0.7616666666666667
BondDescriptorTest:0.5508333333333333
