ITreeViewReader:0.7648809523809524
TreeViewReaderImpl:0.44412698412698415
TreeViewParser:0.4066666666666667
