Gedcom:0.5433333333333333
Entity:0.44
EditView:0.35
Editor:0.2966666666666667
OK:0.2633333333333333
GedcomReader:0.19833333333333333
ProxyXRef:0.16666666666666666
ActionCopy:0.16333333333333333
ProxyDate:0.16333333333333333
ActionUpDown:0.15333333333333332
Proxy:0.15
ActionRun:0.14333333333333334
ActionAdd:0.13333333333333333
ProxyFile:0.12333333333333334
ActionPaste:0.12
AbstractChange:0.12
ActionCut:0.115
ProxyEvent:0.11
ProxySex:0.11
ActionStart:0.10333333333333333
ProxyName:0.1
ProxyMLE:0.09333333333333334
ProxyAge:0.09333333333333334
ProxyChoice:0.06333333333333334
ProxyEntity:0.06
ProxySimpleValue:0.056666666666666664
SelectionChange:0.04111111111111111
TogglePrivate:0.03
Cancel:0.011666666666666667
