TierPopupMenu:0.8266666666666667
GameSynteny:0.43833333333333335
