NewWord:0.5766666666666667
LearnTool:0.4766666666666667
CRFAnalysis:0.23
NlpDemo:0.12666666666666668
UserDefineLibrary:0.09666666666666666
