ROC:0.5966666666666667
EvalTest:0.36
ROCTest:0.30666666666666664
ROCBinaryTest:0.19666666666666666
RegressionEvalTest:0.19333333333333333
