ResTableConfig:0.43333333333333335
ShadowDefaultRequestDirectorTest:0.4033333333333333
ResTable:0.3333333333333333
ShadowArscAssetManager:0.25666666666666665
Asset:0.22666666666666666
Converter:0.22611111111111115
TestHttpEntity:0.19666666666666666
ResValue:0.14666666666666667
ShadowTypedArray:0.11666666666666667
Util:0.11
CppAssetManager:0.10333333333333333
ResourceString:0.08611111111111112
ResTableTest:0.06
ResTableType:0.0
