QueryRetrieveScpService:0.38
AbstractFileCopyService:0.30916666666666665
SyncFileStatusService:0.30666666666666664
MD5CheckService:0.23666666666666666
UpgradeToEnhancedMFService:0.21333333333333335
FileSystemMgt2Bean:0.21
