RibbonClientTest:0.725
LBClient:0.7066666666666667
DisableAutoRetriesByDefaultClientConfig:0.056666666666666664
LBClientTest:0.03
