VariableWidthBlockBuilder:0.42333333333333334
FixedWidthBlockBuilder:0.42333333333333334
GroupByHash:0.42
