Server:0.5966666666666667
Store:0.33666666666666667
DefaultDOManager:0.32
GSearchDOManager:0.23333333333333334
DefaultManagement:0.19333333333333333
DefaultLowlevelStorageModule:0.17
DefaultBackendSecurity:0.16333333333333333
FedoraAccessServlet:0.14666666666666667
DefaultExternalContentManager:0.14666666666666667
FieldSearchSQLModule:0.13666666666666666
ConnectionPoolManagerImpl:0.10666666666666667
