Term:0.71
TermNatures:0.32666666666666666
UserDefineRecognition:0.18555555555555558
FilterModifWord:0.18333333333333332
IndexAnalysis:0.17
TestError:0.13666666666666666
FilterAndUpdateNatureDemo:0.10666666666666667
Test:0.09
IndexPaserDemo:0.07666666666666666
