SpringXmlBuilder:0.56
XmlClientConfigBuilder:0.5166666666666667
XmlClientConfigBuilderTest:0.2866666666666667
TestClientApplicationContext:0.27
HazelcastClientBeanDefinitionParser:0.10666666666666667
