TestMenuItem:0.5633333333333334
menu:0.32255555555555554
MenuInflaterTest:0.23
ShadowMenuInflater:0.18
