QuickFormEditor:0.7933333333333333
QuickFormXMLUtil:0.5083333333333333
