FileModuleImpl:0.6266666666666667
AbstractAuthenticationProviderModule:0.33666666666666667
SharingModuleImpl:0.25
