CommunicationsStub:0.7233333333333334
Constants:0.3765555555555556
LocalAttributeMetadata:0.3566666666666667
Utils:0.30333333333333334
LocalClassMetadata:0.26
TemplateElementNode:0.2
DeviceLayoutImporter:0.17333333333333334
DeviceLayoutPalette:0.14666666666666667
CreateCustomShapeAction:0.11333333333333333
SetPaletteIconAction:0.11
DeviceLayoutExporter:0.10333333333333333
