ProfileModule:0.62
CoreDao:0.5952777777777778
CoreDaoImpl:0.32666666666666666
LdapModuleImpl:0.2833333333333333
AbstractEntryProcessor:0.24666666666666667
EntryProcessor:0.24666666666666667
ProfileModuleImpl:0.22666666666666666
HistoryCache:0.18666666666666668
SAbstractProfileController:0.16333333333333333
ViewEntryController:0.11333333333333333
ConfigureNotifyController:0.11
SAbstractForumController:0.09333333333333334
ManageProfileIndexController:0.09333333333333334
AjaxController:0.09
ListProfilesController:0.08333333333333333
ModifyEntryController:0.06333333333333334
ViewController:0.056666666666666664
