DownloadGroupTarget:0.42333333333333334
Downloader:0.39272222222222225
AbsTaskEntity:0.26166666666666666
UploadActivity:0.23666666666666666
SimpleDownloadUtil:0.23
FtpDownloadTarget:0.21166666666666667
FtpClientHelp:0.21077777777777776
DownloadReceiver:0.21
FragmentActivity:0.19
DownloadTaskEntity:0.16777777777777778
