Interpreter:0.7233333333333334
OOITBuilder:0.38333333333333336
RequestResponseProcess:0.32
OneWayProcess:0.2866666666666667
InputOperationProcess:0.26722222222222225
