EventDissector:0.55
EventEncoder:0.2733333333333333
EventLogReaderAgent:0.16333333333333333
CmdInterceptor:0.14333333333333334
EventConfiguration:0.07
