AsyncHttpClientConfigDefaults:0.4744444444444444
AbstractAsyncHttpClientFactoryTest:0.42
AsyncImplHelper:0.4166666666666667
AsyncHttpClientRegistryTest:0.17
