DateFilter:0.36666666666666664
DateStartFilter:0.27666666666666667
DateStopFilter:0.27666666666666667
