User:0.6566666666666666
ProtectedResourceTest:0.31333333333333335
AuthDynamicFeature:0.23333333333333334
ExampleAuthorizer:0.21666666666666667
ExampleAuthenticator:0.19
