CommentMgmtService:0.6341666666666667
UpgradeService:0.4266666666666667
Starter:0.4166666666666667
