ThreadInfo:0.7366666666666667
JVM:0.4266666666666667
