Configuration:0.49333333333333335
MapperBuilderAssistant:0.31333333333333335
Builder:0.24666666666666667
ResultMapping:0.21333333333333335
DefaultResultSetHandler:0.21
MapperAnnotationBuilder:0.19666666666666666
BaseExecutor:0.19
XMLMapperBuilder:0.15666666666666668
