Atom:0.42
Element:0.4066666666666667
Monomer:0.385
Bond:0.30333333333333334
ChemObject:0.29333333333333333
AtomContainer:0.29050000000000004
Reaction:0.2633333333333333
PDBAtom:0.22142857142857145
Crystal:0.22142857142857145
ChemModel:0.21476190476190476
Strand:0.21476190476190476
PseudoAtom:0.20476190476190476
Isotope:0.20142857142857143
AtomType:0.19476190476190477
ElectronContainer:0.19333333333333333
ChemSequence:0.1930952380952381
SetOfReactions:0.1930952380952381
LonePair:0.1930952380952381
AtomParity:0.1930952380952381
SingleElectron:0.1930952380952381
RingSet:0.18642857142857144
Association:0.1830952380952381
AminoAcid:0.1830952380952381
Polymer:0.1830952380952381
ChemFile:0.1830952380952381
PeriodicTableElement:0.1780952380952381
SetOfAtomContainers:0.1780952380952381
BioPolymer:0.1780952380952381
Fragment:0.16166666666666665
Mapping:0.08777777777777779
AtomEnumeration:0.06666666666666667
