ICDKMolecule:0.7433333333333333
CDKManager:0.6166666666666667
CDKMolecule:0.48333333333333334
DBMolecule:0.3333333333333333
AbstractCDKManagerPluginTest:0.26666666666666666
CDKManagerTest:0.19666666666666666
TestCDKMolecule:0.18666666666666668
