HtmlOption:0.7671111111111112
HTMLTableColElement:0.37083333333333335
