FetchSubPhase:0.5233333333333333
FetchPhase:0.37666666666666665
SearchService:0.36333333333333334
TermVectorsFetchParser:0.14333333333333334
TermVectorsFetchSubPhase:0.13333333333333333
