XmlPage:0.5933333333333334
WebClientTest:0.36666666666666664
DomNodeTest:0.26
