BasicKeyChain:0.75
KeyChainGroup:0.5133333333333333
WalletTest:0.18533333333333335
