RankEvalResult:0.3233333333333333
RatedDocument:0.31666666666666665
RankedListQualityMetric:0.26666666666666666
RankEvalResponse:0.15666666666666668
PrecisionAtN:0.15333333333333332
TransportRankEvalAction:0.03
RatingMapping:0.03
QuerySpecTests:0.016666666666666666
RestRankEvalAction:0.006666666666666667
