QueryAtom:0.5633333333333334
QueryAtomContainerCreator:0.4766666666666667
QueryBond:0.3433333333333333
OrderQueryBond:0.2966666666666667
UniversalIsomorphismTesterTest:0.19333333333333333
QueryAtomContainer:0.17333333333333334
SymbolQueryAtom:0.05333333333333334
