SaleProcessorIntegrationTests:0.6166666666666667
JdbcSaleProcessor:0.24611111111111114
InMemoryDatabaseCreator:0.24611111111111114
