GeoPointValues:0.6333333333333333
Empty:0.22666666666666666
Single:0.21
FunctionScoreModule:0.19666666666666666
SingleFixedSet:0.18916666666666668
WithOrdinals:0.18916666666666668
