Date:0.74
ISODate:0.3933333333333333
DatesTest:0.27666666666666667
SingleCase:0.13
