Functionizer:0.5366666666666666
EnumRewriter:0.28
EnumTest:0.13333333333333333
