CAAdminSession:0.6089722222222222
CAAdminSessionBean:0.49
CAsTest:0.2866666666666667
CAInterfaceBean:0.26
IllegalKeyException:0.24666666666666667
UpgradeSessionBean:0.22733333333333333
CADataHandler:0.18333333333333332
