VMXState:0.8655555555555554
ExpressionPattern:0.04666666666666667
