DummyGraphics:0.8633333333333333
AttributedStringDrawing:0.33466666666666667
MapItemSymbolRendererTest:0.24
MapItemLegendRendererTest:0.23
MapItemSegmentRendererTest:0.22333333333333333
