ClassicOperationExecutor:0.7
OperationServiceImpl:0.41
NodeEngineImpl:0.36333333333333334
AbstractClassicOperationExecutorTest:0.20666666666666667
