Vocabulary:0.49333333333333335
VocabularyEditor:0.47333333333333333
NavigationWidget:0.4
LineContentProvider:0.16666666666666666
LineLabelProvider:0.11666666666666667
