BlockUtils:0.79
LoopRegionVisitor:0.36666666666666664
IfMakerHelper:0.31
CodeShrinker:0.2122222222222222
AttributeStorage:0.20333333333333334
