MapsPanel:0.5533333333333333
OpenXMLAction:0.3819047619047619
