BuildingSalvageMission:0.4666666666666667
ConstructionStageInfo:0.45666666666666667
ConstructionSite:0.38333333333333336
ConstructionManager:0.38
ConstructionStage:0.35333333333333333
BuildingConstructionMission:0.34
LifeSupport:0.34
BuildingManager:0.31333333333333335
Farming:0.30333333333333334
GoodsManager:0.28
Trade:0.26666666666666666
ConstructionUtil:0.25333333333333335
LivingAccommodations:0.23166666666666666
MissionManager:0.19
ConstructionValues:0.17666666666666667
ConstructionSiteTest:0.16666666666666666
ConstructionManagerTest:0.16333333333333333
ConstructionConfig:0.15333333333333332
ResourceProcessing:0.15333333333333332
ConstructionStageInfoTest:0.15333333333333332
ConstructionStageTest:0.15333333333333332
Trader:0.12
Architect:0.11666666666666667
SalvageBuilding:0.11
Doctor:0.10333333333333333
Engineer:0.09333333333333334
Astronomer:0.09333333333333334
Technician:0.09333333333333334
Chef:0.08666666666666667
Chemist:0.08666666666666667
Physicist:0.08666666666666667
Meteorologist:0.08666666666666667
Mathematician:0.08666666666666667
Botanist:0.06333333333333334
SalvageValues:0.06
Biologist:0.056666666666666664
Areologist:0.056666666666666664
Driver:0.04666666666666667
