PetiteConfig:0.5466666666666666
InjectionPointFactory:0.31666666666666665
Koo:0.3088888888888889
FullTypeTest:0.18666666666666668
