Robot:0.5233333333333333
AWT:0.4866666666666667
ComponentNode:0.2898888888888889
ComponentBrowser:0.23666666666666666
ComponentTestFixture:0.21666666666666667
AbstractEventExceptionHandler:0.21666666666666667
FrameworkTestSuite:0.14333333333333334
AWTTest:0.13
AbstractEventExceptionHandlerTest:0.12666666666666668
