ActorInfo:0.6266666666666667
JMXActorMonitor:0.5066666666666667
JMXActorsMonitor:0.37
