KuwaibaService:0.45666666666666667
ObjectFactory:0.37666666666666665
CommunicationsStub:0.3566666666666667
LocalScriptQuery:0.33166666666666667
RemoteScriptQuery:0.20333333333333334
ScriptQueriesManagerService:0.18933333333333338
CreateScriptQuery:0.15333333333333332
ScriptQueryNode:0.12333333333333334
CreateScriptQueryAction:0.11
