FilterChainProxy:0.43333333333333335
FilterChainProxyTests:0.39666666666666667
MockFilter:0.29
MockConfigAttribute:0.05055555555555556
VirtualFilterChain:0.023333333333333334
