FreelancerController:0.7633333333333333
FormController:0.5402777777777777
