ATNSerializer:0.46
Target:0.38
JavaTarget:0.22666666666666666
TestLexerExec:0.17666666666666667
Utils:0.14666666666666667
SerializedATN:0.12666666666666668
