ReportModuleImpl:0.5066666666666667
VisitInfo:0.49333333333333335
WSClient:0.35333333333333333
SearchServiceImpl:0.19
PWCallbackText:0.08666666666666667
