DatabaseMetaData:0.6266666666666667
TimestampTest:0.34833333333333333
PacketRowResult:0.25
EscapeProcessor:0.23
