MobileAjaxController:0.5433333333333333
WebKeys:0.426626984126984
SearchUtils:0.29333333333333333
