AbstractNumericFieldMapperTestCase:0.29333333333333333
KeywordFieldMapperTests:0.28
DateFieldMapperTests:0.28
ScaledFloatFieldMapperTests:0.28
TextFieldMapperTests:0.28
IpFieldMapperTests:0.28
BooleanFieldMapperTests:0.17666666666666667
ParentChildFieldDataTests:0.11
QueryProfilerTests:0.09333333333333334
SearchCancellationTests:0.08333333333333333
