Flyway:0.6533333333333333
MigrationInfoServiceImpl:0.38333333333333336
MigrationInfoImpl:0.33666666666666667
MigrationInfoContext:0.33
MigrationInfoServiceImplSmallTest:0.2966666666666667
FlywayMediumTest:0.25333333333333335
MigrationTestCase:0.23666666666666666
AbstractFlywayTask:0.23
Main:0.22222222222222224
DbMigrate:0.19
AbstractFlywayMojo:0.13666666666666666
DbRepair:0.12333333333333334
MigrationInfoDumperSmallTest:0.12333333333333334
DbValidate:0.09
