MetaAction:0.54
ModuleTestBase:0.5033333333333333
LinkTag:0.17
ImageTag:0.12666666666666668
ButtonTag:0.11333333333333333
TeamTest:0.07333333333333333
GoMyPublicJSPInSameWindowCalculatedAction:0.04
GoMyPublicJSPInNewWindowCalculatedAction:0.04
GoNoWhereInNewWindowAction:0.01
GoMyPublicJSPInNewWindowAction:0.006666666666666667
GoMyPublicJSPInSameWindowAction:0.006666666666666667
