FileReadingCollector:0.6741666666666667
FileReadingCollectorTest:0.37666666666666665
CopyIntegrationTest:0.18666666666666668
