ChadoTransaction:0.9027777777777777
ChadoUpdateTransaction:0.3942222222222222
