JsonProcessingExceptionMapperTest:0.6
JsonProcessingExceptionMapper:0.25333333333333335
YamlConfigurationFactoryTest:0.24666666666666667
CustomDeserialization:0.24
