SharedBuffer:0.56
TestSharedBuffer:0.3433333333333333
NamedQueue:0.29333333333333333
SqlTaskExecution:0.27777777777777773
MockTask:0.14
