MasterSlaveConnectionManager:0.3466666666666667
ConnectionManager:0.3358333333333333
CommandBatchExecutorService:0.27666666666666667
RedisCommand:0.2733333333333333
ClusterConnectionManager:0.24
CommandExecutorService:0.23333333333333334
MasterSlaveEntry:0.2
SingleConnectionManager:0.15333333333333332
ClusterPartition:0.13666666666666666
