AtmosphereRequest:0.6283333333333333
EventCacheBroadcasterCache:0.43
AtmosphereResponse:0.42333333333333334
