ProjectConfig:0.6733333333333333
CruiseControlConfig:0.4166666666666667
ProjectController:0.30333333333333334
ProjectMBean:0.28583333333333333
