Advice:0.43666666666666665
ForOrigin:0.4
AdviceTest:0.3433333333333333
ForField:0.28
ForConstantValue:0.24666666666666667
ForMethodEnter:0.18
ForMethodExit:0.17666666666666667
AdviceAnnotationTest:0.14666666666666667
AdviceTypeTest:0.09333333333333334
ReferenceAdvice:0.03
IntegerAdvice:0.02666666666666667
ByteAdvice:0.02666666666666667
FloatAdvice:0.02666666666666667
ShortAdvice:0.02666666666666667
LongAdvice:0.02666666666666667
BooleanAdvice:0.02666666666666667
CharacterAdvice:0.02666666666666667
DoubleAdvice:0.02666666666666667
