HistoryGuru:0.39666666666666667
DirectoryHistoryParser:0.255
Repository:0.18726190476190477
GitRepository:0.12666666666666668
BazaarRepository:0.12666666666666668
MercurialRepository:0.10333333333333333
SubversionRepository:0.10333333333333333
ClearCaseRepository:0.10333333333333333
TeamwareRepository:0.10333333333333333
PerforceRepository:0.08666666666666667
