Encoder:0.71
VideoSharingSession:0.44
XugglerEncoder:0.35
ImageTileEncoder:0.22333333333333333
QuantizeFilter:0.19333333333333333
ImageTileEncoderPreferencePage:0.16
WholeImageFilter:0.15333333333333332
Screen:0.1522222222222222
SendFileAction:0.13
VideoSharingAction:0.10666666666666667
PauseVideoSession:0.10666666666666667
XugglerEncoderPreferencePage:0.08666666666666667
ChangeSourceMode:0.08666666666666667
StopVideoSession:0.08666666666666667
