ThumbnailWidget:0.8733333333333333
Callback:0.3433333333333333
