GUIUtils:0.8502777777777777
DateCellRenderer:0.2833333333333333
