SequenceTable:0.5033333333333333
UpdateGene:0.2866666666666667
UpdateSequence:0.26666666666666666
AddSequence:0.22666666666666666
