GraphProperty:0.6233333333333333
QueueImpl:0.3848888888888889
