ArchiverConductor:0.43666666666666665
StreamInstanceArchiveChunkReader:0.31
ArchiveIndex:0.30666666666666664
ArchiveFileUtil:0.2733333333333333
ArchiverProtocolProxy:0.16
