Jedis:0.7733333333333333
JedisFactory:0.35
JedisPool:0.33666666666666667
Connection:0.30666666666666664
Client:0.30333333333333334
BinaryJedis:0.29
JedisSentinelPool:0.19333333333333333
BinaryClient:0.16333333333333333
JedisClusterInfoCache:0.145
JedisShardInfo:0.14333333333333334
