OutageDaoJdbc:0.5066666666666667
OutageDao:0.44333333333333336
FindAllOutages:0.4397222222222223
