Encoder:0.9427777777777779
CustomMustacheFactory:0.22666666666666666
MustacheScriptEngineService:0.20666666666666667
MustacheTests:0.19666666666666666
CustomMustacheVisitor:0.18666666666666668
MustacheScriptEngineTests:0.17
UrlEncoderCode:0.14166666666666666
UrlEncoder:0.10061111111111111
JsonEscapeEncoder:0.03333333333333333
DefaultEncoder:0.0
