Result:0.6061666666666666
SelectImpl:0.47
ResultQuery:0.4644841269841271
ResultImpl:0.41333333333333333
AbstractResultQuery:0.10333333333333333
