AsynchronousProcessor:0.6994444444444444
DefaultAnnotationProcessor:0.4219047619047619
