FullTextSearchEntry:0.6255555555555556
FullTextSearchEventListener:0.4166666666666667
ContentFullTextSearchEntry:0.295
