QedeqBo:0.6491666666666667
DefaultKernelQedeqBo:0.53
Qedeq2Latex:0.37333333333333335
