RestExceptionWrapper:0.47333333333333333
SelfResource:0.41333333333333333
AbstractBinderResource:0.39666666666666667
ErrorInfo:0.10666666666666667
RestExceptionWrapperMapper:0.01
