Coordinates:0.6233333333333333
CannedMarsMap:0.2833333333333333
MasterClock:0.22333333333333333
UnitIconMapLayer:0.22333333333333333
MainWindow:0.21222222222222223
MapPanel:0.21
NavigatorWindow:0.20333333333333334
