RhsAction:0.41655555555555557
ParseCpsl:0.37666666666666665
RightHandSide:0.36666666666666664
Rule:0.36333333333333334
SinglePhaseTransducer:0.3333333333333333
TestFSM:0.19666666666666666
TestGate:0.13111111111111112
