MethodTag:0.5666666666666667
EditorsPlugin:0.55
ITagImageProvider:0.3027420634920635
FreemarkerUtil:0.2633333333333333
FtlTagSupportServlet:0.18666666666666668
DynaTagImageProvider:0.11666666666666667
DefaultTagImageProvider:0.07666666666666666
