MediaConductor:0.7616666666666667
MediaDriverContext:0.6666666666666666
