AsyncTestBase:0.54
HttpServerResponseImpl:0.36333333333333334
HttpTest:0.35888888888888887
HttpServerResponse:0.2866666666666667
