API:0.45
Tuple:0.33666666666666667
APITest:0.28
Property:0.21
$:0.20333333333333334
ForAll10:0.06
ForAll9:0.016666666666666666
For10:0.016666666666666666
For9:0.006666666666666667
Property9:0.006666666666666667
Property10:0.006666666666666667
