ChainedClassLoader:0.355
JettyWarDeployer:0.3433333333333333
HttpClient:0.3
StaticResourceTest:0.22666666666666666
BaseWebIntegrationTest:0.21
HttpResponse:0.04666666666666667
