PropertyRenderer:0.6938888888888889
File:0.5933333333333334
MLE:0.355
