MatrixTask:0.3933333333333333
TestTaskRunner:0.33
FileDownloadTestTask:0.30666666666666664
MatrixRunner:0.18
NonBlockingMatrixRunner:0.13
CompositeDataProvider:0.09666666666666666
URLDataProvider:0.06666666666666667
