HTTPCommunicator:0.54
TextCommandServiceImpl:0.37
TextCommandService:0.2866666666666667
HttpGetCommandProcessor:0.2757777777777778
RestTest:0.15333333333333332
