Driver:0.48333333333333334
PagesIndex:0.35
Visitor:0.34
TestHashJoinOperator:0.33666666666666667
SystemSessionProperties:0.26666666666666666
