SizeCtrl:0.3155555555555556
CustomJspWidgetDlgBox:0.2833333333333333
ManageDatabasePruneDlg:0.27
EditKeyShieldConfigDlg:0.26972222222222225
LandingPagePropertiesDlgBox:0.25
TableWidgetDlgBox:0.25
GraphicWidgetDlgBox:0.25
IFrameWidgetDlgBox:0.19666666666666666
FolderWidgetDlgBox:0.19333333333333333
EnhancedViewWidgetDlgBox:0.19333333333333333
