StandardFetcher:0.6633333333333333
AllCategoriesFetcherThread:0.42661111111111105
CachingFetcher:0.33866666666666667
