FrameLayout:0.48333333333333334
RelativeLayout:0.48333333333333334
LayoutParams:0.41333333333333333
