LagartoParserTest:0.5
JerryTest:0.3988888888888889
NodeSelectorTest:0.36666666666666664
DomTreeTest:0.21666666666666667
DomXmlTest:0.19333333333333333
ParsingProblemsTest:0.19333333333333333
StuckTest:0.18
SpringApiTest:0.17666666666666667
TagAdapterTest:0.17666666666666667
