DatabaseWriter:0.6566666666666666
DataProcessor:0.29333333333333333
DefaultTransformWriterConflictResolver:0.26666666666666666
ManageIncomingBatchListener:0.25
IDataProcessorListener:0.233
