ExportScenePanel:0.43
ExportTablePanel:0.35
GISViewScene:0.3
GISViewTopComponent:0.29
PhysicalConnectionProvider:0.26
TopologyViewScene:0.23666666666666666
TopologyViewTopComponent:0.21333333333333335
AuditTrailTopComponent:0.20333333333333334
TagLabelWidget:0.2
ObjectViewTopComponent:0.19333333333333333
GISViewService:0.19333333333333333
ImageFilter:0.17666666666666667
GeoPositionedNodeWidget:0.17444444444444443
SceneExportFilter:0.17333333333333334
RackViewTopComponent:0.17
RackViewScene:0.17
AbstractNodeWidget:0.16666666666666666
TextExportFilter:0.16333333333333333
ComplexQueryResultTopComponent:0.155
ObjectAuditTrailTopComponent:0.13
Layer:0.13
LocalObjectViewLight:0.13
GraphicalPhysicalPathTopComponent:0.12666666666666668
ExportableTable:0.015
ExportableScene:0.006666666666666667
MapComponentWidget:0.0033333333333333335
AbstractConnectionWidget:0.0
AbstractScene:0.0
