NutPojo:0.52
SimpleDaoTest:0.48333333333333334
SqlFieldMacro:0.48111111111111104
ElFieldMacro:0.41837301587301584
SqlVarPItem:0.09166666666666666
SqlParamPItem:0.09166666666666666
