GwtRpcService:0.53
GwtTeamingMessages:0.481388888888889
GwtClientHelper:0.29
TaskListing:0.28
GwtRpcServiceAsync:0.27615079365079365
TaskBundle:0.2733333333333333
GwtMainPage:0.24111111111111114
GwtTaskHelper:0.24
GwtRpcServiceImpl:0.21
ClickablePanel:0.05333333333333334
