DocumentParser:0.5833333333333334
HighlighterSearchIT:0.43333333333333335
DynamicMappingTests:0.31333333333333335
FieldNamesFieldMapperTests:0.23
