XmlFlowRegistry:0.6796666666666666
FlowRegistry:0.412781746031746
