GwtTeamingMessages:0.42
DlgBox:0.33
TableWidgetDlgBox:0.31
TableProperties:0.2633333333333333
TableDropWidget:0.16333333333333333
