AspectEdge:0.7208333333333333
AspectJEdge:0.49111111111111105
Multiplicity:0.4266666666666667
