JnetManager:0.6333333333333333
StepButtonMouseListener:0.225
RainbowGUI:0.18333333333333332
CategoryActionListener:0.11
JnetColorObserver:0.10527777777777778
JnetStepObserver:0.10527777777777778
StatLis:0.10527777777777778
JnetFilterObserver:0.10527777777777778
