Namespace:0.52
PacketEncoder:0.4666666666666667
PacketDecoder:0.37
EncoderHandler:0.2733333333333333
MemoryStoreFactory:0.19666666666666666
