OpenGrokLogger:0.4066666666666667
FileLogFormatter:0.38
ConsoleFormatter:0.27
SimpleFileLogFormatter:0.15666666666666668
SimpleConsoleFormatter:0.13
