KerasLayer:0.7233333333333334
KerasModel:0.38333333333333336
KerasSequentialModel:0.19
