MapStatistics:0.5266666666666666
MapStatisticsGenerator:0.39666666666666667
MapStatsPanel:0.22333333333333333
ChangeEventGeneratorFactory:0.18333333333333332
MapChartPanel:0.18333333333333332
MapThroughputPanel:0.12666666666666668
HazelcastServiceAsync:0.12166666666666667
InstancePanel:0.10666666666666667
AbstractMonitoringPanel:0.08666666666666667
