TestJPPFJobSLA:0.495
TestJPPFTask:0.4533333333333333
TestDriverJobManagementMBean:0.4533333333333333
