UploadTask:0.5966666666666667
UploadUtil:0.44
UploadActivity:0.3
UploadTaskQueue:0.25833333333333336
StartCmd:0.15333333333333332
