CustomAnnotationEditDialog:0.7233333333333334
EditAnnotationAction:0.2553333333333333
NewCustomAnnotationPopupItem:0.1596111111111111
