FollowModeAction:0.5433333333333333
EditorManager:0.5255555555555556
SarosView:0.435
