YamlSettingsLoader:0.38666666666666666
XContentSettingsLoader:0.32666666666666666
SettingsTests:0.30666666666666664
SettingsLoaderFactory:0.22666666666666666
JsonSettingsLoader:0.14861111111111108
YamlSettingsLoaderTests:0.065
JsonSettingsLoaderTests:0.013333333333333334
PropertiesSettingsLoaderTests:0.013333333333333334
