PeerGroup:0.8083333333333333
CheckpointManager:0.36
PeerGroupTest:0.30666666666666664
