UniqueList:0.5133333333333333
OrderedMap:0.4
ImmutableFirstElementList:0.32
CollectionWrapper:0.27666666666666667
LangUtil:0.19666666666666666
ListWrapper:0.19333333333333333
LazyList:0.13666666666666666
