URLConnectionTest:0.5366666666666666
HttpEngine:0.37
CallTest:0.15666666666666668
