CDKManager:0.8483333333333334
MoleculeTableContentProvider:0.36333333333333334
