Toolbox:0.5133333333333333
MessageBox:0.44333333333333336
Application:0.3466666666666667
LanguageSwitchHandler:0.16666666666666666
