NodeStatus:0.6833333333333333
StatusResource:0.36333333333333334
ServerInfoResource:0.27666666666666667
