jOOQAbstractTest:0.59
Executor:0.55
GeneralTests:0.38666666666666666
UpdatableRecordImpl:0.20666666666666667
