AtomPlacer3D:0.7666666666666667
AtomPlacer3DTest:0.08333333333333333
