CoolHeader:0.5
MButton:0.5
DateTimeEditor:0.2866666666666667
SummaryEditor:0.2733333333333333
