DefaultGraphRenderer:0.6333333333333333
InheritanceTree:0.23666666666666666
