Rule:0.7233333333333334
SPORule:0.4033333333333333
Parameters:0.38666666666666666
GCLParser:0.3433333333333333
GCLLexer:0.3433333333333333
GCLChecker:0.32
ControlTransition:0.2791666666666667
NewRuleView:0.23666666666666666
GCLBuilder:0.23
AbstractGraphState:0.22333333333333333
Scope:0.18833333333333332
GCLDeterminismChecker:0.12666666666666668
SymbolTable:0.08666666666666667
PositiveCondition:0.07583333333333334
DFA10:0.032777777777777774
DFA9:0.032777777777777774
DFA17:0.025
literal_return:0.0025
