Node:0.7266666666666667
ActiveXObject:0.3933333333333333
XSLTProcessor:0.29333333333333333
