XmlFlowBuilder:0.47333333333333333
EvaluateActionTests:0.24666666666666667
BooleanExpressionTransitionCriteria:0.2422222222222222
ScopedAttributeExpression:0.20333333333333334
TextToTransitionCriteriaTests:0.15833333333333333
TextToTargetStateResolver:0.15333333333333332
DefaultExpressionParserFactory:0.15333333333333332
TextToTransitionCriteria:0.12333333333333334
