ClassUtils:0.5280555555555556
ScopeUtils:0.2733333333333333
