BlojsomXMLRPCServlet:0.7886111111111112
CommentAPIServlet:0.4619444444444445
