PipelineExecutionService:0.48333333333333334
IngestActionFilterTests:0.39
PipelineExecutionServiceTests:0.35333333333333333
IngestActionFilter:0.25666666666666665
IngestClientIT:0.18333333333333332
