API:0.5766666666666667
MatchTest:0.2616428571428572
