FactorialMapEditor:0.39
CorrespondanceAnalysisEditorInput:0.32666666666666666
ApplicationWorkbenchAdvisor:0.2633333333333333
CreateSubcorpusDialog:0.23333333333333334
CooccurrencesEditor:0.23333333333333334
CreatePartitionDialog:0.22666666666666666
AddBase:0.214
CaEditor:0.17
Diagnostique:0.1211111111111111
