ToolsBeanRemote:0.5633333333333334
ToolsBean:0.5133333333333333
Tools:0.5016666666666667
