Gedcom:0.6866666666666666
GedcomReader:0.31
EntityReader:0.2
LazyLink:0.12333333333333334
MeteredInputStream:0.11666666666666667
