Planner:0.5666666666666667
PlannerTest:0.47
Visitor:0.21333333333333335
ConsumingPlanner:0.17666666666666667
