Beans:0.6166666666666667
LdapAuthenticationHandler:0.27666666666666667
DefaultCentralAuthenticationService:0.25333333333333335
TicketGrantingTicketCheckAction:0.22333333333333333
