Renderer2D:0.7661111111111112
JChemPaintAbstractApplet:0.4030555555555555
