ChadoXmlWrite:0.6088888888888889
EvidencePanel:0.38777777777777783
ApolloFeatureSelectionListener:0.20666666666666667
