FeignException:0.53
FeignTest:0.4166666666666667
EncodeException:0.1877777777777778
DecodeException:0.1877777777777778
