VehicleMission:0.5866666666666667
MainDesktopPane:0.44
LoadVehicleGarage:0.42333333333333334
