Key:0.37666666666666665
DBCollection:0.3466666666666667
AddIndexAcceptanceTest:0.31666666666666665
Index:0.27666666666666667
CollectionAdminImpl:0.16333333333333333
OrderedKey:0.06
GeoKey:0.03
