Main:0.5
Launcher:0.3933333333333333
Locator:0.3233333333333333
ProjectTest:0.31333333333333335
CruiseControlMain:0.3027420634920635
CruiseControl:0.21333333333333335
CruiseControlWithJetty:0.19666666666666668
OSEnvironment:0.14666666666666667
LaunchException:0.013055555555555556
