ArticleBean:0.8
ArticleBeanImpl:0.35333333333333333
LuceneArticleIterator:0.24666666666666667
RegenerateFullTextIndices:0.20111111111111113
SearchAllLucene:0.18944444444444444
SearchFullText:0.043333333333333335
