Algebra:0.7133333333333334
HostGraph:0.6033333333333334
DefaultHostGraph:0.45
DeltaHostGraph:0.4033333333333333
ShapeGraph:0.2833333333333333
PointStringAlgebra:0.27
PointBoolAlgebra:0.25666666666666665
BigDoubleAlgebra:0.21666666666666667
JavaIntAlgebra:0.21666666666666667
BigIntAlgebra:0.21666666666666667
JavaDoubleAlgebra:0.21666666666666667
HostModel:0.21333333333333335
GTS:0.21
TermRealAlgebra:0.20333333333333334
TermStringAlgebra:0.20333333333333334
TermIntAlgebra:0.20333333333333334
BoolAlgebra:0.20333333333333334
StringAlgebra:0.20333333333333334
TermBoolAlgebra:0.19333333333333333
PointIntAlgebra:0.17666666666666667
PointRealAlgebra:0.17666666666666667
STSTest:0.17666666666666667
RuleApplicationTest:0.17333333333333334
Predicate_convert_valuenode:0.11666666666666667
HostGraphMorphism:0.09333333333333334
