XMPPChatTransmitter:0.6366666666666667
FileZipper:0.47333333333333333
