TypeGraph:0.5766666666666667
TypeEdge:0.5033333333333333
