CertificateProfileTest:0.8633333333333333
CertificateExtensionFactoryTest:0.3466666666666667
