AtomicBufferTest:0.3466666666666667
LogBufferDescriptor:0.3466666666666667
MtuScannerTest:0.33666666666666667
ManyToOneRingBufferTest:0.2866666666666667
Reader:0.2708333333333333
UnicastReceiverTest:0.24666666666666667
AppenderTest:0.21333333333333335
ReaderTest:0.19333333333333333
FrameDescriptor:0.17333333333333334
NioSelector:0.17333333333333334
RebuilderTest:0.13333333333333333
