MastermindGame:0.48
SearchPersonFlowTests:0.30416666666666664
MastermindGameTests:0.25666666666666665
HigherLowerGame:0.23666666666666666
AddItemAction:0.09333333333333334
