Property:0.5866666666666667
MetaProperty:0.39666666666666667
PropertyXRef:0.3169444444444445
ChoosePropertyBean:0.15333333333333332
Tree:0.13
