NeuralNetworkScene:0.64
VisualEditorTopComponent:0.2866666666666667
TrainingController:0.28
NeuralNetworkWidgetAcceptProvider:0.18666666666666668
