EffectivePredicateExtractor:0.36333333333333334
Rewriter:0.30666666666666664
ExpressionUtils:0.2833333333333333
