InterpolationMethod:0.5011111111111111
Coverage:0.41777777777777775
ContinuousCoverage:0.2836666666666666
