RedisConnection:0.5933333333333334
CommandAsyncService:0.30666666666666664
QueueCommand:0.3028333333333333
ConnectionWatchdog:0.25666666666666665
RedissonBlockingQueueTest:0.18416666666666667
