QueryRetrive:0.4533333333333333
DatabaseHandler:0.43333333333333335
StudyModel:0.32666666666666666
ModalityHandler:0.17333333333333334
SearchDaysHandler:0.05055555555555556
