BoundedExecutor:0.4066666666666667
CountedReference:0.385
DatabaseShardManager:0.3466666666666667
ShardMonitorJob:0.3403333333333334
ShardBoundedExecutor:0.22
PartitionOperationTracker:0.18333333333333332
ShardDropJob:0.18
ChunkImportJob:0.15333333333333332
