LineSegment2D:0.4033333333333333
LineSegment2DIndices:0.39
Uniform2DGrid:0.34111111111111114
OrderedListLineSegment2dIndices:0.29333333333333333
QuickSortPoints2D:0.28
OrderedListTriangule3D:0.2586111111111111
Uniform3DGrid:0.19305555555555554
DeWall3D:0.18333333333333332
DeWall2D:0.17666666666666667
Triangle2D:0.15333333333333332
Testing:0.08
