Stream:0.47333333333333333
Queue:0.34
List:0.2733333333333333
Array:0.26666666666666666
Vector:0.25666666666666665
