ProjectControllerMBean:0.605
Project:0.48
Modification:0.4066666666666667
DefaultLabelIncrementer:0.29
Upgrader:0.25
Main:0.22444444444444447
ClearCase:0.185
PluginXMLHelper:0.16333333333333333
ModificationSet:0.14777777777777779
LinkEmailPublisherTest:0.14333333333333334
ProjectController:0.14
MockSourceControl:0.13666666666666666
CVSLabelIncrementer:0.13666666666666666
ClearCaseTest:0.11
MainTest:0.11
ProjectTest:0.09333333333333334
