DSL:0.71
DSLContext:0.5930555555555557
DefaultDSLContext:0.44666666666666666
