FeaturesConfig:0.65
PagesHash:0.4666666666666667
JoinHash:0.29
SystemSessionProperties:0.21333333333333335
LookupSourceSupplierFactory:0.18666666666666668
TestFeaturesConfig:0.16666666666666666
TestJoinProbeCompiler:0.11666666666666667
PositionComparator:0.1
JoinHashSupplier:0.05333333333333334
