SearchHit:0.5644444444444444
NestedIdentity:0.5264444444444445
HitContext:0.36333333333333334
FetchPhase:0.27
PercolateContext:0.2633333333333333
InternalSearchHit:0.26
SourceLookup:0.23
SortParseElement:0.19666666666666666
VersionFetchSubPhase:0.18666666666666668
InternalNestedIdentity:0.17
DocumentMapper:0.16333333333333333
FastVectorHighlighter:0.15666666666666668
SourceScoreOrderFragmentsBuilder:0.1
TopHitsTests:0.09333333333333334
SourceSimpleFragmentsBuilder:0.09333333333333334
