JobDataPanel:0.5833333333333334
JobAccumulator:0.3933333333333333
AccumulatorHelper:0.28
RefreshTask:0.19111111111111112
ConnectionStatusListener:0.1317222222222222
