DataStoreAccessor:0.5902380952380952
DataStoreFlowExecutionStorage:0.5366666666666666
StatefulActionProxy:0.41
ServletFlowExecutionManager:0.2966666666666667
WebFlowNavigationHandler:0.23
DataStoreTokenTransactionSynchronizer:0.11666666666666667
ContinuationDataStoreFlowExecutionStorage:0.03333333333333333
HttpSessionDataStoreAccessor:0.008981481481481483
JsfSessionDataStoreAccessor:0.006666666666666667
