BytecodeToQuad:0.4066666666666667
QuadVisitor:0.2833333333333333
EmptyVisitor:0.27051984126984113
Special:0.18
Invoke:0.17666666666666667
AStore:0.17
LookupSwitch:0.17
ALoad:0.17
Move:0.16666666666666666
Binary:0.16666666666666666
NewArray:0.16555555555555554
TableSwitch:0.15333333333333332
Getfield:0.15333333333333332
IntIfCmp:0.15333333333333332
Putfield:0.15333333333333332
Return:0.14888888888888888
BoundsCheck:0.14666666666666667
InstanceOf:0.14666666666666667
MemLoad:0.1375
Jsr:0.1375
Unary:0.1375
ALength:0.1375
MemStore:0.1375
CheckCast:0.13333333333333333
StoreCheck:0.13333333333333333
Monitor:0.1275
Goto:0.1275
Getstatic:0.12083333333333333
Putstatic:0.12083333333333333
NullCheck:0.12083333333333333
New:0.11666666666666667
Ret:0.10666666666666667
ZeroCheck:0.1
Operator:0.02666666666666667
AllBasicBlockVisitor:0.016666666666666666
AllQuadVisitor:0.01
