TestActionTranslation:0.7216666666666667
TestASTStructure:0.41
TestYang:0.15666666666666668
TestJava:0.15666666666666668
