MyTupel:0.67
BreakpointConsumer:0.45666666666666667
SharingBreakpointListener:0.30666666666666664
