RedissonClient:0.72
Redisson:0.6766666666666666
RedissonAttachedLiveObjectServiceTest:0.26666666666666666
AccessorInterceptor:0.17
