MultiSourceSelect:0.7855555555555557
SubQueryPlannerTest:0.3566666666666667
NormalizerVisitor:0.27666666666666667
