JandexHelper:0.47
BasicAttribute:0.36666666666666664
AssociationAttribute:0.34
ConfiguredClass:0.29333333333333333
EntityClass:0.28
ToOneAttributeSourceImpl:0.28
MappedAttribute:0.23666666666666666
SingularAttributeSourceImpl:0.22333333333333333
ColumnSourceImpl:0.20333333333333334
IdGeneratorBinder:0.16666666666666666
