Window:0.4633333333333333
PbufferTest:0.20333333333333334
FullScreenWindowedTest:0.19333333333333333
KeyboardTest:0.16333333333333333
MouseTest:0.16333333333333333
MouseCreationTest:0.16333333333333333
ControllerTest:0.16333333333333333
ControllerCreationTest:0.16333333333333333
HWCursorTest:0.16
Game:0.14333333333333334
VBOTest:0.13333333333333333
VBOIndexTest:0.13333333333333333
MovingSoundTest:0.12666666666666668
WindowCreationTest:0.10333333333333333
