GetRecordsFactory:0.43333333333333335
GetRecordsTest:0.39
StoredQueryTest:0.2866666666666667
AdhocQueryFactory:0.11666666666666667
