id:0.426626984126984
ViewNode:0.4033333333333333
ViewLoaderTest:0.24333333333333335
