Scope:0.5766666666666667
MethodDefinition:0.4766666666666667
MethodGenerationContext:0.32666666666666666
ScopeContext:0.11
