Script:0.4266666666666667
JComboBoxTester:0.29
JTreeLocation:0.23666666666666666
ScriptTest:0.21666666666666667
JComboBoxRecorder:0.18666666666666668
KeyStrokeMap:0.1688888888888889
JTableTesterTest:0.12666666666666668
JTableTester:0.11666666666666667
PopupNotFoundException:0.024166666666666666
