ConcordancesEditor:0.53
Reference:0.2966666666666667
CreatePartitionDialog:0.2633333333333333
CreateSubcorpusDialog:0.20333333333333334
ImportDialog:0.19444444444444445
ReferencePattern:0.11666666666666667
