DuoAuthenticationHandler:0.6666666666666666
CheckWebAuthenticationRequestAction:0.31666666666666665
