Trigger:0.7266666666666667
TriggerRouterService:0.35333333333333333
TriggerHistory:0.29
AbstractSymmetricEngine:0.21
AbstractTriggerTemplate:0.21
AbstractSymmetricDialect:0.19
H2SymmetricDialect:0.18
TriggerRouterServiceSqlMap:0.11333333333333333
