ClientMapProxy:0.44
MapProxySupport:0.43
SortingUtil:0.30666666666666664
QueryOperation:0.2
PartitionCallable:0.12933333333333333
ClientMapIssueTest:0.04
