QueryAnalysis:0.5627777777777778
HqlAnalyzer:0.49833333333333335
HQLQueryAnalysisProvider:0.2966666666666667
MqlQueryAnalysisProvider:0.2833333333333333
