BinderHelper:0.6411111111111111
HTMLInputFilter:0.37
SidebarPanelTag:0.21
WebKeys:0.19061111111111112
AddEntryController:0.13666666666666666
