TmxMapLoader:0.5466666666666666
AtlasTmxMapLoader:0.35333333333333333
AtlasTiledMapLoaderParameters:0.3333333333333333
HexagonalTiledMapRenderer:0.22666666666666666
Parameters:0.19061111111111112
