Operation:0.58
InvocationRegistry:0.27666666666666667
CallIdSequenceWithBackpressure:0.25666666666666665
OperationAccessor:0.21333333333333335
AbstractInvocationFuture:0.21333333333333335
CallsPerMember:0.14666666666666667
CallIdSequence:0.11994444444444445
CallIdSequenceWithoutBackpressure:0.08333333333333333
