EmailNotificationDlg:0.3566666666666667
GwtTeamingMessages:0.31666666666666665
ClipboardDlg:0.21944444444444447
EmailNotificationInfoRpcResponseData:0.21666666666666667
GwtTeamingMainMenuImageBundle:0.2
GwtEmailHelper:0.11333333333333333
