MetropolisProcessor:0.4
MetropolisRenderer:0.34
MetropolisAntiAliasing:0.2833333333333333
SolverInOwnThread:0.2454444444444444
BiDirectionalProcessor:0.21250000000000002
MutationStrategy:0.21
