Database:0.8466666666666667
Generate:0.5966666666666667
GenerationTool:0.43666666666666665
Plugin:0.2833333333333333
