DefaultFiberFactory:0.8966666666666666
ParallelTopic:0.6166666666666667
