AuthenticationServiceImpl:0.3233333333333333
TxmHTMLPane:0.29333333333333333
GroupedDateSelector:0.25666666666666665
AdminServiceImpl:0.23666666666666666
TxmDialog:0.23333333333333334
DateSelector:0.20833333333333334
Selector:0.205
CriteraPanel:0.18666666666666668
TextSelectionServiceImpl:0.18
SubscribeForm:0.16333333333333333
BiblioTab:0.16
TextTable:0.13333333333333333
ConcordanceServiceImpl:0.1
VocabularyServiceImpl:0.07
CooccurrenceServiceImpl:0.06
HTMLTab:0.043333333333333335
