Errors:0.7666666666666667
InjectionPoint:0.4166666666666667
BoundProviderFactory:0.18333333333333332
InternalFactoryToProviderAdapter:0.18333333333333332
