Default:0.7633333333333333
AgentBuilderDefaultApplicationTest:0.5866666666666667
LambdaFactory:0.35
SingleMethodReplacer:0.21333333333333335
