PubAndSubTest:0.5533333333333333
MultiDriverTest:0.44333333333333336
