PackageResourceTable:0.47333333333333333
ResourceTable:0.42833333333333334
RoutingResourceTable:0.4
