ControllerHub:0.6755555555555556
MoveModule:0.4708333333333333
IChemModelRelay:0.43333333333333335
