JsonPath:0.5733333333333334
ResponseBody:0.55
ObjectMapperDeserializationContext:0.2582777777777778
ObjectMapperSerializationContext:0.15
