DSL:0.58
Alias:0.4
AbstractField:0.25333333333333335
AbstractSelect:0.21666666666666667
