jq_StaticField:0.48833333333333334
jq_InstanceField:0.3383333333333333
jq_Field:0.26666666666666666
