MiscCodec:0.47
ParserConfig:0.33
IdentityHashMap:0.24666666666666667
SerializeConfig:0.2175
TimeDeserializer:0.19777777777777777
JSONSerializerTest2:0.17666666666666667
JSONSerializerMapTest:0.15666666666666668
FastMatchCheckTest:0.14666666666666667
TimeZoneDeserializerTest:0.11
