ProjectController:0.53
Main:0.46
CruiseControlControllerAgent:0.39
MainTest:0.11666666666666667
ProjectState:0.06666666666666667
