AgentBuilder:0.4741666666666667
Default:0.39666666666666667
Matched:0.3466666666666667
ClassReloadingStrategyTest:0.20333333333333334
