IUpgradeTask:0.5437222222222222
SqlTemplate:0.5033333333333333
UpgradeService:0.32
SqlUpgradeTask:0.24666666666666667
