DefaultVertx:0.4533333333333333
WrappedVertx:0.3933333333333333
Vertx:0.37666666666666665
