MetaDataIndexUpgradeService:0.5333333333333333
GatewayMetaState:0.37666666666666665
GatewayMetaStateTests:0.27
MetaDataIndexUpgradeServiceTests:0.21
MockMetaDataIndexUpgradeService:0.16444444444444445
Plugin:0.15
MetaDataUpgrader:0.13547619047619047
