Py:0.5766666666666667
PyObject:0.54
PyType:0.25666666666666665
