MainFrame:0.44
Editor:0.38666666666666666
Main:0.35
SerialDataStore:0.2966666666666667
SerialControllerEditor:0.24666666666666667
NewAnnotDiffAction:0.24333333333333335
NameBearerHandle:0.23166666666666666
ShellSlacFrame:0.20666666666666667
ResourceRenderer:0.20533333333333334
MemberPRsTableModel:0.19333333333333333
CartoonMinder:0.19305555555555554
CorpusFillerComponent:0.18888888888888888
MainTableModel:0.17666666666666667
SetsTableCellEditor:0.17666666666666667
WaitDialog:0.175
LoadANNIEWithoutDefaultsAction:0.16333333333333333
LoadANNIEWithDefaultsAction:0.16333333333333333
ResourceToolTip:0.16
ResourcesTreeCellRenderer:0.15333333333333332
ListEditorDialog:0.14955555555555555
RunApplicationAction:0.14333333333333334
LoadResourceFromFileAction:0.14333333333333334
ManagePluginsAction:0.14333333333333334
RunApplicationOneDocumentAction:0.14333333333333334
ExitGateAction:0.14333333333333334
NewBootStrapAction:0.14333333333333334
DeleteColumnCellRendererEditor:0.13666666666666666
RunControllerAction:0.13166666666666665
FeatureEditorRenderer:0.12666666666666668
StoredMarkedCorpusEvalAction:0.12333333333333334
ParameterDisjunctionEditor:0.12333333333333334
CleanMarkedCorpusEvalAction:0.12333333333333334
ParameterValueEditor:0.12333333333333334
NewCorpusEvalAction:0.12333333333333334
GenerateStoredCorpusEvalAction:0.12333333333333334
NewGazetteerEditorAction:0.12
NewOntologyEditorAction:0.12
NewDSAction:0.115
OpenDSAction:0.115
SetsTableCellRenderer:0.11333333333333333
BackAction:0.11333333333333333
EndOffsetRightAction:0.09333333333333334
KnowledgeBaseTreeCellRenderer:0.09333333333333334
DismissAction:0.09333333333333334
SelectDirectoryAction:0.09333333333333334
EndOffsetLeftAction:0.09333333333333334
AddCreoleRepositoryAction:0.09333333333333334
ParameterDisjunctionRenderer:0.09333333333333334
ForwardAction:0.09333333333333334
StartOffsetRightAction:0.09333333333333334
SelectDirAction:0.09333333333333334
DeleteAnnotationAction:0.09333333333333334
LoadCreoleRepositoryAction:0.09333333333333334
StartOffsetLeftAction:0.09333333333333334
RemoveDocumentsAction:0.09333333333333334
NewCorpusAnnotDiffAction:0.09333333333333334
BooleanRenderer:0.08666666666666667
DetailsTableCellRenderer:0.08666666666666667
OntoTreeCellRenderer:0.08666666666666667
DocumentListCellRenderer:0.08666666666666667
EditFeatureListAction:0.08
SearchAction:0.07333333333333333
NewDocumentAction:0.07333333333333333
ParameterValueRenderer:0.043333333333333335
NewResourceAction:0.03
ResourcesTree:0.013333333333333334
