NormalVerifier:0.45
InstallationDriver:0.4166666666666667
Autotest:0.3933333333333333
DirectorySelectionPage:0.27
StandaloneVerifier:0.24
NormalVerifierTest:0.0
StandaloneVerifierTest:0.0
