ContextMapping:0.55
CategoryQueryContext:0.35333333333333333
CategoryContextMapping:0.21333333333333335
CategoryContextMappingTests:0.18666666666666668
