ShoppingCartController:0.6266666666666667
ShoppingCartResult:0.44333333333333336
