HttpPageBufferClient:0.47333333333333333
ExchangeClient:0.44
Backoff:0.30666666666666664
TestHttpPageBufferClient:0.21333333333333335
TestExchangeClientConfig:0.17333333333333334
ExchangeClientConfig:0.14277777777777778
ExchangeClientFactory:0.13333333333333333
TestBackoff:0.02
