EverydayFragment:0.5333333333333333
EverydayModel:0.44333333333333336
TitleHolder:0.24333333333333335
OneHolder:0.21555555555555553
