AwsConfig:0.6133333333333333
XmlConfigBuilder:0.4033333333333333
AWSClient:0.27666666666666667
TcpIpJoinerOverAWS:0.16333333333333333
GroupProperties:0.13333333333333333
