CursorResultSet:0.47
TdsStatement:0.4666666666666667
TdsConnection:0.42933333333333334
SAfeTest:0.3233333333333333
UpdateTest:0.3055
