QueueItemListenerOnReconnectTest:0.5442777777777777
SetItemListenerOnReconnectTest:0.5442777777777777
