ShardDao:0.6461111111111111
ShardManager:0.6461111111111111
ShardRecoveryManager:0.4166666666666667
MissingShard:0.35
TestOrcStorageManager:0.25
TestShardDao:0.25
DatabaseShardManager:0.20666666666666667
TestShardRecovery:0.20333333333333334
ShardRecoveryStats:0.09666666666666666
MissingShardRecovery:0.07
