LdapUtils:0.5366666666666666
InitialDirContextFactory:0.3453333333333334
DefaultInitialDirContextFactory:0.33
LdapDataAccessException:0.08333333333333333
LdapUserInfo:0.06333333333333334
FilterBasedLdapUserSearch:0.016666666666666666
LdapUserSearch:0.0011111111111111111
