EMPINotification:0.72
BaseEMPIAdapter:0.32666666666666666
PIXRequestHandler:0.3
BaseHandler:0.22333333333333333
AddSubjectHandler:0.2111111111111111
MergeSubjectsHandler:0.16083333333333333
UpdateSubjectHandler:0.12333333333333334
PIXUpdateNotificationHandler:0.05416666666666667
