FolderRowsRpcResponseData:0.49
GwtViewHelper:0.41333333333333333
DataTableFolderViewBase:0.33666666666666667
ObjectKeys:0.02
