EditorScaleLayerTest:0.46166666666666667
MapHorzPanel2Test:0.4244444444444444
ProtocolInputDecoderServer_2Test:0.23333333333333334
BasicServerEngine_4Test:0.20333333333333334
