Main:0.5633333333333334
ConsoleLog:0.3433333333333333
ConsoleLogCreator:0.25
MainClassLoaderSmallTest:0.17666666666666667
CommandLineLargeTest:0.13
MainSmallTest:0.12333333333333334
