Options:0.4633333333333333
Simulator:0.3933333333333333
LabelValue:0.3
LTSJModel:0.24444444444444446
LTSJGraph:0.195
