IssueHandlerImpl:0.4666666666666667
SystemConfigurationImpl:0.36
ITrackerServicesImpl:0.33666666666666667
ITrackerServices:0.26916666666666667
ProjectHandlerImpl:0.26666666666666666
CustomFieldDAOImpl:0.11666666666666667
CustomFieldDAO:0.03
