CertificateProfileData:0.5466666666666666
JBossUnmarshaller:0.33866666666666667
AdminEntityDataPK:0.26666666666666666
