SlidingTableTag:0.5866666666666667
SlidingTableRowAncestorTag:0.5425
SlidingTableRowTag:0.38666666666666666
