String_MangoFormal:0.6133333333333333
Number_MangoFormal:0.5533333333333333
Integer:0.38666666666666666
BigInteger:0.35333333333333333
Array:0.3233333333333333
PrintStream_MangoFormal:0.28
Long:0.2733333333333333
Double:0.25333333333333335
Float:0.25333333333333335
AbstractCollection:0.25
Object_MangoFormal:0.24666666666666667
StringBuilder:0.24333333333333335
Short:0.24333333333333335
StringBuffer:0.24333333333333335
Byte:0.24333333333333335
FilterOutputStream_MangoFormal:0.21
Class_MangoFormal:0.2061111111111111
Math_MangoFormal:0.18666666666666668
Character:0.18333333333333332
Mango_String:0.17333333333333334
FileOutputStream_MangoFormal:0.17333333333333334
Boolean:0.16333333333333333
Mango_Class:0.15666666666666668
OutputStream_MangoFormal:0.14166666666666666
ObjectStreamClass_MangoFormal:0.13666666666666666
Mango_Object:0.13666666666666666
InputStream_MangoFormal:0.12
CharSequence:0.11666666666666667
System:0.08666666666666667
Mango_Byte:0.02
Mango_Short:0.02
Mango_Integer:0.02
Void_MangoFormal:0.0
