AbstractHarvester:0.43
Info:0.3466666666666667
Geonet20Harvester:0.27
GeonetHarvester:0.17666666666666667
