QedeqLog:0.5366666666666666
QedeqLogTest:0.4533333333333333
DefaultModuleEventListenerTest:0.3044444444444444
ProofCheckerTest:0.27666666666666667
QedeqException:0.17333333333333334
KernelBoLogTestSuite:0.14777777777777779
LogListenerImplTest:0.11333333333333333
