Builder:0.6133333333333333
PluginsService:0.36
ESBackcompatTestCase:0.32
NettyTransportMultiPortIntegrationIT:0.23333333333333334
