MiniMapZoomOutAction:0.7451863
ActionManager:0.28705195
MapControlsAction:0.2501088
MapboardAction:0.15417317
FreeColAction:0.077821516
