InputFile:0.6366666666666667
ClsSet:0.32666666666666666
ResourcesLoader:0.2866666666666667
ManifestAttributes:0.23
