View:0.6266666666666667
Style:0.3433333333333333
MetaCollection:0.33
CarrierWithSectionsTest:0.24666666666666667
ApplicantTest:0.24666666666666667
AnnotatedClassParser:0.22666666666666666
MapFacadeBean:0.19666666666666666
CollectionBaseAction:0.16333333333333333
ProjectTest:0.13666666666666666
SaveAndStayElementInCollectionAction:0.1
EditElementInCollectionAction:0.1
SaveElementInTreeViewAction:0.07666666666666666
TableId:0.03333333333333333
