ApolloDataAdapterI:0.6722222222222223
Region:0.4666666666666667
DataInput:0.36
GAMEAdapter:0.36
SequenceUtil:0.32666666666666666
EnsJAdapter:0.22416666666666665
DataLoader:0.20666666666666667
AbstractApolloAdapter:0.20666666666666667
StateInformation:0.20666666666666667
LoadUtil:0.19666666666666666
EnsJAdapterGUI:0.18333333333333332
NavigationBar:0.16333333333333333
