gdxBulletJNI:0.5247222222222223
btRigidBodyConstructionInfo:0.36
btCollisionObject:0.24
btRigidBody:0.22333333333333333
