WebSocketImpl:0.6066666666666667
WebSocketListener:0.3374206349206349
