CacheProxy:0.4033333333333333
AbstractClientInternalCacheProxy:0.35333333333333333
AbstractClientCacheProxyBase:0.35333333333333333
AbstractHazelcastCacheManager:0.31666666666666665
AbstractCacheProxyBase:0.29
LoadAllTask:0.08666666666666667
ClientNearCacheExecutor:0.07416666666666667
