FileConduit:0.3416666666666667
RAMConduit:0.32
FileConduitFactory:0.09666666666666666
RAMConduitFactory:0.08
