InsertFromValuesAnalyzerTest:0.45666666666666667
UpdateAnalyzerTest:0.39666666666666667
InsertIntoIntegrationTest:0.26
SQLTypeMappingTest:0.22
