EmailNotifications:0.5233333333333333
IChangesTracker:0.395
MapFacade:0.37666666666666665
MapFacadeBean:0.37
IMapFacadeImpl:0.2833333333333333
XavaPreferences:0.28
ChangesTracker:0.24
Product2Test:0.22666666666666666
EditGalleryAction:0.20166666666666666
ViewBaseAction:0.19666666666666666
MovieTest:0.19
QuoteTest:0.13666666666666666
EmailNotificationsTestUtil:0.13333333333333333
LoadImageIntoGalleryAction:0.10666666666666667
IncidentTest:0.10333333333333333
CustomerFromAlaskaTest:0.03805555555555555
JavaProgrammerTest:0.023333333333333334
EmailNotificationsChangesTracker:0.006666666666666667
EmailNotificationsTestBase:0.006666666666666667
RemoveImageFromGalleryAction:0.0033333333333333335
