VehicleMaintenance:0.8233333333333334
MaintainGroundVehicleGarage:0.37666666666666665
