PersistedDBCDKResource:0.648888888888889
Bc_CDKDBWrapperPlugin:0.35833333333333334
CDKDBResource:0.33666666666666667
