SystemLog:0.5166666666666667
Mvcs:0.5
LoggingMethodInterceptor:0.38666666666666666
