ClientAdminThread:0.3433333333333333
MediaDriverAdminThread:0.3433333333333333
LibraryFacade:0.1325
MediaDriverFacade:0.1325
