Caffeine:0.4533333333333333
CacheContext:0.3466666666666667
BoundedLocalCache:0.30666666666666664
GuavaCacheFromContext:0.2111111111111111
CacheGenerator:0.19
CaffeineTest:0.16666666666666666
CaffeineCacheFromContext:0.16444444444444445
MultiThreadedTest:0.013333333333333334
