HTMLFormElement:0.5666666666666667
HtmlFormTest:0.44666666666666666
IsDescendantOfContextualFormFunction:0.25
XPathAdapter:0.23666666666666666
