RuleKey:0.5333333333333333
ParamSym:0.4322222222222223
HarvestParametersTrap:0.3433333333333333
