Generator:0.8441666666666666
JavaGenerator:0.4633333333333333
AbstractGenerator:0.28
