ResultHandler:0.2833333333333333
QRCodeEncoder:0.25333333333333335
CalendarResultHandler:0.19666666666666666
WifiResultHandler:0.19666666666666666
AddressBookResultHandler:0.19666666666666666
SMSResultHandler:0.19666666666666666
LoadPackagesAsyncTask:0.19333333333333333
CameraConfigurationManager:0.19333333333333333
ByFirstStringComparator:0.17425925925925925
HelpActivity:0.14333333333333334
WifiReceiver:0.14333333333333334
AppPickerActivity:0.02666666666666667
