DOReader:0.645
Access:0.56
FedoraAccessSoapServlet:0.35333333333333333
SimpleDOReader:0.27666666666666667
FastDOReader:0.26666666666666666
FedoraAPIABindingSOAPHTTPImpl:0.23333333333333334
DefaultAccess:0.22666666666666666
DynamicAccessModule:0.22333333333333333
DynamicAccessImpl:0.21800000000000003
ObjectHistorySerializerThread:0.04
