CommandoCommand:0.5333333333333333
ConsolePlugin:0.5266666666666666
CommandoToolBar:0.4166666666666667
