SandboxTestRunner:0.6188888888888888
ParallelUniverse:0.5733333333333334
RobolectricTestRunnerTest:0.5266666666666666
