UncompressedLongCursor:0.36666666666666664
UncompressedSliceCursor:0.36666666666666664
UncompressedCursor:0.36
