DistinguishedName:0.75
DistinguishedNameTest:0.28
DistinguishedNameEditor:0.19666666666666666
BaseLdapPathBeanPostProcessorTest:0.04
BaseLdapPathAware:0.03666666666666667
BaseLdapPathBeanPostProcessor:0.028333333333333332
DistinguishedNameEditorTest:0.013333333333333334
BaseLdapPathBeanPostprocessorITest:0.01
DistinguishedNameEditorITest:0.0033333333333333335
DummyDistinguishedNameConsumer:0.0
DummyBaseLdapPathAware:0.0
