AbstractNearCacheRecordStore:0.4922222222222223
NearCachedMapProxyImpl:0.37666666666666665
NearCachedClientMapProxy:0.37666666666666665
