BackupAlg:0.47
MangoInstruction:0.43416666666666665
CpnVertex:0.3566666666666667
MangoInvokeInstruction:0.2966666666666667
