Plugin:0.5
ViewContext:0.37666666666666665
EditViewFactory:0.34
ReportViewFactory:0.33666666666666667
ViewManager:0.32
MenuHelper:0.31333333333333335
TreeView:0.25666666666666665
ControlCenter:0.25
BeforeShowContext:0.21666666666666667
ActionOpen:0.18166666666666667
BeanPanel:0.15666666666666668
Init:0.15
Tree:0.12333333333333334
ActionClose:0.12
CreateRelationship:0.11916666666666667
ActionExit:0.115
EditViewPlugin:0.11333333333333333
PluginManager:0.11
DelEntity:0.10333333333333333
CreateChild:0.10333333333333333
CreateParent:0.09
AbstractChange:0.09
CreateXReference:0.08333333333333333
TrackerPlugin:0.07333333333333333
ContextMenuHelper:0.056666666666666664
CreateEntity:0.05333333333333334
DelProperty:0.05
About:0.049166666666666664
OpenForEdit:0.04666666666666667
ViewPlugin:0.043333333333333335
CreateSibling:0.03666666666666667
ReportViewPlugin:0.03333333333333333
CreateSpouse:0.03333333333333333
SetPlaceHierarchy:0.03333333333333333
SetSubmitter:0.03333333333333333
CreateAlias:0.02666666666666667
SwapSpouses:0.02666666666666667
TogglePrivate:0.02666666666666667
CreateAssociation:0.02666666666666667
AfterCloseGedcom:0.015
AfterOpenGedcom:0.015
TreeViewPlugin:0.01
ExtensionPoint:0.006666666666666667
