LoadBalancer:0.7944444444444445
MasterSlaveEntry:0.42
ClusterConnectionManager:0.2966666666666667
MasterSlaveConnectionManager:0.27666666666666667
BaseLoadBalancer:0.2733333333333333
SingleEntry:0.16333333333333333
SingleConnectionManager:0.11
