FolderResource:0.4666666666666667
SpecMolResource:0.37666666666666665
BioclipseConstants:0.2717777777777778
NewSpecMolWizard:0.25
AddSpectrumWizardPage:0.22
NewSpectrumFileWizardPage:0.21666666666666667
AddMoleculeWizardPage:0.17333333333333334
CDKResourceContentProvider:0.09333333333333334
SpectrumResourceContentProvider:0.09333333333333334
SelectFileWizardPage:0.043333333333333335
