MetaTab:0.52
MetaWebEditors:0.38666666666666666
WebEditors:0.3566666666666667
AnnotatedClassParser:0.22666666666666666
EditorsParser:0.22333333333333333
TabParser:0.15333333333333332
XmlElementsNames:0.0
