GwtActivityStreamHelper:0.43666666666666665
GwtTeamingMessages:0.4
ActivityStreamCtrl:0.3
GwtProfileHelper:0.23666666666666666
