DataService:0.5822222222222222
AbstractDataToRouteReader:0.3463888888888889
DataGapDetector:0.27305555555555555
