JVertexView:0.6766666666666666
MyRenderer:0.46416666666666667
