AstVisitor:0.4066666666666667
AnalyzedStatementVisitor:0.29
TableUnknownException:0.22
Formatter:0.21
MyMockedClusterServiceModule:0.200712962962963
AnalyzerDispatcher:0.18333333333333332
InnerVisitor:0.17333333333333334
DropRepository:0.15333333333333332
CreateDropRepositoryAnalyzerTest:0.12666666666666668
MockedClusterServiceModule:0.11
DDLStatementDispatcher:0.04666666666666667
