ErrorMessages:0.4117222222222223
JavaCodeGenerator:0.3333333333333333
BindingBuilder:0.32666666666666666
BindCommandProcessor:0.22666666666666666
ClassWriter:0.21333333333333335
InternalContext:0.17666666666666667
EagerSingletonCreator:0.16777777777777778
