MainFrame:0.38
NameBearerHandle:0.35
SerialDatastoreViewer:0.31666666666666665
DocumentEditor:0.23
SerialControllerEditor:0.22666666666666666
OracleDatastoreViewer:0.18666666666666668
SerialController:0.16666666666666666
