StudyBean:0.6233333333333333
MPPSBean:0.5
ORMService:0.3333333333333333
MPPSManagerBean:0.15333333333333332
