Interaction:0.43666666666666665
ProcessDefinition:0.4066666666666667
QuickFormVariable:0.3744444444444444
BaseQuickFormBuilder:0.20333333333333334
InteractionsParser:0.14333333333333334
