Grammar:0.8066666666666666
ParserInterpreter:0.42
TestATNParserPrediction:0.29333333333333333
TestATNInterpreter:0.23333333333333334
