ProfileDao:0.645
WorkAreaOperation:0.4266666666666667
ProfileDaoImpl:0.33666666666666667
EntityIndexUtils:0.2633333333333333
Constants:0.22416666666666665
QueryBuilder:0.20666666666666667
AbstractZoneModule:0.19666666666666666
ResolveIds:0.19333333333333333
ObjectKeys:0.11333333333333333
SearchUtils:0.10444444444444444
