MockServletRequest:0.49333333333333335
NavigationTag:0.2633333333333333
StatusHelper:0.24
DateUtil:0.23666666666666666
NavigationTagTest:0.195
StatusHelperTest:0.15666666666666668
CruiseControlTagSupport:0.13416666666666666
DateUtilTest:0.043333333333333335
