BitMatrix:0.83
DataMatrixReader:0.30666666666666664
QRCodeReader:0.3044444444444444
PDF417Reader:0.29333333333333333
