DocumentManager:0.45666666666666667
PickingInteractor:0.38
OnScreenBox:0.25333333333333335
Scale:0.25333333333333335
