Graphics:0.7333333333333333
LwjglGraphics:0.32
IOSGraphics:0.2288888888888889
GwtGraphics:0.19666666666666666
MockGraphics:0.19666666666666666
AndroidGraphics:0.19666666666666666
JglfwGraphics:0.19666666666666666
