ManufactureTabPanel:0.9166666666666666
ManufactureBuildingPanel:0.6183333333333333
