SwingPopupModule:0.5633333333333334
CreateReactionAction:0.30666666666666664
JCPMenuTextMaker:0.30333333333333334
EditAction:0.28
