Errors:0.8766666666666667
DatastreamValidator:0.21333333333333335
ReportingErrorHandler:0.20583333333333334
OwlValidator:0.2
SchemaValidator:0.16333333333333333
FormValidator:0.1411111111111111
