HtmlElement:0.7166666666666667
HtmlTableRowTest:0.2733333333333333
HtmlElementTest:0.21666666666666667
