TransferDescription:0.5033333333333333
XMPPTransmitter:0.24333333333333335
PacketExtensionUtils:0.23
DataTransferManager:0.21666666666666667
StreamPath:0.21
ITransmitter:0.20583333333333334
XppReader:0.16
LoggingTransferObject:0.14666666666666667
ActivitiesHandler:0.12
PacketReceiver:0.11333333333333333
XMPPReceiver:0.09
LoggingUtils:0.08333333333333333
FileTransferType:0.07
