HopParser:0.5466666666666666
HopSymbolTableWalker:0.49
DFA19:0.15
DFA20:0.13333333333333333
DFA29:0.12
if_statement_scope:0.03305555555555555
