TextNode:0.7233333333333334
Node:0.7166666666666667
TextNodeTest:0.10333333333333333
