DataSourceFactory:0.6533333333333333
SessionFactoryFactory:0.32
JerseyClientBuilderTest:0.29333333333333333
Environment:0.2866666666666667
AbstractLiquibaseCommand:0.15666666666666668
HibernateBundle:0.13666666666666666
DBIFactory:0.07
DropwizardExecutorProvider:0.06666666666666667
