RubyPlugin:0.5
RubyPluginImages:0.2889722222222222
RdtPerspectiveFactory:0.28
RubySourceLocator:0.20666666666666667
IRubyConstants:0.19333333333333333
InfoViewMessages:0.1864563492063492
ManageBreakpointRulerActionDelegate:0.10333333333333333
RIView:0.02666666666666667
