XMLConfigBuilder:0.5483333333333333
DefaultDatabaseIdProvider:0.45666666666666667
ProviderTest:0.3088888888888889
