MyCustomFragment:0.36333333333333334
CountriesLayout:0.3433333333333333
RetainingCountriesFragment:0.29333333333333333
MyCustomActivity:0.2866666666666667
RetainingCountriesActivity:0.21666666666666667
