Saros:0.45666666666666667
PreferenceConstants:0.3688888888888889
DataTransferManager:0.3466666666666667
Socks5Transport:0.30666666666666664
IBytestreamConnection:0.28650000000000003
ITransport:0.28650000000000003
PreferenceUtils:0.23333333333333334
FileTransferConnection:0.21666666666666667
JingleTransport:0.12
AdvancedPreferencePage:0.07333333333333333
PreferenceInitializer:0.01
