AbstractLdapIntegrationTests:0.4666666666666667
BindAuthenticator:0.44
SpringSecurityLdapTemplate:0.43166666666666664
MockSpringSecurityContextSource:0.27
LdapUserDetailsManagerTests:0.16666666666666666
SpringSecurityAuthenticationSourceTests:0.14
PasswordComparisonAuthenticatorMockTests:0.11333333333333333
