Project:0.84
Indexer:0.30666666666666664
ProjectTest:0.08666666666666667
