AbstractPartitionMessageTask:0.5333333333333333
GenericResultParameters:0.41333333333333333
DataListResultParameters:0.30333333333333334
AbstractCallableMessageTask:0.27666666666666667
