MainFrame:0.55
BootStrapHandle:0.42333333333333334
NewAnnotDiffAction:0.14111111111111113
NewBootStrapAction:0.13333333333333333
