ShadowIntent:0.43333333333333335
ShadowBundle:0.37333333333333335
IntentTest:0.37
ContextWrapperTest:0.18
ShadowContextWrapper:0.17
