ParameterConstants:0.84
PushService:0.2633333333333333
PullService:0.25333333333333335
