XmlFlowBuilder:0.711111111111111
XmlFlowBuilderCustomTypeTests:0.38333333333333336
