BuildOutputLogger:0.43333333333333335
Builder:0.3233333333333333
AntBuilder:0.31
ScriptRunner:0.2733333333333333
AbstractAntBuilderDelegate:0.26666666666666666
AntScriptTest:0.2263730158730159
Maven2BuilderTest:0.20333333333333334
RakeBuilder:0.18
PhingBuilder:0.17666666666666667
ExecBuilder:0.17166666666666666
NantBuilder:0.17
AntBuilderTest:0.17
MavenBuilder:0.16666666666666666
Maven2Builder:0.16333333333333333
OutputFile:0.1625
BuilderTest:0.15666666666666668
XcodeBuilder:0.15
AntBuilderCreatingBuilderLoggerTest:0.14
ProjectControllerTest:0.09
TestExecBuilder:0.016666666666666666
TestBuilder:0.01
ScriptRunnerTest:0.0033333333333333335
