ElasticsearchAssertions:0.5066666666666667
GeoDistanceTests:0.43833333333333335
Avg:0.25
