TestRunnerSequenceTest:0.38416666666666666
MyTestLifecycle:0.35333333333333333
DefaultTestLifecycle:0.29
