ARINCMapVertItems:0.20083333333333334
ARINCMapHorzItems:0.20083333333333334
ARINCScrollList:0.19666666666666666
ARINCPictureToggleButton:0.19666666666666666
ARINCCheckButton:0.19666666666666666
ARINCPopUpMenuButton:0.19666666666666666
ARINCComboBoxEdit:0.19666666666666666
ARINCTabbedPanelGroup:0.19666666666666666
ARINCToggleButton:0.19666666666666666
ARINCPicturePushButton:0.15
ARINCComboBox:0.15
ARINCScrollPanel:0.15
ARINCPushButton:0.15
ARINCSlider:0.15
ARINCActiveArea:0.06666666666666667
