FlowExecutionImpl:0.32666666666666666
ServletEvent:0.30666666666666664
HttpSessionTokenTransactionSynchronizer:0.28
HttpSessionFlowExecutionStorage:0.24333333333333335
HttpSessionContinuationFlowExecutionStorage:0.19
AbstractTokenTransactionSynchronizer:0.11
FlowScopeTokenTransactionSynchronizer:0.08666666666666667
