Kernel32:0.508888888888889
Kernel32Test:0.44666666666666666
WinBase:0.21666666666666667
FILETIME:0.14
FILE_BASIC_INFO:0.09333333333333334
WIN32_FIND_DATA:0.08333333333333333
Ntifs:0.075
FILE_STANDARD_INFO:0.05333333333333334
FILE_ATTRIBUTE_TAG_INFO:0.04666666666666667
FILE_ID_INFO:0.04666666666666667
FILE_DISPOSITION_INFO:0.04666666666666667
FILE_COMPRESSION_INFO:0.043333333333333335
WinioctlUtil:0.0
