Tuple8:0.2866666666666667
Tuple1:0.27066666666666667
Tuple4:0.2
Tuple7:0.19
Tuple3:0.18
Tuple5:0.17333333333333334
Tuple6:0.17333333333333334
Tuple2:0.16666666666666666
