MemberState:0.6028333333333333
MemberStateImpl:0.6
TimedMemberStateFactory:0.2833333333333333
TimedMemberStateTest:0.12666666666666668
