Relation:0.46
ListRelationsFormTag:0.28
ListRelationMembersFormTag:0.19
ListExecutorRightRelationsFormTag:0.17333333333333334
RelationDAO:0.15666666666666668
RemoveRelationAction:0.14166666666666666
CreateRelationAction:0.11333333333333333
RemoveRelationGroupAction:0.105
ExecutorNameConverter:0.09333333333333334
RelationPairClassPresentation:0.09333333333333334
CreateRelationGroupAction:0.09
