ObjectKeys:0.48611111111111116
AjaxController:0.4633333333333333
Question:0.38
EntityIndexUtils:0.34
ViewEntryController:0.14
AddEntryController:0.14
