JdbcServices:0.6333333333333333
Settings:0.5866666666666667
JdbcServicesImpl:0.2966666666666667
Loader:0.2866666666666667
Hibernate:0.2833333333333333
SettingsFactory:0.24333333333333335
BasicTestingJdbcServiceImpl:0.20666666666666667
LobHelperImpl:0.13333333333333333
