GemManager:0.6133333333333333
GemListener:0.48611111111111105
AptanaRDTPlugin:0.46
GemsView:0.24
InstallGemDialog:0.2088888888888889
InstallGemActionDelegate:0.13666666666666666
RemoveGemActionDelegate:0.12666666666666668
UpdateGemActionDelegate:0.12666666666666668
RefreshGemsActionDelegate:0.10333333333333333
UpdateAllActionDelegate:0.10333333333333333
