FreeColAction:0.13364907
MapboardAction:0.103456035
ActionManager:0.05096735
