AbstractTestQueries:0.63
StatementAnalyzer:0.3811111111111111
TestAnalyzer:0.3333333333333333
