QedeqBoFormalLogicCheckerExecutor:0.455
DynamicDirectInterpreter:0.44666666666666666
HeuristicErrorCodes:0.016666666666666666
LogicErrors:0.016666666666666666
