EvictOperation:0.5933333333333334
ListenerTest:0.3466666666666667
EvictionTest:0.25333333333333335
