MulticastService:0.49
TcpIpJoiner:0.34
AbstractJoiner:0.32666666666666666
MulticastJoiner:0.2
FinalizeJoinOperation:0.18333333333333332
ConfigCheck:0.18333333333333332
