Comment:0.8416666666666667
Commentator:0.4766666666666667
