AlfPropertyDesc:0.53
AlfObject:0.49666666666666665
AlfAjaxTag:0.20944444444444446
AlfDownloadContentTag:0.11666666666666667
ShowDocStatusTag:0.09444444444444446
