Ejb3Configuration:0.5366666666666666
AbstractJarVisitor:0.27666666666666667
JarVisitorFactory:0.23333333333333334
ScanningContext:0.15333333333333332
