HTMLElement:0.35
HtmlPage:0.33666666666666667
NodeList:0.2866666666666667
DomNode:0.25
BaseFrameElement:0.22333333333333333
Node:0.21333333333333335
Window3Test:0.16333333333333333
HTMLDocumentTest:0.13666666666666666
