QueryVisitor:0.39666666666666667
ShardStatsTable:0.35333333333333333
GroupByAggregateTest:0.18
ShardStatsTest:0.13
