PopupListener:0.7327777777777779
AppCloser:0.20438888888888887
