XmlTransformUtility:0.73
DefaultAuthorization:0.2733333333333333
FedoraAccessSoapServlet:0.20333333333333334
DefaultDisseminatorImpl:0.19
XMLWriter:0.18666666666666668
DOValidatorSchematronResult:0.16833333333333333
DOValidatorSchematron:0.16666666666666666
SaxonServlet:0.16333333333333333
FedoraAccessServlet:0.15666666666666668
BatchXforms:0.15666666666666668
ListMethodsServlet:0.14666666666666667
GetNextPIDServlet:0.14666666666666667
DescribeRepositoryServlet:0.14666666666666667
GetObjectHistoryServlet:0.13666666666666666
ListDatastreamsServlet:0.11333333333333333
TransformerWriter:0.07333333333333333
