JavaWriter:0.4166666666666667
MethodWriter:0.39666666666666667
TypeWriter:0.23333333333333334
Modifiable:0.09333333333333334
VariableWriter:0.02
