AndroidManifest:0.5133333333333333
DefaultPackageManager:0.35
ContentProviderData:0.24333333333333335
BroadcastReceiverData:0.24333333333333335
AndroidManifestTest:0.22666666666666666
ShadowContentResolverTest:0.2125
DefaultPackageManagerTest:0.04
