Block:0.71
Cell:0.5633333333333334
Row:0.21333333333333335
Column:0.21
