CustomSQLTest:0.38
CMTTest:0.36333333333333334
CustomSQLTestSupport:0.2866666666666667
CallableStatementProxyHandler:0.2
NonIdentityGeneratorChecker:0.15333333333333332
