SocketIOClient:0.6635555555555557
NamespaceClient:0.5483333333333333
BaseClient:0.31
WebSocketClient:0.2955555555555555
XHRPollingClient:0.2833333333333333
