Connector:0.6291666666666667
ConnectorManager:0.3566666666666667
LocalQueryRunner:0.3433333333333333
HiveConnectorFactory:0.17333333333333334
HiveConnector:0.16333333333333333
ExampleConnector:0.08333333333333333
KafkaConnector:0.08333333333333333
CassandraConnector:0.08
JdbcConnector:0.08
RaptorConnector:0.08
