Model:0.8766666666666667
GedcomTableWidget:0.38666666666666666
