UnitManager:0.7433333333333333
Resupply:0.2833333333333333
ArrivingSettlement:0.2733333333333333
PersonTableModel:0.2288888888888889
MetaTaskUtil:0.22333333333333333
