Nerc:0.6482222222222223
RunAction:0.42833333333333334
