StringTools:0.6033333333333334
CA:0.5766666666666667
X509CA:0.24
