MouseManager:0.6633333333333333
EdgeControlModel:0.2758333333333333
