TestMethodResolver:0.4683333333333333
TestContainerResolver:0.4008333333333333
NestedTestsResolver:0.31972222222222224
