EditorReader:0.7669444444444444
JCheckBoxReader:0.41833333333333333
