TimeIntervalRounding:0.56
OffsetRounding:0.5008333333333334
Builder:0.2633333333333333
DateHistogramParser:0.22666666666666666
Streams:0.14111111111111113
