Analysis:0.6633333333333333
GetWordsImpl:0.2788888888888889
InitDictionary:0.2633333333333333
RightRate:0.24333333333333335
NewWordFind:0.1938888888888889
IndexDemo:0.15333333333333332
NewWordFileFindDemo:0.05
