TransformGenerator:0.49028571428571427
SampleValue:0.45803968253968264
ValueAttribute:0.43333333333333335
ValuesTest:0.3333333333333333
Parser:0.3333333333333333
Mirrors:0.26100000000000007
ValueMirrors:0.23666666666666666
GeneratorDeclaration:0.06333333333333334
GeneratorValueDeclaration:0.03
Scheme:0.0
