AndroidInput:0.6408333333333334
AndroidAudio:0.4766666666666667
AndroidApplication:0.4166666666666667
