SamlRealmCodec:0.7533333333333333
CoreWsSecuritySecurityTokenServiceConfiguration:0.5066666666666667
