Native:0.5733333333333334
Structure:0.4473333333333333
StructureTest:0.29
LibraryLoadTest:0.21000000000000002
TestPointer:0.0575
