PropertyRenderer:0.59
PropertyView:0.38666666666666666
PropertyRendererFactory:0.16666666666666666
RootView:0.16333333333333333
I18NView:0.12666666666666668
RenderSecret:0.11333333333333333
RenderEntity:0.11333333333333333
RenderPlace:0.11
RenderSex:0.1
RenderMLE:0.08666666666666667
DefaultPropertyRendererFactory:0.05888888888888889
RenderDate:0.023333333333333334
MediaRenderer:0.01
RenderXRef:0.0
