LayoutInflaterTest:0.5033333333333333
id:0.47904761904761906
DrawableResourceLoaderTest:0.3566666666666667
layout:0.02
