FlowExecutorFactoryBean:0.5155555555555555
FlowExecutorFactoryBeanTests:0.30333333333333334
CustomConversationManager:0.12166666666666667
