RowContainer:0.35
HTMLTableElementTest:0.29444444444444445
HTMLTableRowElementTest:0.23333333333333334
