PDF417ScanningDecoder:0.37666666666666665
MatrixUtil:0.3333333333333333
Decoder:0.265
MaskUtil:0.2327777777777778
PDF417Writer:0.23
DecodeWorker:0.19666666666666666
ExpandedProductResultParser:0.15666666666666668
ByteMatrix:0.15
