Schema:0.6038888888888888
DSL:0.4655555555555555
SchemaImpl:0.32666666666666666
MetaSchema:0.27
CatalogImpl:0.21333333333333335
MetaCatalog:0.1877777777777778
