GeneSaxReader:0.7666666666666667
BulkLoadGenes:0.4766666666666667
