RIDDocumentRequestObject:0.5583333333333333
BasicRequestObjectImpl:0.28
RequestObjectFactory:0.2733333333333333
RIDServlet:0.2
