WhereClause:0.3933333333333333
SelectAnalyzerTest:0.2833333333333333
TransportSQLActionTest:0.20083333333333334
UpdateAnalyzerTest:0.18333333333333332
DeleteAnalyzerTest:0.15333333333333332
Visitor:0.15
PrimaryKeyVisitor:0.11333333333333333
