DefaultAction:0.5333333333333333
DefaultMenu:0.25666666666666665
DefaultScrollPane:0.24666666666666667
DefaultMenuItem:0.21
DefaultToolbarButton:0.15666666666666668
DefaultToggleButton:0.10333333333333333
