Cell:0.6066666666666667
OptionsWidget:0.4266666666666667
Model:0.39666666666666667
