FilterInvocation:0.66
ObjectDefinitionSource:0.6
SecurityInterceptorCallback:0.27051984126984113
AuthenticationProcessingFilter:0.26666666666666666
HttpSessionIntegrationFilter:0.1559563492063492
MethodDefinitionMap:0.13666666666666666
FilterInvocationDefinitionMap:0.12333333333333334
FilterSecurityInterceptor:0.10333333333333333
MethodSecurityInterceptor:0.08333333333333333
AbstractMethodDefinitionSource:0.07333333333333333
AbstractSecurityInterceptor:0.06333333333333334
MethodDefinitionAttributes:0.04666666666666667
AbstractIntegrationFilter:0.023333333333333334
FilterInvocationDefinitionSourceEditor:0.007777777777777778
AutoIntegrationFilter:0.006666666666666667
SecurityEnforcementFilter:0.006666666666666667
AbstractFilterInvocationDefinitionSource:0.0033333333333333335
MethodDefinitionSource:0.0033333333333333335
MethodDefinitionSourceEditor:0.0
FilterInvocationDefinitionSource:0.0
