SelectorTest:0.6533333333333333
QueryParser:0.45
Or:0.17666666666666667
