Mirror:0.62
Lang:0.5733333333333334
ObjectNavlPairInjectorTest:0.31
UpdateTest:0.30333333333333334
NutMappingField:0.26666666666666666
ObjcetNaviNode:0.18333333333333332
InsertValuesPItem:0.17833333333333334
Items:0.17
AbstractAdaptor:0.12666666666666668
ObjectNavlPairInjector:0.12666666666666668
UploadAdaptor:0.11666666666666667
MvcTestPojo:0.07
PairAdaptor:0.057388888888888885
ObjectPairInjector:0.03
VoidAdaptor:0.0
