Fields:0.61
CollapsingRestorer:0.38666666666666666
FieldInfo:0.37666666666666665
UntrackedManager:0.2833333333333333
TestUntrackedFieldJPF:0.27666666666666667
TestUntrackedField:0.2633333333333333
DynamicFields:0.12333333333333334
StaticFields:0.12333333333333334
