ClientSession:0.5933333333333334
Console:0.24
BenchmarkDriver:0.20666666666666667
Builder:0.18666666666666668
