PlannerTest:0.4666666666666667
CopyAnalysis:0.43
CopyAnalyzerTest:0.33666666666666667
CopyStatementAnalyzer:0.24666666666666667
