J2ObjC:0.5344444444444444
AnonymousClassConverter:0.365
AnonymousClassConverterTest:0.3433333333333333
AnonymousClassRenamer:0.3
