PostgresITest:0.7232222222222222
Session:0.7066666666666667
