Config:0.5233333333333333
CGI:0.32666666666666666
EnsCGIAdapterGUI:0.32
EnsCGIAdapter:0.28
GFFFile:0.05
