DynamicBackPropagation:0.43666666666666665
TrainingSet:0.435
SupervisedLearning:0.26
Weight:0.18333333333333332
XorMultiLayerPerceptronSample:0.16666666666666666
