NodeRelation:0.7433333333333333
Entry:0.4766666666666667
RelationCalculator:0.34
RegExprAction:0.09666666666666666
