ConcordancesEditor:0.4633333333333333
UsernamePasswordDialog:0.1927777777777778
SQLConnection:0.18
SQLKnowledgeRepository:0.13333333333333333
InitializeKnowledgeRepository:0.11577777777777779
Messages:0.045182539682539685
