OuterReferenceResolver:0.7533333333333333
OuterReferenceFixer:0.4033333333333333
TreeNode:0.26
TranslationProcessor:0.22
