TermNode:0.49
SampleData:0.26666666666666666
Edge:0.24
Term2TermTable:0.15
Graph:0.08
Term2TermTableTest:0.07333333333333333
