NettyResponseFuture:0.6266666666666667
NettyRequestSender:0.35333333333333333
Unauthorized401Interceptor:0.22
ProxyUnauthorized407Interceptor:0.22
Redirect30xInterceptor:0.15
WriteListener:0.15
