RSASignSessionBean:0.6061111111111112
TestSignSession:0.39166666666666666
