ReplicaSetStatus:0.6966666666666667
ConnectionStatus:0.2677777777777778
DynamicConnectionStatus:0.21333333333333335
MongosStatus:0.16277777777777777
ReplicaSetStatusDomainModelTest:0.05
