IOSRobovmTests:0.7260555555555557
LwjglDebugStarter:0.22994444444444445
