SpeechSynthesisUtterance:0.8738888888888889
BarProp:0.7627777777777778
HostParentOfSTest:0.25666666666666665
HostClassNameStandardsTest:0.22666666666666666
HostParentOfATest:0.22
HostTypeOfTest:0.17
HostClassNameTest:0.17
