TestPlanExecutionListener:0.8033333333333333
CompositeTestPlanExecutionListener:0.6556666666666665
Launcher:0.43666666666666665
TestSummaryReportingTestListener:0.30666666666666664
ColoredPrintingTestListener:0.2966666666666667
TestListenerRegistry:0.15
