gdxBulletJNI:0.87
Camera:0.24333333333333335
btOverlappingPairCache:0.2277777777777778
btSortedOverlappingPairCache:0.2066666666666667
btHashedOverlappingPairCache:0.19666666666666668
BaseWorld:0.19333333333333333
BaseBulletTest:0.17666666666666667
btMultiSapBroadphase:0.17666666666666667
btCollisionAlgorithm:0.14
