CommandAsyncService:0.4166666666666667
RRemoteService:0.3280952380952381
RedissonRemoteService:0.29
MasterSlaveConnectionManager:0.28
InfinitySemaphoreLatch:0.23666666666666666
JsonJacksonCodec:0.23333333333333334
