Buffer:0.5366666666666666
JEditTextArea:0.47
Rect:0.38666666666666666
Selection:0.38666666666666666
MiscUtilities:0.24666666666666667
Range:0.22638888888888892
VICaretStatus:0.18333333333333332
Registers:0.1625
PaintSelection:0.12333333333333334
