CallOptions:0.7733333333333333
RealChannel:0.2633333333333333
CallOptionsTest:0.26
ManagedChannelImplTest:0.15333333333333332
