StructBuffer:0.42333333333333334
CoreGL11:0.38388888888888884
Sys:0.38
Keyboard:0.23
Math:0.2132777777777778
BaseGL:0.2
