Err:0.38416666666666666
Out:0.38416666666666666
Scratch:0.30666666666666664
