TestOrcStorageManager:0.6216666666666667
OrcStoragePageSink:0.42333333333333334
ShardCompactor:0.29333333333333333
