TagHighlighter:0.3233333333333333
WebAnnie:0.22666666666666666
WebCrimeReportAnalyser:0.19
