DeliveryTypeTest:0.45666666666666667
InvoiceTest:0.42333333333333334
WarehouseTest:0.29
DeliveryTest:0.18333333333333332
SiNoType:0.12
