MDLV3000Reader:0.4033333333333333
MDLV2000Reader:0.3233333333333333
MDLReader:0.3233333333333333
CDKSourceCodeWriter:0.23666666666666666
PCCompoundASNReader:0.23666666666666666
GamessReader:0.23333333333333334
MDLRXNWriter:0.20333333333333334
Mol2Reader:0.20333333333333334
Gaussian98Reader:0.20333333333333334
CTXReader:0.20333333333333334
HINReader:0.20333333333333334
ShelXReader:0.20333333333333334
PDBWriter:0.20333333333333334
CIFReader:0.20333333333333334
INChIPlainTextReader:0.20333333333333334
MDLRXNV3000Reader:0.19666666666666666
MDLRXNReader:0.19666666666666666
MDLRXNV2000Reader:0.19666666666666666
XYZWriter:0.18
INChIReader:0.15
CrystClustReader:0.15
GhemicalMMReader:0.15
