HtmlElement:0.69
HtmlPage:0.44
HtmlTable:0.24277777777777781
JQueryTestBase:0.21333333333333335
WebTestCase:0.21
HtmlImage:0.18
TableRowGroup:0.14
JQuery1131Test:0.1
JQuery112Test:0.09666666666666666
