SmilesGenerator:0.34833333333333333
MinimalPathIterator:0.3330952380952381
JChemPaintPanel:0.2866666666666667
StructureDiagramGenerator:0.2833333333333333
JChemPaintAbstractApplet:0.28
MDLV3000Reader:0.2733333333333333
AllRingsFinderTest:0.25642857142857145
EquivalentClassesDeterministicGeneratorTest:0.25642857142857145
ForceFieldConfigurator:0.24666666666666667
CML23FragmentsTest:0.23666666666666666
Gaussian98Reader:0.23
KabschAlignment:0.22333333333333333
SimpleCycleBasis:0.20333333333333334
GenerateFragments:0.20333333333333334
FiguerasSSSRFinder:0.19666666666666666
CNNRegressionModelSummary:0.18
Rule2dot2:0.08666666666666667
