MultiplexerContext:0.6266666666666667
NioServer:0.4866666666666667
StateTransitionManager:0.45666666666666667
MultiplexerNioServer:0.2733333333333333
NodeNioServer:0.22
ClassNioServer:0.20888888888888887
StateTransitionTask:0.18833333333333332
MultiplexerChannelHandler:0.16333333333333333
OutboundChannelHandler:0.1475
SendInitialBundleState:0.14666666666666667
WaitingNodeRequestState:0.13666666666666666
ClassServerState:0.11333333333333333
WaitingProviderResponseState:0.11333333333333333
TaskQueueChecker:0.09333333333333334
PeerResourceProvider:0.08333333333333333
ReceivingState:0.08
IdentifyingInboundChannelState:0.07666666666666666
JPPFPriority:0.013333333333333334
JPPFPriorityQueue:0.0
