Activator:0.809484126984127
ScriptingTools:0.6933333333333334
JsConsoleView:0.41
