Action:0.6633333333333333
TransportReplicationAction:0.5633333333333334
IndexShardReferenceImpl:0.326
