WebClient:0.53
WebConnection:0.3466666666666667
WebRequestSettings:0.3466666666666667
HtmlPage:0.32666666666666666
HttpWebConnection:0.2
HTMLParserTest:0.18666666666666668
MockWebConnection:0.17666666666666667
DebuggingWebConnection:0.11333333333333333
