ServerCockpitMultiLayer3Test:0.7766666666666666
ServerCockpitChangeLayout2Test:0.6766666666666666
