PrimitivePolynomials:0.903888888888889
SobolRsg:0.13666666666666666
