HiveClient:0.5033333333333333
AbstractTestHiveClient:0.32
TestJsonFunctions:0.30666666666666664
TestDomainTranslator:0.29
LiteralVisitor:0.25
IntervalYearMonthOperators:0.25
JsonFunctions:0.19666666666666666
PartitionFunction:0.13666666666666666
SliceDeserializer:0.1
