Application:0.5266666666666666
StatusInfo:0.45666666666666667
Builder:0.39
StatusUpdater:0.27
StatusUpdaterTest:0.23
ApplicationRegistry:0.16666666666666666
AdminServerCoreConfiguration:0.16333333333333333
ApplicationRegistryTest:0.15333333333333332
ApplicationTest:0.13
Deserializer:0.08333333333333333
BasicAuthHttpHeaderProviderTest:0.08333333333333333
StatusInfoTest:0.043333333333333335
