RedisRunner:0.8233333333333334
BaseTest:0.30333333333333334
RedissonBlockingQueueTest:0.2866666666666667
RedissonTest:0.26
BaseConcurrentTest:0.16333333333333333
RedissonMultiLockTest:0.16
BaseReactiveTest:0.14666666666666667
RedisClientTest:0.10666666666666667
RedissonTwoLockedThread:0.07333333333333333
RedissonTopicPatternTest:0.07333333333333333
RedissonTopicTest:0.07333333333333333
RedisProcess:0.06333333333333334
RedissonCountDownLatchConcurrentTest:0.006666666666666667
