ParcelableGenerator:0.38666666666666666
ParcelTransactionFactory:0.27666666666666667
ParcelerModule:0.26666666666666666
ParcelsGenerator:0.19333333333333333
ParcelTransactionFactoryTest:0.14
ExternalParcelRepositoryTransactionFactory:0.03333333333333333
ExternalParcelTransactionFactory:0.03333333333333333
ParcelsTransactionFactory:0.03333333333333333
