CaptchaSecurityContext:0.7433333333333333
CaptchaSecurityContextImpl:0.44333333333333336
AlwaysTestBelowAverageTimeInMillisBetweenRequestsChannelProcessor:0.23666666666666666
AlwaysTestAfterMaxRequestsCaptchaChannelProcessor:0.20333333333333334
TestOnceAfterMaxRequestsCaptchaChannelProcessor:0.20333333333333334
CaptchaChannelProcessorTemplate:0.19666666666666666
CaptchaChannelProcessorTemplateTests:0.19666666666666666
CaptchaSecurityContextImplTests:0.17333333333333334
AlwaysTestAfterMaxRequestsCaptchaChannelProcessorTests:0.15333333333333332
AlwaysTestAfterTimeInMillisCaptchaChannelProcessor:0.15
TestOnceAfterMaxRequestsCaptchaChannelProcessorTests:0.15
