RequestBuilderTest:0.5475555555555556
RequestBuilder:0.4988888888888889
