GetMetadataPermissionsResponse:0.31333333333333335
GetMetadataPermissions:0.24
RequestFactory:0.22333333333333333
GetMetadataPermissionsResponseTest:0.18333333333333332
ResponseFactory:0.15666666666666668
GetMetadataPermissionsTest:0.11
