MetaDataTable:0.47
Flyway:0.45666666666666667
DbSupport:0.42933333333333334
OracleDbSupport:0.27666666666666667
HsqlDbSupport:0.21666666666666667
H2DbSupport:0.19
SQLServerDbSupport:0.19
MySQLDbSupport:0.19
PostgreSQLDbSupport:0.19
MigrationTestCase:0.17333333333333334
DB2DbSupport:0.14333333333333334
