SVGSVGElement:0.6
Window:0.53
CSSStyleDeclaration:0.45
SVGAngle:0.3272804232804233
Document:0.31333333333333335
HTMLElement:0.29333333333333333
SVGMatrix:0.27666666666666667
ComputedCSSStyleDeclaration:0.26
Element:0.2
Window2Test:0.18666666666666668
HTMLDocumentTest:0.17333333333333334
DOMImplementation:0.12666666666666668
DOMImplementationTest:0.08666666666666667
CssValue:0.05333333333333334
SvgMatrixTest:0.006666666666666667
SvgAngleTest:0.0
SvgSvgTest:0.0
