Binding:0.5255555555555557
Linker:0.35333333333333333
ObjectGraph:0.2833333333333333
ErrorHandler:0.24940873015873027
ModuleAdapter:0.175
StaticInjection:0.17333333333333334
