HTTPDate:0.49333333333333335
VFSDAVStore:0.41
XSLTOutputter:0.38666666666666666
AbstractDAVServlet:0.31666666666666665
