HopCompilerVariable:0.6633333333333333
DataManagerNode:0.4533333333333333
HopDataManager:0.23333333333333334
