JSON:0.52
SerializeWriter:0.49333333333333335
SerializeWriterTest:0.27666666666666667
ASMSerializerFactory:0.21333333333333335
MediaSerializer:0.12
DoubleSerializer:0.1
FloatCodec:0.09666666666666666
DateCodec:0.09333333333333334
StreamWriterTest_writeIntAndChar:0.08666666666666667
StreamWriterTest_writeLongAndChar:0.08666666666666667
ImageSerializer:0.08666666666666667
ListSerializer:0.07666666666666666
