ConnectionsPage:0.6633333333333333
WebManagementManager:0.6066666666666667
