MoreLikeThisRequest:0.5466666666666666
MoreLikeThisRequestBuilder:0.3333333333333333
MoreLikeThisQueryBuilder:0.29333333333333333
MoreLikeThisQueryParser:0.2813333333333334
MoreLikeThisFieldQueryBuilder:0.28
