VariousDocTests:0.38
EncryptedDocMapperTests:0.23666666666666666
TikaRunner:0.20466666666666666
TypeParsers:0.2
MultifieldAttachmentMapperTests:0.19666666666666666
SimpleAttachmentMapperTests:0.17666666666666667
DateAttachmentMapperTests:0.17
AttachmentUnitTestCase:0.16
LanguageDetectionAttachmentMapperTests:0.12
MetadataMapperTests:0.12
