CallbackFactory:0.634888888888889
ComboIocProvider:0.18333333333333332
