ComputeByteBuffer:0.53
FluxSceneSerializer:0.5133333333333333
FluxSpectrum:0.48
FluxJOCLScene:0.41333333333333333
FluxLight:0.36666666666666664
Device:0.3566666666666667
ComputeContext:0.3233333333333333
FluxTracer:0.28
FluxLightModel:0.25333333333333335
JOCLDevice:0.22333333333333333
ByteArray:0.21
FluxLightBuilder:0.20666666666666667
BVHTree:0.19
FluxDebugger:0.18166666666666667
FluxShaderBuilder:0.17
FluxChannelMapBuilder:0.16666666666666666
FluxPrimitive:0.12
FluxWhittedTracer:0.1
FluxSkyLight:0.09666666666666666
FluxParallelLight:0.09333333333333334
FluxPhysicalLight:0.07666666666666666
FluxSensor:0.07666666666666666
FluxLightTracer:0.07333333333333333
FluxRGB:0.07333333333333333
FluxPathTracer:0.07
FluxObject:0.05
FluxRGBAShader:0.05
FluxPhongShader:0.05
FluxSpotLight:0.05
FluxImageMap:0.05
FluxAffineUVTransformation:0.04666666666666667
FluxPointLight:0.03333333333333333
FluxSwitchShader:0.03333333333333333
FluxIORShader:0.03333333333333333
FluxDirectionalLight:0.03333333333333333
FluxPolygon:0.03
FluxSpectralChannel:0.02666666666666667
FluxVolume:0.02666666666666667
FluxSpectralLight:0.02666666666666667
FluxPlane:0.016666666666666666
FluxBox:0.016666666666666666
FluxSphere:0.016666666666666666
FluxCylinder:0.013333333333333334
FluxFrustum:0.01
