CheckableDrawable:0.56
RadioButton:0.32666666666666666
CheckBox:0.31666666666666665
RippleDrawableICS:0.2733333333333333
SingleSelectDialog:0.26666666666666666
CheckedTextView:0.2658333333333333
AnimUtils:0.2
ListDialog:0.2
BooleanRenderer:0.11333333333333333
