NBrowseApplet:0.7366666666666667
StepTabListener:0.41055555555555556
StepManager:0.35333333333333333
