JobOutput:0.39
ReceiveQueueBuffer:0.32
ReceiveMessageBatchTask:0.32
DynamoDBMapper:0.31
Predicate:0.24940873015873027
TransferManager:0.22
ReceiveMessageFuture:0.20666666666666667
JobOutputJsonUnmarshaller:0.11777777777777776
