ItemOrientedStep:0.44666666666666666
AbstractStep:0.43666666666666665
ItemOrientedStepTests:0.38333333333333336
SimpleStreamManager:0.37333333333333335
SimpleStreamManagerTests:0.3575
