AbstractElement:0.6133333333333333
ListSelectFilter:0.37666666666666665
ElementButton:0.2833333333333333
ElementBuilder:0.2733333333333333
ElementTextArea:0.25333333333333335
ElementForm:0.25333333333333335
ElementComboBox:0.25
ComponentImage:0.22
KuwaibaClient:0.2
FormRenderer:0.18666666666666668
ComponentFactory:0.15666666666666668
ElementHorizontalLayout:0.10333333333333333
ElementVerticalLayout:0.10333333333333333
ElementListSelectFilter:0.09
Variable:0.06
ComponentListSelectFilter:0.05
AbstractElementSelector:0.006666666666666667
Tag:0.0
