XMLElement:0.6266666666666667
MetaDataIO:0.4066666666666667
MetaData:0.13666666666666666
NodeAttrQueryView:0.05
