InstrumentClass:0.4766666666666667
InstrumentMethod:0.47
CheckInstrumentationVisitor:0.2833333333333333
Exceptions:0.2
Classes:0.06
