DefaultAppCore:0.4422222222222223
ProxettaAwareActionsManager:0.31333333333333335
ProxettaAwarePetiteContainer:0.2966666666666667
