EjbcaWS:0.5150555555555555
IEjbcaWS:0.5150555555555555
TestEjbcaWS:0.30666666666666664
CertReqServlet:0.2833333333333333
CommonEjbcaWSTest:0.23
GenerateToken:0.21266666666666667
KeyRecoverNewestResponse:0.0
KeyRecoverNewest:0.0
