JChemPaintMenuBar:0.4266666666666667
JChemPaintPopupMenu:0.42333333333333334
JChemPaintMenuHelper:0.30333333333333334
