Unsafe:0.6966666666666667
SystemInterface:0.47333333333333333
x86ReferenceCompiler:0.4
System:0.2633333333333333
jq_NativeThread:0.24666666666666667
Monitor:0.17666666666666667
Bootstrapper:0.11333333333333333
UnixFileSystem:0.1
jq_InterrupterThread:0.04
