Profesor:0.6833333333333333
Teacher:0.6833333333333333
