MainWindow:0.48
Deobfuscator:0.27666666666666667
TabbedPane:0.24666666666666667
OverlayIcon:0.19666666666666666
SearchDialog:0.1827777777777778
JadxGUI:0.08666666666666667
RecentFilesMenuListener:0.03
