CapturingTransport:0.4166666666666667
NotMasterException:0.4166666666666667
ExceptionSerializationTests:0.4033333333333333
TransportMasterNodeActionTests:0.24
