DerivativeReducer:0.26666666666666666
DerivativeParser:0.25333333333333335
DerivativeTests:0.19666666666666666
DerivativeBuilder:0.11333333333333333
DateDerivativeTests:0.07
