UpgradeSessionLocal:0.5997222222222223
UpgradeSessionBean:0.47833333333333333
ApprovalProfileSessionBean:0.31
ApprovalProfilesMBean:0.2833333333333333
CertificateProfileSessionBean:0.2733333333333333
