TermBean:0.9066666666666666
Node:0.6333333333333333
NullTermBean:0.4766666666666667
TermTreeRenderer:0.35
TermTreeBrowserTest:0.17
TermBeanImpl:0.17
TermNode:0.16333333333333333
