Converter:0.5733333333333334
FileModuleImpl:0.38333333333333336
ConvertedFileModule:0.2678730158730158
TextOpenOfficeConverter:0.1961507936507937
ConvertedFileModuleImpl:0.17
ImageOpenOfficeConverter:0.15333333333333332
HtmlOpenOfficeConverter:0.1388888888888889
HtmlConverter:0.11944444444444442
