Node:0.84
QueryState:0.44333333333333336
RGGGraph:0.4266666666666667
