Configuration:0.48333333333333334
Context:0.43666666666666665
DriverPublication:0.29
ClientProxy:0.2866666666666667
DriverConductor:0.20333333333333334
DriverConnection:0.19638888888888892
ReceiverTest:0.15833333333333333
DriverConductorTest:0.15416666666666667
BufferAndFrameHelper:0.14
SenderTest:0.13333333333333333
