UdpDestination:0.6033333333333334
SenderChannel:0.41333333333333333
MediaDriverAdminThread:0.35
SenderThread:0.25
