UserManager:0.6133333333333333
NotificationTask:0.4066666666666667
EventdTest:0.3433333333333333
