ServerJob:0.5766666666666667
ServerJobBroadcast:0.3433333333333333
JPPFPriorityQueue:0.25333333333333335
NodeNioServer:0.25333333333333335
