FormEditor:0.4766666666666667
ComponentParametersDialog:0.34
QuickFormVariableWizardPage:0.30666666666666664
FormType:0.21
PropertyNames:0.011111111111111112
