HelloWebfluxFnApplicationTests:0.38
HelloWebfluxFnApplication:0.36388888888888893
HelloWebfluxFnApplicationITests:0.3333333333333333
