StyleEditor:0.4066666666666667
VFSFileChooserDialog:0.23666666666666666
FontSelectorDialog:0.23
SelectLineRange:0.20333333333333334
ToolBarEditDialog:0.19
EditAbbrevDialog:0.18333333333333332
ContextAddDialog:0.17666666666666667
AddModeDialog:0.16
