SqlPredicate:0.5816666666666667
LikePredicate:0.31333333333333335
ParserTest:0.21
PredicatesTest:0.2
