StepExpansionThread:0.5477777777777778
NBrowseApplet:0.49333333333333335
