RegistryDirectory:0.48
ResultMergerTest:0.3333333333333333
MergeableClusterInvoker:0.2866666666666667
RegistryProtocol:0.2733333333333333
ArrayMerger:0.24666666666666667
MapMerger:0.18666666666666668
UrlUtils:0.18
Merger:0.13153968253968254
