PowerPointExtractorTest:0.3433333333333333
WordExtractor:0.3333333333333333
PoiUtil:0.2833333333333333
AbstractApertureInOsgiTest:0.2575
ZipSubCrawlerEntry:0.21333333333333335
AbstractArchiverSubCrawler:0.19
ExcelExtractorTest:0.09
ArchiveEntry:0.07666666666666666
ZipSubCrawlerTest:0.03666666666666667
WordExtractorTest:0.03333333333333333
