ConcordancesEditor:0.5
SpecificitiesTableEditor:0.37333333333333335
VocabularyEditor:0.30666666666666664
CooccurrencesEditor:0.30666666666666664
DeleteObject:0.2633333333333333
CorporaView:0.254
ReferencerEditor:0.22599999999999998
CaEditor:0.21
