RedissonList:0.3466666666666667
RedissonSet:0.28400000000000003
RedissonSubList:0.26733333333333337
RedissonScoredSortedSet:0.2625
RedissonSetMultimapValues:0.24666666666666667
RedissonMap:0.2275
RedissonListMultimapValues:0.22583333333333333
RedissonSetCache:0.19472222222222224
