ScriptPanel:0.51
UAScriptManager:0.32666666666666666
ConfigurationLoader:0.30666666666666664
LoadScriptPanel:0.25083333333333335
PluginScriptPanel:0.21666666666666667
JSScriptPanel:0.21333333333333335
XULPanel:0.19
XULExceptionViewer:0.12666666666666668
BSHBuilder:0.11666666666666667
GroovyBuilder:0.09
BSHException:0.042777777777777776
BSHParseException:0.042777777777777776
GroovyException:0.023333333333333334
ScriptErrorPane:0.013333333333333334
