AbstractCacheService:0.41
CacheRecordFactory:0.36666666666666664
CacheRecordStore:0.3566666666666667
ICacheRecordStore:0.28
