JSPDispatcher:0.5866666666666667
VelocityDispatcher:0.3688888888888889
