DBReference:0.69
UcanaccessDriver:0.2833333333333333
Session:0.24666666666666667
