MalfunctionSeverityComparator:0.6466666666666666
MalfunctionManager:0.6466666666666666
Malfunction:0.4166666666666667
RepairEVAMalfunction:0.3233333333333333
RepairMalfunction:0.29
VehicleMission:0.25666666666666665
HistoricalEventManager:0.22666666666666666
TestMalfunctionManager:0.16333333333333333
EVAOperation:0.14555555555555555
AllJUnitTests:0.12666666666666668
