TestSubject:0.3669841269841269
RaceCandidate:0.26666666666666666
TSVM:0.23666666666666666
TestAttrs:0.23111111111111116
RWSameFieldRace:0.17666666666666667
RawTest:0.16
Listener:0.15333333333333332
Invocation:0.13666666666666666
