Enclosure:0.4266666666666667
Archive:0.2633333333333333
MTextPane:0.23111111111111116
ArchiveItem:0.22333333333333333
RSSItem:0.2088888888888889
FeedViewer:0.20666666666666667
AbstractItem:0.17666666666666667
Net:0.12666666666666668
ChannelInfo:0.12594444444444447
RSSEnclosure:0.03631746031746032
