DBTable:0.19117056
DBNavigationActionGroup:0.18292157
DBRecordPanel:0.07359543
DBTableModel:0.06829166
DBRecord:0.022346808
