LexicalTableEditor:0.39666666666666667
VocabularyEditor:0.36333333333333334
SpecificitiesTableEditor:0.31
SpecificitiesPreferencePage:0.29333333333333333
CorporaView:0.215
AddBase:0.14111111111111113
