OkBuffer:0.5733333333333334
InflaterSource:0.23666666666666666
Util:0.17666666666666667
OkBufferTest:0.16
