DoubleExt:0.15666666666666668
LongExt:0.15666666666666668
StringExt:0.15666666666666668
ShortExt:0.15666666666666668
FloatExt:0.15666666666666668
ByteExt:0.15666666666666668
IntegerExt:0.15666666666666668
