FilterExpressionStatsCalculatingVisitor:0.5633333333333334
TestTpchLocalStats:0.51
ComparisonStatsCalculator:0.22666666666666666
