NettyResponseFuture:0.5066666666666667
GrizzlyResponseFuture:0.4166666666666667
ListenableFuture:0.35605555555555557
