MatrixUtil:0.6622222222222223
Convolution:0.43666666666666665
MovingWindowSingleThreaded:0.22
MovingWindowExample:0.18666666666666668
