NettyAsyncHttpProvider:0.5966666666666667
NettyConnectionsPool:0.36333333333333334
AsyncHttpProviderUtils:0.23
