AbstractAuthResourceConfig:0.3233333333333333
OAuthCustomProviderTest:0.30666666666666664
OAuthProviderTest:0.3
BasicAuthTestResourceConfig:0.27
OAuthTestResourceConfig:0.21666666666666667
NoAuthPrincipalInjectedResourceConfig:0.12666666666666668
