EjbcaWSTest:0.5166666666666667
CommonEjbcaWS:0.43
EjbcaWSNonAdminTest:0.41333333333333333
