JFXImage:0.6083333333333333
PictureToggleButtonRenderer:0.38
JFXRendererBridge:0.31666666666666665
PictureRenderer:0.28
PicturePushButtonRenderer:0.22666666666666666
