Native:0.6533333333333333
NativeLibrary:0.3466666666666667
StructureTest:0.32
NativeTest:0.31777777777777777
NativeLibraryTest:0.31
