InvokeNewWizard:0.6866666666666666
JavaProjectTester:0.27
WTPSimpleWebProjectTest:0.22
MultiPageWizardExampleTest:0.21333333333333335
DriveSimpleWebProject:0.16666666666666666
DriveHTMLWizard:0.16666666666666666
