ActionDownloadSearchCandidate:0.5033333333333333
ActionDownloadSearchNewCandidate:0.44611111111111107
