TestTag:0.47333333333333333
TagFilterTests:0.30333333333333334
TagFilter:0.2275
DemoClassTestDescriptor:0.18055555555555555
JupiterTestDescriptorTests:0.16333333333333333
TestTagTests:0.15666666666666668
TestInfoDemo:0.15333333333333332
DemoMethodTestDescriptor:0.09166666666666666
ClassWithTag1AndSurroundingWhitespace:0.0
