PathCompilerTest:0.6366666666666667
ArrayIndexOperation:0.53
PathCompiler:0.45666666666666667
