WithinFunctionTest:0.37666666666666665
Literal:0.37
WithinFunction:0.27666666666666667
GeoJSONUtils:0.24944444444444447
TransportSQLActionTest:0.21666666666666667
GeoJSONUtilsTest:0.21333333333333335
ESQueryBuilderTest:0.18
LuceneQueryBuilderTest:0.14333333333333334
LuceneQueryBuilderIntegrationTest:0.02666666666666667
