HtmlPage:0.75
BaseFrame:0.5733333333333334
HtmlFrameSetTest:0.19666666666666666
