Printer:0.9
GCodeRepRap:0.41333333333333333
GenericRepRap:0.3333333333333333
Producer:0.25777777777777783
