Builder:0.5533333333333333
Hash:0.2866666666666667
ServiceParser:0.27666666666666667
DefaultZooKeeperClient:0.2733333333333333
ZooKeeperTestingServerManager:0.23666666666666666
ZooKeeperMasterModel:0.23333333333333334
SystemTestBase:0.22333333333333333
TemporaryPorts:0.19666666666666666
TaskConfig:0.19333333333333333
Polling:0.16333333333333333
HostInfoReporter:0.13666666666666666
ZooKeeperAclInitializer:0.09333333333333334
