WxCpServiceImpl:0.41333333333333333
WxXmlCpConfigStorage:0.405
WxInMemoryCpConfigStorage:0.38666666666666666
WxCpService:0.36666666666666664
WxGroupAPITest:0.17
WxGroupGsonAdapter:0.07666666666666666
WxConsts:0.0
