WebKeys:0.735
ReportModule:0.6533333333333333
ListFolderHelper:0.36666666666666664
SearchUtils:0.21666666666666667
ReportModuleImpl:0.13666666666666666
EntryAclReportController:0.02777777777777778
CustomExtensionController:0.006666666666666667
ReportsController:0.004722222222222221
