BeanPanel:0.5033333333333333
EditSource:0.32
Edit:0.31666666666666665
DelProperty:0.24
CreateXReference:0.11666666666666667
