MCalendar:0.6333333333333333
RepeatRule:0.6033333333333334
TaskModel:0.23666666666666666
RepeatPanel:0.21333333333333335
MinutelyPanel:0.07
