Corpus:0.42
RWorkspace:0.37666666666666665
Partition:0.27
Edition:0.23
IOUtils:0.22333333333333333
Subcorpus:0.21666666666666667
