MapFlowExecutionRepositoryFactory:0.47
FlowExecutionRepositoryCreator:0.37290476190476185
ContinuationFlowExecutionRepositoryCreator:0.18333333333333332
DefaultFlowExecutionRepositoryCreator:0.15333333333333332
AbstractFlowExecutionRepositoryCreator:0.13055555555555554
FlowExecutionImplStateRestorer:0.09666666666666666
FlowExecutionStateRestorer:0.0011111111111111111
