JChemPaintViewerOnlyApplet:0.9333333333333333
OpenAction:0.23944444444444443
