Bbean:0.8888333333333335
IntrospectorTest:0.4
Fields:0.36666666666666664
