Delegator:0.6066666666666667
DelegatorKey:0.45429365079365075
TestDelegator:0.2833333333333333
DelegatorGenerator:0.27
Info:0.19666666666666666
MethodInfo:0.013333333333333334
