KerasSimpleRnn:0.6588888888888889
KerasConstraintUtils:0.28
KerasSimpleRnnTest:0.20333333333333334
