DataManager:0.78
LuceneSearcher:0.225
AjaxEditUtils:0.20333333333333334
Get:0.18
UnusedSearcher:0.17333333333333334
SearchController:0.14333333333333334
DownloadArchive:0.14
AddLimitations:0.12
SchemaUtils:0.12
PrepareFileDownload:0.12
GetByOwner:0.11333333333333333
GetRelated:0.11333333333333333
XslProcessing:0.11
GetSuggestion:0.1
Remove:0.09666666666666666
GetRandom:0.09333333333333334
View:0.09
Show:0.09
GetLatestUpdated:0.08666666666666667
