Table:0.5733333333333334
Window:0.3933333333333333
Button:0.2966666666666667
LibgdxToolkit:0.25083333333333335
TextField:0.24
UITest:0.09
