NodeTaskWrapper:0.5766666666666667
NodeExecutionManagerImpl:0.53
MyTask:0.32
TestJPPFTask:0.09333333333333334
