HighlighterSearchIT:0.5766666666666667
BoundedBreakIteratorScanner:0.45777777777777773
CustomUnifiedHighlighterTests:0.15
