HiveMetadata:0.5333333333333333
ThriftHiveMetastore:0.43927777777777777
HiveMetastore:0.356
ExtendedHiveMetastore:0.3196666666666667
BridgingHiveMetastore:0.29333333333333333
AbstractTestHiveClientS3:0.24333333333333335
InMemoryHiveMetastore:0.22666666666666666
TestingHiveMetastore:0.22222222222222218
CachingHiveMetastore:0.21
PartitionCommitter:0.18
