ClientMapProxy:0.6463333333333333
AbstractMapQueryRequest:0.4033333333333333
