Bspt:0.5666666666666667
AtomEnumerationTest:0.5066666666666667
