BotLogic:0.34
RelationLogic:0.32666666666666666
WFCommonLogic:0.31333333333333335
DefinitionLogic:0.3
ExecutorLogic:0.2733333333333333
PermissionDAO:0.19666666666666666
