AbstractMap:0.5595396825396827
Map:0.5466666666666666
SortedMap:0.3067063492063492
AbstractMapTest:0.3
