EChain:0.30333333333333334
DivisionTests:0.2966666666666667
ShiftTests:0.29
RemainderTests:0.27666666666666667
AdditionTests:0.24666666666666667
SubtractionTests:0.24666666666666667
MultiplicationTests:0.22333333333333333
XorTests:0.21
AndTests:0.21
OrTests:0.21
