TableWriterNode:0.4066666666666667
TableWriter:0.31666666666666665
LogicalPlanner:0.21666666666666667
RewritingVisitor:0.1988888888888889
Rewriter:0.18333333333333332
Visitor:0.14666666666666667
TableWriterIterator:0.13666666666666666
