WebURL:0.72
ExtractedUrlAnchorPair:0.46
HtmlContentHandler:0.38666666666666666
Parser:0.22111111111111115
