ConcurrentMapManager:0.3933333333333333
ListClientProxy:0.2838888888888889
ClientService:0.24138888888888885
MapClientProxy:0.24
MultiMapClientProxy:0.21333333333333335
MContainsKey:0.21333333333333335
SetClientProxy:0.19666666666666666
TestUtil:0.18666666666666668
MapStoreTest:0.17333333333333334
ContainsKeyOperationHandler:0.14666666666666667
MergeOperationHandler2:0.03
