BankDaoStub:0.5733333333333334
UserServiceImpl:0.39
TestMultiActionController:0.34
TestVoter:0.25333333333333335
