Configuration:0.8333333333333334
QuoteGlobalTest:0.19666666666666666
TestEntity:0.115
