MissionDataBean:0.6933333333333334
PeopleTableModel:0.22111111111111115
CreateMissionWizard:0.20333333333333334
MembersPanel:0.19666666666666668
ConstructionVehiclePanel:0.19333333333333333
ConstructionProjectPanel:0.175
SalvageVehiclePanel:0.08
SalvageSettlementPanel:0.08
SalvageProjectPanel:0.07333333333333333
