BlockJUnit4ClassRunner:0.5833333333333334
TestClass:0.5566666666666666
TestClassTest:0.22666666666666666
OuterClass2:0.03333333333333333
OuterClass:0.03333333333333333
SimpleClass:0.03333333333333333
