Native:0.7933333333333333
ShapedWindowDemo:0.25333333333333335
