Version:0.35333333333333333
SQLConverter:0.31
UcanaccessDatabaseMetadata:0.2966666666666667
ComplexBase:0.2966666666666667
Attachment:0.29333333333333333
Persist2Jet:0.2866666666666667
UcanaccessStatement:0.25333333333333335
IndexSelector:0.23833333333333334
LoadJet:0.23444444444444448
Main:0.21333333333333335
UpdateCommand:0.1980952380952381
DBReference:0.19666666666666666
TablesLoader:0.19666666666666666
UcanaccessDriver:0.19666666666666666
DefaultJackcessOpener:0.175
InsertCommand:0.17333333333333334
SingleValue:0.15333333333333332
TriggerAutoNumber:0.15
UnsupportedValue:0.11666666666666667
AutoNumberManager:0.08666666666666667
TriggerAppendOnly:0.08333333333333333
