WebKeys:0.8566666666666667
SearchFilterToMapConverter:0.29
TreeTag:0.27666666666666667
BinderHelper:0.27
AjaxController:0.24666666666666667
DashboardHelper:0.21666666666666667
DefinitionModuleImpl:0.21
SearchFilterRequestParser:0.175
EditController:0.13
ReportDownloadController:0.12333333333333334
ModifyEntryController:0.12333333333333334
ModifyBinderController:0.08333333333333333
ManageSearchIndexController:0.08333333333333333
