VssBootstrapper:0.8933333333333333
VssBootstrapperTest:0.17333333333333334
