AbstractNearCacheBasicTest:0.46
AbstractNearCachePreloaderTest:0.3433333333333333
TxnMapNearCacheBasicTest:0.21
ClientCacheNearCachePreloaderTest:0.16
ClientMapNearCachePreloaderTest:0.13666666666666666
ClientCacheNearCacheBasicTest:0.07666666666666666
MapNearCacheBasicTest:0.06333333333333334
LiteMemberMapNearCacheBasicTest:0.06333333333333334
ClientMapNearCacheBasicTest:0.06333333333333334
ClientReplicatedMapNearCacheBasicTest:0.05
