ReportModule:0.7366666666666667
ReportModuleImpl:0.48
ViewEntryController:0.35
ReportDownloadController:0.2866666666666667
WebKeys:0.19061111111111112
