ExpressionEvaluator:0.5633333333333334
Utils:0.5466666666666666
EmailConfig:0.31666666666666665
EmailConfigParser:0.1877777777777778
CreateTimerAction:0.17372222222222225
EmailTaskNotifier:0.16166666666666665
SendMessage:0.13
EmailSenderBean:0.12333333333333334
EmailUtils:0.11333333333333333
TaskFactory:0.09333333333333334
