StatsHandler:0.49
TextStatsExporter:0.29
LabelOption:0.2833333333333333
CsvStatsExporter:0.26666666666666666
StatsExporter:0.2
