AssignTasksTest:0.6966666666666667
TairAnnotationStrategy:0.48100000000000004
