EditViewFactory:0.4166666666666667
CreateFree:0.3
CreateLinked:0.23333333333333334
