ShardStateAction:0.5
IndicesClusterStateService:0.27666666666666667
ShardStateActionTests:0.25666666666666665
ReplicationPhase:0.18
PeerRecoveryListener:0.14333333333333334
ShardStartedTransportHandler:0.08333333333333333
ShardFailedTransportHandler:0.08333333333333333
ShardStartedClusterStateTaskExecutor:0.03333333333333333
ShardFailedClusterStateTaskExecutor:0.03
