ProfileEntryDlg:0.37666666666666665
GwtTeamingMessages:0.32666666666666666
GwtProfileHelper:0.31
GwtQuickViewDlg:0.2833333333333333
GwtRpcServiceImpl:0.27
BinderHelper:0.264
GwtServerHelper:0.19733333333333333
PresenceCell:0.19666666666666666
UserWorkspaceInfoRpcResponseData:0.11333333333333333
GwtMainPage:0.11
GetUserWorkspaceInfoCmd:0.06
