CalendarWidget:0.5966666666666667
CalendarDay:0.5466666666666666
