Wallet:0.8538888888888888
WalletTest:0.26666666666666666
