ProjectService:0.7911111111111111
ProjectServiceImpl:0.7661666666666668
